graph [
  directed 1
  multigraph 1
  GeoLocation "USA"
  GeoExtent "Country"
  Network "CWIX"
  Provenance "Secondary"
  Note "All estimated from http://en.wikipedia.org/wiki/Cable_%26_Wireless_Worldwide"
  Source "http://www.nthelp.com/images/cwix.jpg"
  Version "1.0"
  Type "COM"
  DateType "Current"
  Backbone 1
  Commercial 0
  label "Cwix"
  ToolsetVersion "0.3.34dev-20120328"
  Customer 1
  IX 0
  SourceGitVersion "e278b1b"
  DateModifier "="
  DateMonth "01"
  LastAccess "14/01/11"
  Access 0
  Layer "IP"
  Creator "Topology Zoo Toolset"
  Developed 1
  Transit 0
  NetworkDate "2011_01"
  DateYear "2011"
  LastProcessed "2011_09_01"
  Testbed 0
  levelsToS 78
  node [
    id 0
    label "0"
    Country "United States"
    Longitude -75.16379
    Internal 1
    Latitude 39.95234
    type "inner"
    schedulingPolicy "WFQ"
    tosToQoSqueue "51;41,44,52,53;46;42;43;49;47;45,62,75;55;63,71;57,74;73,76,77;70,72;68;39;40,0,1,2,3,4,5,6,7,8,9,10,11,12,13,14,15,16,17,18,19,20,21,22,23,24,25,26,27,28,29,30,31,32,33,34,35,36,37,38,48,50,54,56,58,59,60,61,64,65,66,67,69"
    schedulingWeights "4.286,19.35,4.731,4.633,4.16,4.786,3.978,0.701,0.231,0.545,0.608,0.765,0.49,0.243,26.189,24.305;0.001,0.001,0.001,0.001,0.001,0.001,0.001,0.001,0.001,0.001,0.001,0.001,0.001,0.001,0.001,99.985"
    levelsQoS 16
    queueSizes "32,32,32,32,32,32,32,32,32,32,32,32,32,32,32,32"
  ]
  node [
    id 1
    label "1"
    Country "United States"
    Longitude -79.99589
    Internal 1
    Latitude 40.44062
    type "inner"
    schedulingPolicy "WFQ"
    tosToQoSqueue "51;41,44,52,53;46;42;43;49;47;45,62,75;55;63,71;57,74;73,76,77;70,72;68;39;40,0,1,2,3,4,5,6,7,8,9,10,11,12,13,14,15,16,17,18,19,20,21,22,23,24,25,26,27,28,29,30,31,32,33,34,35,36,37,38,48,50,54,56,58,59,60,61,64,65,66,67,69"
    schedulingWeights "0.001,0.001,0.001,0.001,0.001,0.001,0.001,0.001,0.001,0.001,0.001,0.001,0.001,0.001,0.001,99.985;4.286,19.35,4.731,4.633,4.16,4.786,3.978,0.701,0.231,0.545,0.608,0.765,0.49,0.243,26.189,24.305"
    levelsQoS 16
    queueSizes "32,32,32,32,32,32,32,32,32,32,32,32,32,32,32,32"
  ]
  node [
    id 2
    label "2"
    Country "United States"
    Longitude -77.46026
    Internal 1
    Latitude 37.55376
    type "inner"
    schedulingPolicy "WFQ"
    tosToQoSqueue "58,69;65;64;59,67;54,56;66;61;60;50;48,0,1,2,3,4,5,6,7,8,9,10,11,12,13,14,15,16,17,18,19,20,21,22,23,24,25,26,27,28,29,30,31,32,33,34,35,36,37,38,39,40,41,42,43,44,45,46,47,49,51,52,53,55,57,62,63,68,70,71,72,73,74,75,76,77"
    schedulingWeights "9.675,4.731,4.63,9.266,8.398,4.16,4.284,3.978,24.605,26.272;0.001,0.001,0.001,0.001,0.001,0.001,0.001,0.001,0.001,99.991"
    levelsQoS 10
    queueSizes "32,32,32,32,32,32,32,32,32,32"
  ]
  node [
    id 3
    label "3"
    Country "United States"
    Longitude -76.61219
    Internal 1
    Latitude 39.29038
    type "inner"
    schedulingPolicy "WFQ"
    tosToQoSqueue "51;41,44,52,53,58,69;46,65;64;42,59,67;54,56;43,66;49;61;47,60;45,62,75;55;63,71;57,74;73,76,77;70,72;68;50;39,48;40,0,1,2,3,4,5,6,7,8,9,10,11,12,13,14,15,16,17,18,19,20,21,22,23,24,25,26,27,28,29,30,31,32,33,34,35,36,37,38"
    schedulingWeights "4.286,19.35,4.731,0.001,4.633,0.001,4.16,4.786,0.001,3.978,0.701,0.231,0.545,0.608,0.765,0.49,0.243,0.001,26.189,24.301;0.001,0.001,0.001,0.001,0.001,0.001,0.001,0.001,0.001,0.001,0.001,0.001,0.001,0.001,0.001,0.001,0.001,0.001,0.001,99.981;0.001,9.675,4.731,4.63,9.266,8.398,4.16,0.001,4.284,3.978,0.001,0.001,0.001,0.001,0.001,0.001,0.001,24.605,26.189,0.075;0.001,0.001,0.001,0.001,0.001,0.001,0.001,0.001,0.001,0.001,0.001,0.001,0.001,0.001,0.001,0.001,0.001,0.001,0.001,99.981;0.001,0.001,0.001,0.001,0.001,0.001,0.001,0.001,0.001,0.001,0.001,0.001,0.001,0.001,0.001,0.001,0.001,0.001,0.001,99.981;0.001,0.001,0.001,0.001,0.001,0.001,0.001,0.001,0.001,0.001,0.001,0.001,0.001,0.001,0.001,0.001,0.001,0.001,0.001,99.981;0.001,0.001,0.001,0.001,0.001,0.001,0.001,0.001,0.001,0.001,0.001,0.001,0.001,0.001,0.001,0.001,0.001,0.001,0.001,99.981;0.001,0.001,0.001,0.001,0.001,0.001,0.001,0.001,0.001,0.001,0.001,0.001,0.001,0.001,0.001,0.001,0.001,0.001,0.001,99.981;0.001,0.001,0.001,0.001,0.001,0.001,0.001,0.001,0.001,0.001,0.001,0.001,0.001,0.001,0.001,0.001,0.001,0.001,0.001,99.981;0.001,0.001,0.001,0.001,0.001,0.001,0.001,0.001,0.001,0.001,0.001,0.001,0.001,0.001,0.001,0.001,0.001,0.001,0.001,99.981"
    levelsQoS 20
    queueSizes "32,32,32,32,32,32,32,32,32,32,32,32,32,32,32,32,32,32,32,32"
  ]
  node [
    id 4
    label "4"
    Country "United States"
    Longitude -71.05977
    Internal 1
    Latitude 42.35843
    type "inner"
    schedulingPolicy "WFQ"
    tosToQoSqueue "45,62,75;55;63,71;57,74;73,76,77;70,72;68,0,1,2,3,4,5,6,7,8,9,10,11,12,13,14,15,16,17,18,19,20,21,22,23,24,25,26,27,28,29,30,31,32,33,34,35,36,37,38,39,40,41,42,43,44,46,47,48,49,50,51,52,53,54,56,58,59,60,61,64,65,66,67,69"
    schedulingWeights "0.001,0.001,0.001,0.001,0.001,0.001,99.994;0.701,0.231,0.545,0.608,0.765,0.49,96.66"
    levelsQoS 7
    queueSizes "32,32,32,32,32,32,32"
  ]
  node [
    id 5
    label "5"
    Country "United States"
    Longitude -96.80667
    Internal 1
    Latitude 32.78306
    type "inner"
    schedulingPolicy "WFQ"
    tosToQoSqueue "58,69;65;64;59,67;54,56;66;61;60;50;39,48;40,0,1,2,3,4,5,6,7,8,9,10,11,12,13,14,15,16,17,18,19,20,21,22,23,24,25,26,27,28,29,30,31,32,33,34,35,36,37,38,41,42,43,44,45,46,47,49,51,52,53,55,57,62,63,68,70,71,72,73,74,75,76,77"
    schedulingWeights "0.001,0.001,0.001,0.001,0.001,0.001,0.001,0.001,0.001,0.001,99.99;0.001,0.001,0.001,0.001,0.001,0.001,0.001,0.001,0.001,0.001,99.99;9.675,4.731,4.63,9.266,8.398,4.16,4.284,3.978,24.605,26.189,0.084;0.001,0.001,0.001,0.001,0.001,0.001,0.001,0.001,0.001,26.189,73.802"
    levelsQoS 11
    queueSizes "32,32,32,32,32,32,32,32,32,32,32"
  ]
  node [
    id 6
    label "6"
    Country "United States"
    Longitude -74.00597
    Internal 1
    Latitude 40.71427
    type "destination_urllc"
    schedulingPolicy "FIFO"
    levelsQoS "1"
    schedulingWeights "-"
    tosToQoSqueue "0,1,2,3,4,5,6,7,8,9,10,11,12,13,14,15,16,17,18,19,20,21,22,23,24,25,26,27,28,29,30,31,32,33,34,35,36,37,38,39,40,41,42,43,44,45,46,47,48,49,50,51,52,53,54,55,56,57,58,59,60,61,62,63,64,65,66,67,68,69,70,71,72,73,74,75,76,77"
    queueSizes "32"
  ]
  node [
    id 7
    label "7"
    Country "United States"
    Longitude -72.68509
    Internal 1
    Latitude 41.76371
    type "destination_mmtc"
    schedulingPolicy "FIFO"
    levelsQoS "1"
    schedulingWeights "-"
    tosToQoSqueue "0,1,2,3,4,5,6,7,8,9,10,11,12,13,14,15,16,17,18,19,20,21,22,23,24,25,26,27,28,29,30,31,32,33,34,35,36,37,38,39,40,41,42,43,44,45,46,47,48,49,50,51,52,53,54,55,56,57,58,59,60,61,62,63,64,65,66,67,68,69,70,71,72,73,74,75,76,77"
    queueSizes "32"
  ]
  node [
    id 8
    label "8"
    Country "United States"
    Longitude -95.36327
    Internal 1
    Latitude 29.76328
    type "inner"
    schedulingPolicy "WFQ"
    tosToQoSqueue "0,1,2,3,4,5,6,7,8,9,10,11,12,13,14,15,16,17,18,19,20,21,22,23,24,25,26,27,28,29,30,31,32,33,34,35,36,37,38,39,40,41,42,43,44,45,46,47,48,49,50,51,52,53,54,55,56,57,58,59,60,61,62,63,64,65,66,67,68,69,70,71,72,73,74,75,76,77"
    schedulingWeights "100"
    levelsQoS 1
    queueSizes "32"
  ]
  node [
    id 9
    label "9"
    Country "United States"
    Longitude -84.38798
    Internal 1
    Latitude 33.749
    type "inner"
    schedulingPolicy "WFQ"
    tosToQoSqueue "51;41,44,52,53,58,69;46,65;64;42,59,67;54,56;43,66;49;61;47,60;45,62,75;55;63,71;57,74;73,76,77;70,72;68;50;39,48;40,0,1,2,3,4,5,6,7,8,9,10,11,12,13,14,15,16,17,18,19,20,21,22,23,24,25,26,27,28,29,30,31,32,33,34,35,36,37,38"
    schedulingWeights "4.286,19.35,4.731,0.001,4.633,0.001,4.16,4.786,0.001,3.978,0.701,0.231,0.545,0.608,0.765,0.49,0.243,0.001,26.189,24.301;0.001,9.675,4.731,4.63,9.266,8.398,4.16,0.001,4.284,3.978,0.001,0.001,0.001,0.001,0.001,0.001,0.001,24.605,26.189,0.075;0.001,0.001,0.001,0.001,0.001,0.001,0.001,0.001,0.001,0.001,0.001,0.001,0.001,0.001,0.001,0.001,0.001,0.001,0.001,99.981"
    levelsQoS 20
    queueSizes "32,32,32,32,32,32,32,32,32,32,32,32,32,32,32,32,32,32,32,32"
  ]
  node [
    id 10
    label "10"
    Internal 0
    type "inner"
    schedulingPolicy "WFQ"
    tosToQoSqueue "0,1,2,3,4,5,6,7,8,9,10,11,12,13,14,15,16,17,18,19,20,21,22,23,24,25,26,27,28,29,30,31,32,33,34,35,36,37,38,39,40,41,42,43,44,45,46,47,48,49,50,51,52,53,54,55,56,57,58,59,60,61,62,63,64,65,66,67,68,69,70,71,72,73,74,75,76,77"
    schedulingWeights "100"
    levelsQoS 1
    queueSizes "32"
  ]
  node [
    id 11
    label "11"
    Internal 0
    type "inner"
    schedulingPolicy "WFQ"
    tosToQoSqueue "0,1,2,3,4,5,6,7,8,9,10,11,12,13,14,15,16,17,18,19,20,21,22,23,24,25,26,27,28,29,30,31,32,33,34,35,36,37,38,39,40,41,42,43,44,45,46,47,48,49,50,51,52,53,54,55,56,57,58,59,60,61,62,63,64,65,66,67,68,69,70,71,72,73,74,75,76,77"
    schedulingWeights "100"
    levelsQoS 1
    queueSizes "32"
  ]
  node [
    id 12
    label "12"
    Internal 0
    type "inner"
    schedulingPolicy "WFQ"
    tosToQoSqueue "0,1,2,3,4,5,6,7,8,9,10,11,12,13,14,15,16,17,18,19,20,21,22,23,24,25,26,27,28,29,30,31,32,33,34,35,36,37,38,39,40,41,42,43,44,45,46,47,48,49,50,51,52,53,54,55,56,57,58,59,60,61,62,63,64,65,66,67,68,69,70,71,72,73,74,75,76,77"
    schedulingWeights "100"
    levelsQoS 1
    queueSizes "32"
  ]
  node [
    id 13
    label "13"
    Internal 0
    type "inner"
    schedulingPolicy "WFQ"
    tosToQoSqueue "0,1,2,3,4,5,6,7,8,9,10,11,12,13,14,15,16,17,18,19,20,21,22,23,24,25,26,27,28,29,30,31,32,33,34,35,36,37,38,39,40,41,42,43,44,45,46,47,48,49,50,51,52,53,54,55,56,57,58,59,60,61,62,63,64,65,66,67,68,69,70,71,72,73,74,75,76,77"
    schedulingWeights "100"
    levelsQoS 1
    queueSizes "32"
  ]
  node [
    id 14
    label "14"
    Internal 0
    type "inner"
    schedulingPolicy "WFQ"
    tosToQoSqueue "0,1,2,3,4,5,6,7,8,9,10,11,12,13,14,15,16,17,18,19,20,21,22,23,24,25,26,27,28,29,30,31,32,33,34,35,36,37,38,39,40,41,42,43,44,45,46,47,48,49,50,51,52,53,54,55,56,57,58,59,60,61,62,63,64,65,66,67,68,69,70,71,72,73,74,75,76,77"
    schedulingWeights "100"
    levelsQoS 1
    queueSizes "32"
  ]
  node [
    id 15
    label "15"
    Internal 0
    type "inner"
    schedulingPolicy "WFQ"
    tosToQoSqueue "0,1,2,3,4,5,6,7,8,9,10,11,12,13,14,15,16,17,18,19,20,21,22,23,24,25,26,27,28,29,30,31,32,33,34,35,36,37,38,39,40,41,42,43,44,45,46,47,48,49,50,51,52,53,54,55,56,57,58,59,60,61,62,63,64,65,66,67,68,69,70,71,72,73,74,75,76,77"
    schedulingWeights "100"
    levelsQoS 1
    queueSizes "32"
  ]
  node [
    id 16
    label "16"
    Internal 0
    type "inner"
    schedulingPolicy "WFQ"
    tosToQoSqueue "0,1,2,3,4,5,6,7,8,9,10,11,12,13,14,15,16,17,18,19,20,21,22,23,24,25,26,27,28,29,30,31,32,33,34,35,36,37,38,39,40,41,42,43,44,45,46,47,48,49,50,51,52,53,54,55,56,57,58,59,60,61,62,63,64,65,66,67,68,69,70,71,72,73,74,75,76,77"
    schedulingWeights "100"
    levelsQoS 1
    queueSizes "32"
  ]
  node [
    id 17
    label "17"
    Internal 0
    type "inner"
    schedulingPolicy "WFQ"
    tosToQoSqueue "0,1,2,3,4,5,6,7,8,9,10,11,12,13,14,15,16,17,18,19,20,21,22,23,24,25,26,27,28,29,30,31,32,33,34,35,36,37,38,39,40,41,42,43,44,45,46,47,48,49,50,51,52,53,54,55,56,57,58,59,60,61,62,63,64,65,66,67,68,69,70,71,72,73,74,75,76,77"
    schedulingWeights "100"
    levelsQoS 1
    queueSizes "32"
  ]
  node [
    id 18
    label "18"
    Country "United States"
    Longitude -80.14338
    Internal 1
    Latitude 26.12231
    type "inner"
    schedulingPolicy "WFQ"
    tosToQoSqueue "51;41,44,52,53;46;42;43;49;47;45,62,75;55;63,71;57,74;73,76,77;70,72;68;39;40,0,1,2,3,4,5,6,7,8,9,10,11,12,13,14,15,16,17,18,19,20,21,22,23,24,25,26,27,28,29,30,31,32,33,34,35,36,37,38,48,50,54,56,58,59,60,61,64,65,66,67,69"
    schedulingWeights "4.286,19.35,4.731,4.633,4.16,4.786,3.978,0.701,0.231,0.545,0.608,0.765,0.49,0.243,26.189,24.305;0.001,0.001,0.001,0.001,0.001,0.001,0.001,0.001,0.001,0.001,0.001,0.001,0.001,0.001,0.001,99.985;0.001,0.001,0.001,0.001,0.001,0.001,0.001,0.001,0.001,0.001,0.001,0.001,0.001,0.001,0.001,99.985"
    levelsQoS 16
    queueSizes "32,32,32,32,32,32,32,32,32,32,32,32,32,32,32,32"
  ]
  node [
    id 19
    label "19"
    Country "United States"
    Longitude -81.37924
    Internal 1
    Latitude 28.53834
    type "antenna"
    schedulingPolicy "WFQ"
    tosToQoSqueue "51;41,44,52,53;46;42;43;49;47;45,62,75;55;63,71;57,74;73,76,77;70,72;68;39;40,0,1,2,3,4,5,6,7,8,9,10,11,12,13,14,15,16,17,18,19,20,21,22,23,24,25,26,27,28,29,30,31,32,33,34,35,36,37,38,48,50,54,56,58,59,60,61,64,65,66,67,69"
    schedulingWeights "4.286,19.35,4.731,4.633,4.16,4.786,3.978,0.701,0.231,0.545,0.608,0.765,0.49,0.243,26.189,24.305;0.001,0.001,0.001,0.001,0.001,0.001,0.001,0.001,0.001,0.001,0.001,0.001,0.001,0.001,0.001,99.985;0.001,0.001,0.001,0.001,0.001,0.001,0.001,0.001,0.001,0.001,0.001,0.001,0.001,0.001,0.001,99.985"
    levelsQoS 16
    queueSizes "32,32,32,32,32,32,32,32,32,32,32,32,32,32,32,32"
  ]
  node [
    id 20
    label "20"
    Country "United States"
    Longitude -81.65565
    Internal 1
    Latitude 30.33218
    type "antenna"
    schedulingPolicy "WFQ"
    tosToQoSqueue "51;41,44,52,53,58,69;46,65;64;42,59,67;54,56;43,66;49;61;47,60;45,62,75;55;63,71;57,74;73,76,77;70,72;68;50;39,48,0,1,2,3,4,5,6,7,8,9,10,11,12,13,14,15,16,17,18,19,20,21,22,23,24,25,26,27,28,29,30,31,32,33,34,35,36,37,38,40"
    schedulingWeights "4.286,19.35,4.731,0.001,4.633,0.001,4.16,4.786,0.001,3.978,0.701,0.231,0.545,0.608,0.765,0.49,0.243,0.001,50.49;0.001,9.675,4.731,4.63,9.266,8.398,4.16,0.001,4.284,3.978,0.001,0.001,0.001,0.001,0.001,0.001,0.001,24.605,26.263;0.001,0.001,0.001,0.001,0.001,0.001,0.001,0.001,0.001,0.001,0.001,0.001,0.001,0.001,0.001,0.001,0.001,0.001,99.982;0.001,0.001,0.001,0.001,0.001,0.001,0.001,0.001,0.001,0.001,0.001,0.001,0.001,0.001,0.001,0.001,0.001,0.001,99.982;0.001,0.001,0.001,0.001,0.001,0.001,0.001,0.001,0.001,0.001,0.001,0.001,0.001,0.001,0.001,0.001,0.001,0.001,99.982;0.001,0.001,0.001,0.001,0.001,0.001,0.001,0.001,0.001,0.001,0.001,0.001,0.001,0.001,0.001,0.001,0.001,0.001,99.982;0.001,0.001,0.001,0.001,0.001,0.001,0.001,0.001,0.001,0.001,0.001,0.001,0.001,0.001,0.001,0.001,0.001,0.001,99.982;0.001,0.001,0.001,0.001,0.001,0.001,0.001,0.001,0.001,0.001,0.001,0.001,0.001,0.001,0.001,0.001,0.001,0.001,99.982;0.001,0.001,0.001,0.001,0.001,0.001,0.001,0.001,0.001,0.001,0.001,0.001,0.001,0.001,0.001,0.001,0.001,0.001,99.982;0.001,0.001,0.001,0.001,0.001,0.001,0.001,0.001,0.001,0.001,0.001,0.001,0.001,0.001,0.001,0.001,0.001,0.001,99.982;0.001,0.001,0.001,0.001,0.001,0.001,0.001,0.001,0.001,0.001,0.001,0.001,0.001,0.001,0.001,0.001,0.001,0.001,99.982;0.001,0.001,0.001,0.001,0.001,0.001,0.001,0.001,0.001,0.001,0.001,0.001,0.001,0.001,0.001,0.001,0.001,0.001,99.982;0.001,0.001,0.001,0.001,0.001,0.001,0.001,0.001,0.001,0.001,0.001,0.001,0.001,0.001,0.001,0.001,0.001,0.001,99.982;0.001,0.001,0.001,0.001,0.001,0.001,0.001,0.001,0.001,0.001,0.001,0.001,0.001,0.001,0.001,0.001,0.001,0.001,99.982;0.001,0.001,0.001,0.001,0.001,0.001,0.001,0.001,0.001,0.001,0.001,0.001,0.001,0.001,0.001,0.001,0.001,0.001,99.982;0.001,0.001,0.001,0.001,0.001,0.001,0.001,0.001,0.001,0.001,0.001,0.001,0.001,0.001,0.001,0.001,0.001,0.001,99.982;0.001,0.001,0.001,0.001,0.001,0.001,0.001,0.001,0.001,0.001,0.001,0.001,0.001,0.001,0.001,0.001,0.001,0.001,99.982;0.001,0.001,0.001,0.001,0.001,0.001,0.001,0.001,0.001,0.001,0.001,0.001,0.001,0.001,0.001,0.001,0.001,0.001,99.982;0.001,0.001,0.001,0.001,0.001,0.001,0.001,0.001,0.001,0.001,0.001,0.001,0.001,0.001,0.001,0.001,0.001,0.001,99.982;0.001,0.001,0.001,0.001,0.001,0.001,0.001,0.001,0.001,0.001,0.001,0.001,0.001,0.001,0.001,0.001,0.001,0.001,99.982;0.001,0.001,0.001,0.001,0.001,0.001,0.001,0.001,0.001,0.001,0.001,0.001,0.001,0.001,0.001,0.001,0.001,0.001,99.982;0.001,0.001,0.001,0.001,0.001,0.001,0.001,0.001,0.001,0.001,0.001,0.001,0.001,0.001,0.001,0.001,0.001,0.001,99.982;0.001,0.001,0.001,0.001,0.001,0.001,0.001,0.001,0.001,0.001,0.001,0.001,0.001,0.001,0.001,0.001,0.001,0.001,99.982;0.001,0.001,0.001,0.001,0.001,0.001,0.001,0.001,0.001,0.001,0.001,0.001,0.001,0.001,0.001,0.001,0.001,0.001,99.982;0.001,0.001,0.001,0.001,0.001,0.001,0.001,0.001,0.001,0.001,0.001,0.001,0.001,0.001,0.001,0.001,0.001,0.001,99.982;0.001,0.001,0.001,0.001,0.001,0.001,0.001,0.001,0.001,0.001,0.001,0.001,0.001,0.001,0.001,0.001,0.001,0.001,99.982;0.001,0.001,0.001,0.001,0.001,0.001,0.001,0.001,0.001,0.001,0.001,0.001,0.001,0.001,0.001,0.001,0.001,0.001,99.982;0.001,0.001,0.001,0.001,0.001,0.001,0.001,0.001,0.001,0.001,0.001,0.001,0.001,0.001,0.001,0.001,0.001,0.001,99.982;0.001,0.001,0.001,0.001,0.001,0.001,0.001,0.001,0.001,0.001,0.001,0.001,0.001,0.001,0.001,0.001,0.001,0.001,99.982;0.001,0.001,0.001,0.001,0.001,0.001,0.001,0.001,0.001,0.001,0.001,0.001,0.001,0.001,0.001,0.001,0.001,0.001,99.982;0.001,0.001,0.001,0.001,0.001,0.001,0.001,0.001,0.001,0.001,0.001,0.001,0.001,0.001,0.001,0.001,0.001,0.001,99.982;0.001,0.001,0.001,0.001,0.001,0.001,0.001,0.001,0.001,0.001,0.001,0.001,0.001,0.001,0.001,0.001,0.001,0.001,99.982;0.001,0.001,0.001,0.001,0.001,0.001,0.001,0.001,0.001,0.001,0.001,0.001,0.001,0.001,0.001,0.001,0.001,0.001,99.982;0.001,0.001,0.001,0.001,0.001,0.001,0.001,0.001,0.001,0.001,0.001,0.001,0.001,0.001,0.001,0.001,0.001,0.001,99.982;0.001,0.001,0.001,0.001,0.001,0.001,0.001,0.001,0.001,0.001,0.001,0.001,0.001,0.001,0.001,0.001,0.001,0.001,99.982;0.001,0.001,0.001,0.001,0.001,0.001,0.001,0.001,0.001,0.001,0.001,0.001,0.001,0.001,0.001,0.001,0.001,0.001,99.982;0.001,0.001,0.001,0.001,0.001,0.001,0.001,0.001,0.001,0.001,0.001,0.001,0.001,0.001,0.001,0.001,0.001,0.001,99.982;0.001,0.001,0.001,0.001,0.001,0.001,0.001,0.001,0.001,0.001,0.001,0.001,0.001,0.001,0.001,0.001,0.001,0.001,99.982;0.001,0.001,0.001,0.001,0.001,0.001,0.001,0.001,0.001,0.001,0.001,0.001,0.001,0.001,0.001,0.001,0.001,0.001,99.982;0.001,0.001,0.001,0.001,0.001,0.001,0.001,0.001,0.001,0.001,0.001,0.001,0.001,0.001,0.001,0.001,0.001,0.001,99.982"
    levelsQoS 19
    queueSizes "32,32,32,32,32,32,32,32,32,32,32,32,32,32,32,32,32,32,32"
  ]
  node [
    id 21
    label "21"
    Country "United States"
    Longitude -78.63861
    Internal 1
    Latitude 35.7721
    type "inner"
    schedulingPolicy "WFQ"
    tosToQoSqueue "58,69;65;64;59,67;54,56;66;61;60;50;48,0,1,2,3,4,5,6,7,8,9,10,11,12,13,14,15,16,17,18,19,20,21,22,23,24,25,26,27,28,29,30,31,32,33,34,35,36,37,38,39,40,41,42,43,44,45,46,47,49,51,52,53,55,57,62,63,68,70,71,72,73,74,75,76,77"
    schedulingWeights "9.675,4.731,4.63,9.266,8.398,4.16,4.284,3.978,24.605,26.272;0.001,0.001,0.001,0.001,0.001,0.001,0.001,0.001,0.001,99.991"
    levelsQoS 10
    queueSizes "32,32,32,32,32,32,32,32,32,32"
  ]
  node [
    id 22
    label "22"
    Internal 0
    type "inner"
    schedulingPolicy "WFQ"
    tosToQoSqueue "0,1,2,3,4,5,6,7,8,9,10,11,12,13,14,15,16,17,18,19,20,21,22,23,24,25,26,27,28,29,30,31,32,33,34,35,36,37,38,39,40,41,42,43,44,45,46,47,48,49,50,51,52,53,54,55,56,57,58,59,60,61,62,63,64,65,66,67,68,69,70,71,72,73,74,75,76,77"
    schedulingWeights "100"
    levelsQoS 1
    queueSizes "32"
  ]
  node [
    id 23
    label "23"
    Internal 0
    type "inner"
    schedulingPolicy "WFQ"
    tosToQoSqueue "0,1,2,3,4,5,6,7,8,9,10,11,12,13,14,15,16,17,18,19,20,21,22,23,24,25,26,27,28,29,30,31,32,33,34,35,36,37,38,39,40,41,42,43,44,45,46,47,48,49,50,51,52,53,54,55,56,57,58,59,60,61,62,63,64,65,66,67,68,69,70,71,72,73,74,75,76,77"
    schedulingWeights "100"
    levelsQoS 1
    queueSizes "32"
  ]
  node [
    id 24
    label "24"
    Country "United States"
    Longitude -82.45843
    Internal 1
    Latitude 27.94752
    type "inner"
    schedulingPolicy "WFQ"
    tosToQoSqueue "51;41,44,52,53;46;42;43;49;47;45,62,75;55;63,71;57,74;73,76,77;70,72;68;39;40,0,1,2,3,4,5,6,7,8,9,10,11,12,13,14,15,16,17,18,19,20,21,22,23,24,25,26,27,28,29,30,31,32,33,34,35,36,37,38,48,50,54,56,58,59,60,61,64,65,66,67,69"
    schedulingWeights "4.286,19.35,4.731,4.633,4.16,4.786,3.978,0.701,0.231,0.545,0.608,0.765,0.49,0.243,26.189,24.305;0.001,0.001,0.001,0.001,0.001,0.001,0.001,0.001,0.001,0.001,0.001,0.001,0.001,0.001,0.001,99.985"
    levelsQoS 16
    queueSizes "32,32,32,32,32,32,32,32,32,32,32,32,32,32,32,32"
  ]
  node [
    id 25
    label "25"
    Country "United States"
    Longitude -80.19366
    Internal 1
    Latitude 25.77427
    type "inner"
    schedulingPolicy "WFQ"
    tosToQoSqueue "0,1,2,3,4,5,6,7,8,9,10,11,12,13,14,15,16,17,18,19,20,21,22,23,24,25,26,27,28,29,30,31,32,33,34,35,36,37,38,39,40,41,42,43,44,45,46,47,48,49,50,51,52,53,54,55,56,57,58,59,60,61,62,63,64,65,66,67,68,69,70,71,72,73,74,75,76,77"
    schedulingWeights "100"
    levelsQoS 1
    queueSizes "32"
  ]
  node [
    id 26
    label "26"
    Country "United States"
    Longitude -81.51901
    Internal 1
    Latitude 41.08144
    type "inner"
    schedulingPolicy "WFQ"
    tosToQoSqueue "0,1,2,3,4,5,6,7,8,9,10,11,12,13,14,15,16,17,18,19,20,21,22,23,24,25,26,27,28,29,30,31,32,33,34,35,36,37,38,39,40,41,42,43,44,45,46,47,48,49,50,51,52,53,54,55,56,57,58,59,60,61,62,63,64,65,66,67,68,69,70,71,72,73,74,75,76,77"
    schedulingWeights "100;100;100"
    levelsQoS 1
    queueSizes "32"
  ]
  node [
    id 27
    label "27"
    Country "United States"
    Longitude -79.99589
    Internal 1
    Latitude 40.44062
    type "inner"
    schedulingPolicy "WFQ"
    tosToQoSqueue "0,1,2,3,4,5,6,7,8,9,10,11,12,13,14,15,16,17,18,19,20,21,22,23,24,25,26,27,28,29,30,31,32,33,34,35,36,37,38,39,40,41,42,43,44,45,46,47,48,49,50,51,52,53,54,55,56,57,58,59,60,61,62,63,64,65,66,67,68,69,70,71,72,73,74,75,76,77"
    schedulingWeights "100;100"
    levelsQoS 1
    queueSizes "32"
  ]
  node [
    id 28
    label "28"
    Internal 0
    type "inner"
    schedulingPolicy "WFQ"
    tosToQoSqueue "0,1,2,3,4,5,6,7,8,9,10,11,12,13,14,15,16,17,18,19,20,21,22,23,24,25,26,27,28,29,30,31,32,33,34,35,36,37,38,39,40,41,42,43,44,45,46,47,48,49,50,51,52,53,54,55,56,57,58,59,60,61,62,63,64,65,66,67,68,69,70,71,72,73,74,75,76,77"
    schedulingWeights "100"
    levelsQoS 1
    queueSizes "32"
  ]
  node [
    id 29
    label "29"
    Internal 0
    type "inner"
    schedulingPolicy "WFQ"
    tosToQoSqueue "0,1,2,3,4,5,6,7,8,9,10,11,12,13,14,15,16,17,18,19,20,21,22,23,24,25,26,27,28,29,30,31,32,33,34,35,36,37,38,39,40,41,42,43,44,45,46,47,48,49,50,51,52,53,54,55,56,57,58,59,60,61,62,63,64,65,66,67,68,69,70,71,72,73,74,75,76,77"
    schedulingWeights "100"
    levelsQoS 1
    queueSizes "32"
  ]
  node [
    id 30
    label "30"
    Country "United States"
    Longitude -122.41942
    Internal 1
    Latitude 37.77493
    type "inner"
    schedulingPolicy "WFQ"
    tosToQoSqueue "58,69;65;64;59,67;54,56;66;61;60;50;48,0,1,2,3,4,5,6,7,8,9,10,11,12,13,14,15,16,17,18,19,20,21,22,23,24,25,26,27,28,29,30,31,32,33,34,35,36,37,38,39,40,41,42,43,44,45,46,47,49,51,52,53,55,57,62,63,68,70,71,72,73,74,75,76,77"
    schedulingWeights "9.675,4.731,4.63,9.266,8.398,4.16,4.284,3.978,0.001,50.876;0.001,0.001,0.001,0.001,0.001,0.001,0.001,0.001,0.001,99.991;0.001,0.001,0.001,0.001,0.001,0.001,0.001,0.001,0.001,99.991;0.001,0.001,0.001,0.001,0.001,0.001,0.001,0.001,0.001,99.991;0.001,0.001,0.001,0.001,0.001,0.001,0.001,0.001,24.605,75.387"
    levelsQoS 10
    queueSizes "32,32,32,32,32,32,32,32,32,32"
  ]
  node [
    id 31
    label "31"
    Country "United States"
    Longitude -118.24368
    Internal 1
    Latitude 34.05223
    type "destination_embb"
    schedulingPolicy "FIFO"
    levelsQoS "1"
    schedulingWeights "-"
    tosToQoSqueue "0,1,2,3,4,5,6,7,8,9,10,11,12,13,14,15,16,17,18,19,20,21,22,23,24,25,26,27,28,29,30,31,32,33,34,35,36,37,38,39,40,41,42,43,44,45,46,47,48,49,50,51,52,53,54,55,56,57,58,59,60,61,62,63,64,65,66,67,68,69,70,71,72,73,74,75,76,77"
    queueSizes "32"
  ]
  node [
    id 32
    label "32"
    Country "United States"
    Longitude -104.9847
    Internal 1
    Latitude 39.73915
    type "inner"
    schedulingPolicy "WFQ"
    tosToQoSqueue "58,69;65;64;59,67;54,56;66;61;60;50;48,0,1,2,3,4,5,6,7,8,9,10,11,12,13,14,15,16,17,18,19,20,21,22,23,24,25,26,27,28,29,30,31,32,33,34,35,36,37,38,39,40,41,42,43,44,45,46,47,49,51,52,53,55,57,62,63,68,70,71,72,73,74,75,76,77"
    schedulingWeights "9.675,4.731,4.63,9.266,8.398,4.16,4.284,3.978,24.605,26.272;0.001,0.001,0.001,0.001,0.001,0.001,0.001,0.001,0.001,99.991"
    levelsQoS 10
    queueSizes "32,32,32,32,32,32,32,32,32,32"
  ]
  node [
    id 33
    label "33"
    Country "United States"
    Longitude -94.62746
    Internal 1
    Latitude 39.11417
    type "inner"
    schedulingPolicy "WFQ"
    tosToQoSqueue "58,69;65;64;59,67;54,56;66;61;60;50;39,48;40,0,1,2,3,4,5,6,7,8,9,10,11,12,13,14,15,16,17,18,19,20,21,22,23,24,25,26,27,28,29,30,31,32,33,34,35,36,37,38,41,42,43,44,45,46,47,49,51,52,53,55,57,62,63,68,70,71,72,73,74,75,76,77"
    schedulingWeights "0.001,0.001,0.001,0.001,0.001,0.001,0.001,0.001,0.001,26.189,73.802;9.675,4.731,4.63,9.266,8.398,4.16,4.284,3.978,24.605,26.189,0.084;0.001,0.001,0.001,0.001,0.001,0.001,0.001,0.001,0.001,0.001,99.99"
    levelsQoS 11
    queueSizes "32,32,32,32,32,32,32,32,32,32,32"
  ]
  node [
    id 34
    label "34"
    Country "United States"
    Longitude -87.65005
    Internal 1
    Latitude 41.85003
    type "inner"
    schedulingPolicy "WFQ"
    tosToQoSqueue "39;40,0,1,2,3,4,5,6,7,8,9,10,11,12,13,14,15,16,17,18,19,20,21,22,23,24,25,26,27,28,29,30,31,32,33,34,35,36,37,38,41,42,43,44,45,46,47,48,49,50,51,52,53,54,55,56,57,58,59,60,61,62,63,64,65,66,67,68,69,70,71,72,73,74,75,76,77"
    schedulingWeights "0.001,99.999;0.001,99.999;26.189,73.811"
    levelsQoS 2
    queueSizes "32,32"
  ]
  node [
    id 35
    label "35"
    Country "United States"
    Longitude -81.69541
    Internal 1
    Latitude 41.4995
    type "inner"
    schedulingPolicy "WFQ"
    tosToQoSqueue "0,1,2,3,4,5,6,7,8,9,10,11,12,13,14,15,16,17,18,19,20,21,22,23,24,25,26,27,28,29,30,31,32,33,34,35,36,37,38,39,40,41,42,43,44,45,46,47,48,49,50,51,52,53,54,55,56,57,58,59,60,61,62,63,64,65,66,67,68,69,70,71,72,73,74,75,76,77"
    schedulingWeights "100"
    levelsQoS 1
    queueSizes "32"
  ]
  node [
    id 36
    label "36"
    schedulingPolicy "FIFO"
    levelsQoS "1"
    schedulingWeights "-"
    tosToQoSqueue "0,1,2,3,4,5,6,7,8,9,10,11,12,13,14,15,16,17,18,19,20,21,22,23,24,25,26,27,28,29,30,31,32,33,34,35,36,37,38,39,40,41,42,43,44,45,46,47,48,49,50,51,52,53,54,55,56,57,58,59,60,61,62,63,64,65,66,67,68,69,70,71,72,73,74,75,76,77"
    queueSizes "32"
    type "destination_urllc"
  ]
  node [
    id 37
    label "37"
    schedulingPolicy "FIFO"
    levelsQoS "1"
    schedulingWeights "-"
    tosToQoSqueue "0,1,2,3,4,5,6,7,8,9,10,11,12,13,14,15,16,17,18,19,20,21,22,23,24,25,26,27,28,29,30,31,32,33,34,35,36,37,38,39,40,41,42,43,44,45,46,47,48,49,50,51,52,53,54,55,56,57,58,59,60,61,62,63,64,65,66,67,68,69,70,71,72,73,74,75,76,77"
    queueSizes "32"
    type "destination_mmtc"
  ]
  node [
    id 38
    label "38"
    schedulingPolicy "FIFO"
    levelsQoS "1"
    schedulingWeights "-"
    tosToQoSqueue "0,1,2,3,4,5,6,7,8,9,10,11,12,13,14,15,16,17,18,19,20,21,22,23,24,25,26,27,28,29,30,31,32,33,34,35,36,37,38,39,40,41,42,43,44,45,46,47,48,49,50,51,52,53,54,55,56,57,58,59,60,61,62,63,64,65,66,67,68,69,70,71,72,73,74,75,76,77"
    queueSizes "32"
    type "destination_embb"
  ]
  node [
    id 39
    label "39"
    schedulingPolicy "FIFO"
    levelsQoS "1"
    schedulingWeights "-"
    tosToQoSqueue "0,1,2,3,4,5,6,7,8,9,10,11,12,13,14,15,16,17,18,19,20,21,22,23,24,25,26,27,28,29,30,31,32,33,34,35,36,37,38,39,40,41,42,43,44,45,46,47,48,49,50,51,52,53,54,55,56,57,58,59,60,61,62,63,64,65,66,67,68,69,70,71,72,73,74,75,76,77"
    queueSizes "32"
    type "origin_embb"
    reservation 19641600.0
  ]
  node [
    id 40
    label "40"
    schedulingPolicy "FIFO"
    levelsQoS "1"
    schedulingWeights "-"
    tosToQoSqueue "0,1,2,3,4,5,6,7,8,9,10,11,12,13,14,15,16,17,18,19,20,21,22,23,24,25,26,27,28,29,30,31,32,33,34,35,36,37,38,39,40,41,42,43,44,45,46,47,48,49,50,51,52,53,54,55,56,57,58,59,60,61,62,63,64,65,66,67,68,69,70,71,72,73,74,75,76,77"
    queueSizes "32"
    type "origin_embb"
    reservation 18189000.0
  ]
  node [
    id 41
    label "41"
    schedulingPolicy "FIFO"
    levelsQoS "1"
    schedulingWeights "-"
    tosToQoSqueue "0,1,2,3,4,5,6,7,8,9,10,11,12,13,14,15,16,17,18,19,20,21,22,23,24,25,26,27,28,29,30,31,32,33,34,35,36,37,38,39,40,41,42,43,44,45,46,47,48,49,50,51,52,53,54,55,56,57,58,59,60,61,62,63,64,65,66,67,68,69,70,71,72,73,74,75,76,77"
    queueSizes "32"
    type "origin_urllc"
    reservation 3628100.0
  ]
  node [
    id 42
    label "42"
    schedulingPolicy "FIFO"
    levelsQoS "1"
    schedulingWeights "-"
    tosToQoSqueue "0,1,2,3,4,5,6,7,8,9,10,11,12,13,14,15,16,17,18,19,20,21,22,23,24,25,26,27,28,29,30,31,32,33,34,35,36,37,38,39,40,41,42,43,44,45,46,47,48,49,50,51,52,53,54,55,56,57,58,59,60,61,62,63,64,65,66,67,68,69,70,71,72,73,74,75,76,77"
    queueSizes "32"
    type "origin_urllc"
    reservation 3474800.0
  ]
  node [
    id 43
    label "43"
    schedulingPolicy "FIFO"
    levelsQoS "1"
    schedulingWeights "-"
    tosToQoSqueue "0,1,2,3,4,5,6,7,8,9,10,11,12,13,14,15,16,17,18,19,20,21,22,23,24,25,26,27,28,29,30,31,32,33,34,35,36,37,38,39,40,41,42,43,44,45,46,47,48,49,50,51,52,53,54,55,56,57,58,59,60,61,62,63,64,65,66,67,68,69,70,71,72,73,74,75,76,77"
    queueSizes "32"
    type "origin_urllc"
    reservation 3119900.0
  ]
  node [
    id 44
    label "44"
    schedulingPolicy "FIFO"
    levelsQoS "1"
    schedulingWeights "-"
    tosToQoSqueue "0,1,2,3,4,5,6,7,8,9,10,11,12,13,14,15,16,17,18,19,20,21,22,23,24,25,26,27,28,29,30,31,32,33,34,35,36,37,38,39,40,41,42,43,44,45,46,47,48,49,50,51,52,53,54,55,56,57,58,59,60,61,62,63,64,65,66,67,68,69,70,71,72,73,74,75,76,77"
    queueSizes "32"
    type "origin_urllc"
    reservation 3628100.0
  ]
  node [
    id 45
    label "45"
    schedulingPolicy "FIFO"
    levelsQoS "1"
    schedulingWeights "-"
    tosToQoSqueue "0,1,2,3,4,5,6,7,8,9,10,11,12,13,14,15,16,17,18,19,20,21,22,23,24,25,26,27,28,29,30,31,32,33,34,35,36,37,38,39,40,41,42,43,44,45,46,47,48,49,50,51,52,53,54,55,56,57,58,59,60,61,62,63,64,65,66,67,68,69,70,71,72,73,74,75,76,77"
    queueSizes "32"
    type "origin_mmtc"
    reservation 175160.0
  ]
  node [
    id 46
    label "46"
    schedulingPolicy "FIFO"
    levelsQoS "1"
    schedulingWeights "-"
    tosToQoSqueue "0,1,2,3,4,5,6,7,8,9,10,11,12,13,14,15,16,17,18,19,20,21,22,23,24,25,26,27,28,29,30,31,32,33,34,35,36,37,38,39,40,41,42,43,44,45,46,47,48,49,50,51,52,53,54,55,56,57,58,59,60,61,62,63,64,65,66,67,68,69,70,71,72,73,74,75,76,77"
    queueSizes "32"
    type "origin_urllc"
    reservation 3548300.0
  ]
  node [
    id 47
    label "47"
    schedulingPolicy "FIFO"
    levelsQoS "1"
    schedulingWeights "-"
    tosToQoSqueue "0,1,2,3,4,5,6,7,8,9,10,11,12,13,14,15,16,17,18,19,20,21,22,23,24,25,26,27,28,29,30,31,32,33,34,35,36,37,38,39,40,41,42,43,44,45,46,47,48,49,50,51,52,53,54,55,56,57,58,59,60,61,62,63,64,65,66,67,68,69,70,71,72,73,74,75,76,77"
    queueSizes "32"
    type "origin_urllc"
    reservation 2983400.0
  ]
  node [
    id 48
    label "48"
    schedulingPolicy "FIFO"
    levelsQoS "1"
    schedulingWeights "-"
    tosToQoSqueue "0,1,2,3,4,5,6,7,8,9,10,11,12,13,14,15,16,17,18,19,20,21,22,23,24,25,26,27,28,29,30,31,32,33,34,35,36,37,38,39,40,41,42,43,44,45,46,47,48,49,50,51,52,53,54,55,56,57,58,59,60,61,62,63,64,65,66,67,68,69,70,71,72,73,74,75,76,77"
    queueSizes "32"
    type "origin_embb"
    reservation 19641600.0
  ]
  node [
    id 49
    label "49"
    schedulingPolicy "FIFO"
    levelsQoS "1"
    schedulingWeights "-"
    tosToQoSqueue "0,1,2,3,4,5,6,7,8,9,10,11,12,13,14,15,16,17,18,19,20,21,22,23,24,25,26,27,28,29,30,31,32,33,34,35,36,37,38,39,40,41,42,43,44,45,46,47,48,49,50,51,52,53,54,55,56,57,58,59,60,61,62,63,64,65,66,67,68,69,70,71,72,73,74,75,76,77"
    queueSizes "32"
    type "origin_urllc"
    reservation 3589250.0
  ]
  node [
    id 50
    label "50"
    schedulingPolicy "FIFO"
    levelsQoS "1"
    schedulingWeights "-"
    tosToQoSqueue "0,1,2,3,4,5,6,7,8,9,10,11,12,13,14,15,16,17,18,19,20,21,22,23,24,25,26,27,28,29,30,31,32,33,34,35,36,37,38,39,40,41,42,43,44,45,46,47,48,49,50,51,52,53,54,55,56,57,58,59,60,61,62,63,64,65,66,67,68,69,70,71,72,73,74,75,76,77"
    queueSizes "32"
    type "origin_embb"
    reservation 18453600.0
  ]
  node [
    id 51
    label "51"
    schedulingPolicy "FIFO"
    levelsQoS "1"
    schedulingWeights "-"
    tosToQoSqueue "0,1,2,3,4,5,6,7,8,9,10,11,12,13,14,15,16,17,18,19,20,21,22,23,24,25,26,27,28,29,30,31,32,33,34,35,36,37,38,39,40,41,42,43,44,45,46,47,48,49,50,51,52,53,54,55,56,57,58,59,60,61,62,63,64,65,66,67,68,69,70,71,72,73,74,75,76,77"
    queueSizes "32"
    type "origin_urllc"
    reservation 3214400.0
  ]
  node [
    id 52
    label "52"
    schedulingPolicy "FIFO"
    levelsQoS "1"
    schedulingWeights "-"
    tosToQoSqueue "0,1,2,3,4,5,6,7,8,9,10,11,12,13,14,15,16,17,18,19,20,21,22,23,24,25,26,27,28,29,30,31,32,33,34,35,36,37,38,39,40,41,42,43,44,45,46,47,48,49,50,51,52,53,54,55,56,57,58,59,60,61,62,63,64,65,66,67,68,69,70,71,72,73,74,75,76,77"
    queueSizes "32"
    type "origin_urllc"
    reservation 3628100.0
  ]
  node [
    id 53
    label "53"
    schedulingPolicy "FIFO"
    levelsQoS "1"
    schedulingWeights "-"
    tosToQoSqueue "0,1,2,3,4,5,6,7,8,9,10,11,12,13,14,15,16,17,18,19,20,21,22,23,24,25,26,27,28,29,30,31,32,33,34,35,36,37,38,39,40,41,42,43,44,45,46,47,48,49,50,51,52,53,54,55,56,57,58,59,60,61,62,63,64,65,66,67,68,69,70,71,72,73,74,75,76,77"
    queueSizes "32"
    type "origin_urllc"
    reservation 3628100.0
  ]
  node [
    id 54
    label "54"
    schedulingPolicy "FIFO"
    levelsQoS "1"
    schedulingWeights "-"
    tosToQoSqueue "0,1,2,3,4,5,6,7,8,9,10,11,12,13,14,15,16,17,18,19,20,21,22,23,24,25,26,27,28,29,30,31,32,33,34,35,36,37,38,39,40,41,42,43,44,45,46,47,48,49,50,51,52,53,54,55,56,57,58,59,60,61,62,63,64,65,66,67,68,69,70,71,72,73,74,75,76,77"
    queueSizes "32"
    type "origin_urllc"
    reservation 3149300.0
  ]
  node [
    id 55
    label "55"
    schedulingPolicy "FIFO"
    levelsQoS "1"
    schedulingWeights "-"
    tosToQoSqueue "0,1,2,3,4,5,6,7,8,9,10,11,12,13,14,15,16,17,18,19,20,21,22,23,24,25,26,27,28,29,30,31,32,33,34,35,36,37,38,39,40,41,42,43,44,45,46,47,48,49,50,51,52,53,54,55,56,57,58,59,60,61,62,63,64,65,66,67,68,69,70,71,72,73,74,75,76,77"
    queueSizes "32"
    type "origin_mmtc"
    reservation 173240.0
  ]
  node [
    id 56
    label "56"
    schedulingPolicy "FIFO"
    levelsQoS "1"
    schedulingWeights "-"
    tosToQoSqueue "0,1,2,3,4,5,6,7,8,9,10,11,12,13,14,15,16,17,18,19,20,21,22,23,24,25,26,27,28,29,30,31,32,33,34,35,36,37,38,39,40,41,42,43,44,45,46,47,48,49,50,51,52,53,54,55,56,57,58,59,60,61,62,63,64,65,66,67,68,69,70,71,72,73,74,75,76,77"
    queueSizes "32"
    type "origin_urllc"
    reservation 3149300.0
  ]
  node [
    id 57
    label "57"
    schedulingPolicy "FIFO"
    levelsQoS "1"
    schedulingWeights "-"
    tosToQoSqueue "0,1,2,3,4,5,6,7,8,9,10,11,12,13,14,15,16,17,18,19,20,21,22,23,24,25,26,27,28,29,30,31,32,33,34,35,36,37,38,39,40,41,42,43,44,45,46,47,48,49,50,51,52,53,54,55,56,57,58,59,60,61,62,63,64,65,66,67,68,69,70,71,72,73,74,75,76,77"
    queueSizes "32"
    type "origin_mmtc"
    reservation 228140.0
  ]
  node [
    id 58
    label "58"
    schedulingPolicy "FIFO"
    levelsQoS "1"
    schedulingWeights "-"
    tosToQoSqueue "0,1,2,3,4,5,6,7,8,9,10,11,12,13,14,15,16,17,18,19,20,21,22,23,24,25,26,27,28,29,30,31,32,33,34,35,36,37,38,39,40,41,42,43,44,45,46,47,48,49,50,51,52,53,54,55,56,57,58,59,60,61,62,63,64,65,66,67,68,69,70,71,72,73,74,75,76,77"
    queueSizes "32"
    type "origin_urllc"
    reservation 3628100.0
  ]
  node [
    id 59
    label "59"
    schedulingPolicy "FIFO"
    levelsQoS "1"
    schedulingWeights "-"
    tosToQoSqueue "0,1,2,3,4,5,6,7,8,9,10,11,12,13,14,15,16,17,18,19,20,21,22,23,24,25,26,27,28,29,30,31,32,33,34,35,36,37,38,39,40,41,42,43,44,45,46,47,48,49,50,51,52,53,54,55,56,57,58,59,60,61,62,63,64,65,66,67,68,69,70,71,72,73,74,75,76,77"
    queueSizes "32"
    type "origin_urllc"
    reservation 3474800.0
  ]
  node [
    id 60
    label "60"
    schedulingPolicy "FIFO"
    levelsQoS "1"
    schedulingWeights "-"
    tosToQoSqueue "0,1,2,3,4,5,6,7,8,9,10,11,12,13,14,15,16,17,18,19,20,21,22,23,24,25,26,27,28,29,30,31,32,33,34,35,36,37,38,39,40,41,42,43,44,45,46,47,48,49,50,51,52,53,54,55,56,57,58,59,60,61,62,63,64,65,66,67,68,69,70,71,72,73,74,75,76,77"
    queueSizes "32"
    type "origin_urllc"
    reservation 2983400.0
  ]
  node [
    id 61
    label "61"
    schedulingPolicy "FIFO"
    levelsQoS "1"
    schedulingWeights "-"
    tosToQoSqueue "0,1,2,3,4,5,6,7,8,9,10,11,12,13,14,15,16,17,18,19,20,21,22,23,24,25,26,27,28,29,30,31,32,33,34,35,36,37,38,39,40,41,42,43,44,45,46,47,48,49,50,51,52,53,54,55,56,57,58,59,60,61,62,63,64,65,66,67,68,69,70,71,72,73,74,75,76,77"
    queueSizes "32"
    type "origin_urllc"
    reservation 3213350.0
  ]
  node [
    id 62
    label "62"
    schedulingPolicy "FIFO"
    levelsQoS "1"
    schedulingWeights "-"
    tosToQoSqueue "0,1,2,3,4,5,6,7,8,9,10,11,12,13,14,15,16,17,18,19,20,21,22,23,24,25,26,27,28,29,30,31,32,33,34,35,36,37,38,39,40,41,42,43,44,45,46,47,48,49,50,51,52,53,54,55,56,57,58,59,60,61,62,63,64,65,66,67,68,69,70,71,72,73,74,75,76,77"
    queueSizes "32"
    type "origin_mmtc"
    reservation 175160.0
  ]
  node [
    id 63
    label "63"
    schedulingPolicy "FIFO"
    levelsQoS "1"
    schedulingWeights "-"
    tosToQoSqueue "0,1,2,3,4,5,6,7,8,9,10,11,12,13,14,15,16,17,18,19,20,21,22,23,24,25,26,27,28,29,30,31,32,33,34,35,36,37,38,39,40,41,42,43,44,45,46,47,48,49,50,51,52,53,54,55,56,57,58,59,60,61,62,63,64,65,66,67,68,69,70,71,72,73,74,75,76,77"
    queueSizes "32"
    type "origin_mmtc"
    reservation 204260.0
  ]
  node [
    id 64
    label "64"
    schedulingPolicy "FIFO"
    levelsQoS "1"
    schedulingWeights "-"
    tosToQoSqueue "0,1,2,3,4,5,6,7,8,9,10,11,12,13,14,15,16,17,18,19,20,21,22,23,24,25,26,27,28,29,30,31,32,33,34,35,36,37,38,39,40,41,42,43,44,45,46,47,48,49,50,51,52,53,54,55,56,57,58,59,60,61,62,63,64,65,66,67,68,69,70,71,72,73,74,75,76,77"
    queueSizes "32"
    type "origin_urllc"
    reservation 3472700.0
  ]
  node [
    id 65
    label "65"
    schedulingPolicy "FIFO"
    levelsQoS "1"
    schedulingWeights "-"
    tosToQoSqueue "0,1,2,3,4,5,6,7,8,9,10,11,12,13,14,15,16,17,18,19,20,21,22,23,24,25,26,27,28,29,30,31,32,33,34,35,36,37,38,39,40,41,42,43,44,45,46,47,48,49,50,51,52,53,54,55,56,57,58,59,60,61,62,63,64,65,66,67,68,69,70,71,72,73,74,75,76,77"
    queueSizes "32"
    type "origin_urllc"
    reservation 3548300.0
  ]
  node [
    id 66
    label "66"
    schedulingPolicy "FIFO"
    levelsQoS "1"
    schedulingWeights "-"
    tosToQoSqueue "0,1,2,3,4,5,6,7,8,9,10,11,12,13,14,15,16,17,18,19,20,21,22,23,24,25,26,27,28,29,30,31,32,33,34,35,36,37,38,39,40,41,42,43,44,45,46,47,48,49,50,51,52,53,54,55,56,57,58,59,60,61,62,63,64,65,66,67,68,69,70,71,72,73,74,75,76,77"
    queueSizes "32"
    type "origin_urllc"
    reservation 3119900.0
  ]
  node [
    id 67
    label "67"
    schedulingPolicy "FIFO"
    levelsQoS "1"
    schedulingWeights "-"
    tosToQoSqueue "0,1,2,3,4,5,6,7,8,9,10,11,12,13,14,15,16,17,18,19,20,21,22,23,24,25,26,27,28,29,30,31,32,33,34,35,36,37,38,39,40,41,42,43,44,45,46,47,48,49,50,51,52,53,54,55,56,57,58,59,60,61,62,63,64,65,66,67,68,69,70,71,72,73,74,75,76,77"
    queueSizes "32"
    type "origin_urllc"
    reservation 3474800.0
  ]
  node [
    id 68
    label "68"
    schedulingPolicy "FIFO"
    levelsQoS "1"
    schedulingWeights "-"
    tosToQoSqueue "0,1,2,3,4,5,6,7,8,9,10,11,12,13,14,15,16,17,18,19,20,21,22,23,24,25,26,27,28,29,30,31,32,33,34,35,36,37,38,39,40,41,42,43,44,45,46,47,48,49,50,51,52,53,54,55,56,57,58,59,60,61,62,63,64,65,66,67,68,69,70,71,72,73,74,75,76,77"
    queueSizes "32"
    type "origin_mmtc"
    reservation 181880.0
  ]
  node [
    id 69
    label "69"
    schedulingPolicy "FIFO"
    levelsQoS "1"
    schedulingWeights "-"
    tosToQoSqueue "0,1,2,3,4,5,6,7,8,9,10,11,12,13,14,15,16,17,18,19,20,21,22,23,24,25,26,27,28,29,30,31,32,33,34,35,36,37,38,39,40,41,42,43,44,45,46,47,48,49,50,51,52,53,54,55,56,57,58,59,60,61,62,63,64,65,66,67,68,69,70,71,72,73,74,75,76,77"
    queueSizes "32"
    type "origin_urllc"
    reservation 3628100.0
  ]
  node [
    id 70
    label "70"
    schedulingPolicy "FIFO"
    levelsQoS "1"
    schedulingWeights "-"
    tosToQoSqueue "0,1,2,3,4,5,6,7,8,9,10,11,12,13,14,15,16,17,18,19,20,21,22,23,24,25,26,27,28,29,30,31,32,33,34,35,36,37,38,39,40,41,42,43,44,45,46,47,48,49,50,51,52,53,54,55,56,57,58,59,60,61,62,63,64,65,66,67,68,69,70,71,72,73,74,75,76,77"
    queueSizes "32"
    type "origin_mmtc"
    reservation 183860.0
  ]
  node [
    id 71
    label "71"
    schedulingPolicy "FIFO"
    levelsQoS "1"
    schedulingWeights "-"
    tosToQoSqueue "0,1,2,3,4,5,6,7,8,9,10,11,12,13,14,15,16,17,18,19,20,21,22,23,24,25,26,27,28,29,30,31,32,33,34,35,36,37,38,39,40,41,42,43,44,45,46,47,48,49,50,51,52,53,54,55,56,57,58,59,60,61,62,63,64,65,66,67,68,69,70,71,72,73,74,75,76,77"
    queueSizes "32"
    type "origin_mmtc"
    reservation 204260.0
  ]
  node [
    id 72
    label "72"
    schedulingPolicy "FIFO"
    levelsQoS "1"
    schedulingWeights "-"
    tosToQoSqueue "0,1,2,3,4,5,6,7,8,9,10,11,12,13,14,15,16,17,18,19,20,21,22,23,24,25,26,27,28,29,30,31,32,33,34,35,36,37,38,39,40,41,42,43,44,45,46,47,48,49,50,51,52,53,54,55,56,57,58,59,60,61,62,63,64,65,66,67,68,69,70,71,72,73,74,75,76,77"
    queueSizes "32"
    type "origin_mmtc"
    reservation 183860.0
  ]
  node [
    id 73
    label "73"
    schedulingPolicy "FIFO"
    levelsQoS "1"
    schedulingWeights "-"
    tosToQoSqueue "0,1,2,3,4,5,6,7,8,9,10,11,12,13,14,15,16,17,18,19,20,21,22,23,24,25,26,27,28,29,30,31,32,33,34,35,36,37,38,39,40,41,42,43,44,45,46,47,48,49,50,51,52,53,54,55,56,57,58,59,60,61,62,63,64,65,66,67,68,69,70,71,72,73,74,75,76,77"
    queueSizes "32"
    type "origin_mmtc"
    reservation 191240.0
  ]
  node [
    id 74
    label "74"
    schedulingPolicy "FIFO"
    levelsQoS "1"
    schedulingWeights "-"
    tosToQoSqueue "0,1,2,3,4,5,6,7,8,9,10,11,12,13,14,15,16,17,18,19,20,21,22,23,24,25,26,27,28,29,30,31,32,33,34,35,36,37,38,39,40,41,42,43,44,45,46,47,48,49,50,51,52,53,54,55,56,57,58,59,60,61,62,63,64,65,66,67,68,69,70,71,72,73,74,75,76,77"
    queueSizes "32"
    type "origin_mmtc"
    reservation 228140.0
  ]
  node [
    id 75
    label "75"
    schedulingPolicy "FIFO"
    levelsQoS "1"
    schedulingWeights "-"
    tosToQoSqueue "0,1,2,3,4,5,6,7,8,9,10,11,12,13,14,15,16,17,18,19,20,21,22,23,24,25,26,27,28,29,30,31,32,33,34,35,36,37,38,39,40,41,42,43,44,45,46,47,48,49,50,51,52,53,54,55,56,57,58,59,60,61,62,63,64,65,66,67,68,69,70,71,72,73,74,75,76,77"
    queueSizes "32"
    type "origin_mmtc"
    reservation 175160.0
  ]
  node [
    id 76
    label "76"
    schedulingPolicy "FIFO"
    levelsQoS "1"
    schedulingWeights "-"
    tosToQoSqueue "0,1,2,3,4,5,6,7,8,9,10,11,12,13,14,15,16,17,18,19,20,21,22,23,24,25,26,27,28,29,30,31,32,33,34,35,36,37,38,39,40,41,42,43,44,45,46,47,48,49,50,51,52,53,54,55,56,57,58,59,60,61,62,63,64,65,66,67,68,69,70,71,72,73,74,75,76,77"
    queueSizes "32"
    type "origin_mmtc"
    reservation 191240.0
  ]
  node [
    id 77
    label "77"
    schedulingPolicy "FIFO"
    levelsQoS "1"
    schedulingWeights "-"
    tosToQoSqueue "0,1,2,3,4,5,6,7,8,9,10,11,12,13,14,15,16,17,18,19,20,21,22,23,24,25,26,27,28,29,30,31,32,33,34,35,36,37,38,39,40,41,42,43,44,45,46,47,48,49,50,51,52,53,54,55,56,57,58,59,60,61,62,63,64,65,66,67,68,69,70,71,72,73,74,75,76,77"
    queueSizes "32"
    type "origin_mmtc"
    reservation 191240.0
  ]
  edge [
    source 0
    target 1
    key 0
    LinkType "DS-3"
    LinkLabel "45 Mbps DS-3"
    LinkNote "45 Mbps "
    bandwidth 75000000
    traffic "18000000,18000000,3500000,3500000,3500000,3500000,200000,3500000,3500000,3500000,3500000,3500000,3500000,200000,200000,200000,200000,200000,200000,200000,200000,200000,200000,200000,200000,200000"
    reservation "19641600.0,18189000.0,3628100.0,3474800.0,3119900.0,3628100.0,175160.0,3548300.0,2983400.0,3589250.0,3214400.0,3628100.0,3628100.0,173240.0,228140.0,175160.0,204260.0,181880.0,183860.0,204260.0,183860.0,191240.0,228140.0,175160.0,191240.0,191240.0"
    port 0
  ]
  edge [
    source 0
    target 3
    key 0
    LinkType "DS-3"
    LinkLabel "45 Mbps DS-3"
    LinkNote "45 Mbps "
    bandwidth 75000000
    traffic ""
    reservation ""
    port 1
  ]
  edge [
    source 1
    target 0
    key 0
    LinkType "DS-3"
    LinkLabel "45 Mbps DS-3"
    LinkNote "45 Mbps "
    bandwidth 75000000
    traffic ""
    reservation ""
    port 0
  ]
  edge [
    source 1
    target 6
    key 0
    LinkType "DS-3"
    LinkLabel "45 Mbps DS-3"
    LinkNote "45 Mbps "
    bandwidth 75000000
    traffic "18000000,18000000,3500000,3500000,3500000,3500000,200000,3500000,3500000,3500000,3500000,3500000,3500000,200000,200000,200000,200000,200000,200000,200000,200000,200000,200000,200000,200000,200000"
    reservation "19641600.0,18189000.0,3628100.0,3474800.0,3119900.0,3628100.0,175160.0,3548300.0,2983400.0,3589250.0,3214400.0,3628100.0,3628100.0,173240.0,228140.0,175160.0,204260.0,181880.0,183860.0,204260.0,183860.0,191240.0,228140.0,175160.0,191240.0,191240.0"
    port 1
  ]
  edge [
    source 2
    target 3
    key 0
    LinkType "DS-3"
    LinkLabel "45 Mbps DS-3"
    LinkNote "45 Mbps "
    bandwidth 75000000
    traffic "18000000,18000000,3500000,3500000,3500000,3500000,3500000,3500000,3500000,3500000,3500000,3500000,3500000"
    reservation "19641600.0,18453600.0,3149300.0,3149300.0,3628100.0,3474800.0,2983400.0,3213350.0,3472700.0,3548300.0,3119900.0,3474800.0,3628100.0"
    port 0
  ]
  edge [
    source 2
    target 21
    key 0
    LinkType "DS-3"
    LinkLabel "45 Mbps DS-3"
    LinkNote "45 Mbps "
    bandwidth 75000000
    traffic ""
    reservation ""
    port 1
  ]
  edge [
    source 3
    target 0
    key 0
    LinkType "DS-3"
    LinkLabel "45 Mbps DS-3"
    LinkNote "45 Mbps "
    bandwidth 75000000
    traffic "18000000,18000000,3500000,3500000,3500000,3500000,200000,3500000,3500000,3500000,3500000,3500000,3500000,200000,200000,200000,200000,200000,200000,200000,200000,200000,200000,200000,200000,200000"
    reservation "19641600.0,18189000.0,3628100.0,3474800.0,3119900.0,3628100.0,175160.0,3548300.0,2983400.0,3589250.0,3214400.0,3628100.0,3628100.0,173240.0,228140.0,175160.0,204260.0,181880.0,183860.0,204260.0,183860.0,191240.0,228140.0,175160.0,191240.0,191240.0"
    port 0
  ]
  edge [
    source 3
    target 2
    key 0
    LinkType "DS-3"
    LinkLabel "45 Mbps DS-3"
    LinkNote "45 Mbps "
    bandwidth 75000000
    traffic ""
    reservation ""
    port 1
  ]
  edge [
    source 3
    target 9
    key 0
    LinkType "DS-3"
    LinkLabel "45 Mbps DS-3"
    LinkNote "45 Mbps "
    bandwidth 75000000
    traffic "18000000,18000000,3500000,3500000,3500000,3500000,3500000,3500000,3500000,3500000,3500000,3500000,3500000"
    reservation "19641600.0,18453600.0,3149300.0,3149300.0,3628100.0,3474800.0,2983400.0,3213350.0,3472700.0,3548300.0,3119900.0,3474800.0,3628100.0"
    port 2
  ]
  edge [
    source 3
    target 10
    key 0
    id "e22"
    bandwidth 75000000
    traffic ""
    reservation ""
    port 3
  ]
  edge [
    source 3
    target 11
    key 0
    id "e23"
    bandwidth 75000000
    traffic ""
    reservation ""
    port 4
  ]
  edge [
    source 3
    target 12
    key 0
    id "e16"
    bandwidth 75000000
    traffic ""
    reservation ""
    port 5
  ]
  edge [
    source 3
    target 13
    key 0
    id "e17"
    bandwidth 75000000
    traffic ""
    reservation ""
    port 6
  ]
  edge [
    source 3
    target 14
    key 0
    id "e18"
    bandwidth 75000000
    traffic ""
    reservation ""
    port 7
  ]
  edge [
    source 3
    target 15
    key 0
    id "e19"
    bandwidth 75000000
    traffic ""
    reservation ""
    port 8
  ]
  edge [
    source 3
    target 27
    key 0
    LinkType "DS-3"
    LinkLabel "45 Mbps DS-3"
    LinkNote "45 Mbps "
    bandwidth 75000000
    traffic ""
    reservation ""
    port 9
  ]
  edge [
    source 4
    target 6
    key 0
    LinkType "DS-3"
    LinkLabel "45 Mbps DS-3"
    LinkNote "45 Mbps "
    bandwidth 75000000
    traffic ""
    reservation ""
    port 0
  ]
  edge [
    source 4
    target 7
    key 0
    LinkType "DS-3"
    LinkLabel "45 Mbps DS-3"
    LinkNote "45 Mbps "
    bandwidth 75000000
    traffic "200000,200000,200000,200000,200000,200000,200000,200000,200000,200000,200000,200000,200000,200000"
    reservation "175160.0,173240.0,228140.0,175160.0,204260.0,181880.0,183860.0,204260.0,183860.0,191240.0,228140.0,175160.0,191240.0,191240.0"
    port 1
  ]
  edge [
    source 5
    target 8
    key 0
    LinkType "DS-3"
    LinkLabel "45 Mbps DS-3"
    LinkNote "45 Mbps "
    bandwidth 75000000
    traffic ""
    reservation ""
    port 0
  ]
  edge [
    source 5
    target 9
    key 0
    LinkType "DS-3"
    LinkLabel "45 Mbps DS-3"
    LinkNote "45 Mbps "
    bandwidth 75000000
    traffic ""
    reservation ""
    port 1
  ]
  edge [
    source 5
    target 33
    key 0
    LinkType "DS-3"
    LinkLabel "45 Mbps DS-3"
    LinkNote "45 Mbps "
    bandwidth 75000000
    traffic "18000000,18000000,3500000,3500000,3500000,3500000,3500000,3500000,3500000,3500000,3500000,3500000,3500000"
    reservation "19641600.0,18453600.0,3149300.0,3149300.0,3628100.0,3474800.0,2983400.0,3213350.0,3472700.0,3548300.0,3119900.0,3474800.0,3628100.0"
    port 2
  ]
  edge [
    source 5
    target 31
    key 0
    LinkType "DS-3"
    LinkLabel "45 Mbps DS-3"
    LinkNote "45 Mbps "
    bandwidth 75000000
    traffic "18000000,18000000"
    reservation "19641600.0,18189000.0"
    port 3
  ]
  edge [
    source 6
    target 1
    key 0
    LinkType "DS-3"
    LinkLabel "45 Mbps DS-3"
    LinkNote "45 Mbps "
    bandwidth 75000000
    traffic ""
    reservation ""
    port 0
  ]
  edge [
    source 6
    target 4
    key 0
    LinkType "DS-3"
    LinkLabel "45 Mbps DS-3"
    LinkNote "45 Mbps "
    bandwidth 75000000
    traffic "200000,200000,200000,200000,200000,200000,200000,200000,200000,200000,200000,200000,200000,200000"
    reservation "175160.0,173240.0,228140.0,175160.0,204260.0,181880.0,183860.0,204260.0,183860.0,191240.0,228140.0,175160.0,191240.0,191240.0"
    port 1
  ]
  edge [
    source 6
    target 34
    key 0
    LinkType "DS-3"
    LinkLabel "45 Mbps DS-3"
    LinkNote "45 Mbps "
    bandwidth 75000000
    traffic "18000000,18000000"
    reservation "19641600.0,18189000.0"
    port 2
  ]
  edge [
    source 6
    target 7
    key 0
    LinkType "DS-3"
    LinkLabel "45 Mbps DS-3"
    LinkNote "45 Mbps "
    bandwidth 75000000
    traffic ""
    reservation ""
    port 3
  ]
  edge [
    source 6
    target 16
    key 0
    id "e31"
    bandwidth 75000000
    traffic ""
    reservation ""
    port 4
  ]
  edge [
    source 6
    target 17
    key 0
    id "e30"
    bandwidth 75000000
    traffic ""
    reservation ""
    port 5
  ]
  edge [
    source 6
    target 22
    key 0
    id "e29"
    bandwidth 75000000
    traffic ""
    reservation ""
    port 6
  ]
  edge [
    source 6
    target 23
    key 0
    id "e28"
    bandwidth 75000000
    traffic ""
    reservation ""
    port 7
  ]
  edge [
    source 6
    target 30
    key 0
    LinkType "DS-3"
    LinkLabel "45 Mbps DS-3"
    LinkNote "45 Mbps "
    bandwidth 75000000
    traffic ""
    reservation ""
    port 8
  ]
  edge [
    source 6
    target 36
    key 0
    port 9
    weight 1
    bandwidth 350000000
    traffic "3500000,3500000,3500000,3500000,3500000,3500000,3500000,3500000,3500000,3500000,3500000,3500000,3500000,3500000,3500000,3500000,3500000,3500000,3500000,3500000,3500000"
    reservation "3628100.0,3474800.0,3119900.0,3628100.0,3548300.0,2983400.0,3589250.0,3214400.0,3628100.0,3628100.0,3149300.0,3149300.0,3628100.0,3474800.0,2983400.0,3213350.0,3472700.0,3548300.0,3119900.0,3474800.0,3628100.0"
  ]
  edge [
    source 7
    target 4
    key 0
    LinkType "DS-3"
    LinkLabel "45 Mbps DS-3"
    LinkNote "45 Mbps "
    bandwidth 75000000
    traffic ""
    reservation ""
    port 0
  ]
  edge [
    source 7
    target 6
    key 0
    LinkType "DS-3"
    LinkLabel "45 Mbps DS-3"
    LinkNote "45 Mbps "
    bandwidth 75000000
    traffic ""
    reservation ""
    port 1
  ]
  edge [
    source 7
    target 37
    key 0
    port 2
    weight 1
    bandwidth 350000000
    traffic "200000,200000,200000,200000,200000,200000,200000,200000,200000,200000,200000,200000,200000,200000"
    reservation "175160.0,173240.0,228140.0,175160.0,204260.0,181880.0,183860.0,204260.0,183860.0,191240.0,228140.0,175160.0,191240.0,191240.0"
  ]
  edge [
    source 8
    target 5
    key 0
    LinkType "DS-3"
    LinkLabel "45 Mbps DS-3"
    LinkNote "45 Mbps "
    bandwidth 75000000
    traffic ""
    reservation ""
    port 0
  ]
  edge [
    source 9
    target 3
    key 0
    LinkType "DS-3"
    LinkLabel "45 Mbps DS-3"
    LinkNote "45 Mbps "
    bandwidth 75000000
    traffic "18000000,18000000,3500000,3500000,3500000,3500000,200000,3500000,3500000,3500000,3500000,3500000,3500000,200000,200000,200000,200000,200000,200000,200000,200000,200000,200000,200000,200000,200000"
    reservation "19641600.0,18189000.0,3628100.0,3474800.0,3119900.0,3628100.0,175160.0,3548300.0,2983400.0,3589250.0,3214400.0,3628100.0,3628100.0,173240.0,228140.0,175160.0,204260.0,181880.0,183860.0,204260.0,183860.0,191240.0,228140.0,175160.0,191240.0,191240.0"
    port 0
  ]
  edge [
    source 9
    target 5
    key 0
    LinkType "DS-3"
    LinkLabel "45 Mbps DS-3"
    LinkNote "45 Mbps "
    bandwidth 75000000
    traffic "18000000,18000000,3500000,3500000,3500000,3500000,3500000,3500000,3500000,3500000,3500000,3500000,3500000"
    reservation "19641600.0,18453600.0,3149300.0,3149300.0,3628100.0,3474800.0,2983400.0,3213350.0,3472700.0,3548300.0,3119900.0,3474800.0,3628100.0"
    port 1
  ]
  edge [
    source 9
    target 24
    key 0
    LinkType "DS-3"
    LinkLabel "45 Mbps DS-3"
    LinkNote "45 Mbps "
    bandwidth 75000000
    traffic ""
    reservation ""
    port 2
  ]
  edge [
    source 10
    target 3
    key 0
    id "e22"
    bandwidth 75000000
    traffic ""
    reservation ""
    port 0
  ]
  edge [
    source 11
    target 3
    key 0
    id "e23"
    bandwidth 75000000
    traffic ""
    reservation ""
    port 0
  ]
  edge [
    source 12
    target 3
    key 0
    id "e16"
    bandwidth 75000000
    traffic ""
    reservation ""
    port 0
  ]
  edge [
    source 13
    target 3
    key 0
    id "e17"
    bandwidth 75000000
    traffic ""
    reservation ""
    port 0
  ]
  edge [
    source 14
    target 3
    key 0
    id "e18"
    bandwidth 75000000
    traffic ""
    reservation ""
    port 0
  ]
  edge [
    source 15
    target 3
    key 0
    id "e19"
    bandwidth 75000000
    traffic ""
    reservation ""
    port 0
  ]
  edge [
    source 16
    target 6
    key 0
    id "e31"
    bandwidth 75000000
    traffic ""
    reservation ""
    port 0
  ]
  edge [
    source 17
    target 6
    key 0
    id "e30"
    bandwidth 75000000
    traffic ""
    reservation ""
    port 0
  ]
  edge [
    source 18
    target 24
    key 0
    LinkType "DS-3"
    LinkLabel "45 Mbps DS-3"
    LinkNote "45 Mbps "
    bandwidth 75000000
    traffic "18000000,18000000,3500000,3500000,3500000,3500000,200000,3500000,3500000,3500000,3500000,3500000,3500000,200000,200000,200000,200000,200000,200000,200000,200000,200000,200000,200000,200000,200000"
    reservation "19641600.0,18189000.0,3628100.0,3474800.0,3119900.0,3628100.0,175160.0,3548300.0,2983400.0,3589250.0,3214400.0,3628100.0,3628100.0,173240.0,228140.0,175160.0,204260.0,181880.0,183860.0,204260.0,183860.0,191240.0,228140.0,175160.0,191240.0,191240.0"
    port 0
  ]
  edge [
    source 18
    target 25
    key 0
    LinkType "DS-3"
    LinkLabel "45 Mbps DS-3"
    LinkNote "45 Mbps "
    bandwidth 75000000
    traffic ""
    reservation ""
    port 1
  ]
  edge [
    source 18
    target 19
    key 0
    LinkType "DS-3"
    LinkLabel "45 Mbps DS-3"
    LinkNote "45 Mbps "
    bandwidth 75000000
    traffic ""
    reservation ""
    port 2
  ]
  edge [
    source 19
    target 18
    key 0
    LinkType "DS-3"
    LinkLabel "45 Mbps DS-3"
    LinkNote "45 Mbps "
    bandwidth 75000000
    traffic "18000000,18000000,3500000,3500000,3500000,3500000,200000,3500000,3500000,3500000,3500000,3500000,3500000,200000,200000,200000,200000,200000,200000,200000,200000,200000,200000,200000,200000,200000"
    reservation "19641600.0,18189000.0,3628100.0,3474800.0,3119900.0,3628100.0,175160.0,3548300.0,2983400.0,3589250.0,3214400.0,3628100.0,3628100.0,173240.0,228140.0,175160.0,204260.0,181880.0,183860.0,204260.0,183860.0,191240.0,228140.0,175160.0,191240.0,191240.0"
    port 0
  ]
  edge [
    source 19
    target 20
    key 0
    LinkType "DS-3"
    LinkLabel "45 Mbps DS-3"
    LinkNote "45 Mbps "
    bandwidth 75000000
    traffic ""
    reservation ""
    port 1
  ]
  edge [
    source 19
    target 40
    key 0
    port 2
    weight 1
    bandwidth 50000000
    traffic ""
    reservation ""
  ]
  edge [
    source 20
    target 19
    key 0
    LinkType "DS-3"
    LinkLabel "45 Mbps DS-3"
    LinkNote "45 Mbps "
    bandwidth 75000000
    traffic "18000000,3500000,3500000,3500000,3500000,200000,3500000,3500000,3500000,3500000,3500000,3500000,200000,200000,200000,200000,200000,200000,200000,200000,200000,200000,200000,200000,200000"
    reservation "19641600.0,3628100.0,3474800.0,3119900.0,3628100.0,175160.0,3548300.0,2983400.0,3589250.0,3214400.0,3628100.0,3628100.0,173240.0,228140.0,175160.0,204260.0,181880.0,183860.0,204260.0,183860.0,191240.0,228140.0,175160.0,191240.0,191240.0"
    port 0
  ]
  edge [
    source 20
    target 21
    key 0
    LinkType "DS-3"
    LinkLabel "45 Mbps DS-3"
    LinkNote "45 Mbps "
    bandwidth 75000000
    traffic "18000000,18000000,3500000,3500000,3500000,3500000,3500000,3500000,3500000,3500000,3500000,3500000,3500000"
    reservation "19641600.0,18453600.0,3149300.0,3149300.0,3628100.0,3474800.0,2983400.0,3213350.0,3472700.0,3548300.0,3119900.0,3474800.0,3628100.0"
    port 1
  ]
  edge [
    source 20
    target 39
    key 0
    port 2
    weight 1
    bandwidth 50000000
    traffic ""
    reservation ""
  ]
  edge [
    source 20
    target 41
    key 0
    port 3
    weight 1
    bandwidth 50000000
    traffic ""
    reservation ""
  ]
  edge [
    source 20
    target 42
    key 0
    port 4
    weight 1
    bandwidth 50000000
    traffic ""
    reservation ""
  ]
  edge [
    source 20
    target 43
    key 0
    port 5
    weight 1
    bandwidth 50000000
    traffic ""
    reservation ""
  ]
  edge [
    source 20
    target 44
    key 0
    port 6
    weight 1
    bandwidth 50000000
    traffic ""
    reservation ""
  ]
  edge [
    source 20
    target 45
    key 0
    port 7
    weight 1
    bandwidth 50000000
    traffic ""
    reservation ""
  ]
  edge [
    source 20
    target 46
    key 0
    port 8
    weight 1
    bandwidth 50000000
    traffic ""
    reservation ""
  ]
  edge [
    source 20
    target 47
    key 0
    port 9
    weight 1
    bandwidth 50000000
    traffic ""
    reservation ""
  ]
  edge [
    source 20
    target 48
    key 0
    port 10
    weight 1
    bandwidth 50000000
    traffic ""
    reservation ""
  ]
  edge [
    source 20
    target 49
    key 0
    port 11
    weight 1
    bandwidth 50000000
    traffic ""
    reservation ""
  ]
  edge [
    source 20
    target 50
    key 0
    port 12
    weight 1
    bandwidth 50000000
    traffic ""
    reservation ""
  ]
  edge [
    source 20
    target 51
    key 0
    port 13
    weight 1
    bandwidth 50000000
    traffic ""
    reservation ""
  ]
  edge [
    source 20
    target 52
    key 0
    port 14
    weight 1
    bandwidth 50000000
    traffic ""
    reservation ""
  ]
  edge [
    source 20
    target 53
    key 0
    port 15
    weight 1
    bandwidth 50000000
    traffic ""
    reservation ""
  ]
  edge [
    source 20
    target 54
    key 0
    port 16
    weight 1
    bandwidth 50000000
    traffic ""
    reservation ""
  ]
  edge [
    source 20
    target 55
    key 0
    port 17
    weight 1
    bandwidth 50000000
    traffic ""
    reservation ""
  ]
  edge [
    source 20
    target 56
    key 0
    port 18
    weight 1
    bandwidth 50000000
    traffic ""
    reservation ""
  ]
  edge [
    source 20
    target 57
    key 0
    port 19
    weight 1
    bandwidth 50000000
    traffic ""
    reservation ""
  ]
  edge [
    source 20
    target 58
    key 0
    port 20
    weight 1
    bandwidth 50000000
    traffic ""
    reservation ""
  ]
  edge [
    source 20
    target 59
    key 0
    port 21
    weight 1
    bandwidth 50000000
    traffic ""
    reservation ""
  ]
  edge [
    source 20
    target 60
    key 0
    port 22
    weight 1
    bandwidth 50000000
    traffic ""
    reservation ""
  ]
  edge [
    source 20
    target 61
    key 0
    port 23
    weight 1
    bandwidth 50000000
    traffic ""
    reservation ""
  ]
  edge [
    source 20
    target 62
    key 0
    port 24
    weight 1
    bandwidth 50000000
    traffic ""
    reservation ""
  ]
  edge [
    source 20
    target 63
    key 0
    port 25
    weight 1
    bandwidth 50000000
    traffic ""
    reservation ""
  ]
  edge [
    source 20
    target 64
    key 0
    port 26
    weight 1
    bandwidth 50000000
    traffic ""
    reservation ""
  ]
  edge [
    source 20
    target 65
    key 0
    port 27
    weight 1
    bandwidth 50000000
    traffic ""
    reservation ""
  ]
  edge [
    source 20
    target 66
    key 0
    port 28
    weight 1
    bandwidth 50000000
    traffic ""
    reservation ""
  ]
  edge [
    source 20
    target 67
    key 0
    port 29
    weight 1
    bandwidth 50000000
    traffic ""
    reservation ""
  ]
  edge [
    source 20
    target 68
    key 0
    port 30
    weight 1
    bandwidth 50000000
    traffic ""
    reservation ""
  ]
  edge [
    source 20
    target 69
    key 0
    port 31
    weight 1
    bandwidth 50000000
    traffic ""
    reservation ""
  ]
  edge [
    source 20
    target 70
    key 0
    port 32
    weight 1
    bandwidth 50000000
    traffic ""
    reservation ""
  ]
  edge [
    source 20
    target 71
    key 0
    port 33
    weight 1
    bandwidth 50000000
    traffic ""
    reservation ""
  ]
  edge [
    source 20
    target 72
    key 0
    port 34
    weight 1
    bandwidth 50000000
    traffic ""
    reservation ""
  ]
  edge [
    source 20
    target 73
    key 0
    port 35
    weight 1
    bandwidth 50000000
    traffic ""
    reservation ""
  ]
  edge [
    source 20
    target 74
    key 0
    port 36
    weight 1
    bandwidth 50000000
    traffic ""
    reservation ""
  ]
  edge [
    source 20
    target 75
    key 0
    port 37
    weight 1
    bandwidth 50000000
    traffic ""
    reservation ""
  ]
  edge [
    source 20
    target 76
    key 0
    port 38
    weight 1
    bandwidth 50000000
    traffic ""
    reservation ""
  ]
  edge [
    source 20
    target 77
    key 0
    port 39
    weight 1
    bandwidth 50000000
    traffic ""
    reservation ""
  ]
  edge [
    source 21
    target 2
    key 0
    LinkType "DS-3"
    LinkLabel "45 Mbps DS-3"
    LinkNote "45 Mbps "
    bandwidth 75000000
    traffic "18000000,18000000,3500000,3500000,3500000,3500000,3500000,3500000,3500000,3500000,3500000,3500000,3500000"
    reservation "19641600.0,18453600.0,3149300.0,3149300.0,3628100.0,3474800.0,2983400.0,3213350.0,3472700.0,3548300.0,3119900.0,3474800.0,3628100.0"
    port 0
  ]
  edge [
    source 21
    target 20
    key 0
    LinkType "DS-3"
    LinkLabel "45 Mbps DS-3"
    LinkNote "45 Mbps "
    bandwidth 75000000
    traffic ""
    reservation ""
    port 1
  ]
  edge [
    source 22
    target 6
    key 0
    id "e29"
    bandwidth 75000000
    traffic ""
    reservation ""
    port 0
  ]
  edge [
    source 23
    target 6
    key 0
    id "e28"
    bandwidth 75000000
    traffic ""
    reservation ""
    port 0
  ]
  edge [
    source 24
    target 9
    key 0
    LinkType "DS-3"
    LinkLabel "45 Mbps DS-3"
    LinkNote "45 Mbps "
    bandwidth 75000000
    traffic "18000000,18000000,3500000,3500000,3500000,3500000,200000,3500000,3500000,3500000,3500000,3500000,3500000,200000,200000,200000,200000,200000,200000,200000,200000,200000,200000,200000,200000,200000"
    reservation "19641600.0,18189000.0,3628100.0,3474800.0,3119900.0,3628100.0,175160.0,3548300.0,2983400.0,3589250.0,3214400.0,3628100.0,3628100.0,173240.0,228140.0,175160.0,204260.0,181880.0,183860.0,204260.0,183860.0,191240.0,228140.0,175160.0,191240.0,191240.0"
    port 0
  ]
  edge [
    source 24
    target 18
    key 0
    LinkType "DS-3"
    LinkLabel "45 Mbps DS-3"
    LinkNote "45 Mbps "
    bandwidth 75000000
    traffic ""
    reservation ""
    port 1
  ]
  edge [
    source 25
    target 18
    key 0
    LinkType "DS-3"
    LinkLabel "45 Mbps DS-3"
    LinkNote "45 Mbps "
    bandwidth 75000000
    traffic ""
    reservation ""
    port 0
  ]
  edge [
    source 26
    target 27
    key 0
    LinkType "DS-3"
    LinkLabel "45 Mbps DS-3"
    LinkNote "45 Mbps "
    bandwidth 75000000
    traffic ""
    reservation ""
    port 0
  ]
  edge [
    source 26
    target 34
    key 0
    LinkType "DS-3"
    LinkLabel "45 Mbps DS-3"
    LinkNote "45 Mbps "
    bandwidth 75000000
    traffic ""
    reservation ""
    port 1
  ]
  edge [
    source 26
    target 35
    key 0
    LinkType "DS-3"
    LinkLabel "45 Mbps DS-3"
    LinkNote "45 Mbps "
    bandwidth 75000000
    traffic ""
    reservation ""
    port 2
  ]
  edge [
    source 27
    target 3
    key 0
    LinkType "DS-3"
    LinkLabel "45 Mbps DS-3"
    LinkNote "45 Mbps "
    bandwidth 75000000
    traffic ""
    reservation ""
    port 0
  ]
  edge [
    source 27
    target 26
    key 0
    LinkType "DS-3"
    LinkLabel "45 Mbps DS-3"
    LinkNote "45 Mbps "
    bandwidth 75000000
    traffic ""
    reservation ""
    port 1
  ]
  edge [
    source 28
    target 30
    key 0
    id "e0"
    bandwidth 75000000
    traffic ""
    reservation ""
    port 0
  ]
  edge [
    source 29
    target 30
    key 0
    id "e1"
    bandwidth 75000000
    traffic ""
    reservation ""
    port 0
  ]
  edge [
    source 30
    target 6
    key 0
    LinkType "DS-3"
    LinkLabel "45 Mbps DS-3"
    LinkNote "45 Mbps "
    bandwidth 75000000
    traffic "3500000,3500000,3500000,3500000,3500000,3500000,3500000,3500000,3500000,3500000,3500000"
    reservation "3149300.0,3149300.0,3628100.0,3474800.0,2983400.0,3213350.0,3472700.0,3548300.0,3119900.0,3474800.0,3628100.0"
    port 0
  ]
  edge [
    source 30
    target 28
    key 0
    id "e0"
    bandwidth 75000000
    traffic ""
    reservation ""
    port 1
  ]
  edge [
    source 30
    target 29
    key 0
    id "e1"
    bandwidth 75000000
    traffic ""
    reservation ""
    port 2
  ]
  edge [
    source 30
    target 32
    key 0
    LinkType "DS-3"
    LinkLabel "45 Mbps DS-3"
    LinkNote "45 Mbps "
    bandwidth 75000000
    traffic ""
    reservation ""
    port 3
  ]
  edge [
    source 30
    target 31
    key 0
    LinkType "DS-3"
    LinkLabel "45 Mbps DS-3"
    LinkNote "45 Mbps "
    bandwidth 75000000
    traffic "18000000,18000000"
    reservation "19641600.0,18453600.0"
    port 4
  ]
  edge [
    source 31
    target 5
    key 0
    LinkType "DS-3"
    LinkLabel "45 Mbps DS-3"
    LinkNote "45 Mbps "
    bandwidth 75000000
    traffic ""
    reservation ""
    port 0
  ]
  edge [
    source 31
    target 30
    key 0
    LinkType "DS-3"
    LinkLabel "45 Mbps DS-3"
    LinkNote "45 Mbps "
    bandwidth 75000000
    traffic ""
    reservation ""
    port 1
  ]
  edge [
    source 31
    target 38
    key 0
    port 2
    weight 1
    bandwidth 350000000
    traffic "18000000,18000000,18000000,18000000"
    reservation "19641600.0,18189000.0,19641600.0,18453600.0"
  ]
  edge [
    source 32
    target 30
    key 0
    LinkType "DS-3"
    LinkLabel "45 Mbps DS-3"
    LinkNote "45 Mbps "
    bandwidth 75000000
    traffic "18000000,18000000,3500000,3500000,3500000,3500000,3500000,3500000,3500000,3500000,3500000,3500000,3500000"
    reservation "19641600.0,18453600.0,3149300.0,3149300.0,3628100.0,3474800.0,2983400.0,3213350.0,3472700.0,3548300.0,3119900.0,3474800.0,3628100.0"
    port 0
  ]
  edge [
    source 32
    target 33
    key 0
    LinkType "DS-3"
    LinkLabel "45 Mbps DS-3"
    LinkNote "45 Mbps "
    bandwidth 75000000
    traffic ""
    reservation ""
    port 1
  ]
  edge [
    source 33
    target 5
    key 0
    LinkType "DS-3"
    LinkLabel "45 Mbps DS-3"
    LinkNote "45 Mbps "
    bandwidth 75000000
    traffic "18000000,18000000"
    reservation "19641600.0,18189000.0"
    port 0
  ]
  edge [
    source 33
    target 32
    key 0
    LinkType "DS-3"
    LinkLabel "45 Mbps DS-3"
    LinkNote "45 Mbps "
    bandwidth 75000000
    traffic "18000000,18000000,3500000,3500000,3500000,3500000,3500000,3500000,3500000,3500000,3500000,3500000,3500000"
    reservation "19641600.0,18453600.0,3149300.0,3149300.0,3628100.0,3474800.0,2983400.0,3213350.0,3472700.0,3548300.0,3119900.0,3474800.0,3628100.0"
    port 1
  ]
  edge [
    source 33
    target 34
    key 0
    LinkType "DS-3"
    LinkLabel "45 Mbps DS-3"
    LinkNote "45 Mbps "
    bandwidth 75000000
    traffic ""
    reservation ""
    port 2
  ]
  edge [
    source 34
    target 6
    key 0
    LinkType "DS-3"
    LinkLabel "45 Mbps DS-3"
    LinkNote "45 Mbps "
    bandwidth 75000000
    traffic ""
    reservation ""
    port 0
  ]
  edge [
    source 34
    target 26
    key 0
    LinkType "DS-3"
    LinkLabel "45 Mbps DS-3"
    LinkNote "45 Mbps "
    bandwidth 75000000
    traffic ""
    reservation ""
    port 1
  ]
  edge [
    source 34
    target 33
    key 0
    LinkType "DS-3"
    LinkLabel "45 Mbps DS-3"
    LinkNote "45 Mbps "
    bandwidth 75000000
    traffic "18000000,18000000"
    reservation "19641600.0,18189000.0"
    port 2
  ]
  edge [
    source 35
    target 26
    key 0
    LinkType "DS-3"
    LinkLabel "45 Mbps DS-3"
    LinkNote "45 Mbps "
    bandwidth 75000000
    traffic ""
    reservation ""
    port 0
  ]
  edge [
    source 36
    target 6
    key 0
    port 0
    weight 1
    bandwidth 350000000
    traffic ""
    reservation ""
  ]
  edge [
    source 37
    target 7
    key 0
    port 0
    weight 1
    bandwidth 350000000
    traffic ""
    reservation ""
  ]
  edge [
    source 38
    target 31
    key 0
    port 0
    weight 1
    bandwidth 350000000
    traffic ""
    reservation ""
  ]
  edge [
    source 39
    target 20
    key 0
    port 0
    weight 1
    bandwidth 50000000
    traffic "18000000"
    reservation "19641600.0"
  ]
  edge [
    source 40
    target 19
    key 0
    port 0
    weight 1
    bandwidth 50000000
    traffic "18000000"
    reservation "18189000.0"
  ]
  edge [
    source 41
    target 20
    key 0
    port 0
    weight 1
    bandwidth 50000000
    traffic "3500000"
    reservation "3628100.0"
  ]
  edge [
    source 42
    target 20
    key 0
    port 0
    weight 1
    bandwidth 50000000
    traffic "3500000"
    reservation "3474800.0"
  ]
  edge [
    source 43
    target 20
    key 0
    port 0
    weight 1
    bandwidth 50000000
    traffic "3500000"
    reservation "3119900.0"
  ]
  edge [
    source 44
    target 20
    key 0
    port 0
    weight 1
    bandwidth 50000000
    traffic "3500000"
    reservation "3628100.0"
  ]
  edge [
    source 45
    target 20
    key 0
    port 0
    weight 1
    bandwidth 50000000
    traffic "200000"
    reservation "175160.0"
  ]
  edge [
    source 46
    target 20
    key 0
    port 0
    weight 1
    bandwidth 50000000
    traffic "3500000"
    reservation "3548300.0"
  ]
  edge [
    source 47
    target 20
    key 0
    port 0
    weight 1
    bandwidth 50000000
    traffic "3500000"
    reservation "2983400.0"
  ]
  edge [
    source 48
    target 20
    key 0
    port 0
    weight 1
    bandwidth 50000000
    traffic "18000000"
    reservation "19641600.0"
  ]
  edge [
    source 49
    target 20
    key 0
    port 0
    weight 1
    bandwidth 50000000
    traffic "3500000"
    reservation "3589250.0"
  ]
  edge [
    source 50
    target 20
    key 0
    port 0
    weight 1
    bandwidth 50000000
    traffic "18000000"
    reservation "18453600.0"
  ]
  edge [
    source 51
    target 20
    key 0
    port 0
    weight 1
    bandwidth 50000000
    traffic "3500000"
    reservation "3214400.0"
  ]
  edge [
    source 52
    target 20
    key 0
    port 0
    weight 1
    bandwidth 50000000
    traffic "3500000"
    reservation "3628100.0"
  ]
  edge [
    source 53
    target 20
    key 0
    port 0
    weight 1
    bandwidth 50000000
    traffic "3500000"
    reservation "3628100.0"
  ]
  edge [
    source 54
    target 20
    key 0
    port 0
    weight 1
    bandwidth 50000000
    traffic "3500000"
    reservation "3149300.0"
  ]
  edge [
    source 55
    target 20
    key 0
    port 0
    weight 1
    bandwidth 50000000
    traffic "200000"
    reservation "173240.0"
  ]
  edge [
    source 56
    target 20
    key 0
    port 0
    weight 1
    bandwidth 50000000
    traffic "3500000"
    reservation "3149300.0"
  ]
  edge [
    source 57
    target 20
    key 0
    port 0
    weight 1
    bandwidth 50000000
    traffic "200000"
    reservation "228140.0"
  ]
  edge [
    source 58
    target 20
    key 0
    port 0
    weight 1
    bandwidth 50000000
    traffic "3500000"
    reservation "3628100.0"
  ]
  edge [
    source 59
    target 20
    key 0
    port 0
    weight 1
    bandwidth 50000000
    traffic "3500000"
    reservation "3474800.0"
  ]
  edge [
    source 60
    target 20
    key 0
    port 0
    weight 1
    bandwidth 50000000
    traffic "3500000"
    reservation "2983400.0"
  ]
  edge [
    source 61
    target 20
    key 0
    port 0
    weight 1
    bandwidth 50000000
    traffic "3500000"
    reservation "3213350.0"
  ]
  edge [
    source 62
    target 20
    key 0
    port 0
    weight 1
    bandwidth 50000000
    traffic "200000"
    reservation "175160.0"
  ]
  edge [
    source 63
    target 20
    key 0
    port 0
    weight 1
    bandwidth 50000000
    traffic "200000"
    reservation "204260.0"
  ]
  edge [
    source 64
    target 20
    key 0
    port 0
    weight 1
    bandwidth 50000000
    traffic "3500000"
    reservation "3472700.0"
  ]
  edge [
    source 65
    target 20
    key 0
    port 0
    weight 1
    bandwidth 50000000
    traffic "3500000"
    reservation "3548300.0"
  ]
  edge [
    source 66
    target 20
    key 0
    port 0
    weight 1
    bandwidth 50000000
    traffic "3500000"
    reservation "3119900.0"
  ]
  edge [
    source 67
    target 20
    key 0
    port 0
    weight 1
    bandwidth 50000000
    traffic "3500000"
    reservation "3474800.0"
  ]
  edge [
    source 68
    target 20
    key 0
    port 0
    weight 1
    bandwidth 50000000
    traffic "200000"
    reservation "181880.0"
  ]
  edge [
    source 69
    target 20
    key 0
    port 0
    weight 1
    bandwidth 50000000
    traffic "3500000"
    reservation "3628100.0"
  ]
  edge [
    source 70
    target 20
    key 0
    port 0
    weight 1
    bandwidth 50000000
    traffic "200000"
    reservation "183860.0"
  ]
  edge [
    source 71
    target 20
    key 0
    port 0
    weight 1
    bandwidth 50000000
    traffic "200000"
    reservation "204260.0"
  ]
  edge [
    source 72
    target 20
    key 0
    port 0
    weight 1
    bandwidth 50000000
    traffic "200000"
    reservation "183860.0"
  ]
  edge [
    source 73
    target 20
    key 0
    port 0
    weight 1
    bandwidth 50000000
    traffic "200000"
    reservation "191240.0"
  ]
  edge [
    source 74
    target 20
    key 0
    port 0
    weight 1
    bandwidth 50000000
    traffic "200000"
    reservation "228140.0"
  ]
  edge [
    source 75
    target 20
    key 0
    port 0
    weight 1
    bandwidth 50000000
    traffic "200000"
    reservation "175160.0"
  ]
  edge [
    source 76
    target 20
    key 0
    port 0
    weight 1
    bandwidth 50000000
    traffic "200000"
    reservation "191240.0"
  ]
  edge [
    source 77
    target 20
    key 0
    port 0
    weight 1
    bandwidth 50000000
    traffic "200000"
    reservation "191240.0"
  ]
]
