graph [
  directed 1
  multigraph 1
  GeoLocation "USA"
  GeoExtent "Country"
  Network "GridNet"
  Provenance "Secondary"
  Note "Owned by WorldCom - public data net. http://books.google.com.au/books?id=pw4EAAAAMBAJ&#38;pg=PA24&#38;lpg=PA24&#38;dq=GridNet+Network&#38;source=bl&#38;ots=QrtyD7bAeG&#38;sig=46WUmRkmTyaiQFcJ2IBv3KclZa8&#38;hl=en&#38;ei=SQTaTa2JCo7WtQOzoKWODA&#38;sa=X&#38;oi=book_result&#38;ct=result&#38;resnum=9&#38;ved=0CFIQ6AEwCA#v=onepage&#38;q=GridNet%20Network&#38;f=false"
  Source "http://www.nthelp.com/images/gridnet.jpg"
  Version "1.0"
  Type "COM"
  DateType "Current"
  Backbone 1
  Commercial 0
  label "Gridnet"
  ToolsetVersion "0.3.34dev-20120328"
  Customer 1
  IX 0
  SourceGitVersion "e278b1b"
  DateModifier "="
  DateMonth "01"
  LastAccess "14/01/11"
  Access 1
  Layer "IP"
  Creator "Topology Zoo Toolset"
  Developed 1
  Transit 0
  NetworkDate "2011_01"
  DateYear "2011"
  LastProcessed "2011_09_01"
  Testbed 0
  levelsToS 93
  node [
    id 0
    label "0"
    Country "United States"
    Longitude -95.36327
    Internal 1
    Latitude 29.76328
    type "antenna"
    schedulingPolicy "WFQ"
    tosToQoSqueue "20,22,23,26,27,32,46;14;17,18,21,25,31,47,50;16,28,48;19,30,55,70,73;51,56,67,72,76;24,49,52,53,60,62,69,71,74,79,80,81;57,58,59,64,66,68,75,78;43,54,61,63,65,77;13;12,15,29,0,1,2,3,4,5,6,7,8,9,10,11,33,34,35,36,37,38,39,40,41,42,44,45,82,83,84,85,86,87,88,89,90,91,92"
    schedulingWeights "0.001,7.011,13.748,6.607,0.683,0.393,1.647,0.001,0.361,37.145,32.404;0.001,0.001,0.001,0.001,0.001,0.001,0.001,0.001,0.001,0.001,99.99;13.714,0.001,13.748,6.607,0.683,1.179,1.235,1.3,0.722,0.001,60.809;34.286,0.001,20.622,6.607,0.341,0.393,2.058,2.166,1.083,0.001,32.44;0.001,0.001,0.001,0.001,0.001,0.001,0.001,0.001,0.001,0.001,99.99"
    levelsQoS 11
    queueSizes "32,32,32,32,32,32,32,32,32,32,32"
  ]
  node [
    id 1
    label "1"
    Country "United States"
    Longitude -122.41942
    Internal 1
    Latitude 37.77493
    type "destination_mmtc"
    schedulingPolicy "FIFO"
    levelsQoS "1"
    schedulingWeights "-"
    tosToQoSqueue "0,1,2,3,4,5,6,7,8,9,10,11,12,13,14,15,16,17,18,19,20,21,22,23,24,25,26,27,28,29,30,31,32,33,34,35,36,37,38,39,40,41,42,43,44,45,46,47,48,49,50,51,52,53,54,55,56,57,58,59,60,61,62,63,64,65,66,67,68,69,70,71,72,73,74,75,76,77,78,79,80,81,82,83,84,85,86,87,88,89,90,91,92"
    queueSizes "32"
  ]
  node [
    id 2
    label "2"
    Country "United States"
    Longitude -118.24368
    Internal 1
    Latitude 34.05223
    type "antenna"
    schedulingPolicy "WFQ"
    tosToQoSqueue "20,22,23,26,27,32,35,36,42,45,46;14,44;17,18,21,25,31,34,47,50;16,28,37,38,41,48;19,30,33,55,70,73;40,51,56,67,72,76;24,49,52,53,60,62,69,71,74,79,80,81,82,85,90,91;57,58,59,64,66,68,75,78,83,84,88,92;39,43,54,61,63,65,77,86,87,89;13;12,15,29,0,1,2,3,4,5,6,7,8,9,10,11"
    schedulingWeights "6.857,7.011,13.748,6.607,0.683,0.001,0.412,0.001,0.001,0.001,64.678;34.286,0.001,20.622,6.607,0.341,0.393,0.001,0.001,0.361,37.145,0.241;27.429,7.011,6.874,19.822,0.341,0.786,2.058,1.733,1.444,0.001,32.501;6.857,0.001,13.748,6.607,0.683,1.179,4.116,3.466,1.806,0.001,61.536;0.001,0.001,0.001,0.001,0.001,0.001,0.001,0.001,0.001,0.001,99.99;0.001,0.001,0.001,0.001,0.001,0.001,0.001,0.001,0.001,0.001,99.99;0.001,0.001,0.001,0.001,0.001,0.001,0.001,0.001,0.001,0.001,99.99;0.001,0.001,0.001,0.001,0.001,0.001,0.001,0.001,0.001,0.001,99.99;0.001,0.001,0.001,0.001,0.001,0.001,0.001,0.001,0.001,0.001,99.99;0.001,0.001,0.001,0.001,0.001,0.001,0.001,0.001,0.001,0.001,99.99;0.001,0.001,0.001,0.001,0.001,0.001,0.001,0.001,0.001,0.001,99.99;0.001,0.001,0.001,0.001,0.001,0.001,0.001,0.001,0.001,0.001,99.99;0.001,0.001,0.001,0.001,0.001,0.001,0.001,0.001,0.001,0.001,99.99;0.001,0.001,0.001,0.001,0.001,0.001,0.001,0.001,0.001,0.001,99.99;0.001,0.001,0.001,0.001,0.001,0.001,0.001,0.001,0.001,0.001,99.99;0.001,0.001,0.001,0.001,0.001,0.001,0.001,0.001,0.001,0.001,99.99;0.001,0.001,0.001,0.001,0.001,0.001,0.001,0.001,0.001,0.001,99.99;0.001,0.001,0.001,0.001,0.001,0.001,0.001,0.001,0.001,0.001,99.99;0.001,0.001,0.001,0.001,0.001,0.001,0.001,0.001,0.001,0.001,99.99;0.001,0.001,0.001,0.001,0.001,0.001,0.001,0.001,0.001,0.001,99.99;0.001,0.001,0.001,0.001,0.001,0.001,0.001,0.001,0.001,0.001,99.99;0.001,0.001,0.001,0.001,0.001,0.001,0.001,0.001,0.001,0.001,99.99;0.001,0.001,0.001,0.001,0.001,0.001,0.001,0.001,0.001,0.001,99.99;0.001,0.001,0.001,0.001,0.001,0.001,0.001,0.001,0.001,0.001,99.99;0.001,0.001,0.001,0.001,0.001,0.001,0.001,0.001,0.001,0.001,99.99;0.001,0.001,0.001,0.001,0.001,0.001,0.001,0.001,0.001,0.001,99.99;0.001,0.001,0.001,0.001,0.001,0.001,0.001,0.001,0.001,0.001,99.99;0.001,0.001,0.001,0.001,0.001,0.001,0.001,0.001,0.001,0.001,99.99;0.001,0.001,0.001,0.001,0.001,0.001,0.001,0.001,0.001,0.001,99.99;0.001,0.001,0.001,0.001,0.001,0.001,0.001,0.001,0.001,0.001,99.99;0.001,0.001,0.001,0.001,0.001,0.001,0.001,0.001,0.001,0.001,99.99;0.001,0.001,0.001,0.001,0.001,0.001,0.001,0.001,0.001,0.001,99.99;0.001,0.001,0.001,0.001,0.001,0.001,0.001,0.001,0.001,0.001,99.99;0.001,0.001,0.001,0.001,0.001,0.001,0.001,0.001,0.001,0.001,99.99;0.001,0.001,0.001,0.001,0.001,0.001,0.001,0.001,0.001,0.001,99.99;0.001,0.001,0.001,0.001,0.001,0.001,0.001,0.001,0.001,0.001,99.99;0.001,0.001,0.001,0.001,0.001,0.001,0.001,0.001,0.001,0.001,99.99;0.001,0.001,0.001,0.001,0.001,0.001,0.001,0.001,0.001,0.001,99.99;0.001,0.001,0.001,0.001,0.001,0.001,0.001,0.001,0.001,0.001,99.99;0.001,0.001,0.001,0.001,0.001,0.001,0.001,0.001,0.001,0.001,99.99;0.001,0.001,0.001,0.001,0.001,0.001,0.001,0.001,0.001,0.001,99.99;0.001,0.001,0.001,0.001,0.001,0.001,0.001,0.001,0.001,0.001,99.99;0.001,0.001,0.001,0.001,0.001,0.001,0.001,0.001,0.001,0.001,99.99;0.001,0.001,0.001,0.001,0.001,0.001,0.001,0.001,0.001,0.001,99.99;0.001,0.001,0.001,0.001,0.001,0.001,0.001,0.001,0.001,0.001,99.99;0.001,0.001,0.001,0.001,0.001,0.001,0.001,0.001,0.001,0.001,99.99;0.001,0.001,0.001,0.001,0.001,0.001,0.001,0.001,0.001,0.001,99.99;0.001,0.001,0.001,0.001,0.001,0.001,0.001,0.001,0.001,0.001,99.99;0.001,0.001,0.001,0.001,0.001,0.001,0.001,0.001,0.001,0.001,99.99;0.001,0.001,0.001,0.001,0.001,0.001,0.001,0.001,0.001,0.001,99.99;0.001,0.001,0.001,0.001,0.001,0.001,0.001,0.001,0.001,0.001,99.99;0.001,0.001,0.001,0.001,0.001,0.001,0.001,0.001,0.001,0.001,99.99;0.001,0.001,0.001,0.001,0.001,0.001,0.001,0.001,0.001,0.001,99.99;0.001,0.001,0.001,0.001,0.001,0.001,0.001,0.001,0.001,0.001,99.99;0.001,0.001,0.001,0.001,0.001,0.001,0.001,0.001,0.001,0.001,99.99;0.001,0.001,0.001,0.001,0.001,0.001,0.001,0.001,0.001,0.001,99.99;0.001,0.001,0.001,0.001,0.001,0.001,0.001,0.001,0.001,0.001,99.99;0.001,0.001,0.001,0.001,0.001,0.001,0.001,0.001,0.001,0.001,99.99;0.001,0.001,0.001,0.001,0.001,0.001,0.001,0.001,0.001,0.001,99.99;0.001,0.001,0.001,0.001,0.001,0.001,0.001,0.001,0.001,0.001,99.99;0.001,0.001,0.001,0.001,0.001,0.001,0.001,0.001,0.001,0.001,99.99;0.001,0.001,0.001,0.001,0.001,0.001,0.001,0.001,0.001,0.001,99.99;0.001,0.001,0.001,0.001,0.001,0.001,0.001,0.001,0.001,0.001,99.99;0.001,0.001,0.001,0.001,0.001,0.001,0.001,0.001,0.001,0.001,99.99;0.001,0.001,0.001,0.001,0.001,0.001,0.001,0.001,0.001,0.001,99.99;0.001,0.001,0.001,0.001,0.001,0.001,0.001,0.001,0.001,0.001,99.99;0.001,0.001,0.001,0.001,0.001,0.001,0.001,0.001,0.001,0.001,99.99;0.001,0.001,0.001,0.001,0.001,0.001,0.001,0.001,0.001,0.001,99.99;0.001,0.001,0.001,0.001,0.001,0.001,0.001,0.001,0.001,0.001,99.99;0.001,0.001,0.001,0.001,0.001,0.001,0.001,0.001,0.001,0.001,99.99;0.001,0.001,0.001,0.001,0.001,0.001,0.001,0.001,0.001,0.001,99.99;0.001,0.001,0.001,0.001,0.001,0.001,0.001,0.001,0.001,0.001,99.99;0.001,0.001,0.001,0.001,0.001,0.001,0.001,0.001,0.001,0.001,99.99;0.001,0.001,0.001,0.001,0.001,0.001,0.001,0.001,0.001,0.001,99.99;0.001,0.001,0.001,0.001,0.001,0.001,0.001,0.001,0.001,0.001,99.99;0.001,0.001,0.001,0.001,0.001,0.001,0.001,0.001,0.001,0.001,99.99;0.001,0.001,0.001,0.001,0.001,0.001,0.001,0.001,0.001,0.001,99.99;0.001,0.001,0.001,0.001,0.001,0.001,0.001,0.001,0.001,0.001,99.99;0.001,0.001,0.001,0.001,0.001,0.001,0.001,0.001,0.001,0.001,99.99;0.001,0.001,0.001,0.001,0.001,0.001,0.001,0.001,0.001,0.001,99.99;0.001,0.001,0.001,0.001,0.001,0.001,0.001,0.001,0.001,0.001,99.99;0.001,0.001,0.001,0.001,0.001,0.001,0.001,0.001,0.001,0.001,99.99;0.001,0.001,0.001,0.001,0.001,0.001,0.001,0.001,0.001,0.001,99.99;0.001,0.001,0.001,0.001,0.001,0.001,0.001,0.001,0.001,0.001,99.99"
    levelsQoS 11
    queueSizes "32,32,32,32,32,32,32,32,32,32,32"
  ]
  node [
    id 3
    label "3"
    Country "United States"
    Longitude -74.00597
    Internal 1
    Latitude 40.71427
    type "inner"
    schedulingPolicy "WFQ"
    tosToQoSqueue "20,22,23,26,27,32,35,36,42,45,46;14,44;17,18,21,25,31,34,47,50;16,28,37,38,41,48;19,30,55,70,73;51,56,67,72,76;24,49,52,53,60,62,69,71,74;57,58,59,64,66,68,75;43,54,61,63,65,77;12,15,29,0,1,2,3,4,5,6,7,8,9,10,11,13,33,39,40,78,79,80,81,82,83,84,85,86,87,88,89,90,91,92"
    schedulingWeights "34.286,0.001,20.622,6.607,0.341,0.786,2.058,1.3,1.444,32.554;0.001,0.001,0.001,0.001,0.001,0.001,0.001,0.001,0.001,99.991;27.429,7.011,6.874,19.822,0.001,0.001,0.001,0.433,0.001,38.428;13.714,7.011,27.496,13.215,1.366,1.179,1.647,1.3,0.722,32.351"
    levelsQoS 10
    queueSizes "32,32,32,32,32,32,32,32,32,32"
  ]
  node [
    id 4
    label "4"
    Country "United States"
    Longitude -74.17237
    Internal 1
    Latitude 40.73566
    type "inner"
    schedulingPolicy "WFQ"
    tosToQoSqueue "20,22,23,26,27,32,45,46;14;17,18,21,25,31,47,50;16,28,48;19,30,70,73;67,72,76;24,69,71,74;66,68,75;65,77;13;12,29,0,1,2,3,4,5,6,7,8,9,10,11,15,33,34,35,36,37,38,39,40,41,42,43,44,49,51,52,53,54,55,56,57,58,59,60,61,62,63,64,78,79,80,81,82,83,84,85,86,87,88,89,90,91,92"
    schedulingWeights "13.714,7.011,27.496,13.215,1.366,1.179,1.647,1.3,0.722,0.001,32.35;34.286,0.001,20.622,6.607,0.001,0.001,0.001,0.001,0.001,0.001,38.478;6.857,0.001,0.001,0.001,0.001,0.001,0.001,0.001,0.001,37.145,55.99;0.001,0.001,0.001,0.001,0.001,0.001,0.001,0.001,0.001,0.001,99.99;0.001,0.001,0.001,0.001,0.001,0.001,0.001,0.001,0.001,0.001,99.99"
    levelsQoS 11
    queueSizes "32,32,32,32,32,32,32,32,32,32,32"
  ]
  node [
    id 5
    label "5"
    Country "United States"
    Longitude -77.03637
    Internal 1
    Latitude 38.89511
    type "inner"
    schedulingPolicy "WFQ"
    tosToQoSqueue "20,32,45,46;14;17,18,47,50;16,48;13;12,29,0,1,2,3,4,5,6,7,8,9,10,11,15,19,21,22,23,24,25,26,27,28,30,31,33,34,35,36,37,38,39,40,41,42,43,44,49,51,52,53,54,55,56,57,58,59,60,61,62,63,64,65,66,67,68,69,70,71,72,73,74,75,76,77,78,79,80,81,82,83,84,85,86,87,88,89,90,91,92"
    schedulingWeights "0.001,0.001,0.001,0.001,0.001,99.995;6.857,0.001,0.001,0.001,0.001,93.139;0.001,7.011,13.748,6.607,37.145,35.488;20.572,0.001,13.748,6.607,0.001,59.071"
    levelsQoS 6
    queueSizes "32,32,32,32,32,32"
  ]
  node [
    id 6
    label "6"
    Country "United States"
    Longitude -84.38798
    Internal 1
    Latitude 33.749
    type "destination_embb"
    schedulingPolicy "FIFO"
    levelsQoS "1"
    schedulingWeights "-"
    tosToQoSqueue "0,1,2,3,4,5,6,7,8,9,10,11,12,13,14,15,16,17,18,19,20,21,22,23,24,25,26,27,28,29,30,31,32,33,34,35,36,37,38,39,40,41,42,43,44,45,46,47,48,49,50,51,52,53,54,55,56,57,58,59,60,61,62,63,64,65,66,67,68,69,70,71,72,73,74,75,76,77,78,79,80,81,82,83,84,85,86,87,88,89,90,91,92"
    queueSizes "32"
  ]
  node [
    id 7
    label "7"
    Country "United States"
    Longitude -96.80667
    Internal 1
    Latitude 32.78306
    type "destination_urllc"
    schedulingPolicy "FIFO"
    levelsQoS "1"
    schedulingWeights "-"
    tosToQoSqueue "0,1,2,3,4,5,6,7,8,9,10,11,12,13,14,15,16,17,18,19,20,21,22,23,24,25,26,27,28,29,30,31,32,33,34,35,36,37,38,39,40,41,42,43,44,45,46,47,48,49,50,51,52,53,54,55,56,57,58,59,60,61,62,63,64,65,66,67,68,69,70,71,72,73,74,75,76,77,78,79,80,81,82,83,84,85,86,87,88,89,90,91,92"
    queueSizes "32"
  ]
  node [
    id 8
    label "8"
    Country "United States"
    Longitude -80.19366
    Internal 1
    Latitude 25.77427
    type "inner"
    schedulingPolicy "WFQ"
    tosToQoSqueue "20,35,36,42,46;14,44;17,18,34,47,50;16,37,38,41,48;19,30,70,73;51,67,72,76;24,49,52,53,69,71,74,79,80,81,82,85,90,91;64,66,68,75,78,83,84,88,92;43,65,77,86,87,89;13;12,15,0,1,2,3,4,5,6,7,8,9,10,11,21,22,23,25,26,27,28,29,31,32,33,39,40,45,54,55,56,57,58,59,60,61,62,63"
    schedulingWeights "6.857,0.001,13.748,6.607,0.683,1.179,2.47,2.166,0.722,0.001,65.565;0.001,0.001,0.001,0.001,0.001,0.001,0.001,0.001,0.001,37.145,62.846;0.001,7.011,13.748,6.607,0.683,0.001,0.412,0.001,0.001,0.001,71.535;27.429,7.011,6.874,19.822,0.001,0.393,2.881,1.733,1.444,0.001,32.411"
    levelsQoS 11
    queueSizes "32,32,32,32,32,32,32,32,32,32,32"
  ]
  node [
    id 9
    label "9"
    schedulingPolicy "FIFO"
    levelsQoS "1"
    schedulingWeights "-"
    tosToQoSqueue "0,1,2,3,4,5,6,7,8,9,10,11,12,13,14,15,16,17,18,19,20,21,22,23,24,25,26,27,28,29,30,31,32,33,34,35,36,37,38,39,40,41,42,43,44,45,46,47,48,49,50,51,52,53,54,55,56,57,58,59,60,61,62,63,64,65,66,67,68,69,70,71,72,73,74,75,76,77,78,79,80,81,82,83,84,85,86,87,88,89,90,91,92"
    queueSizes "32"
    type "destination_urllc"
  ]
  node [
    id 10
    label "10"
    schedulingPolicy "FIFO"
    levelsQoS "1"
    schedulingWeights "-"
    tosToQoSqueue "0,1,2,3,4,5,6,7,8,9,10,11,12,13,14,15,16,17,18,19,20,21,22,23,24,25,26,27,28,29,30,31,32,33,34,35,36,37,38,39,40,41,42,43,44,45,46,47,48,49,50,51,52,53,54,55,56,57,58,59,60,61,62,63,64,65,66,67,68,69,70,71,72,73,74,75,76,77,78,79,80,81,82,83,84,85,86,87,88,89,90,91,92"
    queueSizes "32"
    type "destination_mmtc"
  ]
  node [
    id 11
    label "11"
    schedulingPolicy "FIFO"
    levelsQoS "1"
    schedulingWeights "-"
    tosToQoSqueue "0,1,2,3,4,5,6,7,8,9,10,11,12,13,14,15,16,17,18,19,20,21,22,23,24,25,26,27,28,29,30,31,32,33,34,35,36,37,38,39,40,41,42,43,44,45,46,47,48,49,50,51,52,53,54,55,56,57,58,59,60,61,62,63,64,65,66,67,68,69,70,71,72,73,74,75,76,77,78,79,80,81,82,83,84,85,86,87,88,89,90,91,92"
    queueSizes "32"
    type "destination_embb"
  ]
  node [
    id 12
    label "12"
    schedulingPolicy "FIFO"
    levelsQoS "1"
    schedulingWeights "-"
    tosToQoSqueue "0,1,2,3,4,5,6,7,8,9,10,11,12,13,14,15,16,17,18,19,20,21,22,23,24,25,26,27,28,29,30,31,32,33,34,35,36,37,38,39,40,41,42,43,44,45,46,47,48,49,50,51,52,53,54,55,56,57,58,59,60,61,62,63,64,65,66,67,68,69,70,71,72,73,74,75,76,77,78,79,80,81,82,83,84,85,86,87,88,89,90,91,92"
    queueSizes "32"
    type "origin_embb"
    reservation 16088400.0
  ]
  node [
    id 13
    label "13"
    schedulingPolicy "FIFO"
    levelsQoS "1"
    schedulingWeights "-"
    tosToQoSqueue "0,1,2,3,4,5,6,7,8,9,10,11,12,13,14,15,16,17,18,19,20,21,22,23,24,25,26,27,28,29,30,31,32,33,34,35,36,37,38,39,40,41,42,43,44,45,46,47,48,49,50,51,52,53,54,55,56,57,58,59,60,61,62,63,64,65,66,67,68,69,70,71,72,73,74,75,76,77,78,79,80,81,82,83,84,85,86,87,88,89,90,91,92"
    queueSizes "32"
    type "origin_embb"
    reservation 18572400.0
  ]
  node [
    id 14
    label "14"
    schedulingPolicy "FIFO"
    levelsQoS "1"
    schedulingWeights "-"
    tosToQoSqueue "0,1,2,3,4,5,6,7,8,9,10,11,12,13,14,15,16,17,18,19,20,21,22,23,24,25,26,27,28,29,30,31,32,33,34,35,36,37,38,39,40,41,42,43,44,45,46,47,48,49,50,51,52,53,54,55,56,57,58,59,60,61,62,63,64,65,66,67,68,69,70,71,72,73,74,75,76,77,78,79,80,81,82,83,84,85,86,87,88,89,90,91,92"
    queueSizes "32"
    type "origin_urllc"
    reservation 3505250.0
  ]
  node [
    id 15
    label "15"
    schedulingPolicy "FIFO"
    levelsQoS "1"
    schedulingWeights "-"
    tosToQoSqueue "0,1,2,3,4,5,6,7,8,9,10,11,12,13,14,15,16,17,18,19,20,21,22,23,24,25,26,27,28,29,30,31,32,33,34,35,36,37,38,39,40,41,42,43,44,45,46,47,48,49,50,51,52,53,54,55,56,57,58,59,60,61,62,63,64,65,66,67,68,69,70,71,72,73,74,75,76,77,78,79,80,81,82,83,84,85,86,87,88,89,90,91,92"
    queueSizes "32"
    type "origin_embb"
    reservation 16088400.0
  ]
  node [
    id 16
    label "16"
    schedulingPolicy "FIFO"
    levelsQoS "1"
    schedulingWeights "-"
    tosToQoSqueue "0,1,2,3,4,5,6,7,8,9,10,11,12,13,14,15,16,17,18,19,20,21,22,23,24,25,26,27,28,29,30,31,32,33,34,35,36,37,38,39,40,41,42,43,44,45,46,47,48,49,50,51,52,53,54,55,56,57,58,59,60,61,62,63,64,65,66,67,68,69,70,71,72,73,74,75,76,77,78,79,80,81,82,83,84,85,86,87,88,89,90,91,92"
    queueSizes "32"
    type "origin_urllc"
    reservation 3303650.0
  ]
  node [
    id 17
    label "17"
    schedulingPolicy "FIFO"
    levelsQoS "1"
    schedulingWeights "-"
    tosToQoSqueue "0,1,2,3,4,5,6,7,8,9,10,11,12,13,14,15,16,17,18,19,20,21,22,23,24,25,26,27,28,29,30,31,32,33,34,35,36,37,38,39,40,41,42,43,44,45,46,47,48,49,50,51,52,53,54,55,56,57,58,59,60,61,62,63,64,65,66,67,68,69,70,71,72,73,74,75,76,77,78,79,80,81,82,83,84,85,86,87,88,89,90,91,92"
    queueSizes "32"
    type "origin_urllc"
    reservation 3437000.0
  ]
  node [
    id 18
    label "18"
    schedulingPolicy "FIFO"
    levelsQoS "1"
    schedulingWeights "-"
    tosToQoSqueue "0,1,2,3,4,5,6,7,8,9,10,11,12,13,14,15,16,17,18,19,20,21,22,23,24,25,26,27,28,29,30,31,32,33,34,35,36,37,38,39,40,41,42,43,44,45,46,47,48,49,50,51,52,53,54,55,56,57,58,59,60,61,62,63,64,65,66,67,68,69,70,71,72,73,74,75,76,77,78,79,80,81,82,83,84,85,86,87,88,89,90,91,92"
    queueSizes "32"
    type "origin_urllc"
    reservation 3437000.0
  ]
  node [
    id 19
    label "19"
    schedulingPolicy "FIFO"
    levelsQoS "1"
    schedulingWeights "-"
    tosToQoSqueue "0,1,2,3,4,5,6,7,8,9,10,11,12,13,14,15,16,17,18,19,20,21,22,23,24,25,26,27,28,29,30,31,32,33,34,35,36,37,38,39,40,41,42,43,44,45,46,47,48,49,50,51,52,53,54,55,56,57,58,59,60,61,62,63,64,65,66,67,68,69,70,71,72,73,74,75,76,77,78,79,80,81,82,83,84,85,86,87,88,89,90,91,92"
    queueSizes "32"
    type "origin_mmtc"
    reservation 170720.0
  ]
  node [
    id 20
    label "20"
    schedulingPolicy "FIFO"
    levelsQoS "1"
    schedulingWeights "-"
    tosToQoSqueue "0,1,2,3,4,5,6,7,8,9,10,11,12,13,14,15,16,17,18,19,20,21,22,23,24,25,26,27,28,29,30,31,32,33,34,35,36,37,38,39,40,41,42,43,44,45,46,47,48,49,50,51,52,53,54,55,56,57,58,59,60,61,62,63,64,65,66,67,68,69,70,71,72,73,74,75,76,77,78,79,80,81,82,83,84,85,86,87,88,89,90,91,92"
    queueSizes "32"
    type "origin_urllc"
    reservation 3428600.0
  ]
  node [
    id 21
    label "21"
    schedulingPolicy "FIFO"
    levelsQoS "1"
    schedulingWeights "-"
    tosToQoSqueue "0,1,2,3,4,5,6,7,8,9,10,11,12,13,14,15,16,17,18,19,20,21,22,23,24,25,26,27,28,29,30,31,32,33,34,35,36,37,38,39,40,41,42,43,44,45,46,47,48,49,50,51,52,53,54,55,56,57,58,59,60,61,62,63,64,65,66,67,68,69,70,71,72,73,74,75,76,77,78,79,80,81,82,83,84,85,86,87,88,89,90,91,92"
    queueSizes "32"
    type "origin_urllc"
    reservation 3437000.0
  ]
  node [
    id 22
    label "22"
    schedulingPolicy "FIFO"
    levelsQoS "1"
    schedulingWeights "-"
    tosToQoSqueue "0,1,2,3,4,5,6,7,8,9,10,11,12,13,14,15,16,17,18,19,20,21,22,23,24,25,26,27,28,29,30,31,32,33,34,35,36,37,38,39,40,41,42,43,44,45,46,47,48,49,50,51,52,53,54,55,56,57,58,59,60,61,62,63,64,65,66,67,68,69,70,71,72,73,74,75,76,77,78,79,80,81,82,83,84,85,86,87,88,89,90,91,92"
    queueSizes "32"
    type "origin_urllc"
    reservation 3428600.0
  ]
  node [
    id 23
    label "23"
    schedulingPolicy "FIFO"
    levelsQoS "1"
    schedulingWeights "-"
    tosToQoSqueue "0,1,2,3,4,5,6,7,8,9,10,11,12,13,14,15,16,17,18,19,20,21,22,23,24,25,26,27,28,29,30,31,32,33,34,35,36,37,38,39,40,41,42,43,44,45,46,47,48,49,50,51,52,53,54,55,56,57,58,59,60,61,62,63,64,65,66,67,68,69,70,71,72,73,74,75,76,77,78,79,80,81,82,83,84,85,86,87,88,89,90,91,92"
    queueSizes "32"
    type "origin_urllc"
    reservation 3428600.0
  ]
  node [
    id 24
    label "24"
    schedulingPolicy "FIFO"
    levelsQoS "1"
    schedulingWeights "-"
    tosToQoSqueue "0,1,2,3,4,5,6,7,8,9,10,11,12,13,14,15,16,17,18,19,20,21,22,23,24,25,26,27,28,29,30,31,32,33,34,35,36,37,38,39,40,41,42,43,44,45,46,47,48,49,50,51,52,53,54,55,56,57,58,59,60,61,62,63,64,65,66,67,68,69,70,71,72,73,74,75,76,77,78,79,80,81,82,83,84,85,86,87,88,89,90,91,92"
    queueSizes "32"
    type "origin_mmtc"
    reservation 205820.0
  ]
  node [
    id 25
    label "25"
    schedulingPolicy "FIFO"
    levelsQoS "1"
    schedulingWeights "-"
    tosToQoSqueue "0,1,2,3,4,5,6,7,8,9,10,11,12,13,14,15,16,17,18,19,20,21,22,23,24,25,26,27,28,29,30,31,32,33,34,35,36,37,38,39,40,41,42,43,44,45,46,47,48,49,50,51,52,53,54,55,56,57,58,59,60,61,62,63,64,65,66,67,68,69,70,71,72,73,74,75,76,77,78,79,80,81,82,83,84,85,86,87,88,89,90,91,92"
    queueSizes "32"
    type "origin_urllc"
    reservation 3437000.0
  ]
  node [
    id 26
    label "26"
    schedulingPolicy "FIFO"
    levelsQoS "1"
    schedulingWeights "-"
    tosToQoSqueue "0,1,2,3,4,5,6,7,8,9,10,11,12,13,14,15,16,17,18,19,20,21,22,23,24,25,26,27,28,29,30,31,32,33,34,35,36,37,38,39,40,41,42,43,44,45,46,47,48,49,50,51,52,53,54,55,56,57,58,59,60,61,62,63,64,65,66,67,68,69,70,71,72,73,74,75,76,77,78,79,80,81,82,83,84,85,86,87,88,89,90,91,92"
    queueSizes "32"
    type "origin_urllc"
    reservation 3428600.0
  ]
  node [
    id 27
    label "27"
    schedulingPolicy "FIFO"
    levelsQoS "1"
    schedulingWeights "-"
    tosToQoSqueue "0,1,2,3,4,5,6,7,8,9,10,11,12,13,14,15,16,17,18,19,20,21,22,23,24,25,26,27,28,29,30,31,32,33,34,35,36,37,38,39,40,41,42,43,44,45,46,47,48,49,50,51,52,53,54,55,56,57,58,59,60,61,62,63,64,65,66,67,68,69,70,71,72,73,74,75,76,77,78,79,80,81,82,83,84,85,86,87,88,89,90,91,92"
    queueSizes "32"
    type "origin_urllc"
    reservation 3428600.0
  ]
  node [
    id 28
    label "28"
    schedulingPolicy "FIFO"
    levelsQoS "1"
    schedulingWeights "-"
    tosToQoSqueue "0,1,2,3,4,5,6,7,8,9,10,11,12,13,14,15,16,17,18,19,20,21,22,23,24,25,26,27,28,29,30,31,32,33,34,35,36,37,38,39,40,41,42,43,44,45,46,47,48,49,50,51,52,53,54,55,56,57,58,59,60,61,62,63,64,65,66,67,68,69,70,71,72,73,74,75,76,77,78,79,80,81,82,83,84,85,86,87,88,89,90,91,92"
    queueSizes "32"
    type "origin_urllc"
    reservation 3303650.0
  ]
  node [
    id 29
    label "29"
    schedulingPolicy "FIFO"
    levelsQoS "1"
    schedulingWeights "-"
    tosToQoSqueue "0,1,2,3,4,5,6,7,8,9,10,11,12,13,14,15,16,17,18,19,20,21,22,23,24,25,26,27,28,29,30,31,32,33,34,35,36,37,38,39,40,41,42,43,44,45,46,47,48,49,50,51,52,53,54,55,56,57,58,59,60,61,62,63,64,65,66,67,68,69,70,71,72,73,74,75,76,77,78,79,80,81,82,83,84,85,86,87,88,89,90,91,92"
    queueSizes "32"
    type "origin_embb"
    reservation 16088400.0
  ]
  node [
    id 30
    label "30"
    schedulingPolicy "FIFO"
    levelsQoS "1"
    schedulingWeights "-"
    tosToQoSqueue "0,1,2,3,4,5,6,7,8,9,10,11,12,13,14,15,16,17,18,19,20,21,22,23,24,25,26,27,28,29,30,31,32,33,34,35,36,37,38,39,40,41,42,43,44,45,46,47,48,49,50,51,52,53,54,55,56,57,58,59,60,61,62,63,64,65,66,67,68,69,70,71,72,73,74,75,76,77,78,79,80,81,82,83,84,85,86,87,88,89,90,91,92"
    queueSizes "32"
    type "origin_mmtc"
    reservation 170720.0
  ]
  node [
    id 31
    label "31"
    schedulingPolicy "FIFO"
    levelsQoS "1"
    schedulingWeights "-"
    tosToQoSqueue "0,1,2,3,4,5,6,7,8,9,10,11,12,13,14,15,16,17,18,19,20,21,22,23,24,25,26,27,28,29,30,31,32,33,34,35,36,37,38,39,40,41,42,43,44,45,46,47,48,49,50,51,52,53,54,55,56,57,58,59,60,61,62,63,64,65,66,67,68,69,70,71,72,73,74,75,76,77,78,79,80,81,82,83,84,85,86,87,88,89,90,91,92"
    queueSizes "32"
    type "origin_urllc"
    reservation 3437000.0
  ]
  node [
    id 32
    label "32"
    schedulingPolicy "FIFO"
    levelsQoS "1"
    schedulingWeights "-"
    tosToQoSqueue "0,1,2,3,4,5,6,7,8,9,10,11,12,13,14,15,16,17,18,19,20,21,22,23,24,25,26,27,28,29,30,31,32,33,34,35,36,37,38,39,40,41,42,43,44,45,46,47,48,49,50,51,52,53,54,55,56,57,58,59,60,61,62,63,64,65,66,67,68,69,70,71,72,73,74,75,76,77,78,79,80,81,82,83,84,85,86,87,88,89,90,91,92"
    queueSizes "32"
    type "origin_urllc"
    reservation 3428600.0
  ]
  node [
    id 33
    label "33"
    schedulingPolicy "FIFO"
    levelsQoS "1"
    schedulingWeights "-"
    tosToQoSqueue "0,1,2,3,4,5,6,7,8,9,10,11,12,13,14,15,16,17,18,19,20,21,22,23,24,25,26,27,28,29,30,31,32,33,34,35,36,37,38,39,40,41,42,43,44,45,46,47,48,49,50,51,52,53,54,55,56,57,58,59,60,61,62,63,64,65,66,67,68,69,70,71,72,73,74,75,76,77,78,79,80,81,82,83,84,85,86,87,88,89,90,91,92"
    queueSizes "32"
    type "origin_mmtc"
    reservation 170720.0
  ]
  node [
    id 34
    label "34"
    schedulingPolicy "FIFO"
    levelsQoS "1"
    schedulingWeights "-"
    tosToQoSqueue "0,1,2,3,4,5,6,7,8,9,10,11,12,13,14,15,16,17,18,19,20,21,22,23,24,25,26,27,28,29,30,31,32,33,34,35,36,37,38,39,40,41,42,43,44,45,46,47,48,49,50,51,52,53,54,55,56,57,58,59,60,61,62,63,64,65,66,67,68,69,70,71,72,73,74,75,76,77,78,79,80,81,82,83,84,85,86,87,88,89,90,91,92"
    queueSizes "32"
    type "origin_urllc"
    reservation 3437000.0
  ]
  node [
    id 35
    label "35"
    schedulingPolicy "FIFO"
    levelsQoS "1"
    schedulingWeights "-"
    tosToQoSqueue "0,1,2,3,4,5,6,7,8,9,10,11,12,13,14,15,16,17,18,19,20,21,22,23,24,25,26,27,28,29,30,31,32,33,34,35,36,37,38,39,40,41,42,43,44,45,46,47,48,49,50,51,52,53,54,55,56,57,58,59,60,61,62,63,64,65,66,67,68,69,70,71,72,73,74,75,76,77,78,79,80,81,82,83,84,85,86,87,88,89,90,91,92"
    queueSizes "32"
    type "origin_urllc"
    reservation 3428600.0
  ]
  node [
    id 36
    label "36"
    schedulingPolicy "FIFO"
    levelsQoS "1"
    schedulingWeights "-"
    tosToQoSqueue "0,1,2,3,4,5,6,7,8,9,10,11,12,13,14,15,16,17,18,19,20,21,22,23,24,25,26,27,28,29,30,31,32,33,34,35,36,37,38,39,40,41,42,43,44,45,46,47,48,49,50,51,52,53,54,55,56,57,58,59,60,61,62,63,64,65,66,67,68,69,70,71,72,73,74,75,76,77,78,79,80,81,82,83,84,85,86,87,88,89,90,91,92"
    queueSizes "32"
    type "origin_urllc"
    reservation 3428600.0
  ]
  node [
    id 37
    label "37"
    schedulingPolicy "FIFO"
    levelsQoS "1"
    schedulingWeights "-"
    tosToQoSqueue "0,1,2,3,4,5,6,7,8,9,10,11,12,13,14,15,16,17,18,19,20,21,22,23,24,25,26,27,28,29,30,31,32,33,34,35,36,37,38,39,40,41,42,43,44,45,46,47,48,49,50,51,52,53,54,55,56,57,58,59,60,61,62,63,64,65,66,67,68,69,70,71,72,73,74,75,76,77,78,79,80,81,82,83,84,85,86,87,88,89,90,91,92"
    queueSizes "32"
    type "origin_urllc"
    reservation 3303650.0
  ]
  node [
    id 38
    label "38"
    schedulingPolicy "FIFO"
    levelsQoS "1"
    schedulingWeights "-"
    tosToQoSqueue "0,1,2,3,4,5,6,7,8,9,10,11,12,13,14,15,16,17,18,19,20,21,22,23,24,25,26,27,28,29,30,31,32,33,34,35,36,37,38,39,40,41,42,43,44,45,46,47,48,49,50,51,52,53,54,55,56,57,58,59,60,61,62,63,64,65,66,67,68,69,70,71,72,73,74,75,76,77,78,79,80,81,82,83,84,85,86,87,88,89,90,91,92"
    queueSizes "32"
    type "origin_urllc"
    reservation 3303650.0
  ]
  node [
    id 39
    label "39"
    schedulingPolicy "FIFO"
    levelsQoS "1"
    schedulingWeights "-"
    tosToQoSqueue "0,1,2,3,4,5,6,7,8,9,10,11,12,13,14,15,16,17,18,19,20,21,22,23,24,25,26,27,28,29,30,31,32,33,34,35,36,37,38,39,40,41,42,43,44,45,46,47,48,49,50,51,52,53,54,55,56,57,58,59,60,61,62,63,64,65,66,67,68,69,70,71,72,73,74,75,76,77,78,79,80,81,82,83,84,85,86,87,88,89,90,91,92"
    queueSizes "32"
    type "origin_mmtc"
    reservation 180560.0
  ]
  node [
    id 40
    label "40"
    schedulingPolicy "FIFO"
    levelsQoS "1"
    schedulingWeights "-"
    tosToQoSqueue "0,1,2,3,4,5,6,7,8,9,10,11,12,13,14,15,16,17,18,19,20,21,22,23,24,25,26,27,28,29,30,31,32,33,34,35,36,37,38,39,40,41,42,43,44,45,46,47,48,49,50,51,52,53,54,55,56,57,58,59,60,61,62,63,64,65,66,67,68,69,70,71,72,73,74,75,76,77,78,79,80,81,82,83,84,85,86,87,88,89,90,91,92"
    queueSizes "32"
    type "origin_mmtc"
    reservation 196520.0
  ]
  node [
    id 41
    label "41"
    schedulingPolicy "FIFO"
    levelsQoS "1"
    schedulingWeights "-"
    tosToQoSqueue "0,1,2,3,4,5,6,7,8,9,10,11,12,13,14,15,16,17,18,19,20,21,22,23,24,25,26,27,28,29,30,31,32,33,34,35,36,37,38,39,40,41,42,43,44,45,46,47,48,49,50,51,52,53,54,55,56,57,58,59,60,61,62,63,64,65,66,67,68,69,70,71,72,73,74,75,76,77,78,79,80,81,82,83,84,85,86,87,88,89,90,91,92"
    queueSizes "32"
    type "origin_urllc"
    reservation 3303650.0
  ]
  node [
    id 42
    label "42"
    schedulingPolicy "FIFO"
    levelsQoS "1"
    schedulingWeights "-"
    tosToQoSqueue "0,1,2,3,4,5,6,7,8,9,10,11,12,13,14,15,16,17,18,19,20,21,22,23,24,25,26,27,28,29,30,31,32,33,34,35,36,37,38,39,40,41,42,43,44,45,46,47,48,49,50,51,52,53,54,55,56,57,58,59,60,61,62,63,64,65,66,67,68,69,70,71,72,73,74,75,76,77,78,79,80,81,82,83,84,85,86,87,88,89,90,91,92"
    queueSizes "32"
    type "origin_urllc"
    reservation 3428600.0
  ]
  node [
    id 43
    label "43"
    schedulingPolicy "FIFO"
    levelsQoS "1"
    schedulingWeights "-"
    tosToQoSqueue "0,1,2,3,4,5,6,7,8,9,10,11,12,13,14,15,16,17,18,19,20,21,22,23,24,25,26,27,28,29,30,31,32,33,34,35,36,37,38,39,40,41,42,43,44,45,46,47,48,49,50,51,52,53,54,55,56,57,58,59,60,61,62,63,64,65,66,67,68,69,70,71,72,73,74,75,76,77,78,79,80,81,82,83,84,85,86,87,88,89,90,91,92"
    queueSizes "32"
    type "origin_mmtc"
    reservation 180560.0
  ]
  node [
    id 44
    label "44"
    schedulingPolicy "FIFO"
    levelsQoS "1"
    schedulingWeights "-"
    tosToQoSqueue "0,1,2,3,4,5,6,7,8,9,10,11,12,13,14,15,16,17,18,19,20,21,22,23,24,25,26,27,28,29,30,31,32,33,34,35,36,37,38,39,40,41,42,43,44,45,46,47,48,49,50,51,52,53,54,55,56,57,58,59,60,61,62,63,64,65,66,67,68,69,70,71,72,73,74,75,76,77,78,79,80,81,82,83,84,85,86,87,88,89,90,91,92"
    queueSizes "32"
    type "origin_urllc"
    reservation 3505250.0
  ]
  node [
    id 45
    label "45"
    schedulingPolicy "FIFO"
    levelsQoS "1"
    schedulingWeights "-"
    tosToQoSqueue "0,1,2,3,4,5,6,7,8,9,10,11,12,13,14,15,16,17,18,19,20,21,22,23,24,25,26,27,28,29,30,31,32,33,34,35,36,37,38,39,40,41,42,43,44,45,46,47,48,49,50,51,52,53,54,55,56,57,58,59,60,61,62,63,64,65,66,67,68,69,70,71,72,73,74,75,76,77,78,79,80,81,82,83,84,85,86,87,88,89,90,91,92"
    queueSizes "32"
    type "origin_urllc"
    reservation 3428600.0
  ]
  node [
    id 46
    label "46"
    schedulingPolicy "FIFO"
    levelsQoS "1"
    schedulingWeights "-"
    tosToQoSqueue "0,1,2,3,4,5,6,7,8,9,10,11,12,13,14,15,16,17,18,19,20,21,22,23,24,25,26,27,28,29,30,31,32,33,34,35,36,37,38,39,40,41,42,43,44,45,46,47,48,49,50,51,52,53,54,55,56,57,58,59,60,61,62,63,64,65,66,67,68,69,70,71,72,73,74,75,76,77,78,79,80,81,82,83,84,85,86,87,88,89,90,91,92"
    queueSizes "32"
    type "origin_urllc"
    reservation 3428600.0
  ]
  node [
    id 47
    label "47"
    schedulingPolicy "FIFO"
    levelsQoS "1"
    schedulingWeights "-"
    tosToQoSqueue "0,1,2,3,4,5,6,7,8,9,10,11,12,13,14,15,16,17,18,19,20,21,22,23,24,25,26,27,28,29,30,31,32,33,34,35,36,37,38,39,40,41,42,43,44,45,46,47,48,49,50,51,52,53,54,55,56,57,58,59,60,61,62,63,64,65,66,67,68,69,70,71,72,73,74,75,76,77,78,79,80,81,82,83,84,85,86,87,88,89,90,91,92"
    queueSizes "32"
    type "origin_urllc"
    reservation 3437000.0
  ]
  node [
    id 48
    label "48"
    schedulingPolicy "FIFO"
    levelsQoS "1"
    schedulingWeights "-"
    tosToQoSqueue "0,1,2,3,4,5,6,7,8,9,10,11,12,13,14,15,16,17,18,19,20,21,22,23,24,25,26,27,28,29,30,31,32,33,34,35,36,37,38,39,40,41,42,43,44,45,46,47,48,49,50,51,52,53,54,55,56,57,58,59,60,61,62,63,64,65,66,67,68,69,70,71,72,73,74,75,76,77,78,79,80,81,82,83,84,85,86,87,88,89,90,91,92"
    queueSizes "32"
    type "origin_urllc"
    reservation 3303650.0
  ]
  node [
    id 49
    label "49"
    schedulingPolicy "FIFO"
    levelsQoS "1"
    schedulingWeights "-"
    tosToQoSqueue "0,1,2,3,4,5,6,7,8,9,10,11,12,13,14,15,16,17,18,19,20,21,22,23,24,25,26,27,28,29,30,31,32,33,34,35,36,37,38,39,40,41,42,43,44,45,46,47,48,49,50,51,52,53,54,55,56,57,58,59,60,61,62,63,64,65,66,67,68,69,70,71,72,73,74,75,76,77,78,79,80,81,82,83,84,85,86,87,88,89,90,91,92"
    queueSizes "32"
    type "origin_mmtc"
    reservation 205820.0
  ]
  node [
    id 50
    label "50"
    schedulingPolicy "FIFO"
    levelsQoS "1"
    schedulingWeights "-"
    tosToQoSqueue "0,1,2,3,4,5,6,7,8,9,10,11,12,13,14,15,16,17,18,19,20,21,22,23,24,25,26,27,28,29,30,31,32,33,34,35,36,37,38,39,40,41,42,43,44,45,46,47,48,49,50,51,52,53,54,55,56,57,58,59,60,61,62,63,64,65,66,67,68,69,70,71,72,73,74,75,76,77,78,79,80,81,82,83,84,85,86,87,88,89,90,91,92"
    queueSizes "32"
    type "origin_urllc"
    reservation 3437000.0
  ]
  node [
    id 51
    label "51"
    schedulingPolicy "FIFO"
    levelsQoS "1"
    schedulingWeights "-"
    tosToQoSqueue "0,1,2,3,4,5,6,7,8,9,10,11,12,13,14,15,16,17,18,19,20,21,22,23,24,25,26,27,28,29,30,31,32,33,34,35,36,37,38,39,40,41,42,43,44,45,46,47,48,49,50,51,52,53,54,55,56,57,58,59,60,61,62,63,64,65,66,67,68,69,70,71,72,73,74,75,76,77,78,79,80,81,82,83,84,85,86,87,88,89,90,91,92"
    queueSizes "32"
    type "origin_mmtc"
    reservation 196520.0
  ]
  node [
    id 52
    label "52"
    schedulingPolicy "FIFO"
    levelsQoS "1"
    schedulingWeights "-"
    tosToQoSqueue "0,1,2,3,4,5,6,7,8,9,10,11,12,13,14,15,16,17,18,19,20,21,22,23,24,25,26,27,28,29,30,31,32,33,34,35,36,37,38,39,40,41,42,43,44,45,46,47,48,49,50,51,52,53,54,55,56,57,58,59,60,61,62,63,64,65,66,67,68,69,70,71,72,73,74,75,76,77,78,79,80,81,82,83,84,85,86,87,88,89,90,91,92"
    queueSizes "32"
    type "origin_mmtc"
    reservation 205820.0
  ]
  node [
    id 53
    label "53"
    schedulingPolicy "FIFO"
    levelsQoS "1"
    schedulingWeights "-"
    tosToQoSqueue "0,1,2,3,4,5,6,7,8,9,10,11,12,13,14,15,16,17,18,19,20,21,22,23,24,25,26,27,28,29,30,31,32,33,34,35,36,37,38,39,40,41,42,43,44,45,46,47,48,49,50,51,52,53,54,55,56,57,58,59,60,61,62,63,64,65,66,67,68,69,70,71,72,73,74,75,76,77,78,79,80,81,82,83,84,85,86,87,88,89,90,91,92"
    queueSizes "32"
    type "origin_mmtc"
    reservation 205820.0
  ]
  node [
    id 54
    label "54"
    schedulingPolicy "FIFO"
    levelsQoS "1"
    schedulingWeights "-"
    tosToQoSqueue "0,1,2,3,4,5,6,7,8,9,10,11,12,13,14,15,16,17,18,19,20,21,22,23,24,25,26,27,28,29,30,31,32,33,34,35,36,37,38,39,40,41,42,43,44,45,46,47,48,49,50,51,52,53,54,55,56,57,58,59,60,61,62,63,64,65,66,67,68,69,70,71,72,73,74,75,76,77,78,79,80,81,82,83,84,85,86,87,88,89,90,91,92"
    queueSizes "32"
    type "origin_mmtc"
    reservation 180560.0
  ]
  node [
    id 55
    label "55"
    schedulingPolicy "FIFO"
    levelsQoS "1"
    schedulingWeights "-"
    tosToQoSqueue "0,1,2,3,4,5,6,7,8,9,10,11,12,13,14,15,16,17,18,19,20,21,22,23,24,25,26,27,28,29,30,31,32,33,34,35,36,37,38,39,40,41,42,43,44,45,46,47,48,49,50,51,52,53,54,55,56,57,58,59,60,61,62,63,64,65,66,67,68,69,70,71,72,73,74,75,76,77,78,79,80,81,82,83,84,85,86,87,88,89,90,91,92"
    queueSizes "32"
    type "origin_mmtc"
    reservation 170720.0
  ]
  node [
    id 56
    label "56"
    schedulingPolicy "FIFO"
    levelsQoS "1"
    schedulingWeights "-"
    tosToQoSqueue "0,1,2,3,4,5,6,7,8,9,10,11,12,13,14,15,16,17,18,19,20,21,22,23,24,25,26,27,28,29,30,31,32,33,34,35,36,37,38,39,40,41,42,43,44,45,46,47,48,49,50,51,52,53,54,55,56,57,58,59,60,61,62,63,64,65,66,67,68,69,70,71,72,73,74,75,76,77,78,79,80,81,82,83,84,85,86,87,88,89,90,91,92"
    queueSizes "32"
    type "origin_mmtc"
    reservation 196520.0
  ]
  node [
    id 57
    label "57"
    schedulingPolicy "FIFO"
    levelsQoS "1"
    schedulingWeights "-"
    tosToQoSqueue "0,1,2,3,4,5,6,7,8,9,10,11,12,13,14,15,16,17,18,19,20,21,22,23,24,25,26,27,28,29,30,31,32,33,34,35,36,37,38,39,40,41,42,43,44,45,46,47,48,49,50,51,52,53,54,55,56,57,58,59,60,61,62,63,64,65,66,67,68,69,70,71,72,73,74,75,76,77,78,79,80,81,82,83,84,85,86,87,88,89,90,91,92"
    queueSizes "32"
    type "origin_mmtc"
    reservation 216620.0
  ]
  node [
    id 58
    label "58"
    schedulingPolicy "FIFO"
    levelsQoS "1"
    schedulingWeights "-"
    tosToQoSqueue "0,1,2,3,4,5,6,7,8,9,10,11,12,13,14,15,16,17,18,19,20,21,22,23,24,25,26,27,28,29,30,31,32,33,34,35,36,37,38,39,40,41,42,43,44,45,46,47,48,49,50,51,52,53,54,55,56,57,58,59,60,61,62,63,64,65,66,67,68,69,70,71,72,73,74,75,76,77,78,79,80,81,82,83,84,85,86,87,88,89,90,91,92"
    queueSizes "32"
    type "origin_mmtc"
    reservation 216620.0
  ]
  node [
    id 59
    label "59"
    schedulingPolicy "FIFO"
    levelsQoS "1"
    schedulingWeights "-"
    tosToQoSqueue "0,1,2,3,4,5,6,7,8,9,10,11,12,13,14,15,16,17,18,19,20,21,22,23,24,25,26,27,28,29,30,31,32,33,34,35,36,37,38,39,40,41,42,43,44,45,46,47,48,49,50,51,52,53,54,55,56,57,58,59,60,61,62,63,64,65,66,67,68,69,70,71,72,73,74,75,76,77,78,79,80,81,82,83,84,85,86,87,88,89,90,91,92"
    queueSizes "32"
    type "origin_mmtc"
    reservation 216620.0
  ]
  node [
    id 60
    label "60"
    schedulingPolicy "FIFO"
    levelsQoS "1"
    schedulingWeights "-"
    tosToQoSqueue "0,1,2,3,4,5,6,7,8,9,10,11,12,13,14,15,16,17,18,19,20,21,22,23,24,25,26,27,28,29,30,31,32,33,34,35,36,37,38,39,40,41,42,43,44,45,46,47,48,49,50,51,52,53,54,55,56,57,58,59,60,61,62,63,64,65,66,67,68,69,70,71,72,73,74,75,76,77,78,79,80,81,82,83,84,85,86,87,88,89,90,91,92"
    queueSizes "32"
    type "origin_mmtc"
    reservation 205820.0
  ]
  node [
    id 61
    label "61"
    schedulingPolicy "FIFO"
    levelsQoS "1"
    schedulingWeights "-"
    tosToQoSqueue "0,1,2,3,4,5,6,7,8,9,10,11,12,13,14,15,16,17,18,19,20,21,22,23,24,25,26,27,28,29,30,31,32,33,34,35,36,37,38,39,40,41,42,43,44,45,46,47,48,49,50,51,52,53,54,55,56,57,58,59,60,61,62,63,64,65,66,67,68,69,70,71,72,73,74,75,76,77,78,79,80,81,82,83,84,85,86,87,88,89,90,91,92"
    queueSizes "32"
    type "origin_mmtc"
    reservation 180560.0
  ]
  node [
    id 62
    label "62"
    schedulingPolicy "FIFO"
    levelsQoS "1"
    schedulingWeights "-"
    tosToQoSqueue "0,1,2,3,4,5,6,7,8,9,10,11,12,13,14,15,16,17,18,19,20,21,22,23,24,25,26,27,28,29,30,31,32,33,34,35,36,37,38,39,40,41,42,43,44,45,46,47,48,49,50,51,52,53,54,55,56,57,58,59,60,61,62,63,64,65,66,67,68,69,70,71,72,73,74,75,76,77,78,79,80,81,82,83,84,85,86,87,88,89,90,91,92"
    queueSizes "32"
    type "origin_mmtc"
    reservation 205820.0
  ]
  node [
    id 63
    label "63"
    schedulingPolicy "FIFO"
    levelsQoS "1"
    schedulingWeights "-"
    tosToQoSqueue "0,1,2,3,4,5,6,7,8,9,10,11,12,13,14,15,16,17,18,19,20,21,22,23,24,25,26,27,28,29,30,31,32,33,34,35,36,37,38,39,40,41,42,43,44,45,46,47,48,49,50,51,52,53,54,55,56,57,58,59,60,61,62,63,64,65,66,67,68,69,70,71,72,73,74,75,76,77,78,79,80,81,82,83,84,85,86,87,88,89,90,91,92"
    queueSizes "32"
    type "origin_mmtc"
    reservation 180560.0
  ]
  node [
    id 64
    label "64"
    schedulingPolicy "FIFO"
    levelsQoS "1"
    schedulingWeights "-"
    tosToQoSqueue "0,1,2,3,4,5,6,7,8,9,10,11,12,13,14,15,16,17,18,19,20,21,22,23,24,25,26,27,28,29,30,31,32,33,34,35,36,37,38,39,40,41,42,43,44,45,46,47,48,49,50,51,52,53,54,55,56,57,58,59,60,61,62,63,64,65,66,67,68,69,70,71,72,73,74,75,76,77,78,79,80,81,82,83,84,85,86,87,88,89,90,91,92"
    queueSizes "32"
    type "origin_mmtc"
    reservation 216620.0
  ]
  node [
    id 65
    label "65"
    schedulingPolicy "FIFO"
    levelsQoS "1"
    schedulingWeights "-"
    tosToQoSqueue "0,1,2,3,4,5,6,7,8,9,10,11,12,13,14,15,16,17,18,19,20,21,22,23,24,25,26,27,28,29,30,31,32,33,34,35,36,37,38,39,40,41,42,43,44,45,46,47,48,49,50,51,52,53,54,55,56,57,58,59,60,61,62,63,64,65,66,67,68,69,70,71,72,73,74,75,76,77,78,79,80,81,82,83,84,85,86,87,88,89,90,91,92"
    queueSizes "32"
    type "origin_mmtc"
    reservation 180560.0
  ]
  node [
    id 66
    label "66"
    schedulingPolicy "FIFO"
    levelsQoS "1"
    schedulingWeights "-"
    tosToQoSqueue "0,1,2,3,4,5,6,7,8,9,10,11,12,13,14,15,16,17,18,19,20,21,22,23,24,25,26,27,28,29,30,31,32,33,34,35,36,37,38,39,40,41,42,43,44,45,46,47,48,49,50,51,52,53,54,55,56,57,58,59,60,61,62,63,64,65,66,67,68,69,70,71,72,73,74,75,76,77,78,79,80,81,82,83,84,85,86,87,88,89,90,91,92"
    queueSizes "32"
    type "origin_mmtc"
    reservation 216620.0
  ]
  node [
    id 67
    label "67"
    schedulingPolicy "FIFO"
    levelsQoS "1"
    schedulingWeights "-"
    tosToQoSqueue "0,1,2,3,4,5,6,7,8,9,10,11,12,13,14,15,16,17,18,19,20,21,22,23,24,25,26,27,28,29,30,31,32,33,34,35,36,37,38,39,40,41,42,43,44,45,46,47,48,49,50,51,52,53,54,55,56,57,58,59,60,61,62,63,64,65,66,67,68,69,70,71,72,73,74,75,76,77,78,79,80,81,82,83,84,85,86,87,88,89,90,91,92"
    queueSizes "32"
    type "origin_mmtc"
    reservation 196520.0
  ]
  node [
    id 68
    label "68"
    schedulingPolicy "FIFO"
    levelsQoS "1"
    schedulingWeights "-"
    tosToQoSqueue "0,1,2,3,4,5,6,7,8,9,10,11,12,13,14,15,16,17,18,19,20,21,22,23,24,25,26,27,28,29,30,31,32,33,34,35,36,37,38,39,40,41,42,43,44,45,46,47,48,49,50,51,52,53,54,55,56,57,58,59,60,61,62,63,64,65,66,67,68,69,70,71,72,73,74,75,76,77,78,79,80,81,82,83,84,85,86,87,88,89,90,91,92"
    queueSizes "32"
    type "origin_mmtc"
    reservation 216620.0
  ]
  node [
    id 69
    label "69"
    schedulingPolicy "FIFO"
    levelsQoS "1"
    schedulingWeights "-"
    tosToQoSqueue "0,1,2,3,4,5,6,7,8,9,10,11,12,13,14,15,16,17,18,19,20,21,22,23,24,25,26,27,28,29,30,31,32,33,34,35,36,37,38,39,40,41,42,43,44,45,46,47,48,49,50,51,52,53,54,55,56,57,58,59,60,61,62,63,64,65,66,67,68,69,70,71,72,73,74,75,76,77,78,79,80,81,82,83,84,85,86,87,88,89,90,91,92"
    queueSizes "32"
    type "origin_mmtc"
    reservation 205820.0
  ]
  node [
    id 70
    label "70"
    schedulingPolicy "FIFO"
    levelsQoS "1"
    schedulingWeights "-"
    tosToQoSqueue "0,1,2,3,4,5,6,7,8,9,10,11,12,13,14,15,16,17,18,19,20,21,22,23,24,25,26,27,28,29,30,31,32,33,34,35,36,37,38,39,40,41,42,43,44,45,46,47,48,49,50,51,52,53,54,55,56,57,58,59,60,61,62,63,64,65,66,67,68,69,70,71,72,73,74,75,76,77,78,79,80,81,82,83,84,85,86,87,88,89,90,91,92"
    queueSizes "32"
    type "origin_mmtc"
    reservation 170720.0
  ]
  node [
    id 71
    label "71"
    schedulingPolicy "FIFO"
    levelsQoS "1"
    schedulingWeights "-"
    tosToQoSqueue "0,1,2,3,4,5,6,7,8,9,10,11,12,13,14,15,16,17,18,19,20,21,22,23,24,25,26,27,28,29,30,31,32,33,34,35,36,37,38,39,40,41,42,43,44,45,46,47,48,49,50,51,52,53,54,55,56,57,58,59,60,61,62,63,64,65,66,67,68,69,70,71,72,73,74,75,76,77,78,79,80,81,82,83,84,85,86,87,88,89,90,91,92"
    queueSizes "32"
    type "origin_mmtc"
    reservation 205820.0
  ]
  node [
    id 72
    label "72"
    schedulingPolicy "FIFO"
    levelsQoS "1"
    schedulingWeights "-"
    tosToQoSqueue "0,1,2,3,4,5,6,7,8,9,10,11,12,13,14,15,16,17,18,19,20,21,22,23,24,25,26,27,28,29,30,31,32,33,34,35,36,37,38,39,40,41,42,43,44,45,46,47,48,49,50,51,52,53,54,55,56,57,58,59,60,61,62,63,64,65,66,67,68,69,70,71,72,73,74,75,76,77,78,79,80,81,82,83,84,85,86,87,88,89,90,91,92"
    queueSizes "32"
    type "origin_mmtc"
    reservation 196520.0
  ]
  node [
    id 73
    label "73"
    schedulingPolicy "FIFO"
    levelsQoS "1"
    schedulingWeights "-"
    tosToQoSqueue "0,1,2,3,4,5,6,7,8,9,10,11,12,13,14,15,16,17,18,19,20,21,22,23,24,25,26,27,28,29,30,31,32,33,34,35,36,37,38,39,40,41,42,43,44,45,46,47,48,49,50,51,52,53,54,55,56,57,58,59,60,61,62,63,64,65,66,67,68,69,70,71,72,73,74,75,76,77,78,79,80,81,82,83,84,85,86,87,88,89,90,91,92"
    queueSizes "32"
    type "origin_mmtc"
    reservation 170720.0
  ]
  node [
    id 74
    label "74"
    schedulingPolicy "FIFO"
    levelsQoS "1"
    schedulingWeights "-"
    tosToQoSqueue "0,1,2,3,4,5,6,7,8,9,10,11,12,13,14,15,16,17,18,19,20,21,22,23,24,25,26,27,28,29,30,31,32,33,34,35,36,37,38,39,40,41,42,43,44,45,46,47,48,49,50,51,52,53,54,55,56,57,58,59,60,61,62,63,64,65,66,67,68,69,70,71,72,73,74,75,76,77,78,79,80,81,82,83,84,85,86,87,88,89,90,91,92"
    queueSizes "32"
    type "origin_mmtc"
    reservation 205820.0
  ]
  node [
    id 75
    label "75"
    schedulingPolicy "FIFO"
    levelsQoS "1"
    schedulingWeights "-"
    tosToQoSqueue "0,1,2,3,4,5,6,7,8,9,10,11,12,13,14,15,16,17,18,19,20,21,22,23,24,25,26,27,28,29,30,31,32,33,34,35,36,37,38,39,40,41,42,43,44,45,46,47,48,49,50,51,52,53,54,55,56,57,58,59,60,61,62,63,64,65,66,67,68,69,70,71,72,73,74,75,76,77,78,79,80,81,82,83,84,85,86,87,88,89,90,91,92"
    queueSizes "32"
    type "origin_mmtc"
    reservation 216620.0
  ]
  node [
    id 76
    label "76"
    schedulingPolicy "FIFO"
    levelsQoS "1"
    schedulingWeights "-"
    tosToQoSqueue "0,1,2,3,4,5,6,7,8,9,10,11,12,13,14,15,16,17,18,19,20,21,22,23,24,25,26,27,28,29,30,31,32,33,34,35,36,37,38,39,40,41,42,43,44,45,46,47,48,49,50,51,52,53,54,55,56,57,58,59,60,61,62,63,64,65,66,67,68,69,70,71,72,73,74,75,76,77,78,79,80,81,82,83,84,85,86,87,88,89,90,91,92"
    queueSizes "32"
    type "origin_mmtc"
    reservation 196520.0
  ]
  node [
    id 77
    label "77"
    schedulingPolicy "FIFO"
    levelsQoS "1"
    schedulingWeights "-"
    tosToQoSqueue "0,1,2,3,4,5,6,7,8,9,10,11,12,13,14,15,16,17,18,19,20,21,22,23,24,25,26,27,28,29,30,31,32,33,34,35,36,37,38,39,40,41,42,43,44,45,46,47,48,49,50,51,52,53,54,55,56,57,58,59,60,61,62,63,64,65,66,67,68,69,70,71,72,73,74,75,76,77,78,79,80,81,82,83,84,85,86,87,88,89,90,91,92"
    queueSizes "32"
    type "origin_mmtc"
    reservation 180560.0
  ]
  node [
    id 78
    label "78"
    schedulingPolicy "FIFO"
    levelsQoS "1"
    schedulingWeights "-"
    tosToQoSqueue "0,1,2,3,4,5,6,7,8,9,10,11,12,13,14,15,16,17,18,19,20,21,22,23,24,25,26,27,28,29,30,31,32,33,34,35,36,37,38,39,40,41,42,43,44,45,46,47,48,49,50,51,52,53,54,55,56,57,58,59,60,61,62,63,64,65,66,67,68,69,70,71,72,73,74,75,76,77,78,79,80,81,82,83,84,85,86,87,88,89,90,91,92"
    queueSizes "32"
    type "origin_mmtc"
    reservation 216620.0
  ]
  node [
    id 79
    label "79"
    schedulingPolicy "FIFO"
    levelsQoS "1"
    schedulingWeights "-"
    tosToQoSqueue "0,1,2,3,4,5,6,7,8,9,10,11,12,13,14,15,16,17,18,19,20,21,22,23,24,25,26,27,28,29,30,31,32,33,34,35,36,37,38,39,40,41,42,43,44,45,46,47,48,49,50,51,52,53,54,55,56,57,58,59,60,61,62,63,64,65,66,67,68,69,70,71,72,73,74,75,76,77,78,79,80,81,82,83,84,85,86,87,88,89,90,91,92"
    queueSizes "32"
    type "origin_mmtc"
    reservation 205820.0
  ]
  node [
    id 80
    label "80"
    schedulingPolicy "FIFO"
    levelsQoS "1"
    schedulingWeights "-"
    tosToQoSqueue "0,1,2,3,4,5,6,7,8,9,10,11,12,13,14,15,16,17,18,19,20,21,22,23,24,25,26,27,28,29,30,31,32,33,34,35,36,37,38,39,40,41,42,43,44,45,46,47,48,49,50,51,52,53,54,55,56,57,58,59,60,61,62,63,64,65,66,67,68,69,70,71,72,73,74,75,76,77,78,79,80,81,82,83,84,85,86,87,88,89,90,91,92"
    queueSizes "32"
    type "origin_mmtc"
    reservation 205820.0
  ]
  node [
    id 81
    label "81"
    schedulingPolicy "FIFO"
    levelsQoS "1"
    schedulingWeights "-"
    tosToQoSqueue "0,1,2,3,4,5,6,7,8,9,10,11,12,13,14,15,16,17,18,19,20,21,22,23,24,25,26,27,28,29,30,31,32,33,34,35,36,37,38,39,40,41,42,43,44,45,46,47,48,49,50,51,52,53,54,55,56,57,58,59,60,61,62,63,64,65,66,67,68,69,70,71,72,73,74,75,76,77,78,79,80,81,82,83,84,85,86,87,88,89,90,91,92"
    queueSizes "32"
    type "origin_mmtc"
    reservation 205820.0
  ]
  node [
    id 82
    label "82"
    schedulingPolicy "FIFO"
    levelsQoS "1"
    schedulingWeights "-"
    tosToQoSqueue "0,1,2,3,4,5,6,7,8,9,10,11,12,13,14,15,16,17,18,19,20,21,22,23,24,25,26,27,28,29,30,31,32,33,34,35,36,37,38,39,40,41,42,43,44,45,46,47,48,49,50,51,52,53,54,55,56,57,58,59,60,61,62,63,64,65,66,67,68,69,70,71,72,73,74,75,76,77,78,79,80,81,82,83,84,85,86,87,88,89,90,91,92"
    queueSizes "32"
    type "origin_mmtc"
    reservation 205820.0
  ]
  node [
    id 83
    label "83"
    schedulingPolicy "FIFO"
    levelsQoS "1"
    schedulingWeights "-"
    tosToQoSqueue "0,1,2,3,4,5,6,7,8,9,10,11,12,13,14,15,16,17,18,19,20,21,22,23,24,25,26,27,28,29,30,31,32,33,34,35,36,37,38,39,40,41,42,43,44,45,46,47,48,49,50,51,52,53,54,55,56,57,58,59,60,61,62,63,64,65,66,67,68,69,70,71,72,73,74,75,76,77,78,79,80,81,82,83,84,85,86,87,88,89,90,91,92"
    queueSizes "32"
    type "origin_mmtc"
    reservation 216620.0
  ]
  node [
    id 84
    label "84"
    schedulingPolicy "FIFO"
    levelsQoS "1"
    schedulingWeights "-"
    tosToQoSqueue "0,1,2,3,4,5,6,7,8,9,10,11,12,13,14,15,16,17,18,19,20,21,22,23,24,25,26,27,28,29,30,31,32,33,34,35,36,37,38,39,40,41,42,43,44,45,46,47,48,49,50,51,52,53,54,55,56,57,58,59,60,61,62,63,64,65,66,67,68,69,70,71,72,73,74,75,76,77,78,79,80,81,82,83,84,85,86,87,88,89,90,91,92"
    queueSizes "32"
    type "origin_mmtc"
    reservation 216620.0
  ]
  node [
    id 85
    label "85"
    schedulingPolicy "FIFO"
    levelsQoS "1"
    schedulingWeights "-"
    tosToQoSqueue "0,1,2,3,4,5,6,7,8,9,10,11,12,13,14,15,16,17,18,19,20,21,22,23,24,25,26,27,28,29,30,31,32,33,34,35,36,37,38,39,40,41,42,43,44,45,46,47,48,49,50,51,52,53,54,55,56,57,58,59,60,61,62,63,64,65,66,67,68,69,70,71,72,73,74,75,76,77,78,79,80,81,82,83,84,85,86,87,88,89,90,91,92"
    queueSizes "32"
    type "origin_mmtc"
    reservation 205820.0
  ]
  node [
    id 86
    label "86"
    schedulingPolicy "FIFO"
    levelsQoS "1"
    schedulingWeights "-"
    tosToQoSqueue "0,1,2,3,4,5,6,7,8,9,10,11,12,13,14,15,16,17,18,19,20,21,22,23,24,25,26,27,28,29,30,31,32,33,34,35,36,37,38,39,40,41,42,43,44,45,46,47,48,49,50,51,52,53,54,55,56,57,58,59,60,61,62,63,64,65,66,67,68,69,70,71,72,73,74,75,76,77,78,79,80,81,82,83,84,85,86,87,88,89,90,91,92"
    queueSizes "32"
    type "origin_mmtc"
    reservation 180560.0
  ]
  node [
    id 87
    label "87"
    schedulingPolicy "FIFO"
    levelsQoS "1"
    schedulingWeights "-"
    tosToQoSqueue "0,1,2,3,4,5,6,7,8,9,10,11,12,13,14,15,16,17,18,19,20,21,22,23,24,25,26,27,28,29,30,31,32,33,34,35,36,37,38,39,40,41,42,43,44,45,46,47,48,49,50,51,52,53,54,55,56,57,58,59,60,61,62,63,64,65,66,67,68,69,70,71,72,73,74,75,76,77,78,79,80,81,82,83,84,85,86,87,88,89,90,91,92"
    queueSizes "32"
    type "origin_mmtc"
    reservation 180560.0
  ]
  node [
    id 88
    label "88"
    schedulingPolicy "FIFO"
    levelsQoS "1"
    schedulingWeights "-"
    tosToQoSqueue "0,1,2,3,4,5,6,7,8,9,10,11,12,13,14,15,16,17,18,19,20,21,22,23,24,25,26,27,28,29,30,31,32,33,34,35,36,37,38,39,40,41,42,43,44,45,46,47,48,49,50,51,52,53,54,55,56,57,58,59,60,61,62,63,64,65,66,67,68,69,70,71,72,73,74,75,76,77,78,79,80,81,82,83,84,85,86,87,88,89,90,91,92"
    queueSizes "32"
    type "origin_mmtc"
    reservation 216620.0
  ]
  node [
    id 89
    label "89"
    schedulingPolicy "FIFO"
    levelsQoS "1"
    schedulingWeights "-"
    tosToQoSqueue "0,1,2,3,4,5,6,7,8,9,10,11,12,13,14,15,16,17,18,19,20,21,22,23,24,25,26,27,28,29,30,31,32,33,34,35,36,37,38,39,40,41,42,43,44,45,46,47,48,49,50,51,52,53,54,55,56,57,58,59,60,61,62,63,64,65,66,67,68,69,70,71,72,73,74,75,76,77,78,79,80,81,82,83,84,85,86,87,88,89,90,91,92"
    queueSizes "32"
    type "origin_mmtc"
    reservation 180560.0
  ]
  node [
    id 90
    label "90"
    schedulingPolicy "FIFO"
    levelsQoS "1"
    schedulingWeights "-"
    tosToQoSqueue "0,1,2,3,4,5,6,7,8,9,10,11,12,13,14,15,16,17,18,19,20,21,22,23,24,25,26,27,28,29,30,31,32,33,34,35,36,37,38,39,40,41,42,43,44,45,46,47,48,49,50,51,52,53,54,55,56,57,58,59,60,61,62,63,64,65,66,67,68,69,70,71,72,73,74,75,76,77,78,79,80,81,82,83,84,85,86,87,88,89,90,91,92"
    queueSizes "32"
    type "origin_mmtc"
    reservation 205820.0
  ]
  node [
    id 91
    label "91"
    schedulingPolicy "FIFO"
    levelsQoS "1"
    schedulingWeights "-"
    tosToQoSqueue "0,1,2,3,4,5,6,7,8,9,10,11,12,13,14,15,16,17,18,19,20,21,22,23,24,25,26,27,28,29,30,31,32,33,34,35,36,37,38,39,40,41,42,43,44,45,46,47,48,49,50,51,52,53,54,55,56,57,58,59,60,61,62,63,64,65,66,67,68,69,70,71,72,73,74,75,76,77,78,79,80,81,82,83,84,85,86,87,88,89,90,91,92"
    queueSizes "32"
    type "origin_mmtc"
    reservation 205820.0
  ]
  node [
    id 92
    label "92"
    schedulingPolicy "FIFO"
    levelsQoS "1"
    schedulingWeights "-"
    tosToQoSqueue "0,1,2,3,4,5,6,7,8,9,10,11,12,13,14,15,16,17,18,19,20,21,22,23,24,25,26,27,28,29,30,31,32,33,34,35,36,37,38,39,40,41,42,43,44,45,46,47,48,49,50,51,52,53,54,55,56,57,58,59,60,61,62,63,64,65,66,67,68,69,70,71,72,73,74,75,76,77,78,79,80,81,82,83,84,85,86,87,88,89,90,91,92"
    queueSizes "32"
    type "origin_mmtc"
    reservation 216620.0
  ]
  edge [
    source 0
    target 8
    key 0
    LinkType "DS-3"
    LinkLabel "45 Mbps DS-3"
    LinkNote "45 Mbps "
    bandwidth 50000000
    traffic "18000000,18000000,3500000,3500000,3500000,3500000,200000,200000,200000,200000,200000,200000,200000,200000"
    reservation "16088400.0,18572400.0,3505250.0,3303650.0,3437000.0,3437000.0,170720.0,205820.0,170720.0,180560.0,205820.0,196520.0,205820.0,205820.0"
    port 0
  ]
  edge [
    source 0
    target 2
    key 0
    LinkType "DS-3"
    LinkLabel "45 Mbps DS-3"
    LinkNote "45 Mbps "
    bandwidth 50000000
    traffic ""
    reservation ""
    port 1
  ]
  edge [
    source 0
    target 3
    key 0
    LinkType "DS-3"
    LinkLabel "45 Mbps DS-3"
    LinkNote "45 Mbps "
    bandwidth 50000000
    traffic "18000000,3500000,3500000,3500000,3500000,3500000,200000,200000,200000,200000,200000,200000,200000,200000,200000,200000,200000,200000,200000"
    reservation "16088400.0,3428600.0,3428600.0,3437000.0,3303650.0,3437000.0,180560.0,216620.0,196520.0,216620.0,205820.0,170720.0,205820.0,196520.0,170720.0,205820.0,216620.0,196520.0,180560.0"
    port 2
  ]
  edge [
    source 0
    target 7
    key 0
    LinkType "DS-3"
    LinkLabel "45 Mbps DS-3"
    LinkNote "45 Mbps "
    bandwidth 50000000
    traffic "3500000,3500000,3500000,3500000,3500000,3500000,3500000,18000000,3500000,3500000,200000,200000,200000,200000,200000,200000,200000,200000,200000,200000,200000,200000,200000,200000,200000"
    reservation "3437000.0,3428600.0,3428600.0,3437000.0,3428600.0,3428600.0,3303650.0,16088400.0,3437000.0,3428600.0,180560.0,170720.0,196520.0,216620.0,216620.0,216620.0,205820.0,180560.0,205820.0,180560.0,216620.0,216620.0,205820.0,205820.0,205820.0"
    port 3
  ]
  edge [
    source 0
    target 13
    key 0
    port 4
    weight 1
    bandwidth 50000000
    traffic ""
    reservation ""
  ]
  edge [
    source 1
    target 2
    key 0
    LinkType "DS-3"
    LinkLabel "45 Mbps DS-3"
    LinkNote "45 Mbps "
    bandwidth 50000000
    traffic ""
    reservation ""
    port 0
  ]
  edge [
    source 1
    target 4
    key 0
    LinkType "DS-3"
    LinkLabel "45 Mbps DS-3"
    LinkNote "45 Mbps "
    bandwidth 50000000
    traffic "18000000,3500000,3500000,3500000,3500000,3500000,3500000,3500000,3500000,3500000"
    reservation "18572400.0,3428600.0,3437000.0,3428600.0,3428600.0,3437000.0,3428600.0,3428600.0,3303650.0,3437000.0"
    port 1
  ]
  edge [
    source 1
    target 5
    key 0
    LinkType "DS-3"
    LinkLabel "45 Mbps DS-3"
    LinkNote "45 Mbps "
    bandwidth 50000000
    traffic "18000000,3500000,3500000,3500000,3500000,18000000,3500000"
    reservation "16088400.0,3505250.0,3303650.0,3437000.0,3437000.0,16088400.0,3428600.0"
    port 2
  ]
  edge [
    source 1
    target 6
    key 0
    LinkType "DS-3"
    LinkLabel "45 Mbps DS-3"
    LinkNote "45 Mbps "
    bandwidth 50000000
    traffic "3500000,3500000,3500000,3500000,3500000"
    reservation "3428600.0,3428600.0,3437000.0,3303650.0,3437000.0"
    port 3
  ]
  edge [
    source 1
    target 7
    key 0
    LinkType "DS-3"
    LinkLabel "45 Mbps DS-3"
    LinkNote "45 Mbps "
    bandwidth 50000000
    traffic "3500000,3500000,3500000,3500000,3500000,3500000,3500000,3500000"
    reservation "3437000.0,3428600.0,3428600.0,3303650.0,3303650.0,3303650.0,3428600.0,3505250.0"
    port 4
  ]
  edge [
    source 1
    target 10
    key 0
    port 5
    weight 1
    bandwidth 350000000
    traffic "200000,200000,200000,200000,200000,200000,200000,200000,200000,200000,200000,200000,200000,200000,200000,200000,200000,200000,200000,200000,200000,200000,200000,200000,200000,200000,200000,200000,200000,200000,200000,200000,200000,200000,200000,200000,200000,200000,200000,200000,200000,200000,200000,200000,200000,200000,200000,200000,200000,200000"
    reservation "170720.0,205820.0,170720.0,170720.0,180560.0,196520.0,180560.0,205820.0,196520.0,205820.0,205820.0,180560.0,170720.0,196520.0,216620.0,216620.0,216620.0,205820.0,180560.0,205820.0,180560.0,216620.0,180560.0,216620.0,196520.0,216620.0,205820.0,170720.0,205820.0,196520.0,170720.0,205820.0,216620.0,196520.0,180560.0,216620.0,205820.0,205820.0,205820.0,205820.0,216620.0,216620.0,205820.0,180560.0,180560.0,216620.0,180560.0,205820.0,205820.0,216620.0"
  ]
  edge [
    source 2
    target 0
    key 0
    LinkType "DS-3"
    LinkLabel "45 Mbps DS-3"
    LinkNote "45 Mbps "
    bandwidth 50000000
    traffic "18000000,3500000,18000000,3500000,3500000,3500000,200000,3500000,200000,200000"
    reservation "16088400.0,3505250.0,16088400.0,3303650.0,3437000.0,3437000.0,170720.0,3428600.0,205820.0,170720.0"
    port 0
  ]
  edge [
    source 2
    target 1
    key 0
    LinkType "DS-3"
    LinkLabel "45 Mbps DS-3"
    LinkNote "45 Mbps "
    bandwidth 50000000
    traffic "18000000,3500000,3500000,3500000,3500000,3500000,3500000,3500000,3500000,3500000,200000,200000,200000"
    reservation "18572400.0,3437000.0,3428600.0,3428600.0,3437000.0,3428600.0,3428600.0,3303650.0,3437000.0,3428600.0,170720.0,180560.0,196520.0"
    port 1
  ]
  edge [
    source 2
    target 3
    key 0
    LinkType "DS-3"
    LinkLabel "45 Mbps DS-3"
    LinkNote "45 Mbps "
    bandwidth 50000000
    traffic "18000000,3500000,3500000,3500000,3500000,3500000,3500000,3500000,200000,3500000,3500000,200000,200000,200000,200000,200000,200000,200000,200000,200000,200000,200000,200000,200000,200000,200000"
    reservation "16088400.0,3437000.0,3428600.0,3428600.0,3303650.0,3303650.0,3303650.0,3428600.0,180560.0,3505250.0,3428600.0,205820.0,196520.0,205820.0,205820.0,180560.0,170720.0,196520.0,216620.0,216620.0,216620.0,205820.0,180560.0,205820.0,180560.0,216620.0"
    port 2
  ]
  edge [
    source 2
    target 8
    key 0
    LinkType "DS-3"
    LinkLabel "45 Mbps DS-3"
    LinkNote "45 Mbps "
    bandwidth 50000000
    traffic "3500000,3500000,3500000,3500000,200000,200000,200000,200000,200000,200000,200000,200000,200000,200000,200000,200000,200000,200000,200000,200000,200000,200000,200000,200000,200000,200000,200000,200000,200000,200000,200000,200000"
    reservation "3428600.0,3437000.0,3303650.0,3437000.0,180560.0,216620.0,196520.0,216620.0,205820.0,170720.0,205820.0,196520.0,170720.0,205820.0,216620.0,196520.0,180560.0,216620.0,205820.0,205820.0,205820.0,205820.0,216620.0,216620.0,205820.0,180560.0,180560.0,216620.0,180560.0,205820.0,205820.0,216620.0"
    port 3
  ]
  edge [
    source 2
    target 12
    key 0
    port 4
    weight 1
    bandwidth 50000000
    traffic ""
    reservation ""
  ]
  edge [
    source 2
    target 14
    key 0
    port 5
    weight 1
    bandwidth 50000000
    traffic ""
    reservation ""
  ]
  edge [
    source 2
    target 15
    key 0
    port 6
    weight 1
    bandwidth 50000000
    traffic ""
    reservation ""
  ]
  edge [
    source 2
    target 16
    key 0
    port 7
    weight 1
    bandwidth 50000000
    traffic ""
    reservation ""
  ]
  edge [
    source 2
    target 17
    key 0
    port 8
    weight 1
    bandwidth 50000000
    traffic ""
    reservation ""
  ]
  edge [
    source 2
    target 18
    key 0
    port 9
    weight 1
    bandwidth 50000000
    traffic ""
    reservation ""
  ]
  edge [
    source 2
    target 19
    key 0
    port 10
    weight 1
    bandwidth 50000000
    traffic ""
    reservation ""
  ]
  edge [
    source 2
    target 20
    key 0
    port 11
    weight 1
    bandwidth 50000000
    traffic ""
    reservation ""
  ]
  edge [
    source 2
    target 21
    key 0
    port 12
    weight 1
    bandwidth 50000000
    traffic ""
    reservation ""
  ]
  edge [
    source 2
    target 22
    key 0
    port 13
    weight 1
    bandwidth 50000000
    traffic ""
    reservation ""
  ]
  edge [
    source 2
    target 23
    key 0
    port 14
    weight 1
    bandwidth 50000000
    traffic ""
    reservation ""
  ]
  edge [
    source 2
    target 24
    key 0
    port 15
    weight 1
    bandwidth 50000000
    traffic ""
    reservation ""
  ]
  edge [
    source 2
    target 25
    key 0
    port 16
    weight 1
    bandwidth 50000000
    traffic ""
    reservation ""
  ]
  edge [
    source 2
    target 26
    key 0
    port 17
    weight 1
    bandwidth 50000000
    traffic ""
    reservation ""
  ]
  edge [
    source 2
    target 27
    key 0
    port 18
    weight 1
    bandwidth 50000000
    traffic ""
    reservation ""
  ]
  edge [
    source 2
    target 28
    key 0
    port 19
    weight 1
    bandwidth 50000000
    traffic ""
    reservation ""
  ]
  edge [
    source 2
    target 29
    key 0
    port 20
    weight 1
    bandwidth 50000000
    traffic ""
    reservation ""
  ]
  edge [
    source 2
    target 30
    key 0
    port 21
    weight 1
    bandwidth 50000000
    traffic ""
    reservation ""
  ]
  edge [
    source 2
    target 31
    key 0
    port 22
    weight 1
    bandwidth 50000000
    traffic ""
    reservation ""
  ]
  edge [
    source 2
    target 32
    key 0
    port 23
    weight 1
    bandwidth 50000000
    traffic ""
    reservation ""
  ]
  edge [
    source 2
    target 33
    key 0
    port 24
    weight 1
    bandwidth 50000000
    traffic ""
    reservation ""
  ]
  edge [
    source 2
    target 34
    key 0
    port 25
    weight 1
    bandwidth 50000000
    traffic ""
    reservation ""
  ]
  edge [
    source 2
    target 35
    key 0
    port 26
    weight 1
    bandwidth 50000000
    traffic ""
    reservation ""
  ]
  edge [
    source 2
    target 36
    key 0
    port 27
    weight 1
    bandwidth 50000000
    traffic ""
    reservation ""
  ]
  edge [
    source 2
    target 37
    key 0
    port 28
    weight 1
    bandwidth 50000000
    traffic ""
    reservation ""
  ]
  edge [
    source 2
    target 38
    key 0
    port 29
    weight 1
    bandwidth 50000000
    traffic ""
    reservation ""
  ]
  edge [
    source 2
    target 39
    key 0
    port 30
    weight 1
    bandwidth 50000000
    traffic ""
    reservation ""
  ]
  edge [
    source 2
    target 40
    key 0
    port 31
    weight 1
    bandwidth 50000000
    traffic ""
    reservation ""
  ]
  edge [
    source 2
    target 41
    key 0
    port 32
    weight 1
    bandwidth 50000000
    traffic ""
    reservation ""
  ]
  edge [
    source 2
    target 42
    key 0
    port 33
    weight 1
    bandwidth 50000000
    traffic ""
    reservation ""
  ]
  edge [
    source 2
    target 43
    key 0
    port 34
    weight 1
    bandwidth 50000000
    traffic ""
    reservation ""
  ]
  edge [
    source 2
    target 44
    key 0
    port 35
    weight 1
    bandwidth 50000000
    traffic ""
    reservation ""
  ]
  edge [
    source 2
    target 45
    key 0
    port 36
    weight 1
    bandwidth 50000000
    traffic ""
    reservation ""
  ]
  edge [
    source 2
    target 46
    key 0
    port 37
    weight 1
    bandwidth 50000000
    traffic ""
    reservation ""
  ]
  edge [
    source 2
    target 47
    key 0
    port 38
    weight 1
    bandwidth 50000000
    traffic ""
    reservation ""
  ]
  edge [
    source 2
    target 48
    key 0
    port 39
    weight 1
    bandwidth 50000000
    traffic ""
    reservation ""
  ]
  edge [
    source 2
    target 49
    key 0
    port 40
    weight 1
    bandwidth 50000000
    traffic ""
    reservation ""
  ]
  edge [
    source 2
    target 50
    key 0
    port 41
    weight 1
    bandwidth 50000000
    traffic ""
    reservation ""
  ]
  edge [
    source 2
    target 51
    key 0
    port 42
    weight 1
    bandwidth 50000000
    traffic ""
    reservation ""
  ]
  edge [
    source 2
    target 52
    key 0
    port 43
    weight 1
    bandwidth 50000000
    traffic ""
    reservation ""
  ]
  edge [
    source 2
    target 53
    key 0
    port 44
    weight 1
    bandwidth 50000000
    traffic ""
    reservation ""
  ]
  edge [
    source 2
    target 54
    key 0
    port 45
    weight 1
    bandwidth 50000000
    traffic ""
    reservation ""
  ]
  edge [
    source 2
    target 55
    key 0
    port 46
    weight 1
    bandwidth 50000000
    traffic ""
    reservation ""
  ]
  edge [
    source 2
    target 56
    key 0
    port 47
    weight 1
    bandwidth 50000000
    traffic ""
    reservation ""
  ]
  edge [
    source 2
    target 57
    key 0
    port 48
    weight 1
    bandwidth 50000000
    traffic ""
    reservation ""
  ]
  edge [
    source 2
    target 58
    key 0
    port 49
    weight 1
    bandwidth 50000000
    traffic ""
    reservation ""
  ]
  edge [
    source 2
    target 59
    key 0
    port 50
    weight 1
    bandwidth 50000000
    traffic ""
    reservation ""
  ]
  edge [
    source 2
    target 60
    key 0
    port 51
    weight 1
    bandwidth 50000000
    traffic ""
    reservation ""
  ]
  edge [
    source 2
    target 61
    key 0
    port 52
    weight 1
    bandwidth 50000000
    traffic ""
    reservation ""
  ]
  edge [
    source 2
    target 62
    key 0
    port 53
    weight 1
    bandwidth 50000000
    traffic ""
    reservation ""
  ]
  edge [
    source 2
    target 63
    key 0
    port 54
    weight 1
    bandwidth 50000000
    traffic ""
    reservation ""
  ]
  edge [
    source 2
    target 64
    key 0
    port 55
    weight 1
    bandwidth 50000000
    traffic ""
    reservation ""
  ]
  edge [
    source 2
    target 65
    key 0
    port 56
    weight 1
    bandwidth 50000000
    traffic ""
    reservation ""
  ]
  edge [
    source 2
    target 66
    key 0
    port 57
    weight 1
    bandwidth 50000000
    traffic ""
    reservation ""
  ]
  edge [
    source 2
    target 67
    key 0
    port 58
    weight 1
    bandwidth 50000000
    traffic ""
    reservation ""
  ]
  edge [
    source 2
    target 68
    key 0
    port 59
    weight 1
    bandwidth 50000000
    traffic ""
    reservation ""
  ]
  edge [
    source 2
    target 69
    key 0
    port 60
    weight 1
    bandwidth 50000000
    traffic ""
    reservation ""
  ]
  edge [
    source 2
    target 70
    key 0
    port 61
    weight 1
    bandwidth 50000000
    traffic ""
    reservation ""
  ]
  edge [
    source 2
    target 71
    key 0
    port 62
    weight 1
    bandwidth 50000000
    traffic ""
    reservation ""
  ]
  edge [
    source 2
    target 72
    key 0
    port 63
    weight 1
    bandwidth 50000000
    traffic ""
    reservation ""
  ]
  edge [
    source 2
    target 73
    key 0
    port 64
    weight 1
    bandwidth 50000000
    traffic ""
    reservation ""
  ]
  edge [
    source 2
    target 74
    key 0
    port 65
    weight 1
    bandwidth 50000000
    traffic ""
    reservation ""
  ]
  edge [
    source 2
    target 75
    key 0
    port 66
    weight 1
    bandwidth 50000000
    traffic ""
    reservation ""
  ]
  edge [
    source 2
    target 76
    key 0
    port 67
    weight 1
    bandwidth 50000000
    traffic ""
    reservation ""
  ]
  edge [
    source 2
    target 77
    key 0
    port 68
    weight 1
    bandwidth 50000000
    traffic ""
    reservation ""
  ]
  edge [
    source 2
    target 78
    key 0
    port 69
    weight 1
    bandwidth 50000000
    traffic ""
    reservation ""
  ]
  edge [
    source 2
    target 79
    key 0
    port 70
    weight 1
    bandwidth 50000000
    traffic ""
    reservation ""
  ]
  edge [
    source 2
    target 80
    key 0
    port 71
    weight 1
    bandwidth 50000000
    traffic ""
    reservation ""
  ]
  edge [
    source 2
    target 81
    key 0
    port 72
    weight 1
    bandwidth 50000000
    traffic ""
    reservation ""
  ]
  edge [
    source 2
    target 82
    key 0
    port 73
    weight 1
    bandwidth 50000000
    traffic ""
    reservation ""
  ]
  edge [
    source 2
    target 83
    key 0
    port 74
    weight 1
    bandwidth 50000000
    traffic ""
    reservation ""
  ]
  edge [
    source 2
    target 84
    key 0
    port 75
    weight 1
    bandwidth 50000000
    traffic ""
    reservation ""
  ]
  edge [
    source 2
    target 85
    key 0
    port 76
    weight 1
    bandwidth 50000000
    traffic ""
    reservation ""
  ]
  edge [
    source 2
    target 86
    key 0
    port 77
    weight 1
    bandwidth 50000000
    traffic ""
    reservation ""
  ]
  edge [
    source 2
    target 87
    key 0
    port 78
    weight 1
    bandwidth 50000000
    traffic ""
    reservation ""
  ]
  edge [
    source 2
    target 88
    key 0
    port 79
    weight 1
    bandwidth 50000000
    traffic ""
    reservation ""
  ]
  edge [
    source 2
    target 89
    key 0
    port 80
    weight 1
    bandwidth 50000000
    traffic ""
    reservation ""
  ]
  edge [
    source 2
    target 90
    key 0
    port 81
    weight 1
    bandwidth 50000000
    traffic ""
    reservation ""
  ]
  edge [
    source 2
    target 91
    key 0
    port 82
    weight 1
    bandwidth 50000000
    traffic ""
    reservation ""
  ]
  edge [
    source 2
    target 92
    key 0
    port 83
    weight 1
    bandwidth 50000000
    traffic ""
    reservation ""
  ]
  edge [
    source 3
    target 0
    key 0
    LinkType "DS-3"
    LinkLabel "45 Mbps DS-3"
    LinkNote "45 Mbps "
    bandwidth 50000000
    traffic "3500000,3500000,3500000,3500000,3500000,3500000,3500000,18000000,3500000,3500000,200000,200000,200000,200000,200000,200000,200000,200000,200000,200000,200000,200000,200000,200000,200000"
    reservation "3437000.0,3428600.0,3428600.0,3437000.0,3428600.0,3428600.0,3303650.0,16088400.0,3437000.0,3428600.0,180560.0,205820.0,196520.0,205820.0,205820.0,180560.0,170720.0,196520.0,216620.0,216620.0,216620.0,205820.0,180560.0,205820.0,180560.0"
    port 0
  ]
  edge [
    source 3
    target 2
    key 0
    LinkType "DS-3"
    LinkLabel "45 Mbps DS-3"
    LinkNote "45 Mbps "
    bandwidth 50000000
    traffic ""
    reservation ""
    port 1
  ]
  edge [
    source 3
    target 8
    key 0
    LinkType "DS-3"
    LinkLabel "45 Mbps DS-3"
    LinkNote "45 Mbps "
    bandwidth 50000000
    traffic "18000000,3500000,3500000,3500000,3500000,3500000,3500000,3500000,3500000,3500000,200000"
    reservation "16088400.0,3428600.0,3437000.0,3428600.0,3428600.0,3303650.0,3303650.0,3303650.0,3428600.0,3505250.0,216620.0"
    port 2
  ]
  edge [
    source 3
    target 4
    key 0
    LinkType "DS-3"
    LinkLabel "45 Mbps DS-3"
    LinkNote "45 Mbps "
    bandwidth 50000000
    traffic "18000000,3500000,3500000,3500000,3500000,200000,200000,200000,3500000,3500000,3500000,3500000,3500000,200000,200000,200000,200000,200000,200000,200000,200000,200000,200000,200000,200000,200000"
    reservation "16088400.0,3505250.0,3303650.0,3437000.0,3437000.0,170720.0,205820.0,170720.0,3428600.0,3428600.0,3437000.0,3303650.0,3437000.0,180560.0,216620.0,196520.0,216620.0,205820.0,170720.0,205820.0,196520.0,170720.0,205820.0,216620.0,196520.0,180560.0"
    port 3
  ]
  edge [
    source 4
    target 1
    key 0
    LinkType "DS-3"
    LinkLabel "45 Mbps DS-3"
    LinkNote "45 Mbps "
    bandwidth 50000000
    traffic "18000000,3500000,3500000,3500000,3500000,200000,200000,200000,3500000,3500000,3500000,3500000,3500000,200000,200000,200000,200000,200000,200000,200000,200000,200000,200000,200000,200000,200000"
    reservation "16088400.0,3505250.0,3303650.0,3437000.0,3437000.0,170720.0,205820.0,170720.0,3428600.0,3428600.0,3437000.0,3303650.0,3437000.0,180560.0,216620.0,196520.0,216620.0,205820.0,170720.0,205820.0,196520.0,170720.0,205820.0,216620.0,196520.0,180560.0"
    port 0
  ]
  edge [
    source 4
    target 3
    key 0
    LinkType "DS-3"
    LinkLabel "45 Mbps DS-3"
    LinkNote "45 Mbps "
    bandwidth 50000000
    traffic "3500000,3500000,3500000,3500000,3500000,3500000,3500000,3500000,3500000"
    reservation "3437000.0,3428600.0,3428600.0,3437000.0,3428600.0,3428600.0,3303650.0,3437000.0,3428600.0"
    port 1
  ]
  edge [
    source 4
    target 5
    key 0
    LinkType "DS-3"
    LinkLabel "45 Mbps DS-3"
    LinkNote "45 Mbps "
    bandwidth 50000000
    traffic "18000000,3500000"
    reservation "18572400.0,3428600.0"
    port 2
  ]
  edge [
    source 4
    target 6
    key 0
    LinkType "DS-3"
    LinkLabel "45 Mbps DS-3"
    LinkNote "45 Mbps "
    bandwidth 50000000
    traffic "18000000"
    reservation "16088400.0"
    port 3
  ]
  edge [
    source 4
    target 7
    key 0
    LinkType "DS-3"
    LinkLabel "45 Mbps DS-3"
    LinkNote "45 Mbps "
    bandwidth 50000000
    traffic ""
    reservation ""
    port 4
  ]
  edge [
    source 5
    target 1
    key 0
    LinkType "DS-3"
    LinkLabel "45 Mbps DS-3"
    LinkNote "45 Mbps "
    bandwidth 50000000
    traffic ""
    reservation ""
    port 0
  ]
  edge [
    source 5
    target 4
    key 0
    LinkType "DS-3"
    LinkLabel "45 Mbps DS-3"
    LinkNote "45 Mbps "
    bandwidth 50000000
    traffic "18000000,3500000"
    reservation "16088400.0,3428600.0"
    port 1
  ]
  edge [
    source 5
    target 6
    key 0
    LinkType "DS-3"
    LinkLabel "45 Mbps DS-3"
    LinkNote "45 Mbps "
    bandwidth 50000000
    traffic "18000000,18000000,3500000,3500000,3500000,3500000"
    reservation "16088400.0,18572400.0,3505250.0,3303650.0,3437000.0,3437000.0"
    port 2
  ]
  edge [
    source 5
    target 7
    key 0
    LinkType "DS-3"
    LinkLabel "45 Mbps DS-3"
    LinkNote "45 Mbps "
    bandwidth 50000000
    traffic "3500000,3500000,3500000,3500000,3500000,3500000"
    reservation "3428600.0,3428600.0,3428600.0,3437000.0,3303650.0,3437000.0"
    port 3
  ]
  edge [
    source 6
    target 1
    key 0
    LinkType "DS-3"
    LinkLabel "45 Mbps DS-3"
    LinkNote "45 Mbps "
    bandwidth 50000000
    traffic "3500000,3500000,3500000,3500000,3500000,3500000,3500000,3500000,200000,3500000,200000,200000,200000,200000,200000,200000,200000,200000,200000,200000,200000,200000,200000,200000,200000"
    reservation "3428600.0,3437000.0,3428600.0,3428600.0,3303650.0,3303650.0,3303650.0,3428600.0,180560.0,3505250.0,205820.0,196520.0,205820.0,205820.0,205820.0,216620.0,216620.0,205820.0,180560.0,180560.0,216620.0,180560.0,205820.0,205820.0,216620.0"
    port 0
  ]
  edge [
    source 6
    target 4
    key 0
    LinkType "DS-3"
    LinkLabel "45 Mbps DS-3"
    LinkNote "45 Mbps "
    bandwidth 50000000
    traffic ""
    reservation ""
    port 1
  ]
  edge [
    source 6
    target 5
    key 0
    LinkType "DS-3"
    LinkLabel "45 Mbps DS-3"
    LinkNote "45 Mbps "
    bandwidth 50000000
    traffic "3500000,3500000,3500000,3500000,3500000"
    reservation "3428600.0,3428600.0,3437000.0,3303650.0,3437000.0"
    port 2
  ]
  edge [
    source 6
    target 8
    key 0
    LinkType "DS-3"
    LinkLabel "45 Mbps DS-3"
    LinkNote "45 Mbps "
    bandwidth 50000000
    traffic ""
    reservation ""
    port 3
  ]
  edge [
    source 6
    target 7
    key 0
    LinkType "DS-3"
    LinkLabel "45 Mbps DS-3"
    LinkNote "45 Mbps "
    bandwidth 50000000
    traffic "3500000,3500000,3500000,3500000"
    reservation "3505250.0,3303650.0,3437000.0,3437000.0"
    port 4
  ]
  edge [
    source 6
    target 11
    key 0
    port 5
    weight 1
    bandwidth 350000000
    traffic "18000000,18000000,18000000,18000000"
    reservation "16088400.0,18572400.0,16088400.0,16088400.0"
  ]
  edge [
    source 7
    target 0
    key 0
    LinkType "DS-3"
    LinkLabel "45 Mbps DS-3"
    LinkNote "45 Mbps "
    bandwidth 50000000
    traffic ""
    reservation ""
    port 0
  ]
  edge [
    source 7
    target 1
    key 0
    LinkType "DS-3"
    LinkLabel "45 Mbps DS-3"
    LinkNote "45 Mbps "
    bandwidth 50000000
    traffic "18000000,200000,200000,200000,200000,200000,200000,200000,200000,200000,200000,200000,200000,200000,200000,200000"
    reservation "16088400.0,180560.0,170720.0,196520.0,216620.0,216620.0,216620.0,205820.0,180560.0,205820.0,180560.0,216620.0,216620.0,205820.0,205820.0,205820.0"
    port 1
  ]
  edge [
    source 7
    target 4
    key 0
    LinkType "DS-3"
    LinkLabel "45 Mbps DS-3"
    LinkNote "45 Mbps "
    bandwidth 50000000
    traffic ""
    reservation ""
    port 2
  ]
  edge [
    source 7
    target 5
    key 0
    LinkType "DS-3"
    LinkLabel "45 Mbps DS-3"
    LinkNote "45 Mbps "
    bandwidth 50000000
    traffic ""
    reservation ""
    port 3
  ]
  edge [
    source 7
    target 6
    key 0
    LinkType "DS-3"
    LinkLabel "45 Mbps DS-3"
    LinkNote "45 Mbps "
    bandwidth 50000000
    traffic ""
    reservation ""
    port 4
  ]
  edge [
    source 7
    target 9
    key 0
    port 5
    weight 1
    bandwidth 350000000
    traffic "3500000,3500000,3500000,3500000,3500000,3500000,3500000,3500000,3500000,3500000,3500000,3500000,3500000,3500000,3500000,3500000,3500000,3500000,3500000,3500000,3500000,3500000,3500000,3500000,3500000,3500000,3500000"
    reservation "3505250.0,3303650.0,3437000.0,3437000.0,3428600.0,3437000.0,3428600.0,3428600.0,3437000.0,3428600.0,3428600.0,3303650.0,3437000.0,3428600.0,3437000.0,3428600.0,3428600.0,3303650.0,3303650.0,3303650.0,3428600.0,3505250.0,3428600.0,3428600.0,3437000.0,3303650.0,3437000.0"
  ]
  edge [
    source 8
    target 0
    key 0
    LinkType "DS-3"
    LinkLabel "45 Mbps DS-3"
    LinkNote "45 Mbps "
    bandwidth 50000000
    traffic "3500000,3500000,3500000,3500000,200000,200000,200000,200000,200000,200000,200000,200000,200000,200000,200000,200000,200000,200000,200000,200000,200000,200000"
    reservation "3428600.0,3437000.0,3303650.0,3437000.0,216620.0,180560.0,216620.0,196520.0,216620.0,205820.0,170720.0,205820.0,196520.0,170720.0,205820.0,216620.0,196520.0,180560.0,216620.0,205820.0,205820.0,205820.0"
    port 0
  ]
  edge [
    source 8
    target 2
    key 0
    LinkType "DS-3"
    LinkLabel "45 Mbps DS-3"
    LinkNote "45 Mbps "
    bandwidth 50000000
    traffic "18000000"
    reservation "18572400.0"
    port 1
  ]
  edge [
    source 8
    target 3
    key 0
    LinkType "DS-3"
    LinkLabel "45 Mbps DS-3"
    LinkNote "45 Mbps "
    bandwidth 50000000
    traffic "18000000,3500000,3500000,3500000,3500000,200000,200000,200000"
    reservation "16088400.0,3505250.0,3303650.0,3437000.0,3437000.0,170720.0,205820.0,170720.0"
    port 2
  ]
  edge [
    source 8
    target 6
    key 0
    LinkType "DS-3"
    LinkLabel "45 Mbps DS-3"
    LinkNote "45 Mbps "
    bandwidth 50000000
    traffic "18000000,3500000,3500000,3500000,3500000,3500000,3500000,3500000,3500000,200000,3500000,200000,200000,200000,200000,200000,200000,200000,200000,200000,200000,200000,200000,200000,200000,200000"
    reservation "16088400.0,3428600.0,3437000.0,3428600.0,3428600.0,3303650.0,3303650.0,3303650.0,3428600.0,180560.0,3505250.0,205820.0,196520.0,205820.0,205820.0,205820.0,216620.0,216620.0,205820.0,180560.0,180560.0,216620.0,180560.0,205820.0,205820.0,216620.0"
    port 3
  ]
  edge [
    source 9
    target 7
    key 0
    port 0
    weight 1
    bandwidth 350000000
    traffic ""
    reservation ""
  ]
  edge [
    source 10
    target 1
    key 0
    port 0
    weight 1
    bandwidth 350000000
    traffic ""
    reservation ""
  ]
  edge [
    source 11
    target 6
    key 0
    port 0
    weight 1
    bandwidth 350000000
    traffic ""
    reservation ""
  ]
  edge [
    source 12
    target 2
    key 0
    port 0
    weight 1
    bandwidth 50000000
    traffic "18000000"
    reservation "16088400.0"
  ]
  edge [
    source 13
    target 0
    key 0
    port 0
    weight 1
    bandwidth 50000000
    traffic "18000000"
    reservation "18572400.0"
  ]
  edge [
    source 14
    target 2
    key 0
    port 0
    weight 1
    bandwidth 50000000
    traffic "3500000"
    reservation "3505250.0"
  ]
  edge [
    source 15
    target 2
    key 0
    port 0
    weight 1
    bandwidth 50000000
    traffic "18000000"
    reservation "16088400.0"
  ]
  edge [
    source 16
    target 2
    key 0
    port 0
    weight 1
    bandwidth 50000000
    traffic "3500000"
    reservation "3303650.0"
  ]
  edge [
    source 17
    target 2
    key 0
    port 0
    weight 1
    bandwidth 50000000
    traffic "3500000"
    reservation "3437000.0"
  ]
  edge [
    source 18
    target 2
    key 0
    port 0
    weight 1
    bandwidth 50000000
    traffic "3500000"
    reservation "3437000.0"
  ]
  edge [
    source 19
    target 2
    key 0
    port 0
    weight 1
    bandwidth 50000000
    traffic "200000"
    reservation "170720.0"
  ]
  edge [
    source 20
    target 2
    key 0
    port 0
    weight 1
    bandwidth 50000000
    traffic "3500000"
    reservation "3428600.0"
  ]
  edge [
    source 21
    target 2
    key 0
    port 0
    weight 1
    bandwidth 50000000
    traffic "3500000"
    reservation "3437000.0"
  ]
  edge [
    source 22
    target 2
    key 0
    port 0
    weight 1
    bandwidth 50000000
    traffic "3500000"
    reservation "3428600.0"
  ]
  edge [
    source 23
    target 2
    key 0
    port 0
    weight 1
    bandwidth 50000000
    traffic "3500000"
    reservation "3428600.0"
  ]
  edge [
    source 24
    target 2
    key 0
    port 0
    weight 1
    bandwidth 50000000
    traffic "200000"
    reservation "205820.0"
  ]
  edge [
    source 25
    target 2
    key 0
    port 0
    weight 1
    bandwidth 50000000
    traffic "3500000"
    reservation "3437000.0"
  ]
  edge [
    source 26
    target 2
    key 0
    port 0
    weight 1
    bandwidth 50000000
    traffic "3500000"
    reservation "3428600.0"
  ]
  edge [
    source 27
    target 2
    key 0
    port 0
    weight 1
    bandwidth 50000000
    traffic "3500000"
    reservation "3428600.0"
  ]
  edge [
    source 28
    target 2
    key 0
    port 0
    weight 1
    bandwidth 50000000
    traffic "3500000"
    reservation "3303650.0"
  ]
  edge [
    source 29
    target 2
    key 0
    port 0
    weight 1
    bandwidth 50000000
    traffic "18000000"
    reservation "16088400.0"
  ]
  edge [
    source 30
    target 2
    key 0
    port 0
    weight 1
    bandwidth 50000000
    traffic "200000"
    reservation "170720.0"
  ]
  edge [
    source 31
    target 2
    key 0
    port 0
    weight 1
    bandwidth 50000000
    traffic "3500000"
    reservation "3437000.0"
  ]
  edge [
    source 32
    target 2
    key 0
    port 0
    weight 1
    bandwidth 50000000
    traffic "3500000"
    reservation "3428600.0"
  ]
  edge [
    source 33
    target 2
    key 0
    port 0
    weight 1
    bandwidth 50000000
    traffic "200000"
    reservation "170720.0"
  ]
  edge [
    source 34
    target 2
    key 0
    port 0
    weight 1
    bandwidth 50000000
    traffic "3500000"
    reservation "3437000.0"
  ]
  edge [
    source 35
    target 2
    key 0
    port 0
    weight 1
    bandwidth 50000000
    traffic "3500000"
    reservation "3428600.0"
  ]
  edge [
    source 36
    target 2
    key 0
    port 0
    weight 1
    bandwidth 50000000
    traffic "3500000"
    reservation "3428600.0"
  ]
  edge [
    source 37
    target 2
    key 0
    port 0
    weight 1
    bandwidth 50000000
    traffic "3500000"
    reservation "3303650.0"
  ]
  edge [
    source 38
    target 2
    key 0
    port 0
    weight 1
    bandwidth 50000000
    traffic "3500000"
    reservation "3303650.0"
  ]
  edge [
    source 39
    target 2
    key 0
    port 0
    weight 1
    bandwidth 50000000
    traffic "200000"
    reservation "180560.0"
  ]
  edge [
    source 40
    target 2
    key 0
    port 0
    weight 1
    bandwidth 50000000
    traffic "200000"
    reservation "196520.0"
  ]
  edge [
    source 41
    target 2
    key 0
    port 0
    weight 1
    bandwidth 50000000
    traffic "3500000"
    reservation "3303650.0"
  ]
  edge [
    source 42
    target 2
    key 0
    port 0
    weight 1
    bandwidth 50000000
    traffic "3500000"
    reservation "3428600.0"
  ]
  edge [
    source 43
    target 2
    key 0
    port 0
    weight 1
    bandwidth 50000000
    traffic "200000"
    reservation "180560.0"
  ]
  edge [
    source 44
    target 2
    key 0
    port 0
    weight 1
    bandwidth 50000000
    traffic "3500000"
    reservation "3505250.0"
  ]
  edge [
    source 45
    target 2
    key 0
    port 0
    weight 1
    bandwidth 50000000
    traffic "3500000"
    reservation "3428600.0"
  ]
  edge [
    source 46
    target 2
    key 0
    port 0
    weight 1
    bandwidth 50000000
    traffic "3500000"
    reservation "3428600.0"
  ]
  edge [
    source 47
    target 2
    key 0
    port 0
    weight 1
    bandwidth 50000000
    traffic "3500000"
    reservation "3437000.0"
  ]
  edge [
    source 48
    target 2
    key 0
    port 0
    weight 1
    bandwidth 50000000
    traffic "3500000"
    reservation "3303650.0"
  ]
  edge [
    source 49
    target 2
    key 0
    port 0
    weight 1
    bandwidth 50000000
    traffic "200000"
    reservation "205820.0"
  ]
  edge [
    source 50
    target 2
    key 0
    port 0
    weight 1
    bandwidth 50000000
    traffic "3500000"
    reservation "3437000.0"
  ]
  edge [
    source 51
    target 2
    key 0
    port 0
    weight 1
    bandwidth 50000000
    traffic "200000"
    reservation "196520.0"
  ]
  edge [
    source 52
    target 2
    key 0
    port 0
    weight 1
    bandwidth 50000000
    traffic "200000"
    reservation "205820.0"
  ]
  edge [
    source 53
    target 2
    key 0
    port 0
    weight 1
    bandwidth 50000000
    traffic "200000"
    reservation "205820.0"
  ]
  edge [
    source 54
    target 2
    key 0
    port 0
    weight 1
    bandwidth 50000000
    traffic "200000"
    reservation "180560.0"
  ]
  edge [
    source 55
    target 2
    key 0
    port 0
    weight 1
    bandwidth 50000000
    traffic "200000"
    reservation "170720.0"
  ]
  edge [
    source 56
    target 2
    key 0
    port 0
    weight 1
    bandwidth 50000000
    traffic "200000"
    reservation "196520.0"
  ]
  edge [
    source 57
    target 2
    key 0
    port 0
    weight 1
    bandwidth 50000000
    traffic "200000"
    reservation "216620.0"
  ]
  edge [
    source 58
    target 2
    key 0
    port 0
    weight 1
    bandwidth 50000000
    traffic "200000"
    reservation "216620.0"
  ]
  edge [
    source 59
    target 2
    key 0
    port 0
    weight 1
    bandwidth 50000000
    traffic "200000"
    reservation "216620.0"
  ]
  edge [
    source 60
    target 2
    key 0
    port 0
    weight 1
    bandwidth 50000000
    traffic "200000"
    reservation "205820.0"
  ]
  edge [
    source 61
    target 2
    key 0
    port 0
    weight 1
    bandwidth 50000000
    traffic "200000"
    reservation "180560.0"
  ]
  edge [
    source 62
    target 2
    key 0
    port 0
    weight 1
    bandwidth 50000000
    traffic "200000"
    reservation "205820.0"
  ]
  edge [
    source 63
    target 2
    key 0
    port 0
    weight 1
    bandwidth 50000000
    traffic "200000"
    reservation "180560.0"
  ]
  edge [
    source 64
    target 2
    key 0
    port 0
    weight 1
    bandwidth 50000000
    traffic "200000"
    reservation "216620.0"
  ]
  edge [
    source 65
    target 2
    key 0
    port 0
    weight 1
    bandwidth 50000000
    traffic "200000"
    reservation "180560.0"
  ]
  edge [
    source 66
    target 2
    key 0
    port 0
    weight 1
    bandwidth 50000000
    traffic "200000"
    reservation "216620.0"
  ]
  edge [
    source 67
    target 2
    key 0
    port 0
    weight 1
    bandwidth 50000000
    traffic "200000"
    reservation "196520.0"
  ]
  edge [
    source 68
    target 2
    key 0
    port 0
    weight 1
    bandwidth 50000000
    traffic "200000"
    reservation "216620.0"
  ]
  edge [
    source 69
    target 2
    key 0
    port 0
    weight 1
    bandwidth 50000000
    traffic "200000"
    reservation "205820.0"
  ]
  edge [
    source 70
    target 2
    key 0
    port 0
    weight 1
    bandwidth 50000000
    traffic "200000"
    reservation "170720.0"
  ]
  edge [
    source 71
    target 2
    key 0
    port 0
    weight 1
    bandwidth 50000000
    traffic "200000"
    reservation "205820.0"
  ]
  edge [
    source 72
    target 2
    key 0
    port 0
    weight 1
    bandwidth 50000000
    traffic "200000"
    reservation "196520.0"
  ]
  edge [
    source 73
    target 2
    key 0
    port 0
    weight 1
    bandwidth 50000000
    traffic "200000"
    reservation "170720.0"
  ]
  edge [
    source 74
    target 2
    key 0
    port 0
    weight 1
    bandwidth 50000000
    traffic "200000"
    reservation "205820.0"
  ]
  edge [
    source 75
    target 2
    key 0
    port 0
    weight 1
    bandwidth 50000000
    traffic "200000"
    reservation "216620.0"
  ]
  edge [
    source 76
    target 2
    key 0
    port 0
    weight 1
    bandwidth 50000000
    traffic "200000"
    reservation "196520.0"
  ]
  edge [
    source 77
    target 2
    key 0
    port 0
    weight 1
    bandwidth 50000000
    traffic "200000"
    reservation "180560.0"
  ]
  edge [
    source 78
    target 2
    key 0
    port 0
    weight 1
    bandwidth 50000000
    traffic "200000"
    reservation "216620.0"
  ]
  edge [
    source 79
    target 2
    key 0
    port 0
    weight 1
    bandwidth 50000000
    traffic "200000"
    reservation "205820.0"
  ]
  edge [
    source 80
    target 2
    key 0
    port 0
    weight 1
    bandwidth 50000000
    traffic "200000"
    reservation "205820.0"
  ]
  edge [
    source 81
    target 2
    key 0
    port 0
    weight 1
    bandwidth 50000000
    traffic "200000"
    reservation "205820.0"
  ]
  edge [
    source 82
    target 2
    key 0
    port 0
    weight 1
    bandwidth 50000000
    traffic "200000"
    reservation "205820.0"
  ]
  edge [
    source 83
    target 2
    key 0
    port 0
    weight 1
    bandwidth 50000000
    traffic "200000"
    reservation "216620.0"
  ]
  edge [
    source 84
    target 2
    key 0
    port 0
    weight 1
    bandwidth 50000000
    traffic "200000"
    reservation "216620.0"
  ]
  edge [
    source 85
    target 2
    key 0
    port 0
    weight 1
    bandwidth 50000000
    traffic "200000"
    reservation "205820.0"
  ]
  edge [
    source 86
    target 2
    key 0
    port 0
    weight 1
    bandwidth 50000000
    traffic "200000"
    reservation "180560.0"
  ]
  edge [
    source 87
    target 2
    key 0
    port 0
    weight 1
    bandwidth 50000000
    traffic "200000"
    reservation "180560.0"
  ]
  edge [
    source 88
    target 2
    key 0
    port 0
    weight 1
    bandwidth 50000000
    traffic "200000"
    reservation "216620.0"
  ]
  edge [
    source 89
    target 2
    key 0
    port 0
    weight 1
    bandwidth 50000000
    traffic "200000"
    reservation "180560.0"
  ]
  edge [
    source 90
    target 2
    key 0
    port 0
    weight 1
    bandwidth 50000000
    traffic "200000"
    reservation "205820.0"
  ]
  edge [
    source 91
    target 2
    key 0
    port 0
    weight 1
    bandwidth 50000000
    traffic "200000"
    reservation "205820.0"
  ]
  edge [
    source 92
    target 2
    key 0
    port 0
    weight 1
    bandwidth 50000000
    traffic "200000"
    reservation "216620.0"
  ]
]
