graph [
  directed 1
  multigraph 1
  GeoLocation "Washington State, USA"
  GeoExtent "Region"
  Network "Noel Communications "
  Provenance "Primary"
  Access 0
  Source "http://noelcommunications.com/network.html"
  Version "1.0"
  Type "COM"
  DateType "Dynamic"
  Backbone 1
  Commercial 0
  label "Noel"
  ToolsetVersion "0.3.34dev-20120328"
  Customer 0
  IX 0
  SourceGitVersion "e278b1b"
  DateModifier "="
  DateMonth "08"
  LastAccess "3/08/10"
  Layer "IP"
  Creator "Topology Zoo Toolset"
  Developed 1
  Transit 0
  NetworkDate "2010_08"
  DateYear "2010"
  LastProcessed "2011_09_01"
  Testbed 0
  levelsToS 70
  node [
    id 0
    label "0"
    Country "United States"
    Longitude -117.42605
    Internal 1
    Latitude 47.65878
    type "destination_mmtc"
    schedulingPolicy "FIFO"
    levelsQoS "1"
    schedulingWeights "-"
    tosToQoSqueue "0,1,2,3,4,5,6,7,8,9,10,11,12,13,14,15,16,17,18,19,20,21,22,23,24,25,26,27,28,29,30,31,32,33,34,35,36,37,38,39,40,41,42,43,44,45,46,47,48,49,50,51,52,53,54,55,56,57,58,59,60,61,62,63,64,65,66,67,68,69"
    queueSizes "32"
  ]
  node [
    id 1
    label "1"
    Country "United States"
    Longitude -116.78047
    Internal 1
    Latitude 47.67768
    type "inner"
    schedulingPolicy "WFQ"
    tosToQoSqueue "0,1,2,3,4,5,6,7,8,9,10,11,12,13,14,15,16,17,18,19,20,21,22,23,24,25,26,27,28,29,30,31,32,33,34,35,36,37,38,39,40,41,42,43,44,45,46,47,48,49,50,51,52,53,54,55,56,57,58,59,60,61,62,63,64,65,66,67,68,69"
    schedulingWeights "100"
    levelsQoS 1
    queueSizes "32"
  ]
  node [
    id 2
    label "2"
    Country "United States"
    Longitude -120.31035
    Internal 1
    Latitude 47.42346
    type "destination_embb"
    schedulingPolicy "FIFO"
    levelsQoS "1"
    schedulingWeights "-"
    tosToQoSqueue "0,1,2,3,4,5,6,7,8,9,10,11,12,13,14,15,16,17,18,19,20,21,22,23,24,25,26,27,28,29,30,31,32,33,34,35,36,37,38,39,40,41,42,43,44,45,46,47,48,49,50,51,52,53,54,55,56,57,58,59,60,61,62,63,64,65,66,67,68,69"
    queueSizes "32"
  ]
  node [
    id 3
    label "3"
    Country "United States"
    Longitude -119.17529
    Internal 1
    Latitude 46.82597
    type "antenna"
    schedulingPolicy "WFQ"
    tosToQoSqueue "32,33;34;36,37;26;29;27;28;30;25,35;47;44;43;54;24;23,0,1,2,3,4,5,6,7,8,9,10,11,12,13,14,15,16,17,18,19,20,21,22,31,38,39,40,41,42,45,46,48,49,50,51,52,53,55,56,57,58,59,60,61,62,63,64,65,66,67,68,69"
    schedulingWeights "0.001,0.001,16.008,0.001,0.001,0.001,0.001,0.001,7.886,0.429,0.4,0.436,0.35,34.769,39.715;12.988,7.502,0.001,6.255,7.645,6.357,7.802,6.899,7.886,0.001,0.001,0.001,0.001,0.001,36.66;0.001,0.001,0.001,0.001,0.001,0.001,0.001,0.001,0.001,0.001,0.001,0.001,0.001,0.001,99.986"
    levelsQoS 15
    queueSizes "32,32,32,32,32,32,32,32,32,32,32,32,32,32,32"
  ]
  node [
    id 4
    label "4"
    Country "United States"
    Longitude -118.34302
    Internal 1
    Latitude 46.06458
    type "inner"
    schedulingPolicy "WFQ"
    tosToQoSqueue "32,33;26;29;27;28;30;25;49;59;56,57;69;61;54,55;58;48,60;23,0,1,2,3,4,5,6,7,8,9,10,11,12,13,14,15,16,17,18,19,20,21,22,24,31,34,35,36,37,38,39,40,41,42,43,44,45,46,47,50,51,52,53,62,63,64,65,66,67,68"
    schedulingWeights "12.988,6.255,7.645,6.357,7.802,6.899,7.886,0.424,0.429,0.8,0.369,0.426,0.7,0.442,0.876,39.702;0.001,0.001,0.001,0.001,0.001,0.001,0.001,0.001,0.001,0.001,0.001,0.001,0.001,0.001,0.001,99.985"
    levelsQoS 16
    queueSizes "32,32,32,32,32,32,32,32,32,32,32,32,32,32,32,32"
  ]
  node [
    id 5
    label "5"
    Country "United States"
    Longitude -119.10057
    Internal 1
    Latitude 46.23958
    type "antenna"
    schedulingPolicy "WFQ"
    tosToQoSqueue "32,33;34;42;26,40;29;27,53;28,39,50;51;30;25,45;49;59;56,57;66,67,68;69;63,65;61;54,55;58;48,60,62,64;52;23,0,1,2,3,4,5,6,7,8,9,10,11,12,13,14,15,16,17,18,19,20,21,22,24,31,35,36,37,38,41,43,44,46,47"
    schedulingWeights "12.988,0.001,0.001,6.255,7.645,6.357,7.802,0.001,6.899,7.886,0.424,0.429,0.8,0.001,0.369,0.001,0.426,0.7,0.442,0.876,0.001,39.696;0.001,7.502,7.447,6.255,0.001,6.357,15.604,6.771,0.001,7.886,0.001,0.001,0.001,1.309,0.001,0.918,0.001,0.001,0.001,0.876,34.769,4.295;0.001,0.001,0.001,0.001,0.001,0.001,0.001,0.001,0.001,0.001,0.001,0.001,0.001,0.001,0.001,0.001,0.001,0.001,0.001,0.001,0.001,99.979;0.001,0.001,0.001,0.001,0.001,0.001,0.001,0.001,0.001,0.001,0.001,0.001,0.001,0.001,0.001,0.001,0.001,0.001,0.001,0.001,0.001,99.979;0.001,0.001,0.001,0.001,0.001,0.001,0.001,0.001,0.001,0.001,0.001,0.001,0.001,0.001,0.001,0.001,0.001,0.001,0.001,0.001,0.001,99.979;0.001,0.001,0.001,0.001,0.001,0.001,0.001,0.001,0.001,0.001,0.001,0.001,0.001,0.001,0.001,0.001,0.001,0.001,0.001,0.001,0.001,99.979;0.001,0.001,0.001,0.001,0.001,0.001,0.001,0.001,0.001,0.001,0.001,0.001,0.001,0.001,0.001,0.001,0.001,0.001,0.001,0.001,0.001,99.979;0.001,0.001,0.001,0.001,0.001,0.001,0.001,0.001,0.001,0.001,0.001,0.001,0.001,0.001,0.001,0.001,0.001,0.001,0.001,0.001,0.001,99.979;0.001,0.001,0.001,0.001,0.001,0.001,0.001,0.001,0.001,0.001,0.001,0.001,0.001,0.001,0.001,0.001,0.001,0.001,0.001,0.001,0.001,99.979;0.001,0.001,0.001,0.001,0.001,0.001,0.001,0.001,0.001,0.001,0.001,0.001,0.001,0.001,0.001,0.001,0.001,0.001,0.001,0.001,0.001,99.979;0.001,0.001,0.001,0.001,0.001,0.001,0.001,0.001,0.001,0.001,0.001,0.001,0.001,0.001,0.001,0.001,0.001,0.001,0.001,0.001,0.001,99.979;0.001,0.001,0.001,0.001,0.001,0.001,0.001,0.001,0.001,0.001,0.001,0.001,0.001,0.001,0.001,0.001,0.001,0.001,0.001,0.001,0.001,99.979;0.001,0.001,0.001,0.001,0.001,0.001,0.001,0.001,0.001,0.001,0.001,0.001,0.001,0.001,0.001,0.001,0.001,0.001,0.001,0.001,0.001,99.979;0.001,0.001,0.001,0.001,0.001,0.001,0.001,0.001,0.001,0.001,0.001,0.001,0.001,0.001,0.001,0.001,0.001,0.001,0.001,0.001,0.001,99.979;0.001,0.001,0.001,0.001,0.001,0.001,0.001,0.001,0.001,0.001,0.001,0.001,0.001,0.001,0.001,0.001,0.001,0.001,0.001,0.001,0.001,99.979;0.001,0.001,0.001,0.001,0.001,0.001,0.001,0.001,0.001,0.001,0.001,0.001,0.001,0.001,0.001,0.001,0.001,0.001,0.001,0.001,0.001,99.979;0.001,0.001,0.001,0.001,0.001,0.001,0.001,0.001,0.001,0.001,0.001,0.001,0.001,0.001,0.001,0.001,0.001,0.001,0.001,0.001,0.001,99.979;0.001,0.001,0.001,0.001,0.001,0.001,0.001,0.001,0.001,0.001,0.001,0.001,0.001,0.001,0.001,0.001,0.001,0.001,0.001,0.001,0.001,99.979;0.001,0.001,0.001,0.001,0.001,0.001,0.001,0.001,0.001,0.001,0.001,0.001,0.001,0.001,0.001,0.001,0.001,0.001,0.001,0.001,0.001,99.979;0.001,0.001,0.001,0.001,0.001,0.001,0.001,0.001,0.001,0.001,0.001,0.001,0.001,0.001,0.001,0.001,0.001,0.001,0.001,0.001,0.001,99.979;0.001,0.001,0.001,0.001,0.001,0.001,0.001,0.001,0.001,0.001,0.001,0.001,0.001,0.001,0.001,0.001,0.001,0.001,0.001,0.001,0.001,99.979;0.001,0.001,0.001,0.001,0.001,0.001,0.001,0.001,0.001,0.001,0.001,0.001,0.001,0.001,0.001,0.001,0.001,0.001,0.001,0.001,0.001,99.979;0.001,0.001,0.001,0.001,0.001,0.001,0.001,0.001,0.001,0.001,0.001,0.001,0.001,0.001,0.001,0.001,0.001,0.001,0.001,0.001,0.001,99.979;0.001,0.001,0.001,0.001,0.001,0.001,0.001,0.001,0.001,0.001,0.001,0.001,0.001,0.001,0.001,0.001,0.001,0.001,0.001,0.001,0.001,99.979"
    levelsQoS 22
    queueSizes "32,32,32,32,32,32,32,32,32,32,32,32,32,32,32,32,32,32,32,32,32,32"
  ]
  node [
    id 6
    label "6"
    Country "United States"
    Longitude -117.17962
    Internal 1
    Latitude 46.73127
    type "inner"
    schedulingPolicy "WFQ"
    tosToQoSqueue "0,1,2,3,4,5,6,7,8,9,10,11,12,13,14,15,16,17,18,19,20,21,22,23,24,25,26,27,28,29,30,31,32,33,34,35,36,37,38,39,40,41,42,43,44,45,46,47,48,49,50,51,52,53,54,55,56,57,58,59,60,61,62,63,64,65,66,67,68,69"
    schedulingWeights "100;100"
    levelsQoS 1
    queueSizes "32"
  ]
  node [
    id 7
    label "7"
    Country "United States"
    Longitude -117.01766
    Internal 1
    Latitude 46.41655
    type "inner"
    schedulingPolicy "WFQ"
    tosToQoSqueue "0,1,2,3,4,5,6,7,8,9,10,11,12,13,14,15,16,17,18,19,20,21,22,23,24,25,26,27,28,29,30,31,32,33,34,35,36,37,38,39,40,41,42,43,44,45,46,47,48,49,50,51,52,53,54,55,56,57,58,59,60,61,62,63,64,65,66,67,68,69"
    schedulingWeights "100"
    levelsQoS 1
    queueSizes "32"
  ]
  node [
    id 8
    label "8"
    Country "United States"
    Longitude -119.13723
    Internal 1
    Latitude 46.21125
    type "inner"
    schedulingPolicy "WFQ"
    tosToQoSqueue "32,33;34;42;26,40;29;27,53;28,39,50;51;30;25,45;49;59;56,57;66,67,68;69;63,65;61;54,55;58;48,60,62,64;52;23,0,1,2,3,4,5,6,7,8,9,10,11,12,13,14,15,16,17,18,19,20,21,22,24,31,35,36,37,38,41,43,44,46,47"
    schedulingWeights "0.001,0.001,0.001,0.001,0.001,0.001,0.001,0.001,0.001,0.001,0.001,0.001,0.001,0.001,0.001,0.001,0.001,0.001,0.001,0.001,0.001,99.979;0.001,0.001,0.001,0.001,0.001,0.001,0.001,0.001,0.001,0.001,0.001,0.001,0.001,0.001,0.001,0.001,0.001,0.001,0.001,0.001,0.001,99.979;0.001,0.001,0.001,0.001,0.001,6.357,7.802,6.771,0.001,0.001,0.001,0.001,0.001,0.001,0.001,0.001,0.001,0.35,0.001,0.001,34.769,43.935;12.988,7.502,7.447,12.509,7.645,6.357,15.604,0.001,6.899,15.772,0.424,0.429,0.8,1.309,0.369,0.918,0.426,0.35,0.442,1.752,0.001,0.055"
    levelsQoS 22
    queueSizes "32,32,32,32,32,32,32,32,32,32,32,32,32,32,32,32,32,32,32,32,32,32"
  ]
  node [
    id 9
    label "9"
    Country "United States"
    Longitude -120.5059
    Internal 1
    Latitude 46.60207
    type "inner"
    schedulingPolicy "WFQ"
    tosToQoSqueue "32,33;46;34;36,37;42;26,40;29;27,53;28,39,50;51;30;25,35,45;49;47;44;43;54;48;52;23;41,0,1,2,3,4,5,6,7,8,9,10,11,12,13,14,15,16,17,18,19,20,21,22,24,31,38,55,56,57,58,59,60,61,62,63,64,65,66,67,68,69"
    schedulingWeights "0.001,0.001,0.001,16.008,0.001,0.001,0.001,0.001,0.001,0.001,0.001,7.886,0.001,0.429,0.4,0.436,0.35,0.001,0.001,39.661,34.816;12.988,0.001,7.502,0.001,7.447,12.509,7.645,6.357,15.604,0.001,6.899,15.772,0.424,0.001,0.001,0.001,0.001,0.438,0.001,0.001,6.405;0.001,0.001,0.001,0.001,0.001,0.001,0.001,0.001,0.001,0.001,0.001,0.001,0.001,0.001,0.001,0.001,0.001,0.001,0.001,0.001,99.98;0.001,0.001,0.001,0.001,0.001,0.001,0.001,0.001,0.001,0.001,0.001,0.001,0.001,0.001,0.001,0.001,0.001,0.001,0.001,0.001,99.98;0.001,7.657,0.001,0.001,0.001,0.001,0.001,6.357,7.802,6.771,0.001,0.001,0.001,0.001,0.001,0.001,0.001,0.001,34.769,0.001,36.628"
    levelsQoS 21
    queueSizes "32,32,32,32,32,32,32,32,32,32,32,32,32,32,32,32,32,32,32,32,32"
  ]
  node [
    id 10
    label "10"
    Country "United States"
    Longitude -120.54785
    Internal 1
    Latitude 46.99651
    type "antenna"
    schedulingPolicy "WFQ"
    tosToQoSqueue "32,33;46;34;36,37;42;26,40;29;27;28,39;30;25,35,45;49;47;44;31,43;38,48;22;41,0,1,2,3,4,5,6,7,8,9,10,11,12,13,14,15,16,17,18,19,20,21,23,24,50,51,52,53,54,55,56,57,58,59,60,61,62,63,64,65,66,67,68,69"
    schedulingWeights "12.988,0.001,7.502,0.001,0.001,6.255,7.645,6.357,7.802,6.899,7.886,0.001,0.001,0.001,0.436,0.438,35.536,0.25;0.001,7.657,0.001,16.008,7.447,6.255,0.001,0.001,7.802,0.001,15.772,0.424,0.429,0.4,0.436,0.438,0.001,36.925;0.001,0.001,0.001,0.001,0.001,0.001,0.001,0.001,0.001,0.001,0.001,0.001,0.001,0.001,0.001,0.001,0.001,99.983;0.001,0.001,0.001,0.001,0.001,0.001,0.001,0.001,0.001,0.001,0.001,0.001,0.001,0.001,0.001,0.001,0.001,99.983;0.001,0.001,0.001,0.001,0.001,0.001,0.001,0.001,0.001,0.001,0.001,0.001,0.001,0.001,0.001,0.001,0.001,99.983;0.001,0.001,0.001,0.001,0.001,0.001,0.001,0.001,0.001,0.001,0.001,0.001,0.001,0.001,0.001,0.001,0.001,99.983;0.001,0.001,0.001,0.001,0.001,0.001,0.001,0.001,0.001,0.001,0.001,0.001,0.001,0.001,0.001,0.001,0.001,99.983;0.001,0.001,0.001,0.001,0.001,0.001,0.001,0.001,0.001,0.001,0.001,0.001,0.001,0.001,0.001,0.001,0.001,99.983;0.001,0.001,0.001,0.001,0.001,0.001,0.001,0.001,0.001,0.001,0.001,0.001,0.001,0.001,0.001,0.001,0.001,99.983;0.001,0.001,0.001,0.001,0.001,0.001,0.001,0.001,0.001,0.001,0.001,0.001,0.001,0.001,0.001,0.001,0.001,99.983;0.001,0.001,0.001,0.001,0.001,0.001,0.001,0.001,0.001,0.001,0.001,0.001,0.001,0.001,0.001,0.001,0.001,99.983;0.001,0.001,0.001,0.001,0.001,0.001,0.001,0.001,0.001,0.001,0.001,0.001,0.001,0.001,0.001,0.001,0.001,99.983;0.001,0.001,0.001,0.001,0.001,0.001,0.001,0.001,0.001,0.001,0.001,0.001,0.001,0.001,0.001,0.001,0.001,99.983;0.001,0.001,0.001,0.001,0.001,0.001,0.001,0.001,0.001,0.001,0.001,0.001,0.001,0.001,0.001,0.001,0.001,99.983;0.001,0.001,0.001,0.001,0.001,0.001,0.001,0.001,0.001,0.001,0.001,0.001,0.001,0.001,0.001,0.001,0.001,99.983;0.001,0.001,0.001,0.001,0.001,0.001,0.001,0.001,0.001,0.001,0.001,0.001,0.001,0.001,0.001,0.001,0.001,99.983;0.001,0.001,0.001,0.001,0.001,0.001,0.001,0.001,0.001,0.001,0.001,0.001,0.001,0.001,0.001,0.001,0.001,99.983;0.001,0.001,0.001,0.001,0.001,0.001,0.001,0.001,0.001,0.001,0.001,0.001,0.001,0.001,0.001,0.001,0.001,99.983;0.001,0.001,0.001,0.001,0.001,0.001,0.001,0.001,0.001,0.001,0.001,0.001,0.001,0.001,0.001,0.001,0.001,99.983;0.001,0.001,0.001,0.001,0.001,0.001,0.001,0.001,0.001,0.001,0.001,0.001,0.001,0.001,0.001,0.001,0.001,99.983;0.001,0.001,0.001,0.001,0.001,0.001,0.001,0.001,0.001,0.001,0.001,0.001,0.001,0.001,0.001,0.001,0.001,99.983;0.001,0.001,0.001,0.001,0.001,0.001,0.001,0.001,0.001,0.001,0.001,0.001,0.001,0.001,0.001,0.001,0.001,99.983;0.001,0.001,0.001,0.001,0.001,0.001,0.001,0.001,0.001,0.001,0.001,0.001,0.001,0.001,0.001,0.001,0.001,99.983;0.001,0.001,0.001,0.001,0.001,0.001,0.001,0.001,0.001,0.001,0.001,0.001,0.001,0.001,0.001,0.001,0.001,99.983;0.001,0.001,0.001,0.001,0.001,0.001,0.001,0.001,0.001,0.001,0.001,0.001,0.001,0.001,0.001,0.001,0.001,99.983;0.001,0.001,0.001,0.001,0.001,0.001,0.001,0.001,0.001,0.001,0.001,0.001,0.001,0.001,0.001,0.001,0.001,99.983;0.001,0.001,0.001,0.001,0.001,0.001,0.001,0.001,0.001,0.001,0.001,0.001,0.001,0.001,0.001,0.001,0.001,99.983;0.001,0.001,0.001,0.001,0.001,0.001,0.001,0.001,0.001,0.001,0.001,0.001,0.001,0.001,0.001,0.001,0.001,99.983"
    levelsQoS 18
    queueSizes "32,32,32,32,32,32,32,32,32,32,32,32,32,32,32,32,32,32"
  ]
  node [
    id 11
    label "11"
    Country "Canada"
    Longitude -123.11934
    Internal 1
    Latitude 49.24966
    type "destination_urllc"
    schedulingPolicy "FIFO"
    levelsQoS "1"
    schedulingWeights "-"
    tosToQoSqueue "0,1,2,3,4,5,6,7,8,9,10,11,12,13,14,15,16,17,18,19,20,21,22,23,24,25,26,27,28,29,30,31,32,33,34,35,36,37,38,39,40,41,42,43,44,45,46,47,48,49,50,51,52,53,54,55,56,57,58,59,60,61,62,63,64,65,66,67,68,69"
    queueSizes "32"
  ]
  node [
    id 12
    label "12"
    Country "United States"
    Longitude -122.48822
    Internal 1
    Latitude 48.75955
    type "inner"
    schedulingPolicy "WFQ"
    tosToQoSqueue "46;42;40;53;50;51;45,0,1,2,3,4,5,6,7,8,9,10,11,12,13,14,15,16,17,18,19,20,21,22,23,24,25,26,27,28,29,30,31,32,33,34,35,36,37,38,39,41,43,44,47,48,49,52,54,55,56,57,58,59,60,61,62,63,64,65,66,67,68,69"
    schedulingWeights "7.657,7.447,6.255,6.357,7.802,6.771,57.71;0.001,0.001,0.001,0.001,0.001,0.001,99.994"
    levelsQoS 7
    queueSizes "32,32,32,32,32,32,32"
  ]
  node [
    id 13
    label "13"
    Country "United States"
    Longitude -122.33405
    Internal 1
    Latitude 48.42122
    type "inner"
    schedulingPolicy "WFQ"
    tosToQoSqueue "46;42;40;53;50;51;45,0,1,2,3,4,5,6,7,8,9,10,11,12,13,14,15,16,17,18,19,20,21,22,23,24,25,26,27,28,29,30,31,32,33,34,35,36,37,38,39,41,43,44,47,48,49,52,54,55,56,57,58,59,60,61,62,63,64,65,66,67,68,69"
    schedulingWeights "7.657,7.447,6.255,6.357,7.802,6.771,57.71;0.001,0.001,0.001,0.001,0.001,0.001,99.994"
    levelsQoS 7
    queueSizes "32,32,32,32,32,32,32"
  ]
  node [
    id 14
    label "14"
    Country "United States"
    Longitude -122.20208
    Internal 1
    Latitude 47.97898
    type "inner"
    schedulingPolicy "WFQ"
    tosToQoSqueue "46;42;40;53;50;51;45,0,1,2,3,4,5,6,7,8,9,10,11,12,13,14,15,16,17,18,19,20,21,22,23,24,25,26,27,28,29,30,31,32,33,34,35,36,37,38,39,41,43,44,47,48,49,52,54,55,56,57,58,59,60,61,62,63,64,65,66,67,68,69"
    schedulingWeights "7.657,7.447,6.255,6.357,7.802,6.771,57.71;0.001,0.001,0.001,0.001,0.001,0.001,99.994"
    levelsQoS 7
    queueSizes "32,32,32,32,32,32,32"
  ]
  node [
    id 15
    label "15"
    Country "United States"
    Longitude -122.3377
    Internal 1
    Latitude 47.6129
    type "inner"
    schedulingPolicy "WFQ"
    tosToQoSqueue "32,33;46;34;36,37;42;26,40;29;27,53;28,39,50;51;30;25,35,45;49;59;56,57;66,67,68;69;63,65;61;55;58;48,60,62,64;52;41,0,1,2,3,4,5,6,7,8,9,10,11,12,13,14,15,16,17,18,19,20,21,22,23,24,31,38,43,44,47,54"
    schedulingWeights "0.001,0.001,0.001,0.001,0.001,0.001,0.001,0.001,0.001,0.001,0.001,0.001,0.424,0.429,0.8,1.309,0.369,0.918,0.426,0.35,0.442,1.752,34.769,58.0;0.001,0.001,0.001,0.001,0.001,0.001,0.001,0.001,0.001,0.001,0.001,0.001,0.001,0.001,0.001,0.001,0.001,0.001,0.001,0.001,0.001,0.001,0.001,99.977;12.988,0.001,7.502,16.008,0.001,6.255,7.645,6.357,15.604,0.001,6.899,15.772,0.001,0.001,0.001,0.001,0.001,0.001,0.001,0.001,0.001,0.001,0.001,4.956;0.001,7.657,0.001,0.001,7.447,6.255,0.001,6.357,7.802,6.771,0.001,7.886,0.001,0.001,0.001,0.001,0.001,0.001,0.001,0.001,0.001,0.001,0.001,49.808;0.001,0.001,0.001,0.001,0.001,0.001,0.001,0.001,0.001,0.001,0.001,0.001,0.001,0.001,0.001,0.001,0.001,0.001,0.001,0.001,0.001,0.001,0.001,99.977;0.001,0.001,0.001,0.001,0.001,0.001,0.001,0.001,0.001,0.001,0.001,0.001,0.001,0.001,0.001,0.001,0.001,0.001,0.001,0.001,0.001,0.001,0.001,99.977"
    levelsQoS 24
    queueSizes "32,32,32,32,32,32,32,32,32,32,32,32,32,32,32,32,32,32,32,32,32,32,32,32"
  ]
  node [
    id 16
    label "16"
    Country "United States"
    Longitude -122.44429
    Internal 1
    Latitude 47.25288
    type "inner"
    schedulingPolicy "WFQ"
    tosToQoSqueue "0,1,2,3,4,5,6,7,8,9,10,11,12,13,14,15,16,17,18,19,20,21,22,23,24,25,26,27,28,29,30,31,32,33,34,35,36,37,38,39,40,41,42,43,44,45,46,47,48,49,50,51,52,53,54,55,56,57,58,59,60,61,62,63,64,65,66,67,68,69"
    schedulingWeights "100;100"
    levelsQoS 1
    queueSizes "32"
  ]
  node [
    id 17
    label "17"
    Country "United States"
    Longitude -122.9007
    Internal 1
    Latitude 47.03787
    type "inner"
    schedulingPolicy "WFQ"
    tosToQoSqueue "0,1,2,3,4,5,6,7,8,9,10,11,12,13,14,15,16,17,18,19,20,21,22,23,24,25,26,27,28,29,30,31,32,33,34,35,36,37,38,39,40,41,42,43,44,45,46,47,48,49,50,51,52,53,54,55,56,57,58,59,60,61,62,63,64,65,66,67,68,69"
    schedulingWeights "100;100"
    levelsQoS 1
    queueSizes "32"
  ]
  node [
    id 18
    label "18"
    Country "United States"
    Longitude -122.67621
    Internal 1
    Latitude 45.52345
    type "inner"
    schedulingPolicy "WFQ"
    tosToQoSqueue "32,33;34;42;26,40;29;27;28,39;30;25,45;49;59;56,57;66,67,68;69;63,65;61;55;58;48,60,62,64,0,1,2,3,4,5,6,7,8,9,10,11,12,13,14,15,16,17,18,19,20,21,22,23,24,31,35,36,37,38,41,43,44,46,47,50,51,52,53,54"
    schedulingWeights "0.001,0.001,0.001,0.001,0.001,0.001,0.001,0.001,0.001,0.001,0.001,0.001,0.001,0.001,0.001,0.001,0.001,0.001,99.982;12.988,7.502,7.447,12.509,7.645,6.357,15.604,6.899,15.772,0.424,0.429,0.8,1.309,0.369,0.918,0.426,0.35,0.442,1.808;0.001,0.001,0.001,0.001,0.001,0.001,0.001,0.001,0.001,0.001,0.001,0.001,0.001,0.001,0.001,0.001,0.001,0.001,99.982"
    levelsQoS 19
    queueSizes "32,32,32,32,32,32,32,32,32,32,32,32,32,32,32,32,32,32,32"
  ]
  node [
    id 19
    label "19"
    schedulingPolicy "FIFO"
    levelsQoS "1"
    schedulingWeights "-"
    tosToQoSqueue "0,1,2,3,4,5,6,7,8,9,10,11,12,13,14,15,16,17,18,19,20,21,22,23,24,25,26,27,28,29,30,31,32,33,34,35,36,37,38,39,40,41,42,43,44,45,46,47,48,49,50,51,52,53,54,55,56,57,58,59,60,61,62,63,64,65,66,67,68,69"
    queueSizes "32"
    type "destination_urllc"
  ]
  node [
    id 20
    label "20"
    schedulingPolicy "FIFO"
    levelsQoS "1"
    schedulingWeights "-"
    tosToQoSqueue "0,1,2,3,4,5,6,7,8,9,10,11,12,13,14,15,16,17,18,19,20,21,22,23,24,25,26,27,28,29,30,31,32,33,34,35,36,37,38,39,40,41,42,43,44,45,46,47,48,49,50,51,52,53,54,55,56,57,58,59,60,61,62,63,64,65,66,67,68,69"
    queueSizes "32"
    type "destination_mmtc"
  ]
  node [
    id 21
    label "21"
    schedulingPolicy "FIFO"
    levelsQoS "1"
    schedulingWeights "-"
    tosToQoSqueue "0,1,2,3,4,5,6,7,8,9,10,11,12,13,14,15,16,17,18,19,20,21,22,23,24,25,26,27,28,29,30,31,32,33,34,35,36,37,38,39,40,41,42,43,44,45,46,47,48,49,50,51,52,53,54,55,56,57,58,59,60,61,62,63,64,65,66,67,68,69"
    queueSizes "32"
    type "destination_embb"
  ]
  node [
    id 22
    label "22"
    schedulingPolicy "FIFO"
    levelsQoS "1"
    schedulingWeights "-"
    tosToQoSqueue "0,1,2,3,4,5,6,7,8,9,10,11,12,13,14,15,16,17,18,19,20,21,22,23,24,25,26,27,28,29,30,31,32,33,34,35,36,37,38,39,40,41,42,43,44,45,46,47,48,49,50,51,52,53,54,55,56,57,58,59,60,61,62,63,64,65,66,67,68,69"
    queueSizes "32"
    type "origin_embb"
    reservation 17767800.0
  ]
  node [
    id 23
    label "23"
    schedulingPolicy "FIFO"
    levelsQoS "1"
    schedulingWeights "-"
    tosToQoSqueue "0,1,2,3,4,5,6,7,8,9,10,11,12,13,14,15,16,17,18,19,20,21,22,23,24,25,26,27,28,29,30,31,32,33,34,35,36,37,38,39,40,41,42,43,44,45,46,47,48,49,50,51,52,53,54,55,56,57,58,59,60,61,62,63,64,65,66,67,68,69"
    queueSizes "32"
    type "origin_embb"
    reservation 19830600.0
  ]
  node [
    id 24
    label "24"
    schedulingPolicy "FIFO"
    levelsQoS "1"
    schedulingWeights "-"
    tosToQoSqueue "0,1,2,3,4,5,6,7,8,9,10,11,12,13,14,15,16,17,18,19,20,21,22,23,24,25,26,27,28,29,30,31,32,33,34,35,36,37,38,39,40,41,42,43,44,45,46,47,48,49,50,51,52,53,54,55,56,57,58,59,60,61,62,63,64,65,66,67,68,69"
    queueSizes "32"
    type "origin_embb"
    reservation 17384400.0
  ]
  node [
    id 25
    label "25"
    schedulingPolicy "FIFO"
    levelsQoS "1"
    schedulingWeights "-"
    tosToQoSqueue "0,1,2,3,4,5,6,7,8,9,10,11,12,13,14,15,16,17,18,19,20,21,22,23,24,25,26,27,28,29,30,31,32,33,34,35,36,37,38,39,40,41,42,43,44,45,46,47,48,49,50,51,52,53,54,55,56,57,58,59,60,61,62,63,64,65,66,67,68,69"
    queueSizes "32"
    type "origin_urllc"
    reservation 3943100.0
  ]
  node [
    id 26
    label "26"
    schedulingPolicy "FIFO"
    levelsQoS "1"
    schedulingWeights "-"
    tosToQoSqueue "0,1,2,3,4,5,6,7,8,9,10,11,12,13,14,15,16,17,18,19,20,21,22,23,24,25,26,27,28,29,30,31,32,33,34,35,36,37,38,39,40,41,42,43,44,45,46,47,48,49,50,51,52,53,54,55,56,57,58,59,60,61,62,63,64,65,66,67,68,69"
    queueSizes "32"
    type "origin_urllc"
    reservation 3127250.0
  ]
  node [
    id 27
    label "27"
    schedulingPolicy "FIFO"
    levelsQoS "1"
    schedulingWeights "-"
    tosToQoSqueue "0,1,2,3,4,5,6,7,8,9,10,11,12,13,14,15,16,17,18,19,20,21,22,23,24,25,26,27,28,29,30,31,32,33,34,35,36,37,38,39,40,41,42,43,44,45,46,47,48,49,50,51,52,53,54,55,56,57,58,59,60,61,62,63,64,65,66,67,68,69"
    queueSizes "32"
    type "origin_urllc"
    reservation 3178700.0
  ]
  node [
    id 28
    label "28"
    schedulingPolicy "FIFO"
    levelsQoS "1"
    schedulingWeights "-"
    tosToQoSqueue "0,1,2,3,4,5,6,7,8,9,10,11,12,13,14,15,16,17,18,19,20,21,22,23,24,25,26,27,28,29,30,31,32,33,34,35,36,37,38,39,40,41,42,43,44,45,46,47,48,49,50,51,52,53,54,55,56,57,58,59,60,61,62,63,64,65,66,67,68,69"
    queueSizes "32"
    type "origin_urllc"
    reservation 3901100.0
  ]
  node [
    id 29
    label "29"
    schedulingPolicy "FIFO"
    levelsQoS "1"
    schedulingWeights "-"
    tosToQoSqueue "0,1,2,3,4,5,6,7,8,9,10,11,12,13,14,15,16,17,18,19,20,21,22,23,24,25,26,27,28,29,30,31,32,33,34,35,36,37,38,39,40,41,42,43,44,45,46,47,48,49,50,51,52,53,54,55,56,57,58,59,60,61,62,63,64,65,66,67,68,69"
    queueSizes "32"
    type "origin_urllc"
    reservation 3822350.0
  ]
  node [
    id 30
    label "30"
    schedulingPolicy "FIFO"
    levelsQoS "1"
    schedulingWeights "-"
    tosToQoSqueue "0,1,2,3,4,5,6,7,8,9,10,11,12,13,14,15,16,17,18,19,20,21,22,23,24,25,26,27,28,29,30,31,32,33,34,35,36,37,38,39,40,41,42,43,44,45,46,47,48,49,50,51,52,53,54,55,56,57,58,59,60,61,62,63,64,65,66,67,68,69"
    queueSizes "32"
    type "origin_urllc"
    reservation 3449600.0
  ]
  node [
    id 31
    label "31"
    schedulingPolicy "FIFO"
    levelsQoS "1"
    schedulingWeights "-"
    tosToQoSqueue "0,1,2,3,4,5,6,7,8,9,10,11,12,13,14,15,16,17,18,19,20,21,22,23,24,25,26,27,28,29,30,31,32,33,34,35,36,37,38,39,40,41,42,43,44,45,46,47,48,49,50,51,52,53,54,55,56,57,58,59,60,61,62,63,64,65,66,67,68,69"
    queueSizes "32"
    type "origin_mmtc"
    reservation 218180.0
  ]
  node [
    id 32
    label "32"
    schedulingPolicy "FIFO"
    levelsQoS "1"
    schedulingWeights "-"
    tosToQoSqueue "0,1,2,3,4,5,6,7,8,9,10,11,12,13,14,15,16,17,18,19,20,21,22,23,24,25,26,27,28,29,30,31,32,33,34,35,36,37,38,39,40,41,42,43,44,45,46,47,48,49,50,51,52,53,54,55,56,57,58,59,60,61,62,63,64,65,66,67,68,69"
    queueSizes "32"
    type "origin_urllc"
    reservation 3246950.0
  ]
  node [
    id 33
    label "33"
    schedulingPolicy "FIFO"
    levelsQoS "1"
    schedulingWeights "-"
    tosToQoSqueue "0,1,2,3,4,5,6,7,8,9,10,11,12,13,14,15,16,17,18,19,20,21,22,23,24,25,26,27,28,29,30,31,32,33,34,35,36,37,38,39,40,41,42,43,44,45,46,47,48,49,50,51,52,53,54,55,56,57,58,59,60,61,62,63,64,65,66,67,68,69"
    queueSizes "32"
    type "origin_urllc"
    reservation 3246950.0
  ]
  node [
    id 34
    label "34"
    schedulingPolicy "FIFO"
    levelsQoS "1"
    schedulingWeights "-"
    tosToQoSqueue "0,1,2,3,4,5,6,7,8,9,10,11,12,13,14,15,16,17,18,19,20,21,22,23,24,25,26,27,28,29,30,31,32,33,34,35,36,37,38,39,40,41,42,43,44,45,46,47,48,49,50,51,52,53,54,55,56,57,58,59,60,61,62,63,64,65,66,67,68,69"
    queueSizes "32"
    type "origin_urllc"
    reservation 3750950.0
  ]
  node [
    id 35
    label "35"
    schedulingPolicy "FIFO"
    levelsQoS "1"
    schedulingWeights "-"
    tosToQoSqueue "0,1,2,3,4,5,6,7,8,9,10,11,12,13,14,15,16,17,18,19,20,21,22,23,24,25,26,27,28,29,30,31,32,33,34,35,36,37,38,39,40,41,42,43,44,45,46,47,48,49,50,51,52,53,54,55,56,57,58,59,60,61,62,63,64,65,66,67,68,69"
    queueSizes "32"
    type "origin_urllc"
    reservation 3943100.0
  ]
  node [
    id 36
    label "36"
    schedulingPolicy "FIFO"
    levelsQoS "1"
    schedulingWeights "-"
    tosToQoSqueue "0,1,2,3,4,5,6,7,8,9,10,11,12,13,14,15,16,17,18,19,20,21,22,23,24,25,26,27,28,29,30,31,32,33,34,35,36,37,38,39,40,41,42,43,44,45,46,47,48,49,50,51,52,53,54,55,56,57,58,59,60,61,62,63,64,65,66,67,68,69"
    queueSizes "32"
    type "origin_urllc"
    reservation 4001900.0
  ]
  node [
    id 37
    label "37"
    schedulingPolicy "FIFO"
    levelsQoS "1"
    schedulingWeights "-"
    tosToQoSqueue "0,1,2,3,4,5,6,7,8,9,10,11,12,13,14,15,16,17,18,19,20,21,22,23,24,25,26,27,28,29,30,31,32,33,34,35,36,37,38,39,40,41,42,43,44,45,46,47,48,49,50,51,52,53,54,55,56,57,58,59,60,61,62,63,64,65,66,67,68,69"
    queueSizes "32"
    type "origin_urllc"
    reservation 4001900.0
  ]
  node [
    id 38
    label "38"
    schedulingPolicy "FIFO"
    levelsQoS "1"
    schedulingWeights "-"
    tosToQoSqueue "0,1,2,3,4,5,6,7,8,9,10,11,12,13,14,15,16,17,18,19,20,21,22,23,24,25,26,27,28,29,30,31,32,33,34,35,36,37,38,39,40,41,42,43,44,45,46,47,48,49,50,51,52,53,54,55,56,57,58,59,60,61,62,63,64,65,66,67,68,69"
    queueSizes "32"
    type "origin_mmtc"
    reservation 218960.0
  ]
  node [
    id 39
    label "39"
    schedulingPolicy "FIFO"
    levelsQoS "1"
    schedulingWeights "-"
    tosToQoSqueue "0,1,2,3,4,5,6,7,8,9,10,11,12,13,14,15,16,17,18,19,20,21,22,23,24,25,26,27,28,29,30,31,32,33,34,35,36,37,38,39,40,41,42,43,44,45,46,47,48,49,50,51,52,53,54,55,56,57,58,59,60,61,62,63,64,65,66,67,68,69"
    queueSizes "32"
    type "origin_urllc"
    reservation 3901100.0
  ]
  node [
    id 40
    label "40"
    schedulingPolicy "FIFO"
    levelsQoS "1"
    schedulingWeights "-"
    tosToQoSqueue "0,1,2,3,4,5,6,7,8,9,10,11,12,13,14,15,16,17,18,19,20,21,22,23,24,25,26,27,28,29,30,31,32,33,34,35,36,37,38,39,40,41,42,43,44,45,46,47,48,49,50,51,52,53,54,55,56,57,58,59,60,61,62,63,64,65,66,67,68,69"
    queueSizes "32"
    type "origin_urllc"
    reservation 3127250.0
  ]
  node [
    id 41
    label "41"
    schedulingPolicy "FIFO"
    levelsQoS "1"
    schedulingWeights "-"
    tosToQoSqueue "0,1,2,3,4,5,6,7,8,9,10,11,12,13,14,15,16,17,18,19,20,21,22,23,24,25,26,27,28,29,30,31,32,33,34,35,36,37,38,39,40,41,42,43,44,45,46,47,48,49,50,51,52,53,54,55,56,57,58,59,60,61,62,63,64,65,66,67,68,69"
    queueSizes "32"
    type "origin_embb"
    reservation 18259200.0
  ]
  node [
    id 42
    label "42"
    schedulingPolicy "FIFO"
    levelsQoS "1"
    schedulingWeights "-"
    tosToQoSqueue "0,1,2,3,4,5,6,7,8,9,10,11,12,13,14,15,16,17,18,19,20,21,22,23,24,25,26,27,28,29,30,31,32,33,34,35,36,37,38,39,40,41,42,43,44,45,46,47,48,49,50,51,52,53,54,55,56,57,58,59,60,61,62,63,64,65,66,67,68,69"
    queueSizes "32"
    type "origin_urllc"
    reservation 3723650.0
  ]
  node [
    id 43
    label "43"
    schedulingPolicy "FIFO"
    levelsQoS "1"
    schedulingWeights "-"
    tosToQoSqueue "0,1,2,3,4,5,6,7,8,9,10,11,12,13,14,15,16,17,18,19,20,21,22,23,24,25,26,27,28,29,30,31,32,33,34,35,36,37,38,39,40,41,42,43,44,45,46,47,48,49,50,51,52,53,54,55,56,57,58,59,60,61,62,63,64,65,66,67,68,69"
    queueSizes "32"
    type "origin_mmtc"
    reservation 218180.0
  ]
  node [
    id 44
    label "44"
    schedulingPolicy "FIFO"
    levelsQoS "1"
    schedulingWeights "-"
    tosToQoSqueue "0,1,2,3,4,5,6,7,8,9,10,11,12,13,14,15,16,17,18,19,20,21,22,23,24,25,26,27,28,29,30,31,32,33,34,35,36,37,38,39,40,41,42,43,44,45,46,47,48,49,50,51,52,53,54,55,56,57,58,59,60,61,62,63,64,65,66,67,68,69"
    queueSizes "32"
    type "origin_mmtc"
    reservation 199940.0
  ]
  node [
    id 45
    label "45"
    schedulingPolicy "FIFO"
    levelsQoS "1"
    schedulingWeights "-"
    tosToQoSqueue "0,1,2,3,4,5,6,7,8,9,10,11,12,13,14,15,16,17,18,19,20,21,22,23,24,25,26,27,28,29,30,31,32,33,34,35,36,37,38,39,40,41,42,43,44,45,46,47,48,49,50,51,52,53,54,55,56,57,58,59,60,61,62,63,64,65,66,67,68,69"
    queueSizes "32"
    type "origin_urllc"
    reservation 3943100.0
  ]
  node [
    id 46
    label "46"
    schedulingPolicy "FIFO"
    levelsQoS "1"
    schedulingWeights "-"
    tosToQoSqueue "0,1,2,3,4,5,6,7,8,9,10,11,12,13,14,15,16,17,18,19,20,21,22,23,24,25,26,27,28,29,30,31,32,33,34,35,36,37,38,39,40,41,42,43,44,45,46,47,48,49,50,51,52,53,54,55,56,57,58,59,60,61,62,63,64,65,66,67,68,69"
    queueSizes "32"
    type "origin_urllc"
    reservation 3828650.0
  ]
  node [
    id 47
    label "47"
    schedulingPolicy "FIFO"
    levelsQoS "1"
    schedulingWeights "-"
    tosToQoSqueue "0,1,2,3,4,5,6,7,8,9,10,11,12,13,14,15,16,17,18,19,20,21,22,23,24,25,26,27,28,29,30,31,32,33,34,35,36,37,38,39,40,41,42,43,44,45,46,47,48,49,50,51,52,53,54,55,56,57,58,59,60,61,62,63,64,65,66,67,68,69"
    queueSizes "32"
    type "origin_mmtc"
    reservation 214700.0
  ]
  node [
    id 48
    label "48"
    schedulingPolicy "FIFO"
    levelsQoS "1"
    schedulingWeights "-"
    tosToQoSqueue "0,1,2,3,4,5,6,7,8,9,10,11,12,13,14,15,16,17,18,19,20,21,22,23,24,25,26,27,28,29,30,31,32,33,34,35,36,37,38,39,40,41,42,43,44,45,46,47,48,49,50,51,52,53,54,55,56,57,58,59,60,61,62,63,64,65,66,67,68,69"
    queueSizes "32"
    type "origin_mmtc"
    reservation 218960.0
  ]
  node [
    id 49
    label "49"
    schedulingPolicy "FIFO"
    levelsQoS "1"
    schedulingWeights "-"
    tosToQoSqueue "0,1,2,3,4,5,6,7,8,9,10,11,12,13,14,15,16,17,18,19,20,21,22,23,24,25,26,27,28,29,30,31,32,33,34,35,36,37,38,39,40,41,42,43,44,45,46,47,48,49,50,51,52,53,54,55,56,57,58,59,60,61,62,63,64,65,66,67,68,69"
    queueSizes "32"
    type "origin_mmtc"
    reservation 212000.0
  ]
  node [
    id 50
    label "50"
    schedulingPolicy "FIFO"
    levelsQoS "1"
    schedulingWeights "-"
    tosToQoSqueue "0,1,2,3,4,5,6,7,8,9,10,11,12,13,14,15,16,17,18,19,20,21,22,23,24,25,26,27,28,29,30,31,32,33,34,35,36,37,38,39,40,41,42,43,44,45,46,47,48,49,50,51,52,53,54,55,56,57,58,59,60,61,62,63,64,65,66,67,68,69"
    queueSizes "32"
    type "origin_urllc"
    reservation 3901100.0
  ]
  node [
    id 51
    label "51"
    schedulingPolicy "FIFO"
    levelsQoS "1"
    schedulingWeights "-"
    tosToQoSqueue "0,1,2,3,4,5,6,7,8,9,10,11,12,13,14,15,16,17,18,19,20,21,22,23,24,25,26,27,28,29,30,31,32,33,34,35,36,37,38,39,40,41,42,43,44,45,46,47,48,49,50,51,52,53,54,55,56,57,58,59,60,61,62,63,64,65,66,67,68,69"
    queueSizes "32"
    type "origin_urllc"
    reservation 3385550.0
  ]
  node [
    id 52
    label "52"
    schedulingPolicy "FIFO"
    levelsQoS "1"
    schedulingWeights "-"
    tosToQoSqueue "0,1,2,3,4,5,6,7,8,9,10,11,12,13,14,15,16,17,18,19,20,21,22,23,24,25,26,27,28,29,30,31,32,33,34,35,36,37,38,39,40,41,42,43,44,45,46,47,48,49,50,51,52,53,54,55,56,57,58,59,60,61,62,63,64,65,66,67,68,69"
    queueSizes "32"
    type "origin_embb"
    reservation 17384400.0
  ]
  node [
    id 53
    label "53"
    schedulingPolicy "FIFO"
    levelsQoS "1"
    schedulingWeights "-"
    tosToQoSqueue "0,1,2,3,4,5,6,7,8,9,10,11,12,13,14,15,16,17,18,19,20,21,22,23,24,25,26,27,28,29,30,31,32,33,34,35,36,37,38,39,40,41,42,43,44,45,46,47,48,49,50,51,52,53,54,55,56,57,58,59,60,61,62,63,64,65,66,67,68,69"
    queueSizes "32"
    type "origin_urllc"
    reservation 3178700.0
  ]
  node [
    id 54
    label "54"
    schedulingPolicy "FIFO"
    levelsQoS "1"
    schedulingWeights "-"
    tosToQoSqueue "0,1,2,3,4,5,6,7,8,9,10,11,12,13,14,15,16,17,18,19,20,21,22,23,24,25,26,27,28,29,30,31,32,33,34,35,36,37,38,39,40,41,42,43,44,45,46,47,48,49,50,51,52,53,54,55,56,57,58,59,60,61,62,63,64,65,66,67,68,69"
    queueSizes "32"
    type "origin_mmtc"
    reservation 174980.0
  ]
  node [
    id 55
    label "55"
    schedulingPolicy "FIFO"
    levelsQoS "1"
    schedulingWeights "-"
    tosToQoSqueue "0,1,2,3,4,5,6,7,8,9,10,11,12,13,14,15,16,17,18,19,20,21,22,23,24,25,26,27,28,29,30,31,32,33,34,35,36,37,38,39,40,41,42,43,44,45,46,47,48,49,50,51,52,53,54,55,56,57,58,59,60,61,62,63,64,65,66,67,68,69"
    queueSizes "32"
    type "origin_mmtc"
    reservation 174980.0
  ]
  node [
    id 56
    label "56"
    schedulingPolicy "FIFO"
    levelsQoS "1"
    schedulingWeights "-"
    tosToQoSqueue "0,1,2,3,4,5,6,7,8,9,10,11,12,13,14,15,16,17,18,19,20,21,22,23,24,25,26,27,28,29,30,31,32,33,34,35,36,37,38,39,40,41,42,43,44,45,46,47,48,49,50,51,52,53,54,55,56,57,58,59,60,61,62,63,64,65,66,67,68,69"
    queueSizes "32"
    type "origin_mmtc"
    reservation 199940.0
  ]
  node [
    id 57
    label "57"
    schedulingPolicy "FIFO"
    levelsQoS "1"
    schedulingWeights "-"
    tosToQoSqueue "0,1,2,3,4,5,6,7,8,9,10,11,12,13,14,15,16,17,18,19,20,21,22,23,24,25,26,27,28,29,30,31,32,33,34,35,36,37,38,39,40,41,42,43,44,45,46,47,48,49,50,51,52,53,54,55,56,57,58,59,60,61,62,63,64,65,66,67,68,69"
    queueSizes "32"
    type "origin_mmtc"
    reservation 199940.0
  ]
  node [
    id 58
    label "58"
    schedulingPolicy "FIFO"
    levelsQoS "1"
    schedulingWeights "-"
    tosToQoSqueue "0,1,2,3,4,5,6,7,8,9,10,11,12,13,14,15,16,17,18,19,20,21,22,23,24,25,26,27,28,29,30,31,32,33,34,35,36,37,38,39,40,41,42,43,44,45,46,47,48,49,50,51,52,53,54,55,56,57,58,59,60,61,62,63,64,65,66,67,68,69"
    queueSizes "32"
    type "origin_mmtc"
    reservation 221000.0
  ]
  node [
    id 59
    label "59"
    schedulingPolicy "FIFO"
    levelsQoS "1"
    schedulingWeights "-"
    tosToQoSqueue "0,1,2,3,4,5,6,7,8,9,10,11,12,13,14,15,16,17,18,19,20,21,22,23,24,25,26,27,28,29,30,31,32,33,34,35,36,37,38,39,40,41,42,43,44,45,46,47,48,49,50,51,52,53,54,55,56,57,58,59,60,61,62,63,64,65,66,67,68,69"
    queueSizes "32"
    type "origin_mmtc"
    reservation 214700.0
  ]
  node [
    id 60
    label "60"
    schedulingPolicy "FIFO"
    levelsQoS "1"
    schedulingWeights "-"
    tosToQoSqueue "0,1,2,3,4,5,6,7,8,9,10,11,12,13,14,15,16,17,18,19,20,21,22,23,24,25,26,27,28,29,30,31,32,33,34,35,36,37,38,39,40,41,42,43,44,45,46,47,48,49,50,51,52,53,54,55,56,57,58,59,60,61,62,63,64,65,66,67,68,69"
    queueSizes "32"
    type "origin_mmtc"
    reservation 218960.0
  ]
  node [
    id 61
    label "61"
    schedulingPolicy "FIFO"
    levelsQoS "1"
    schedulingWeights "-"
    tosToQoSqueue "0,1,2,3,4,5,6,7,8,9,10,11,12,13,14,15,16,17,18,19,20,21,22,23,24,25,26,27,28,29,30,31,32,33,34,35,36,37,38,39,40,41,42,43,44,45,46,47,48,49,50,51,52,53,54,55,56,57,58,59,60,61,62,63,64,65,66,67,68,69"
    queueSizes "32"
    type "origin_mmtc"
    reservation 212960.0
  ]
  node [
    id 62
    label "62"
    schedulingPolicy "FIFO"
    levelsQoS "1"
    schedulingWeights "-"
    tosToQoSqueue "0,1,2,3,4,5,6,7,8,9,10,11,12,13,14,15,16,17,18,19,20,21,22,23,24,25,26,27,28,29,30,31,32,33,34,35,36,37,38,39,40,41,42,43,44,45,46,47,48,49,50,51,52,53,54,55,56,57,58,59,60,61,62,63,64,65,66,67,68,69"
    queueSizes "32"
    type "origin_mmtc"
    reservation 218960.0
  ]
  node [
    id 63
    label "63"
    schedulingPolicy "FIFO"
    levelsQoS "1"
    schedulingWeights "-"
    tosToQoSqueue "0,1,2,3,4,5,6,7,8,9,10,11,12,13,14,15,16,17,18,19,20,21,22,23,24,25,26,27,28,29,30,31,32,33,34,35,36,37,38,39,40,41,42,43,44,45,46,47,48,49,50,51,52,53,54,55,56,57,58,59,60,61,62,63,64,65,66,67,68,69"
    queueSizes "32"
    type "origin_mmtc"
    reservation 229580.0
  ]
  node [
    id 64
    label "64"
    schedulingPolicy "FIFO"
    levelsQoS "1"
    schedulingWeights "-"
    tosToQoSqueue "0,1,2,3,4,5,6,7,8,9,10,11,12,13,14,15,16,17,18,19,20,21,22,23,24,25,26,27,28,29,30,31,32,33,34,35,36,37,38,39,40,41,42,43,44,45,46,47,48,49,50,51,52,53,54,55,56,57,58,59,60,61,62,63,64,65,66,67,68,69"
    queueSizes "32"
    type "origin_mmtc"
    reservation 218960.0
  ]
  node [
    id 65
    label "65"
    schedulingPolicy "FIFO"
    levelsQoS "1"
    schedulingWeights "-"
    tosToQoSqueue "0,1,2,3,4,5,6,7,8,9,10,11,12,13,14,15,16,17,18,19,20,21,22,23,24,25,26,27,28,29,30,31,32,33,34,35,36,37,38,39,40,41,42,43,44,45,46,47,48,49,50,51,52,53,54,55,56,57,58,59,60,61,62,63,64,65,66,67,68,69"
    queueSizes "32"
    type "origin_mmtc"
    reservation 229580.0
  ]
  node [
    id 66
    label "66"
    schedulingPolicy "FIFO"
    levelsQoS "1"
    schedulingWeights "-"
    tosToQoSqueue "0,1,2,3,4,5,6,7,8,9,10,11,12,13,14,15,16,17,18,19,20,21,22,23,24,25,26,27,28,29,30,31,32,33,34,35,36,37,38,39,40,41,42,43,44,45,46,47,48,49,50,51,52,53,54,55,56,57,58,59,60,61,62,63,64,65,66,67,68,69"
    queueSizes "32"
    type "origin_mmtc"
    reservation 218180.0
  ]
  node [
    id 67
    label "67"
    schedulingPolicy "FIFO"
    levelsQoS "1"
    schedulingWeights "-"
    tosToQoSqueue "0,1,2,3,4,5,6,7,8,9,10,11,12,13,14,15,16,17,18,19,20,21,22,23,24,25,26,27,28,29,30,31,32,33,34,35,36,37,38,39,40,41,42,43,44,45,46,47,48,49,50,51,52,53,54,55,56,57,58,59,60,61,62,63,64,65,66,67,68,69"
    queueSizes "32"
    type "origin_mmtc"
    reservation 218180.0
  ]
  node [
    id 68
    label "68"
    schedulingPolicy "FIFO"
    levelsQoS "1"
    schedulingWeights "-"
    tosToQoSqueue "0,1,2,3,4,5,6,7,8,9,10,11,12,13,14,15,16,17,18,19,20,21,22,23,24,25,26,27,28,29,30,31,32,33,34,35,36,37,38,39,40,41,42,43,44,45,46,47,48,49,50,51,52,53,54,55,56,57,58,59,60,61,62,63,64,65,66,67,68,69"
    queueSizes "32"
    type "origin_mmtc"
    reservation 218180.0
  ]
  node [
    id 69
    label "69"
    schedulingPolicy "FIFO"
    levelsQoS "1"
    schedulingWeights "-"
    tosToQoSqueue "0,1,2,3,4,5,6,7,8,9,10,11,12,13,14,15,16,17,18,19,20,21,22,23,24,25,26,27,28,29,30,31,32,33,34,35,36,37,38,39,40,41,42,43,44,45,46,47,48,49,50,51,52,53,54,55,56,57,58,59,60,61,62,63,64,65,66,67,68,69"
    queueSizes "32"
    type "origin_mmtc"
    reservation 184520.0
  ]
  edge [
    source 0
    target 1
    key 0
    id "e19"
    bandwidth 50000000
    traffic ""
    reservation ""
    port 0
  ]
  edge [
    source 0
    target 2
    key 0
    id "e17"
    bandwidth 50000000
    traffic "18000000,18000000,3500000,3500000,3500000"
    reservation "19830600.0,17384400.0,3943100.0,4001900.0,4001900.0"
    port 1
  ]
  edge [
    source 0
    target 3
    key 0
    id "e18"
    bandwidth 50000000
    traffic "3500000,3500000,3500000,3500000,3500000,3500000,3500000,3500000,3500000"
    reservation "3943100.0,3127250.0,3178700.0,3901100.0,3822350.0,3449600.0,3246950.0,3246950.0,3750950.0"
    port 2
  ]
  edge [
    source 0
    target 6
    key 0
    id "e20"
    bandwidth 50000000
    traffic ""
    reservation ""
    port 3
  ]
  edge [
    source 0
    target 20
    key 0
    port 4
    weight 1
    bandwidth 350000000
    traffic "200000,200000,200000,200000,200000,200000,200000,200000,200000,200000,200000,200000,200000,200000,200000,200000,200000,200000,200000,200000,200000,200000,200000"
    reservation "218180.0,218960.0,218180.0,199940.0,214700.0,218960.0,212000.0,174980.0,174980.0,199940.0,199940.0,221000.0,214700.0,218960.0,212960.0,218960.0,229580.0,218960.0,229580.0,218180.0,218180.0,218180.0,184520.0"
  ]
  edge [
    source 1
    target 0
    key 0
    id "e19"
    bandwidth 50000000
    traffic ""
    reservation ""
    port 0
  ]
  edge [
    source 2
    target 0
    key 0
    id "e17"
    bandwidth 50000000
    traffic "3500000,3500000,3500000,3500000,3500000,3500000,200000,3500000,3500000,3500000,200000,200000,200000,200000,200000,200000,200000,200000,200000,200000,200000,200000,200000,200000,200000,200000,200000,200000"
    reservation "3943100.0,3127250.0,3178700.0,3901100.0,3822350.0,3449600.0,218180.0,3246950.0,3246950.0,3750950.0,218960.0,218960.0,212000.0,174980.0,199940.0,199940.0,221000.0,214700.0,218960.0,212960.0,218960.0,229580.0,218960.0,229580.0,218180.0,218180.0,218180.0,184520.0"
    port 0
  ]
  edge [
    source 2
    target 10
    key 0
    id "e16"
    bandwidth 50000000
    traffic ""
    reservation ""
    port 1
  ]
  edge [
    source 2
    target 15
    key 0
    id "e8"
    bandwidth 50000000
    traffic "3500000,3500000,3500000"
    reservation "3943100.0,4001900.0,4001900.0"
    port 2
  ]
  edge [
    source 2
    target 21
    key 0
    port 3
    weight 1
    bandwidth 350000000
    traffic "18000000,18000000,18000000,18000000,18000000"
    reservation "17767800.0,19830600.0,17384400.0,18259200.0,17384400.0"
  ]
  edge [
    source 3
    target 0
    key 0
    id "e18"
    bandwidth 50000000
    traffic "18000000,18000000,3500000,3500000,3500000,200000,200000,200000,200000"
    reservation "19830600.0,17384400.0,3943100.0,4001900.0,4001900.0,218180.0,199940.0,214700.0,174980.0"
    port 0
  ]
  edge [
    source 3
    target 9
    key 0
    id "e14"
    bandwidth 50000000
    traffic "3500000,3500000,3500000,3500000,3500000,3500000,3500000,3500000,3500000"
    reservation "3943100.0,3127250.0,3178700.0,3901100.0,3822350.0,3449600.0,3246950.0,3246950.0,3750950.0"
    port 1
  ]
  edge [
    source 3
    target 24
    key 0
    port 2
    weight 1
    bandwidth 50000000
    traffic ""
    reservation ""
  ]
  edge [
    source 4
    target 8
    key 0
    id "e23"
    bandwidth 50000000
    traffic "18000000,3500000,3500000,3500000,3500000,3500000,3500000,3500000,3500000,200000,200000,200000,200000,200000,200000,200000,200000,200000,200000,200000"
    reservation "19830600.0,3943100.0,3127250.0,3178700.0,3901100.0,3822350.0,3449600.0,3246950.0,3246950.0,218960.0,212000.0,174980.0,174980.0,199940.0,199940.0,221000.0,214700.0,218960.0,212960.0,184520.0"
    port 0
  ]
  edge [
    source 4
    target 5
    key 0
    id "e22"
    bandwidth 50000000
    traffic ""
    reservation ""
    port 1
  ]
  edge [
    source 5
    target 4
    key 0
    id "e22"
    bandwidth 50000000
    traffic "18000000,3500000,3500000,3500000,3500000,3500000,3500000,3500000,3500000,200000,200000,200000,200000,200000,200000,200000,200000,200000,200000,200000"
    reservation "19830600.0,3943100.0,3127250.0,3178700.0,3901100.0,3822350.0,3449600.0,3246950.0,3246950.0,218960.0,212000.0,174980.0,174980.0,199940.0,199940.0,221000.0,214700.0,218960.0,212960.0,184520.0"
    port 0
  ]
  edge [
    source 5
    target 8
    key 0
    id "e24"
    bandwidth 50000000
    traffic "3500000,3500000,3500000,3500000,3500000,3500000,3500000,18000000,3500000,200000,200000,200000,200000,200000,200000,200000"
    reservation "3750950.0,3901100.0,3127250.0,3723650.0,3943100.0,3901100.0,3385550.0,17384400.0,3178700.0,218960.0,229580.0,218960.0,229580.0,218180.0,218180.0,218180.0"
    port 1
  ]
  edge [
    source 5
    target 9
    key 0
    id "e12"
    bandwidth 50000000
    traffic ""
    reservation ""
    port 2
  ]
  edge [
    source 5
    target 23
    key 0
    port 3
    weight 1
    bandwidth 50000000
    traffic ""
    reservation ""
  ]
  edge [
    source 5
    target 50
    key 0
    port 4
    weight 1
    bandwidth 50000000
    traffic ""
    reservation ""
  ]
  edge [
    source 5
    target 51
    key 0
    port 5
    weight 1
    bandwidth 50000000
    traffic ""
    reservation ""
  ]
  edge [
    source 5
    target 52
    key 0
    port 6
    weight 1
    bandwidth 50000000
    traffic ""
    reservation ""
  ]
  edge [
    source 5
    target 53
    key 0
    port 7
    weight 1
    bandwidth 50000000
    traffic ""
    reservation ""
  ]
  edge [
    source 5
    target 54
    key 0
    port 8
    weight 1
    bandwidth 50000000
    traffic ""
    reservation ""
  ]
  edge [
    source 5
    target 55
    key 0
    port 9
    weight 1
    bandwidth 50000000
    traffic ""
    reservation ""
  ]
  edge [
    source 5
    target 56
    key 0
    port 10
    weight 1
    bandwidth 50000000
    traffic ""
    reservation ""
  ]
  edge [
    source 5
    target 57
    key 0
    port 11
    weight 1
    bandwidth 50000000
    traffic ""
    reservation ""
  ]
  edge [
    source 5
    target 58
    key 0
    port 12
    weight 1
    bandwidth 50000000
    traffic ""
    reservation ""
  ]
  edge [
    source 5
    target 59
    key 0
    port 13
    weight 1
    bandwidth 50000000
    traffic ""
    reservation ""
  ]
  edge [
    source 5
    target 60
    key 0
    port 14
    weight 1
    bandwidth 50000000
    traffic ""
    reservation ""
  ]
  edge [
    source 5
    target 61
    key 0
    port 15
    weight 1
    bandwidth 50000000
    traffic ""
    reservation ""
  ]
  edge [
    source 5
    target 62
    key 0
    port 16
    weight 1
    bandwidth 50000000
    traffic ""
    reservation ""
  ]
  edge [
    source 5
    target 63
    key 0
    port 17
    weight 1
    bandwidth 50000000
    traffic ""
    reservation ""
  ]
  edge [
    source 5
    target 64
    key 0
    port 18
    weight 1
    bandwidth 50000000
    traffic ""
    reservation ""
  ]
  edge [
    source 5
    target 65
    key 0
    port 19
    weight 1
    bandwidth 50000000
    traffic ""
    reservation ""
  ]
  edge [
    source 5
    target 66
    key 0
    port 20
    weight 1
    bandwidth 50000000
    traffic ""
    reservation ""
  ]
  edge [
    source 5
    target 67
    key 0
    port 21
    weight 1
    bandwidth 50000000
    traffic ""
    reservation ""
  ]
  edge [
    source 5
    target 68
    key 0
    port 22
    weight 1
    bandwidth 50000000
    traffic ""
    reservation ""
  ]
  edge [
    source 5
    target 69
    key 0
    port 23
    weight 1
    bandwidth 50000000
    traffic ""
    reservation ""
  ]
  edge [
    source 6
    target 0
    key 0
    id "e20"
    bandwidth 50000000
    traffic ""
    reservation ""
    port 0
  ]
  edge [
    source 6
    target 7
    key 0
    id "e21"
    bandwidth 50000000
    traffic ""
    reservation ""
    port 1
  ]
  edge [
    source 7
    target 6
    key 0
    id "e21"
    bandwidth 50000000
    traffic ""
    reservation ""
    port 0
  ]
  edge [
    source 8
    target 4
    key 0
    id "e23"
    bandwidth 50000000
    traffic ""
    reservation ""
    port 0
  ]
  edge [
    source 8
    target 5
    key 0
    id "e24"
    bandwidth 50000000
    traffic ""
    reservation ""
    port 1
  ]
  edge [
    source 8
    target 9
    key 0
    id "e13"
    bandwidth 50000000
    traffic "18000000,3500000,3500000,18000000,3500000,200000"
    reservation "19830600.0,3901100.0,3385550.0,17384400.0,3178700.0,174980.0"
    port 2
  ]
  edge [
    source 8
    target 18
    key 0
    id "e11"
    bandwidth 50000000
    traffic "3500000,3500000,3500000,3500000,3500000,3500000,3500000,3500000,3500000,3500000,3500000,3500000,3500000,200000,200000,200000,200000,200000,200000,200000,200000,200000,200000,200000,200000,200000,200000,200000,200000,200000"
    reservation "3943100.0,3127250.0,3178700.0,3901100.0,3822350.0,3449600.0,3246950.0,3246950.0,3750950.0,3901100.0,3127250.0,3723650.0,3943100.0,218960.0,212000.0,174980.0,199940.0,199940.0,221000.0,214700.0,218960.0,212960.0,218960.0,229580.0,218960.0,229580.0,218180.0,218180.0,218180.0,184520.0"
    port 3
  ]
  edge [
    source 9
    target 3
    key 0
    id "e14"
    bandwidth 50000000
    traffic "18000000,3500000,3500000,3500000,200000,200000,200000,200000"
    reservation "19830600.0,3943100.0,4001900.0,4001900.0,218180.0,199940.0,214700.0,174980.0"
    port 0
  ]
  edge [
    source 9
    target 5
    key 0
    id "e12"
    bandwidth 50000000
    traffic "3500000,3500000,3500000,3500000,3500000,3500000,3500000,3500000,3500000,3500000,3500000,3500000,3500000,200000,200000"
    reservation "3943100.0,3127250.0,3178700.0,3901100.0,3822350.0,3449600.0,3246950.0,3246950.0,3750950.0,3901100.0,3127250.0,3723650.0,3943100.0,218960.0,212000.0"
    port 1
  ]
  edge [
    source 9
    target 8
    key 0
    id "e13"
    bandwidth 50000000
    traffic ""
    reservation ""
    port 2
  ]
  edge [
    source 9
    target 10
    key 0
    id "e15"
    bandwidth 50000000
    traffic ""
    reservation ""
    port 3
  ]
  edge [
    source 9
    target 15
    key 0
    id "e7"
    bandwidth 50000000
    traffic "18000000,3500000,3500000,3500000,18000000,3500000"
    reservation "18259200.0,3828650.0,3901100.0,3385550.0,17384400.0,3178700.0"
    port 4
  ]
  edge [
    source 10
    target 2
    key 0
    id "e16"
    bandwidth 50000000
    traffic "18000000,3500000,3500000,3500000,3500000,3500000,3500000,200000,3500000,3500000,3500000,200000"
    reservation "17767800.0,3943100.0,3127250.0,3178700.0,3901100.0,3822350.0,3449600.0,218180.0,3246950.0,3246950.0,3750950.0,218960.0"
    port 0
  ]
  edge [
    source 10
    target 9
    key 0
    id "e15"
    bandwidth 50000000
    traffic "3500000,3500000,3500000,3500000,3500000,18000000,3500000,200000,200000,3500000,3500000,200000,200000,200000"
    reservation "3943100.0,4001900.0,4001900.0,3901100.0,3127250.0,18259200.0,3723650.0,218180.0,199940.0,3943100.0,3828650.0,214700.0,218960.0,212000.0"
    port 1
  ]
  edge [
    source 10
    target 22
    key 0
    port 2
    weight 1
    bandwidth 50000000
    traffic ""
    reservation ""
  ]
  edge [
    source 10
    target 25
    key 0
    port 3
    weight 1
    bandwidth 50000000
    traffic ""
    reservation ""
  ]
  edge [
    source 10
    target 26
    key 0
    port 4
    weight 1
    bandwidth 50000000
    traffic ""
    reservation ""
  ]
  edge [
    source 10
    target 27
    key 0
    port 5
    weight 1
    bandwidth 50000000
    traffic ""
    reservation ""
  ]
  edge [
    source 10
    target 28
    key 0
    port 6
    weight 1
    bandwidth 50000000
    traffic ""
    reservation ""
  ]
  edge [
    source 10
    target 29
    key 0
    port 7
    weight 1
    bandwidth 50000000
    traffic ""
    reservation ""
  ]
  edge [
    source 10
    target 30
    key 0
    port 8
    weight 1
    bandwidth 50000000
    traffic ""
    reservation ""
  ]
  edge [
    source 10
    target 31
    key 0
    port 9
    weight 1
    bandwidth 50000000
    traffic ""
    reservation ""
  ]
  edge [
    source 10
    target 32
    key 0
    port 10
    weight 1
    bandwidth 50000000
    traffic ""
    reservation ""
  ]
  edge [
    source 10
    target 33
    key 0
    port 11
    weight 1
    bandwidth 50000000
    traffic ""
    reservation ""
  ]
  edge [
    source 10
    target 34
    key 0
    port 12
    weight 1
    bandwidth 50000000
    traffic ""
    reservation ""
  ]
  edge [
    source 10
    target 35
    key 0
    port 13
    weight 1
    bandwidth 50000000
    traffic ""
    reservation ""
  ]
  edge [
    source 10
    target 36
    key 0
    port 14
    weight 1
    bandwidth 50000000
    traffic ""
    reservation ""
  ]
  edge [
    source 10
    target 37
    key 0
    port 15
    weight 1
    bandwidth 50000000
    traffic ""
    reservation ""
  ]
  edge [
    source 10
    target 38
    key 0
    port 16
    weight 1
    bandwidth 50000000
    traffic ""
    reservation ""
  ]
  edge [
    source 10
    target 39
    key 0
    port 17
    weight 1
    bandwidth 50000000
    traffic ""
    reservation ""
  ]
  edge [
    source 10
    target 40
    key 0
    port 18
    weight 1
    bandwidth 50000000
    traffic ""
    reservation ""
  ]
  edge [
    source 10
    target 41
    key 0
    port 19
    weight 1
    bandwidth 50000000
    traffic ""
    reservation ""
  ]
  edge [
    source 10
    target 42
    key 0
    port 20
    weight 1
    bandwidth 50000000
    traffic ""
    reservation ""
  ]
  edge [
    source 10
    target 43
    key 0
    port 21
    weight 1
    bandwidth 50000000
    traffic ""
    reservation ""
  ]
  edge [
    source 10
    target 44
    key 0
    port 22
    weight 1
    bandwidth 50000000
    traffic ""
    reservation ""
  ]
  edge [
    source 10
    target 45
    key 0
    port 23
    weight 1
    bandwidth 50000000
    traffic ""
    reservation ""
  ]
  edge [
    source 10
    target 46
    key 0
    port 24
    weight 1
    bandwidth 50000000
    traffic ""
    reservation ""
  ]
  edge [
    source 10
    target 47
    key 0
    port 25
    weight 1
    bandwidth 50000000
    traffic ""
    reservation ""
  ]
  edge [
    source 10
    target 48
    key 0
    port 26
    weight 1
    bandwidth 50000000
    traffic ""
    reservation ""
  ]
  edge [
    source 10
    target 49
    key 0
    port 27
    weight 1
    bandwidth 50000000
    traffic ""
    reservation ""
  ]
  edge [
    source 11
    target 12
    key 0
    id "e0"
    bandwidth 50000000
    traffic ""
    reservation ""
    port 0
  ]
  edge [
    source 11
    target 15
    key 0
    id "e1"
    bandwidth 50000000
    traffic ""
    reservation ""
    port 1
  ]
  edge [
    source 11
    target 19
    key 0
    port 2
    weight 1
    bandwidth 350000000
    traffic "3500000,3500000,3500000,3500000,3500000,3500000,3500000,3500000,3500000,3500000,3500000,3500000,3500000,3500000,3500000,3500000,3500000,3500000,3500000,3500000"
    reservation "3943100.0,3127250.0,3178700.0,3901100.0,3822350.0,3449600.0,3246950.0,3246950.0,3750950.0,3943100.0,4001900.0,4001900.0,3901100.0,3127250.0,3723650.0,3943100.0,3828650.0,3901100.0,3385550.0,3178700.0"
  ]
  edge [
    source 12
    target 11
    key 0
    id "e0"
    bandwidth 50000000
    traffic "3500000,3500000,3500000,3500000,3500000,3500000,3500000"
    reservation "3127250.0,3723650.0,3943100.0,3828650.0,3901100.0,3385550.0,3178700.0"
    port 0
  ]
  edge [
    source 12
    target 13
    key 0
    id "e2"
    bandwidth 50000000
    traffic ""
    reservation ""
    port 1
  ]
  edge [
    source 13
    target 12
    key 0
    id "e2"
    bandwidth 50000000
    traffic "3500000,3500000,3500000,3500000,3500000,3500000,3500000"
    reservation "3127250.0,3723650.0,3943100.0,3828650.0,3901100.0,3385550.0,3178700.0"
    port 0
  ]
  edge [
    source 13
    target 14
    key 0
    id "e3"
    bandwidth 50000000
    traffic ""
    reservation ""
    port 1
  ]
  edge [
    source 14
    target 13
    key 0
    id "e3"
    bandwidth 50000000
    traffic "3500000,3500000,3500000,3500000,3500000,3500000,3500000"
    reservation "3127250.0,3723650.0,3943100.0,3828650.0,3901100.0,3385550.0,3178700.0"
    port 0
  ]
  edge [
    source 14
    target 15
    key 0
    id "e4"
    bandwidth 50000000
    traffic ""
    reservation ""
    port 1
  ]
  edge [
    source 15
    target 2
    key 0
    id "e8"
    bandwidth 50000000
    traffic "18000000,200000,200000,18000000,200000,200000,200000,200000,200000,200000,200000,200000,200000,200000,200000,200000,200000,200000,200000"
    reservation "18259200.0,218960.0,212000.0,17384400.0,174980.0,199940.0,199940.0,221000.0,214700.0,218960.0,212960.0,218960.0,229580.0,218960.0,229580.0,218180.0,218180.0,218180.0,184520.0"
    port 0
  ]
  edge [
    source 15
    target 9
    key 0
    id "e7"
    bandwidth 50000000
    traffic ""
    reservation ""
    port 1
  ]
  edge [
    source 15
    target 11
    key 0
    id "e1"
    bandwidth 50000000
    traffic "3500000,3500000,3500000,3500000,3500000,3500000,3500000,3500000,3500000,3500000,3500000,3500000,3500000"
    reservation "3943100.0,3127250.0,3178700.0,3901100.0,3822350.0,3449600.0,3246950.0,3246950.0,3750950.0,3943100.0,4001900.0,4001900.0,3901100.0"
    port 2
  ]
  edge [
    source 15
    target 14
    key 0
    id "e4"
    bandwidth 50000000
    traffic "3500000,3500000,3500000,3500000,3500000,3500000,3500000"
    reservation "3127250.0,3723650.0,3943100.0,3828650.0,3901100.0,3385550.0,3178700.0"
    port 3
  ]
  edge [
    source 15
    target 16
    key 0
    id "e5"
    bandwidth 50000000
    traffic ""
    reservation ""
    port 4
  ]
  edge [
    source 15
    target 18
    key 0
    id "e6"
    bandwidth 50000000
    traffic ""
    reservation ""
    port 5
  ]
  edge [
    source 16
    target 15
    key 0
    id "e5"
    bandwidth 50000000
    traffic ""
    reservation ""
    port 0
  ]
  edge [
    source 16
    target 17
    key 0
    id "e9"
    bandwidth 50000000
    traffic ""
    reservation ""
    port 1
  ]
  edge [
    source 17
    target 16
    key 0
    id "e9"
    bandwidth 50000000
    traffic ""
    reservation ""
    port 0
  ]
  edge [
    source 17
    target 18
    key 0
    id "e10"
    bandwidth 50000000
    traffic ""
    reservation ""
    port 1
  ]
  edge [
    source 18
    target 8
    key 0
    id "e11"
    bandwidth 50000000
    traffic ""
    reservation ""
    port 0
  ]
  edge [
    source 18
    target 15
    key 0
    id "e6"
    bandwidth 50000000
    traffic "3500000,3500000,3500000,3500000,3500000,3500000,3500000,3500000,3500000,3500000,3500000,3500000,3500000,200000,200000,200000,200000,200000,200000,200000,200000,200000,200000,200000,200000,200000,200000,200000,200000,200000"
    reservation "3943100.0,3127250.0,3178700.0,3901100.0,3822350.0,3449600.0,3246950.0,3246950.0,3750950.0,3901100.0,3127250.0,3723650.0,3943100.0,218960.0,212000.0,174980.0,199940.0,199940.0,221000.0,214700.0,218960.0,212960.0,218960.0,229580.0,218960.0,229580.0,218180.0,218180.0,218180.0,184520.0"
    port 1
  ]
  edge [
    source 18
    target 17
    key 0
    id "e10"
    bandwidth 50000000
    traffic ""
    reservation ""
    port 2
  ]
  edge [
    source 19
    target 11
    key 0
    port 0
    weight 1
    bandwidth 350000000
    traffic ""
    reservation ""
  ]
  edge [
    source 20
    target 0
    key 0
    port 0
    weight 1
    bandwidth 350000000
    traffic ""
    reservation ""
  ]
  edge [
    source 21
    target 2
    key 0
    port 0
    weight 1
    bandwidth 350000000
    traffic ""
    reservation ""
  ]
  edge [
    source 22
    target 10
    key 0
    port 0
    weight 1
    bandwidth 50000000
    traffic "18000000"
    reservation "17767800.0"
  ]
  edge [
    source 23
    target 5
    key 0
    port 0
    weight 1
    bandwidth 50000000
    traffic "18000000"
    reservation "19830600.0"
  ]
  edge [
    source 24
    target 3
    key 0
    port 0
    weight 1
    bandwidth 50000000
    traffic "18000000"
    reservation "17384400.0"
  ]
  edge [
    source 25
    target 10
    key 0
    port 0
    weight 1
    bandwidth 50000000
    traffic "3500000"
    reservation "3943100.0"
  ]
  edge [
    source 26
    target 10
    key 0
    port 0
    weight 1
    bandwidth 50000000
    traffic "3500000"
    reservation "3127250.0"
  ]
  edge [
    source 27
    target 10
    key 0
    port 0
    weight 1
    bandwidth 50000000
    traffic "3500000"
    reservation "3178700.0"
  ]
  edge [
    source 28
    target 10
    key 0
    port 0
    weight 1
    bandwidth 50000000
    traffic "3500000"
    reservation "3901100.0"
  ]
  edge [
    source 29
    target 10
    key 0
    port 0
    weight 1
    bandwidth 50000000
    traffic "3500000"
    reservation "3822350.0"
  ]
  edge [
    source 30
    target 10
    key 0
    port 0
    weight 1
    bandwidth 50000000
    traffic "3500000"
    reservation "3449600.0"
  ]
  edge [
    source 31
    target 10
    key 0
    port 0
    weight 1
    bandwidth 50000000
    traffic "200000"
    reservation "218180.0"
  ]
  edge [
    source 32
    target 10
    key 0
    port 0
    weight 1
    bandwidth 50000000
    traffic "3500000"
    reservation "3246950.0"
  ]
  edge [
    source 33
    target 10
    key 0
    port 0
    weight 1
    bandwidth 50000000
    traffic "3500000"
    reservation "3246950.0"
  ]
  edge [
    source 34
    target 10
    key 0
    port 0
    weight 1
    bandwidth 50000000
    traffic "3500000"
    reservation "3750950.0"
  ]
  edge [
    source 35
    target 10
    key 0
    port 0
    weight 1
    bandwidth 50000000
    traffic "3500000"
    reservation "3943100.0"
  ]
  edge [
    source 36
    target 10
    key 0
    port 0
    weight 1
    bandwidth 50000000
    traffic "3500000"
    reservation "4001900.0"
  ]
  edge [
    source 37
    target 10
    key 0
    port 0
    weight 1
    bandwidth 50000000
    traffic "3500000"
    reservation "4001900.0"
  ]
  edge [
    source 38
    target 10
    key 0
    port 0
    weight 1
    bandwidth 50000000
    traffic "200000"
    reservation "218960.0"
  ]
  edge [
    source 39
    target 10
    key 0
    port 0
    weight 1
    bandwidth 50000000
    traffic "3500000"
    reservation "3901100.0"
  ]
  edge [
    source 40
    target 10
    key 0
    port 0
    weight 1
    bandwidth 50000000
    traffic "3500000"
    reservation "3127250.0"
  ]
  edge [
    source 41
    target 10
    key 0
    port 0
    weight 1
    bandwidth 50000000
    traffic "18000000"
    reservation "18259200.0"
  ]
  edge [
    source 42
    target 10
    key 0
    port 0
    weight 1
    bandwidth 50000000
    traffic "3500000"
    reservation "3723650.0"
  ]
  edge [
    source 43
    target 10
    key 0
    port 0
    weight 1
    bandwidth 50000000
    traffic "200000"
    reservation "218180.0"
  ]
  edge [
    source 44
    target 10
    key 0
    port 0
    weight 1
    bandwidth 50000000
    traffic "200000"
    reservation "199940.0"
  ]
  edge [
    source 45
    target 10
    key 0
    port 0
    weight 1
    bandwidth 50000000
    traffic "3500000"
    reservation "3943100.0"
  ]
  edge [
    source 46
    target 10
    key 0
    port 0
    weight 1
    bandwidth 50000000
    traffic "3500000"
    reservation "3828650.0"
  ]
  edge [
    source 47
    target 10
    key 0
    port 0
    weight 1
    bandwidth 50000000
    traffic "200000"
    reservation "214700.0"
  ]
  edge [
    source 48
    target 10
    key 0
    port 0
    weight 1
    bandwidth 50000000
    traffic "200000"
    reservation "218960.0"
  ]
  edge [
    source 49
    target 10
    key 0
    port 0
    weight 1
    bandwidth 50000000
    traffic "200000"
    reservation "212000.0"
  ]
  edge [
    source 50
    target 5
    key 0
    port 0
    weight 1
    bandwidth 50000000
    traffic "3500000"
    reservation "3901100.0"
  ]
  edge [
    source 51
    target 5
    key 0
    port 0
    weight 1
    bandwidth 50000000
    traffic "3500000"
    reservation "3385550.0"
  ]
  edge [
    source 52
    target 5
    key 0
    port 0
    weight 1
    bandwidth 50000000
    traffic "18000000"
    reservation "17384400.0"
  ]
  edge [
    source 53
    target 5
    key 0
    port 0
    weight 1
    bandwidth 50000000
    traffic "3500000"
    reservation "3178700.0"
  ]
  edge [
    source 54
    target 5
    key 0
    port 0
    weight 1
    bandwidth 50000000
    traffic "200000"
    reservation "174980.0"
  ]
  edge [
    source 55
    target 5
    key 0
    port 0
    weight 1
    bandwidth 50000000
    traffic "200000"
    reservation "174980.0"
  ]
  edge [
    source 56
    target 5
    key 0
    port 0
    weight 1
    bandwidth 50000000
    traffic "200000"
    reservation "199940.0"
  ]
  edge [
    source 57
    target 5
    key 0
    port 0
    weight 1
    bandwidth 50000000
    traffic "200000"
    reservation "199940.0"
  ]
  edge [
    source 58
    target 5
    key 0
    port 0
    weight 1
    bandwidth 50000000
    traffic "200000"
    reservation "221000.0"
  ]
  edge [
    source 59
    target 5
    key 0
    port 0
    weight 1
    bandwidth 50000000
    traffic "200000"
    reservation "214700.0"
  ]
  edge [
    source 60
    target 5
    key 0
    port 0
    weight 1
    bandwidth 50000000
    traffic "200000"
    reservation "218960.0"
  ]
  edge [
    source 61
    target 5
    key 0
    port 0
    weight 1
    bandwidth 50000000
    traffic "200000"
    reservation "212960.0"
  ]
  edge [
    source 62
    target 5
    key 0
    port 0
    weight 1
    bandwidth 50000000
    traffic "200000"
    reservation "218960.0"
  ]
  edge [
    source 63
    target 5
    key 0
    port 0
    weight 1
    bandwidth 50000000
    traffic "200000"
    reservation "229580.0"
  ]
  edge [
    source 64
    target 5
    key 0
    port 0
    weight 1
    bandwidth 50000000
    traffic "200000"
    reservation "218960.0"
  ]
  edge [
    source 65
    target 5
    key 0
    port 0
    weight 1
    bandwidth 50000000
    traffic "200000"
    reservation "229580.0"
  ]
  edge [
    source 66
    target 5
    key 0
    port 0
    weight 1
    bandwidth 50000000
    traffic "200000"
    reservation "218180.0"
  ]
  edge [
    source 67
    target 5
    key 0
    port 0
    weight 1
    bandwidth 50000000
    traffic "200000"
    reservation "218180.0"
  ]
  edge [
    source 68
    target 5
    key 0
    port 0
    weight 1
    bandwidth 50000000
    traffic "200000"
    reservation "218180.0"
  ]
  edge [
    source 69
    target 5
    key 0
    port 0
    weight 1
    bandwidth 50000000
    traffic "200000"
    reservation "184520.0"
  ]
]
