graph [
  directed 1
  multigraph 1
  GeoLocation "Serbia, Montenegro"
  GeoExtent "Country+"
  Network "TelecomSerbia"
  Provenance "Unknown"
  Access 0
  Source "http://chaisuk.wordpress.com/2008/09/21/internet-technology-nonviolent-struggle-serbia3/"
  Version "1.0"
  Type "COM"
  DateType "Historic"
  Backbone 0
  Commercial 0
  label "Telecomserbia"
  ToolsetVersion "0.3.34dev-20120328"
  Customer 0
  IX 0
  SourceGitVersion "e278b1b"
  DateModifier "="
  DateMonth 0
  LastAccess "2/01/11"
  Layer "IP"
  Creator "Topology Zoo Toolset"
  Developed 0
  Transit 0
  NetworkDate "2005"
  DateYear "2005"
  LastProcessed "2011_09_01"
  Testbed 0
  levelsToS 77
  node [
    id 0
    label "0"
    Country "Serbia"
    Longitude 19.83694
    Internal 1
    Latitude 45.25167
    type "antenna"
    schedulingPolicy "WFQ"
    tosToQoSqueue "19;12,13,15,16,17,31;22,24,27,29;18,26,28,39;20,21,30,41;32,40;14;10,11,0,1,2,3,4,5,6,7,8,9,23,25,33,34,35,36,37,38,42,43,44,45,46,47,48,49,50,51,52,53,54,55,56,57,58,59,60,61,62,63,64,65,66,67,68,69,70,71,72,73,74,75,76"
    schedulingWeights "0.001,0.001,0.001,0.001,0.001,0.001,0.001,99.993;4.947,24.17,20.453,1.007,1.104,0.504,25.202,22.613;0.001,0.001,0.001,0.001,0.001,0.001,0.001,99.993"
    levelsQoS 8
    queueSizes "32,32,32,32,32,32,32,32"
  ]
  node [
    id 1
    label "1"
    Country "Serbia"
    Longitude 20.46513
    Internal 1
    Latitude 44.80401
    type "antenna"
    schedulingPolicy "WFQ"
    tosToQoSqueue "19,33,34,35,36,37;12,13,15,16,17,31,38;22,24,27,29;18,26,28,39;20,21,30,41,44;32,40,42,43;14;10,11,23;25,0,1,2,3,4,5,6,7,8,9,45,46,47,48,49,50,51,52,53,54,55,56,57,58,59,60,61,62,63,64,65,66,67,68,69,70,71,72,73,74,75,76"
    schedulingWeights "4.947,24.17,20.453,1.007,1.104,0.504,25.202,22.38,0.233;24.733,4.028,0.001,0.001,0.276,0.504,0.001,44.76,25.695;0.001,0.001,0.001,0.001,0.001,0.001,0.001,0.001,99.992;0.001,0.001,0.001,0.001,0.001,0.001,0.001,0.001,99.992;0.001,0.001,0.001,0.001,0.001,0.001,0.001,0.001,99.992;0.001,0.001,0.001,0.001,0.001,0.001,0.001,0.001,99.992;0.001,0.001,0.001,0.001,0.001,0.001,0.001,0.001,99.992;0.001,0.001,0.001,0.001,0.001,0.001,0.001,0.001,99.992;0.001,0.001,0.001,0.001,0.001,0.001,0.001,0.001,99.992;0.001,0.001,0.001,0.001,0.001,0.001,0.001,0.001,99.992;0.001,0.001,0.001,0.001,0.001,0.001,0.001,0.001,99.992;0.001,0.001,0.001,0.001,0.001,0.001,0.001,0.001,99.992;0.001,0.001,0.001,0.001,0.001,0.001,0.001,0.001,99.992;0.001,0.001,0.001,0.001,0.001,0.001,0.001,0.001,99.992;0.001,0.001,0.001,0.001,0.001,0.001,0.001,0.001,99.992;0.001,0.001,0.001,0.001,0.001,0.001,0.001,0.001,99.992;0.001,0.001,0.001,0.001,0.001,0.001,0.001,0.001,99.992;0.001,0.001,0.001,0.001,0.001,0.001,0.001,0.001,99.992;0.001,0.001,0.001,0.001,0.001,0.001,0.001,0.001,99.992;0.001,0.001,0.001,0.001,0.001,0.001,0.001,0.001,99.992;0.001,0.001,0.001,0.001,0.001,0.001,0.001,0.001,99.992;0.001,0.001,0.001,0.001,0.001,0.001,0.001,0.001,99.992;0.001,0.001,0.001,0.001,0.001,0.001,0.001,0.001,99.992;0.001,0.001,0.001,0.001,0.001,0.001,0.001,0.001,99.992;0.001,0.001,0.001,0.001,0.001,0.001,0.001,0.001,99.992;0.001,0.001,0.001,0.001,0.001,0.001,0.001,0.001,99.992;0.001,0.001,0.001,0.001,0.001,0.001,0.001,0.001,99.992;0.001,0.001,0.001,0.001,0.001,0.001,0.001,0.001,99.992;0.001,0.001,0.001,0.001,0.001,0.001,0.001,0.001,99.992;0.001,0.001,0.001,0.001,0.001,0.001,0.001,0.001,99.992;0.001,0.001,0.001,0.001,0.001,0.001,0.001,0.001,99.992;0.001,0.001,0.001,0.001,0.001,0.001,0.001,0.001,99.992;0.001,0.001,0.001,0.001,0.001,0.001,0.001,0.001,99.992;0.001,0.001,0.001,0.001,0.001,0.001,0.001,0.001,99.992;0.001,0.001,0.001,0.001,0.001,0.001,0.001,0.001,99.992;0.001,0.001,0.001,0.001,0.001,0.001,0.001,0.001,99.992"
    levelsQoS 9
    queueSizes "32,32,32,32,32,32,32,32,32"
  ]
  node [
    id 2
    label "2"
    Country "Serbia"
    Longitude 20.91667
    Internal 1
    Latitude 44.01667
    type "destination_embb"
    schedulingPolicy "FIFO"
    levelsQoS "1"
    schedulingWeights "-"
    tosToQoSqueue "0,1,2,3,4,5,6,7,8,9,10,11,12,13,14,15,16,17,18,19,20,21,22,23,24,25,26,27,28,29,30,31,32,33,34,35,36,37,38,39,40,41,42,43,44,45,46,47,48,49,50,51,52,53,54,55,56,57,58,59,60,61,62,63,64,65,66,67,68,69,70,71,72,73,74,75,76"
    queueSizes "32"
  ]
  node [
    id 3
    label "3"
    Country "Serbia"
    Longitude 21.90333
    Internal 1
    Latitude 43.32472
    type "antenna"
    schedulingPolicy "WFQ"
    tosToQoSqueue "33,34,35,36,37,60,61;38,51,58,59,63,64;45,46,47,54,57,62,65;49,56,66,67,68,69,74;44,53,70,73;42,43,48,50,55,71,72,75,76;14,52;9,11,0,1,2,3,4,5,6,7,8,10,12,13,15,16,17,18,19,20,21,22,23,24,25,26,27,28,29,30,31,32,39,40,41"
    schedulingWeights "0.001,0.001,0.001,0.001,0.001,0.001,50.405,49.589;34.627,24.17,35.793,1.762,1.104,2.269,0.001,0.275;0.001,0.001,0.001,0.001,0.001,0.001,0.001,99.993;0.001,0.001,0.001,0.001,0.001,0.001,0.001,99.993;0.001,0.001,0.001,0.001,0.001,0.001,0.001,99.993;0.001,0.001,0.001,0.001,0.001,0.001,0.001,99.993;0.001,0.001,0.001,0.001,0.001,0.001,0.001,99.993;0.001,0.001,0.001,0.001,0.001,0.001,0.001,99.993;0.001,0.001,0.001,0.001,0.001,0.001,0.001,99.993;0.001,0.001,0.001,0.001,0.001,0.001,0.001,99.993;0.001,0.001,0.001,0.001,0.001,0.001,0.001,99.993;0.001,0.001,0.001,0.001,0.001,0.001,0.001,99.993;0.001,0.001,0.001,0.001,0.001,0.001,0.001,99.993;0.001,0.001,0.001,0.001,0.001,0.001,0.001,99.993;0.001,0.001,0.001,0.001,0.001,0.001,0.001,99.993;0.001,0.001,0.001,0.001,0.001,0.001,0.001,99.993;0.001,0.001,0.001,0.001,0.001,0.001,0.001,99.993;0.001,0.001,0.001,0.001,0.001,0.001,0.001,99.993;0.001,0.001,0.001,0.001,0.001,0.001,0.001,99.993;0.001,0.001,0.001,0.001,0.001,0.001,0.001,99.993;0.001,0.001,0.001,0.001,0.001,0.001,0.001,99.993;0.001,0.001,0.001,0.001,0.001,0.001,0.001,99.993;0.001,0.001,0.001,0.001,0.001,0.001,0.001,99.993;0.001,0.001,0.001,0.001,0.001,0.001,0.001,99.993;0.001,0.001,0.001,0.001,0.001,0.001,0.001,99.993;0.001,0.001,0.001,0.001,0.001,0.001,0.001,99.993;0.001,0.001,0.001,0.001,0.001,0.001,0.001,99.993;0.001,0.001,0.001,0.001,0.001,0.001,0.001,99.993;0.001,0.001,0.001,0.001,0.001,0.001,0.001,99.993;0.001,0.001,0.001,0.001,0.001,0.001,0.001,99.993;0.001,0.001,0.001,0.001,0.001,0.001,0.001,99.993;0.001,0.001,0.001,0.001,0.001,0.001,0.001,99.993;0.001,0.001,0.001,0.001,0.001,0.001,0.001,99.993;0.001,0.001,0.001,0.001,0.001,0.001,0.001,99.993;0.001,0.001,0.001,0.001,0.001,0.001,0.001,99.993"
    levelsQoS 8
    queueSizes "32,32,32,32,32,32,32,32"
  ]
  node [
    id 4
    label "4"
    Country "Serbia"
    Longitude 21.33389
    Internal 1
    Latitude 43.58
    type "destination_mmtc"
    schedulingPolicy "FIFO"
    levelsQoS "1"
    schedulingWeights "-"
    tosToQoSqueue "0,1,2,3,4,5,6,7,8,9,10,11,12,13,14,15,16,17,18,19,20,21,22,23,24,25,26,27,28,29,30,31,32,33,34,35,36,37,38,39,40,41,42,43,44,45,46,47,48,49,50,51,52,53,54,55,56,57,58,59,60,61,62,63,64,65,66,67,68,69,70,71,72,73,74,75,76"
    queueSizes "32"
  ]
  node [
    id 5
    label "5"
    Country "Montenegro"
    Longitude 19.26361
    Internal 1
    Latitude 42.44111
    type "destination_urllc"
    schedulingPolicy "FIFO"
    levelsQoS "1"
    schedulingWeights "-"
    tosToQoSqueue "0,1,2,3,4,5,6,7,8,9,10,11,12,13,14,15,16,17,18,19,20,21,22,23,24,25,26,27,28,29,30,31,32,33,34,35,36,37,38,39,40,41,42,43,44,45,46,47,48,49,50,51,52,53,54,55,56,57,58,59,60,61,62,63,64,65,66,67,68,69,70,71,72,73,74,75,76"
    queueSizes "32"
  ]
  node [
    id 6
    label "6"
    schedulingPolicy "FIFO"
    levelsQoS "1"
    schedulingWeights "-"
    tosToQoSqueue "0,1,2,3,4,5,6,7,8,9,10,11,12,13,14,15,16,17,18,19,20,21,22,23,24,25,26,27,28,29,30,31,32,33,34,35,36,37,38,39,40,41,42,43,44,45,46,47,48,49,50,51,52,53,54,55,56,57,58,59,60,61,62,63,64,65,66,67,68,69,70,71,72,73,74,75,76"
    queueSizes "32"
    type "destination_urllc"
  ]
  node [
    id 7
    label "7"
    schedulingPolicy "FIFO"
    levelsQoS "1"
    schedulingWeights "-"
    tosToQoSqueue "0,1,2,3,4,5,6,7,8,9,10,11,12,13,14,15,16,17,18,19,20,21,22,23,24,25,26,27,28,29,30,31,32,33,34,35,36,37,38,39,40,41,42,43,44,45,46,47,48,49,50,51,52,53,54,55,56,57,58,59,60,61,62,63,64,65,66,67,68,69,70,71,72,73,74,75,76"
    queueSizes "32"
    type "destination_mmtc"
  ]
  node [
    id 8
    label "8"
    schedulingPolicy "FIFO"
    levelsQoS "1"
    schedulingWeights "-"
    tosToQoSqueue "0,1,2,3,4,5,6,7,8,9,10,11,12,13,14,15,16,17,18,19,20,21,22,23,24,25,26,27,28,29,30,31,32,33,34,35,36,37,38,39,40,41,42,43,44,45,46,47,48,49,50,51,52,53,54,55,56,57,58,59,60,61,62,63,64,65,66,67,68,69,70,71,72,73,74,75,76"
    queueSizes "32"
    type "destination_embb"
  ]
  node [
    id 9
    label "9"
    schedulingPolicy "FIFO"
    levelsQoS "1"
    schedulingWeights "-"
    tosToQoSqueue "0,1,2,3,4,5,6,7,8,9,10,11,12,13,14,15,16,17,18,19,20,21,22,23,24,25,26,27,28,29,30,31,32,33,34,35,36,37,38,39,40,41,42,43,44,45,46,47,48,49,50,51,52,53,54,55,56,57,58,59,60,61,62,63,64,65,66,67,68,69,70,71,72,73,74,75,76"
    queueSizes "32"
    type "origin_embb"
    reservation 16785000.0
  ]
  node [
    id 10
    label "10"
    schedulingPolicy "FIFO"
    levelsQoS "1"
    schedulingWeights "-"
    tosToQoSqueue "0,1,2,3,4,5,6,7,8,9,10,11,12,13,14,15,16,17,18,19,20,21,22,23,24,25,26,27,28,29,30,31,32,33,34,35,36,37,38,39,40,41,42,43,44,45,46,47,48,49,50,51,52,53,54,55,56,57,58,59,60,61,62,63,64,65,66,67,68,69,70,71,72,73,74,75,76"
    queueSizes "32"
    type "origin_embb"
    reservation 16785000.0
  ]
  node [
    id 11
    label "11"
    schedulingPolicy "FIFO"
    levelsQoS "1"
    schedulingWeights "-"
    tosToQoSqueue "0,1,2,3,4,5,6,7,8,9,10,11,12,13,14,15,16,17,18,19,20,21,22,23,24,25,26,27,28,29,30,31,32,33,34,35,36,37,38,39,40,41,42,43,44,45,46,47,48,49,50,51,52,53,54,55,56,57,58,59,60,61,62,63,64,65,66,67,68,69,70,71,72,73,74,75,76"
    queueSizes "32"
    type "origin_embb"
    reservation 16785000.0
  ]
  node [
    id 12
    label "12"
    schedulingPolicy "FIFO"
    levelsQoS "1"
    schedulingWeights "-"
    tosToQoSqueue "0,1,2,3,4,5,6,7,8,9,10,11,12,13,14,15,16,17,18,19,20,21,22,23,24,25,26,27,28,29,30,31,32,33,34,35,36,37,38,39,40,41,42,43,44,45,46,47,48,49,50,51,52,53,54,55,56,57,58,59,60,61,62,63,64,65,66,67,68,69,70,71,72,73,74,75,76"
    queueSizes "32"
    type "origin_urllc"
    reservation 3021200.0
  ]
  node [
    id 13
    label "13"
    schedulingPolicy "FIFO"
    levelsQoS "1"
    schedulingWeights "-"
    tosToQoSqueue "0,1,2,3,4,5,6,7,8,9,10,11,12,13,14,15,16,17,18,19,20,21,22,23,24,25,26,27,28,29,30,31,32,33,34,35,36,37,38,39,40,41,42,43,44,45,46,47,48,49,50,51,52,53,54,55,56,57,58,59,60,61,62,63,64,65,66,67,68,69,70,71,72,73,74,75,76"
    queueSizes "32"
    type "origin_urllc"
    reservation 3021200.0
  ]
  node [
    id 14
    label "14"
    schedulingPolicy "FIFO"
    levelsQoS "1"
    schedulingWeights "-"
    tosToQoSqueue "0,1,2,3,4,5,6,7,8,9,10,11,12,13,14,15,16,17,18,19,20,21,22,23,24,25,26,27,28,29,30,31,32,33,34,35,36,37,38,39,40,41,42,43,44,45,46,47,48,49,50,51,52,53,54,55,56,57,58,59,60,61,62,63,64,65,66,67,68,69,70,71,72,73,74,75,76"
    queueSizes "32"
    type "origin_embb"
    reservation 18901800.0
  ]
  node [
    id 15
    label "15"
    schedulingPolicy "FIFO"
    levelsQoS "1"
    schedulingWeights "-"
    tosToQoSqueue "0,1,2,3,4,5,6,7,8,9,10,11,12,13,14,15,16,17,18,19,20,21,22,23,24,25,26,27,28,29,30,31,32,33,34,35,36,37,38,39,40,41,42,43,44,45,46,47,48,49,50,51,52,53,54,55,56,57,58,59,60,61,62,63,64,65,66,67,68,69,70,71,72,73,74,75,76"
    queueSizes "32"
    type "origin_urllc"
    reservation 3021200.0
  ]
  node [
    id 16
    label "16"
    schedulingPolicy "FIFO"
    levelsQoS "1"
    schedulingWeights "-"
    tosToQoSqueue "0,1,2,3,4,5,6,7,8,9,10,11,12,13,14,15,16,17,18,19,20,21,22,23,24,25,26,27,28,29,30,31,32,33,34,35,36,37,38,39,40,41,42,43,44,45,46,47,48,49,50,51,52,53,54,55,56,57,58,59,60,61,62,63,64,65,66,67,68,69,70,71,72,73,74,75,76"
    queueSizes "32"
    type "origin_urllc"
    reservation 3021200.0
  ]
  node [
    id 17
    label "17"
    schedulingPolicy "FIFO"
    levelsQoS "1"
    schedulingWeights "-"
    tosToQoSqueue "0,1,2,3,4,5,6,7,8,9,10,11,12,13,14,15,16,17,18,19,20,21,22,23,24,25,26,27,28,29,30,31,32,33,34,35,36,37,38,39,40,41,42,43,44,45,46,47,48,49,50,51,52,53,54,55,56,57,58,59,60,61,62,63,64,65,66,67,68,69,70,71,72,73,74,75,76"
    queueSizes "32"
    type "origin_urllc"
    reservation 3021200.0
  ]
  node [
    id 18
    label "18"
    schedulingPolicy "FIFO"
    levelsQoS "1"
    schedulingWeights "-"
    tosToQoSqueue "0,1,2,3,4,5,6,7,8,9,10,11,12,13,14,15,16,17,18,19,20,21,22,23,24,25,26,27,28,29,30,31,32,33,34,35,36,37,38,39,40,41,42,43,44,45,46,47,48,49,50,51,52,53,54,55,56,57,58,59,60,61,62,63,64,65,66,67,68,69,70,71,72,73,74,75,76"
    queueSizes "32"
    type "origin_mmtc"
    reservation 188780.0
  ]
  node [
    id 19
    label "19"
    schedulingPolicy "FIFO"
    levelsQoS "1"
    schedulingWeights "-"
    tosToQoSqueue "0,1,2,3,4,5,6,7,8,9,10,11,12,13,14,15,16,17,18,19,20,21,22,23,24,25,26,27,28,29,30,31,32,33,34,35,36,37,38,39,40,41,42,43,44,45,46,47,48,49,50,51,52,53,54,55,56,57,58,59,60,61,62,63,64,65,66,67,68,69,70,71,72,73,74,75,76"
    queueSizes "32"
    type "origin_urllc"
    reservation 3710000.0
  ]
  node [
    id 20
    label "20"
    schedulingPolicy "FIFO"
    levelsQoS "1"
    schedulingWeights "-"
    tosToQoSqueue "0,1,2,3,4,5,6,7,8,9,10,11,12,13,14,15,16,17,18,19,20,21,22,23,24,25,26,27,28,29,30,31,32,33,34,35,36,37,38,39,40,41,42,43,44,45,46,47,48,49,50,51,52,53,54,55,56,57,58,59,60,61,62,63,64,65,66,67,68,69,70,71,72,73,74,75,76"
    queueSizes "32"
    type "origin_mmtc"
    reservation 207020.0
  ]
  node [
    id 21
    label "21"
    schedulingPolicy "FIFO"
    levelsQoS "1"
    schedulingWeights "-"
    tosToQoSqueue "0,1,2,3,4,5,6,7,8,9,10,11,12,13,14,15,16,17,18,19,20,21,22,23,24,25,26,27,28,29,30,31,32,33,34,35,36,37,38,39,40,41,42,43,44,45,46,47,48,49,50,51,52,53,54,55,56,57,58,59,60,61,62,63,64,65,66,67,68,69,70,71,72,73,74,75,76"
    queueSizes "32"
    type "origin_mmtc"
    reservation 207020.0
  ]
  node [
    id 22
    label "22"
    schedulingPolicy "FIFO"
    levelsQoS "1"
    schedulingWeights "-"
    tosToQoSqueue "0,1,2,3,4,5,6,7,8,9,10,11,12,13,14,15,16,17,18,19,20,21,22,23,24,25,26,27,28,29,30,31,32,33,34,35,36,37,38,39,40,41,42,43,44,45,46,47,48,49,50,51,52,53,54,55,56,57,58,59,60,61,62,63,64,65,66,67,68,69,70,71,72,73,74,75,76"
    queueSizes "32"
    type "origin_urllc"
    reservation 3834950.0
  ]
  node [
    id 23
    label "23"
    schedulingPolicy "FIFO"
    levelsQoS "1"
    schedulingWeights "-"
    tosToQoSqueue "0,1,2,3,4,5,6,7,8,9,10,11,12,13,14,15,16,17,18,19,20,21,22,23,24,25,26,27,28,29,30,31,32,33,34,35,36,37,38,39,40,41,42,43,44,45,46,47,48,49,50,51,52,53,54,55,56,57,58,59,60,61,62,63,64,65,66,67,68,69,70,71,72,73,74,75,76"
    queueSizes "32"
    type "origin_embb"
    reservation 16785000.0
  ]
  node [
    id 24
    label "24"
    schedulingPolicy "FIFO"
    levelsQoS "1"
    schedulingWeights "-"
    tosToQoSqueue "0,1,2,3,4,5,6,7,8,9,10,11,12,13,14,15,16,17,18,19,20,21,22,23,24,25,26,27,28,29,30,31,32,33,34,35,36,37,38,39,40,41,42,43,44,45,46,47,48,49,50,51,52,53,54,55,56,57,58,59,60,61,62,63,64,65,66,67,68,69,70,71,72,73,74,75,76"
    queueSizes "32"
    type "origin_urllc"
    reservation 3834950.0
  ]
  node [
    id 25
    label "25"
    schedulingPolicy "FIFO"
    levelsQoS "1"
    schedulingWeights "-"
    tosToQoSqueue "0,1,2,3,4,5,6,7,8,9,10,11,12,13,14,15,16,17,18,19,20,21,22,23,24,25,26,27,28,29,30,31,32,33,34,35,36,37,38,39,40,41,42,43,44,45,46,47,48,49,50,51,52,53,54,55,56,57,58,59,60,61,62,63,64,65,66,67,68,69,70,71,72,73,74,75,76"
    queueSizes "32"
    type "origin_embb"
    reservation 19182600.0
  ]
  node [
    id 26
    label "26"
    schedulingPolicy "FIFO"
    levelsQoS "1"
    schedulingWeights "-"
    tosToQoSqueue "0,1,2,3,4,5,6,7,8,9,10,11,12,13,14,15,16,17,18,19,20,21,22,23,24,25,26,27,28,29,30,31,32,33,34,35,36,37,38,39,40,41,42,43,44,45,46,47,48,49,50,51,52,53,54,55,56,57,58,59,60,61,62,63,64,65,66,67,68,69,70,71,72,73,74,75,76"
    queueSizes "32"
    type "origin_mmtc"
    reservation 188780.0
  ]
  node [
    id 27
    label "27"
    schedulingPolicy "FIFO"
    levelsQoS "1"
    schedulingWeights "-"
    tosToQoSqueue "0,1,2,3,4,5,6,7,8,9,10,11,12,13,14,15,16,17,18,19,20,21,22,23,24,25,26,27,28,29,30,31,32,33,34,35,36,37,38,39,40,41,42,43,44,45,46,47,48,49,50,51,52,53,54,55,56,57,58,59,60,61,62,63,64,65,66,67,68,69,70,71,72,73,74,75,76"
    queueSizes "32"
    type "origin_urllc"
    reservation 3834950.0
  ]
  node [
    id 28
    label "28"
    schedulingPolicy "FIFO"
    levelsQoS "1"
    schedulingWeights "-"
    tosToQoSqueue "0,1,2,3,4,5,6,7,8,9,10,11,12,13,14,15,16,17,18,19,20,21,22,23,24,25,26,27,28,29,30,31,32,33,34,35,36,37,38,39,40,41,42,43,44,45,46,47,48,49,50,51,52,53,54,55,56,57,58,59,60,61,62,63,64,65,66,67,68,69,70,71,72,73,74,75,76"
    queueSizes "32"
    type "origin_mmtc"
    reservation 188780.0
  ]
  node [
    id 29
    label "29"
    schedulingPolicy "FIFO"
    levelsQoS "1"
    schedulingWeights "-"
    tosToQoSqueue "0,1,2,3,4,5,6,7,8,9,10,11,12,13,14,15,16,17,18,19,20,21,22,23,24,25,26,27,28,29,30,31,32,33,34,35,36,37,38,39,40,41,42,43,44,45,46,47,48,49,50,51,52,53,54,55,56,57,58,59,60,61,62,63,64,65,66,67,68,69,70,71,72,73,74,75,76"
    queueSizes "32"
    type "origin_urllc"
    reservation 3834950.0
  ]
  node [
    id 30
    label "30"
    schedulingPolicy "FIFO"
    levelsQoS "1"
    schedulingWeights "-"
    tosToQoSqueue "0,1,2,3,4,5,6,7,8,9,10,11,12,13,14,15,16,17,18,19,20,21,22,23,24,25,26,27,28,29,30,31,32,33,34,35,36,37,38,39,40,41,42,43,44,45,46,47,48,49,50,51,52,53,54,55,56,57,58,59,60,61,62,63,64,65,66,67,68,69,70,71,72,73,74,75,76"
    queueSizes "32"
    type "origin_mmtc"
    reservation 207020.0
  ]
  node [
    id 31
    label "31"
    schedulingPolicy "FIFO"
    levelsQoS "1"
    schedulingWeights "-"
    tosToQoSqueue "0,1,2,3,4,5,6,7,8,9,10,11,12,13,14,15,16,17,18,19,20,21,22,23,24,25,26,27,28,29,30,31,32,33,34,35,36,37,38,39,40,41,42,43,44,45,46,47,48,49,50,51,52,53,54,55,56,57,58,59,60,61,62,63,64,65,66,67,68,69,70,71,72,73,74,75,76"
    queueSizes "32"
    type "origin_urllc"
    reservation 3021200.0
  ]
  node [
    id 32
    label "32"
    schedulingPolicy "FIFO"
    levelsQoS "1"
    schedulingWeights "-"
    tosToQoSqueue "0,1,2,3,4,5,6,7,8,9,10,11,12,13,14,15,16,17,18,19,20,21,22,23,24,25,26,27,28,29,30,31,32,33,34,35,36,37,38,39,40,41,42,43,44,45,46,47,48,49,50,51,52,53,54,55,56,57,58,59,60,61,62,63,64,65,66,67,68,69,70,71,72,73,74,75,76"
    queueSizes "32"
    type "origin_mmtc"
    reservation 189080.0
  ]
  node [
    id 33
    label "33"
    schedulingPolicy "FIFO"
    levelsQoS "1"
    schedulingWeights "-"
    tosToQoSqueue "0,1,2,3,4,5,6,7,8,9,10,11,12,13,14,15,16,17,18,19,20,21,22,23,24,25,26,27,28,29,30,31,32,33,34,35,36,37,38,39,40,41,42,43,44,45,46,47,48,49,50,51,52,53,54,55,56,57,58,59,60,61,62,63,64,65,66,67,68,69,70,71,72,73,74,75,76"
    queueSizes "32"
    type "origin_urllc"
    reservation 3710000.0
  ]
  node [
    id 34
    label "34"
    schedulingPolicy "FIFO"
    levelsQoS "1"
    schedulingWeights "-"
    tosToQoSqueue "0,1,2,3,4,5,6,7,8,9,10,11,12,13,14,15,16,17,18,19,20,21,22,23,24,25,26,27,28,29,30,31,32,33,34,35,36,37,38,39,40,41,42,43,44,45,46,47,48,49,50,51,52,53,54,55,56,57,58,59,60,61,62,63,64,65,66,67,68,69,70,71,72,73,74,75,76"
    queueSizes "32"
    type "origin_urllc"
    reservation 3710000.0
  ]
  node [
    id 35
    label "35"
    schedulingPolicy "FIFO"
    levelsQoS "1"
    schedulingWeights "-"
    tosToQoSqueue "0,1,2,3,4,5,6,7,8,9,10,11,12,13,14,15,16,17,18,19,20,21,22,23,24,25,26,27,28,29,30,31,32,33,34,35,36,37,38,39,40,41,42,43,44,45,46,47,48,49,50,51,52,53,54,55,56,57,58,59,60,61,62,63,64,65,66,67,68,69,70,71,72,73,74,75,76"
    queueSizes "32"
    type "origin_urllc"
    reservation 3710000.0
  ]
  node [
    id 36
    label "36"
    schedulingPolicy "FIFO"
    levelsQoS "1"
    schedulingWeights "-"
    tosToQoSqueue "0,1,2,3,4,5,6,7,8,9,10,11,12,13,14,15,16,17,18,19,20,21,22,23,24,25,26,27,28,29,30,31,32,33,34,35,36,37,38,39,40,41,42,43,44,45,46,47,48,49,50,51,52,53,54,55,56,57,58,59,60,61,62,63,64,65,66,67,68,69,70,71,72,73,74,75,76"
    queueSizes "32"
    type "origin_urllc"
    reservation 3710000.0
  ]
  node [
    id 37
    label "37"
    schedulingPolicy "FIFO"
    levelsQoS "1"
    schedulingWeights "-"
    tosToQoSqueue "0,1,2,3,4,5,6,7,8,9,10,11,12,13,14,15,16,17,18,19,20,21,22,23,24,25,26,27,28,29,30,31,32,33,34,35,36,37,38,39,40,41,42,43,44,45,46,47,48,49,50,51,52,53,54,55,56,57,58,59,60,61,62,63,64,65,66,67,68,69,70,71,72,73,74,75,76"
    queueSizes "32"
    type "origin_urllc"
    reservation 3710000.0
  ]
  node [
    id 38
    label "38"
    schedulingPolicy "FIFO"
    levelsQoS "1"
    schedulingWeights "-"
    tosToQoSqueue "0,1,2,3,4,5,6,7,8,9,10,11,12,13,14,15,16,17,18,19,20,21,22,23,24,25,26,27,28,29,30,31,32,33,34,35,36,37,38,39,40,41,42,43,44,45,46,47,48,49,50,51,52,53,54,55,56,57,58,59,60,61,62,63,64,65,66,67,68,69,70,71,72,73,74,75,76"
    queueSizes "32"
    type "origin_urllc"
    reservation 3021200.0
  ]
  node [
    id 39
    label "39"
    schedulingPolicy "FIFO"
    levelsQoS "1"
    schedulingWeights "-"
    tosToQoSqueue "0,1,2,3,4,5,6,7,8,9,10,11,12,13,14,15,16,17,18,19,20,21,22,23,24,25,26,27,28,29,30,31,32,33,34,35,36,37,38,39,40,41,42,43,44,45,46,47,48,49,50,51,52,53,54,55,56,57,58,59,60,61,62,63,64,65,66,67,68,69,70,71,72,73,74,75,76"
    queueSizes "32"
    type "origin_mmtc"
    reservation 188780.0
  ]
  node [
    id 40
    label "40"
    schedulingPolicy "FIFO"
    levelsQoS "1"
    schedulingWeights "-"
    tosToQoSqueue "0,1,2,3,4,5,6,7,8,9,10,11,12,13,14,15,16,17,18,19,20,21,22,23,24,25,26,27,28,29,30,31,32,33,34,35,36,37,38,39,40,41,42,43,44,45,46,47,48,49,50,51,52,53,54,55,56,57,58,59,60,61,62,63,64,65,66,67,68,69,70,71,72,73,74,75,76"
    queueSizes "32"
    type "origin_mmtc"
    reservation 189080.0
  ]
  node [
    id 41
    label "41"
    schedulingPolicy "FIFO"
    levelsQoS "1"
    schedulingWeights "-"
    tosToQoSqueue "0,1,2,3,4,5,6,7,8,9,10,11,12,13,14,15,16,17,18,19,20,21,22,23,24,25,26,27,28,29,30,31,32,33,34,35,36,37,38,39,40,41,42,43,44,45,46,47,48,49,50,51,52,53,54,55,56,57,58,59,60,61,62,63,64,65,66,67,68,69,70,71,72,73,74,75,76"
    queueSizes "32"
    type "origin_mmtc"
    reservation 207020.0
  ]
  node [
    id 42
    label "42"
    schedulingPolicy "FIFO"
    levelsQoS "1"
    schedulingWeights "-"
    tosToQoSqueue "0,1,2,3,4,5,6,7,8,9,10,11,12,13,14,15,16,17,18,19,20,21,22,23,24,25,26,27,28,29,30,31,32,33,34,35,36,37,38,39,40,41,42,43,44,45,46,47,48,49,50,51,52,53,54,55,56,57,58,59,60,61,62,63,64,65,66,67,68,69,70,71,72,73,74,75,76"
    queueSizes "32"
    type "origin_mmtc"
    reservation 189080.0
  ]
  node [
    id 43
    label "43"
    schedulingPolicy "FIFO"
    levelsQoS "1"
    schedulingWeights "-"
    tosToQoSqueue "0,1,2,3,4,5,6,7,8,9,10,11,12,13,14,15,16,17,18,19,20,21,22,23,24,25,26,27,28,29,30,31,32,33,34,35,36,37,38,39,40,41,42,43,44,45,46,47,48,49,50,51,52,53,54,55,56,57,58,59,60,61,62,63,64,65,66,67,68,69,70,71,72,73,74,75,76"
    queueSizes "32"
    type "origin_mmtc"
    reservation 189080.0
  ]
  node [
    id 44
    label "44"
    schedulingPolicy "FIFO"
    levelsQoS "1"
    schedulingWeights "-"
    tosToQoSqueue "0,1,2,3,4,5,6,7,8,9,10,11,12,13,14,15,16,17,18,19,20,21,22,23,24,25,26,27,28,29,30,31,32,33,34,35,36,37,38,39,40,41,42,43,44,45,46,47,48,49,50,51,52,53,54,55,56,57,58,59,60,61,62,63,64,65,66,67,68,69,70,71,72,73,74,75,76"
    queueSizes "32"
    type "origin_mmtc"
    reservation 207020.0
  ]
  node [
    id 45
    label "45"
    schedulingPolicy "FIFO"
    levelsQoS "1"
    schedulingWeights "-"
    tosToQoSqueue "0,1,2,3,4,5,6,7,8,9,10,11,12,13,14,15,16,17,18,19,20,21,22,23,24,25,26,27,28,29,30,31,32,33,34,35,36,37,38,39,40,41,42,43,44,45,46,47,48,49,50,51,52,53,54,55,56,57,58,59,60,61,62,63,64,65,66,67,68,69,70,71,72,73,74,75,76"
    queueSizes "32"
    type "origin_urllc"
    reservation 3834950.0
  ]
  node [
    id 46
    label "46"
    schedulingPolicy "FIFO"
    levelsQoS "1"
    schedulingWeights "-"
    tosToQoSqueue "0,1,2,3,4,5,6,7,8,9,10,11,12,13,14,15,16,17,18,19,20,21,22,23,24,25,26,27,28,29,30,31,32,33,34,35,36,37,38,39,40,41,42,43,44,45,46,47,48,49,50,51,52,53,54,55,56,57,58,59,60,61,62,63,64,65,66,67,68,69,70,71,72,73,74,75,76"
    queueSizes "32"
    type "origin_urllc"
    reservation 3834950.0
  ]
  node [
    id 47
    label "47"
    schedulingPolicy "FIFO"
    levelsQoS "1"
    schedulingWeights "-"
    tosToQoSqueue "0,1,2,3,4,5,6,7,8,9,10,11,12,13,14,15,16,17,18,19,20,21,22,23,24,25,26,27,28,29,30,31,32,33,34,35,36,37,38,39,40,41,42,43,44,45,46,47,48,49,50,51,52,53,54,55,56,57,58,59,60,61,62,63,64,65,66,67,68,69,70,71,72,73,74,75,76"
    queueSizes "32"
    type "origin_urllc"
    reservation 3834950.0
  ]
  node [
    id 48
    label "48"
    schedulingPolicy "FIFO"
    levelsQoS "1"
    schedulingWeights "-"
    tosToQoSqueue "0,1,2,3,4,5,6,7,8,9,10,11,12,13,14,15,16,17,18,19,20,21,22,23,24,25,26,27,28,29,30,31,32,33,34,35,36,37,38,39,40,41,42,43,44,45,46,47,48,49,50,51,52,53,54,55,56,57,58,59,60,61,62,63,64,65,66,67,68,69,70,71,72,73,74,75,76"
    queueSizes "32"
    type "origin_mmtc"
    reservation 189080.0
  ]
  node [
    id 49
    label "49"
    schedulingPolicy "FIFO"
    levelsQoS "1"
    schedulingWeights "-"
    tosToQoSqueue "0,1,2,3,4,5,6,7,8,9,10,11,12,13,14,15,16,17,18,19,20,21,22,23,24,25,26,27,28,29,30,31,32,33,34,35,36,37,38,39,40,41,42,43,44,45,46,47,48,49,50,51,52,53,54,55,56,57,58,59,60,61,62,63,64,65,66,67,68,69,70,71,72,73,74,75,76"
    queueSizes "32"
    type "origin_mmtc"
    reservation 188780.0
  ]
  node [
    id 50
    label "50"
    schedulingPolicy "FIFO"
    levelsQoS "1"
    schedulingWeights "-"
    tosToQoSqueue "0,1,2,3,4,5,6,7,8,9,10,11,12,13,14,15,16,17,18,19,20,21,22,23,24,25,26,27,28,29,30,31,32,33,34,35,36,37,38,39,40,41,42,43,44,45,46,47,48,49,50,51,52,53,54,55,56,57,58,59,60,61,62,63,64,65,66,67,68,69,70,71,72,73,74,75,76"
    queueSizes "32"
    type "origin_mmtc"
    reservation 189080.0
  ]
  node [
    id 51
    label "51"
    schedulingPolicy "FIFO"
    levelsQoS "1"
    schedulingWeights "-"
    tosToQoSqueue "0,1,2,3,4,5,6,7,8,9,10,11,12,13,14,15,16,17,18,19,20,21,22,23,24,25,26,27,28,29,30,31,32,33,34,35,36,37,38,39,40,41,42,43,44,45,46,47,48,49,50,51,52,53,54,55,56,57,58,59,60,61,62,63,64,65,66,67,68,69,70,71,72,73,74,75,76"
    queueSizes "32"
    type "origin_urllc"
    reservation 3021200.0
  ]
  node [
    id 52
    label "52"
    schedulingPolicy "FIFO"
    levelsQoS "1"
    schedulingWeights "-"
    tosToQoSqueue "0,1,2,3,4,5,6,7,8,9,10,11,12,13,14,15,16,17,18,19,20,21,22,23,24,25,26,27,28,29,30,31,32,33,34,35,36,37,38,39,40,41,42,43,44,45,46,47,48,49,50,51,52,53,54,55,56,57,58,59,60,61,62,63,64,65,66,67,68,69,70,71,72,73,74,75,76"
    queueSizes "32"
    type "origin_embb"
    reservation 18901800.0
  ]
  node [
    id 53
    label "53"
    schedulingPolicy "FIFO"
    levelsQoS "1"
    schedulingWeights "-"
    tosToQoSqueue "0,1,2,3,4,5,6,7,8,9,10,11,12,13,14,15,16,17,18,19,20,21,22,23,24,25,26,27,28,29,30,31,32,33,34,35,36,37,38,39,40,41,42,43,44,45,46,47,48,49,50,51,52,53,54,55,56,57,58,59,60,61,62,63,64,65,66,67,68,69,70,71,72,73,74,75,76"
    queueSizes "32"
    type "origin_mmtc"
    reservation 207020.0
  ]
  node [
    id 54
    label "54"
    schedulingPolicy "FIFO"
    levelsQoS "1"
    schedulingWeights "-"
    tosToQoSqueue "0,1,2,3,4,5,6,7,8,9,10,11,12,13,14,15,16,17,18,19,20,21,22,23,24,25,26,27,28,29,30,31,32,33,34,35,36,37,38,39,40,41,42,43,44,45,46,47,48,49,50,51,52,53,54,55,56,57,58,59,60,61,62,63,64,65,66,67,68,69,70,71,72,73,74,75,76"
    queueSizes "32"
    type "origin_urllc"
    reservation 3834950.0
  ]
  node [
    id 55
    label "55"
    schedulingPolicy "FIFO"
    levelsQoS "1"
    schedulingWeights "-"
    tosToQoSqueue "0,1,2,3,4,5,6,7,8,9,10,11,12,13,14,15,16,17,18,19,20,21,22,23,24,25,26,27,28,29,30,31,32,33,34,35,36,37,38,39,40,41,42,43,44,45,46,47,48,49,50,51,52,53,54,55,56,57,58,59,60,61,62,63,64,65,66,67,68,69,70,71,72,73,74,75,76"
    queueSizes "32"
    type "origin_mmtc"
    reservation 189080.0
  ]
  node [
    id 56
    label "56"
    schedulingPolicy "FIFO"
    levelsQoS "1"
    schedulingWeights "-"
    tosToQoSqueue "0,1,2,3,4,5,6,7,8,9,10,11,12,13,14,15,16,17,18,19,20,21,22,23,24,25,26,27,28,29,30,31,32,33,34,35,36,37,38,39,40,41,42,43,44,45,46,47,48,49,50,51,52,53,54,55,56,57,58,59,60,61,62,63,64,65,66,67,68,69,70,71,72,73,74,75,76"
    queueSizes "32"
    type "origin_mmtc"
    reservation 188780.0
  ]
  node [
    id 57
    label "57"
    schedulingPolicy "FIFO"
    levelsQoS "1"
    schedulingWeights "-"
    tosToQoSqueue "0,1,2,3,4,5,6,7,8,9,10,11,12,13,14,15,16,17,18,19,20,21,22,23,24,25,26,27,28,29,30,31,32,33,34,35,36,37,38,39,40,41,42,43,44,45,46,47,48,49,50,51,52,53,54,55,56,57,58,59,60,61,62,63,64,65,66,67,68,69,70,71,72,73,74,75,76"
    queueSizes "32"
    type "origin_urllc"
    reservation 3834950.0
  ]
  node [
    id 58
    label "58"
    schedulingPolicy "FIFO"
    levelsQoS "1"
    schedulingWeights "-"
    tosToQoSqueue "0,1,2,3,4,5,6,7,8,9,10,11,12,13,14,15,16,17,18,19,20,21,22,23,24,25,26,27,28,29,30,31,32,33,34,35,36,37,38,39,40,41,42,43,44,45,46,47,48,49,50,51,52,53,54,55,56,57,58,59,60,61,62,63,64,65,66,67,68,69,70,71,72,73,74,75,76"
    queueSizes "32"
    type "origin_urllc"
    reservation 3021200.0
  ]
  node [
    id 59
    label "59"
    schedulingPolicy "FIFO"
    levelsQoS "1"
    schedulingWeights "-"
    tosToQoSqueue "0,1,2,3,4,5,6,7,8,9,10,11,12,13,14,15,16,17,18,19,20,21,22,23,24,25,26,27,28,29,30,31,32,33,34,35,36,37,38,39,40,41,42,43,44,45,46,47,48,49,50,51,52,53,54,55,56,57,58,59,60,61,62,63,64,65,66,67,68,69,70,71,72,73,74,75,76"
    queueSizes "32"
    type "origin_urllc"
    reservation 3021200.0
  ]
  node [
    id 60
    label "60"
    schedulingPolicy "FIFO"
    levelsQoS "1"
    schedulingWeights "-"
    tosToQoSqueue "0,1,2,3,4,5,6,7,8,9,10,11,12,13,14,15,16,17,18,19,20,21,22,23,24,25,26,27,28,29,30,31,32,33,34,35,36,37,38,39,40,41,42,43,44,45,46,47,48,49,50,51,52,53,54,55,56,57,58,59,60,61,62,63,64,65,66,67,68,69,70,71,72,73,74,75,76"
    queueSizes "32"
    type "origin_urllc"
    reservation 3710000.0
  ]
  node [
    id 61
    label "61"
    schedulingPolicy "FIFO"
    levelsQoS "1"
    schedulingWeights "-"
    tosToQoSqueue "0,1,2,3,4,5,6,7,8,9,10,11,12,13,14,15,16,17,18,19,20,21,22,23,24,25,26,27,28,29,30,31,32,33,34,35,36,37,38,39,40,41,42,43,44,45,46,47,48,49,50,51,52,53,54,55,56,57,58,59,60,61,62,63,64,65,66,67,68,69,70,71,72,73,74,75,76"
    queueSizes "32"
    type "origin_urllc"
    reservation 3710000.0
  ]
  node [
    id 62
    label "62"
    schedulingPolicy "FIFO"
    levelsQoS "1"
    schedulingWeights "-"
    tosToQoSqueue "0,1,2,3,4,5,6,7,8,9,10,11,12,13,14,15,16,17,18,19,20,21,22,23,24,25,26,27,28,29,30,31,32,33,34,35,36,37,38,39,40,41,42,43,44,45,46,47,48,49,50,51,52,53,54,55,56,57,58,59,60,61,62,63,64,65,66,67,68,69,70,71,72,73,74,75,76"
    queueSizes "32"
    type "origin_urllc"
    reservation 3834950.0
  ]
  node [
    id 63
    label "63"
    schedulingPolicy "FIFO"
    levelsQoS "1"
    schedulingWeights "-"
    tosToQoSqueue "0,1,2,3,4,5,6,7,8,9,10,11,12,13,14,15,16,17,18,19,20,21,22,23,24,25,26,27,28,29,30,31,32,33,34,35,36,37,38,39,40,41,42,43,44,45,46,47,48,49,50,51,52,53,54,55,56,57,58,59,60,61,62,63,64,65,66,67,68,69,70,71,72,73,74,75,76"
    queueSizes "32"
    type "origin_urllc"
    reservation 3021200.0
  ]
  node [
    id 64
    label "64"
    schedulingPolicy "FIFO"
    levelsQoS "1"
    schedulingWeights "-"
    tosToQoSqueue "0,1,2,3,4,5,6,7,8,9,10,11,12,13,14,15,16,17,18,19,20,21,22,23,24,25,26,27,28,29,30,31,32,33,34,35,36,37,38,39,40,41,42,43,44,45,46,47,48,49,50,51,52,53,54,55,56,57,58,59,60,61,62,63,64,65,66,67,68,69,70,71,72,73,74,75,76"
    queueSizes "32"
    type "origin_urllc"
    reservation 3021200.0
  ]
  node [
    id 65
    label "65"
    schedulingPolicy "FIFO"
    levelsQoS "1"
    schedulingWeights "-"
    tosToQoSqueue "0,1,2,3,4,5,6,7,8,9,10,11,12,13,14,15,16,17,18,19,20,21,22,23,24,25,26,27,28,29,30,31,32,33,34,35,36,37,38,39,40,41,42,43,44,45,46,47,48,49,50,51,52,53,54,55,56,57,58,59,60,61,62,63,64,65,66,67,68,69,70,71,72,73,74,75,76"
    queueSizes "32"
    type "origin_urllc"
    reservation 3834950.0
  ]
  node [
    id 66
    label "66"
    schedulingPolicy "FIFO"
    levelsQoS "1"
    schedulingWeights "-"
    tosToQoSqueue "0,1,2,3,4,5,6,7,8,9,10,11,12,13,14,15,16,17,18,19,20,21,22,23,24,25,26,27,28,29,30,31,32,33,34,35,36,37,38,39,40,41,42,43,44,45,46,47,48,49,50,51,52,53,54,55,56,57,58,59,60,61,62,63,64,65,66,67,68,69,70,71,72,73,74,75,76"
    queueSizes "32"
    type "origin_mmtc"
    reservation 188780.0
  ]
  node [
    id 67
    label "67"
    schedulingPolicy "FIFO"
    levelsQoS "1"
    schedulingWeights "-"
    tosToQoSqueue "0,1,2,3,4,5,6,7,8,9,10,11,12,13,14,15,16,17,18,19,20,21,22,23,24,25,26,27,28,29,30,31,32,33,34,35,36,37,38,39,40,41,42,43,44,45,46,47,48,49,50,51,52,53,54,55,56,57,58,59,60,61,62,63,64,65,66,67,68,69,70,71,72,73,74,75,76"
    queueSizes "32"
    type "origin_mmtc"
    reservation 188780.0
  ]
  node [
    id 68
    label "68"
    schedulingPolicy "FIFO"
    levelsQoS "1"
    schedulingWeights "-"
    tosToQoSqueue "0,1,2,3,4,5,6,7,8,9,10,11,12,13,14,15,16,17,18,19,20,21,22,23,24,25,26,27,28,29,30,31,32,33,34,35,36,37,38,39,40,41,42,43,44,45,46,47,48,49,50,51,52,53,54,55,56,57,58,59,60,61,62,63,64,65,66,67,68,69,70,71,72,73,74,75,76"
    queueSizes "32"
    type "origin_mmtc"
    reservation 188780.0
  ]
  node [
    id 69
    label "69"
    schedulingPolicy "FIFO"
    levelsQoS "1"
    schedulingWeights "-"
    tosToQoSqueue "0,1,2,3,4,5,6,7,8,9,10,11,12,13,14,15,16,17,18,19,20,21,22,23,24,25,26,27,28,29,30,31,32,33,34,35,36,37,38,39,40,41,42,43,44,45,46,47,48,49,50,51,52,53,54,55,56,57,58,59,60,61,62,63,64,65,66,67,68,69,70,71,72,73,74,75,76"
    queueSizes "32"
    type "origin_mmtc"
    reservation 188780.0
  ]
  node [
    id 70
    label "70"
    schedulingPolicy "FIFO"
    levelsQoS "1"
    schedulingWeights "-"
    tosToQoSqueue "0,1,2,3,4,5,6,7,8,9,10,11,12,13,14,15,16,17,18,19,20,21,22,23,24,25,26,27,28,29,30,31,32,33,34,35,36,37,38,39,40,41,42,43,44,45,46,47,48,49,50,51,52,53,54,55,56,57,58,59,60,61,62,63,64,65,66,67,68,69,70,71,72,73,74,75,76"
    queueSizes "32"
    type "origin_mmtc"
    reservation 207020.0
  ]
  node [
    id 71
    label "71"
    schedulingPolicy "FIFO"
    levelsQoS "1"
    schedulingWeights "-"
    tosToQoSqueue "0,1,2,3,4,5,6,7,8,9,10,11,12,13,14,15,16,17,18,19,20,21,22,23,24,25,26,27,28,29,30,31,32,33,34,35,36,37,38,39,40,41,42,43,44,45,46,47,48,49,50,51,52,53,54,55,56,57,58,59,60,61,62,63,64,65,66,67,68,69,70,71,72,73,74,75,76"
    queueSizes "32"
    type "origin_mmtc"
    reservation 189080.0
  ]
  node [
    id 72
    label "72"
    schedulingPolicy "FIFO"
    levelsQoS "1"
    schedulingWeights "-"
    tosToQoSqueue "0,1,2,3,4,5,6,7,8,9,10,11,12,13,14,15,16,17,18,19,20,21,22,23,24,25,26,27,28,29,30,31,32,33,34,35,36,37,38,39,40,41,42,43,44,45,46,47,48,49,50,51,52,53,54,55,56,57,58,59,60,61,62,63,64,65,66,67,68,69,70,71,72,73,74,75,76"
    queueSizes "32"
    type "origin_mmtc"
    reservation 189080.0
  ]
  node [
    id 73
    label "73"
    schedulingPolicy "FIFO"
    levelsQoS "1"
    schedulingWeights "-"
    tosToQoSqueue "0,1,2,3,4,5,6,7,8,9,10,11,12,13,14,15,16,17,18,19,20,21,22,23,24,25,26,27,28,29,30,31,32,33,34,35,36,37,38,39,40,41,42,43,44,45,46,47,48,49,50,51,52,53,54,55,56,57,58,59,60,61,62,63,64,65,66,67,68,69,70,71,72,73,74,75,76"
    queueSizes "32"
    type "origin_mmtc"
    reservation 207020.0
  ]
  node [
    id 74
    label "74"
    schedulingPolicy "FIFO"
    levelsQoS "1"
    schedulingWeights "-"
    tosToQoSqueue "0,1,2,3,4,5,6,7,8,9,10,11,12,13,14,15,16,17,18,19,20,21,22,23,24,25,26,27,28,29,30,31,32,33,34,35,36,37,38,39,40,41,42,43,44,45,46,47,48,49,50,51,52,53,54,55,56,57,58,59,60,61,62,63,64,65,66,67,68,69,70,71,72,73,74,75,76"
    queueSizes "32"
    type "origin_mmtc"
    reservation 188780.0
  ]
  node [
    id 75
    label "75"
    schedulingPolicy "FIFO"
    levelsQoS "1"
    schedulingWeights "-"
    tosToQoSqueue "0,1,2,3,4,5,6,7,8,9,10,11,12,13,14,15,16,17,18,19,20,21,22,23,24,25,26,27,28,29,30,31,32,33,34,35,36,37,38,39,40,41,42,43,44,45,46,47,48,49,50,51,52,53,54,55,56,57,58,59,60,61,62,63,64,65,66,67,68,69,70,71,72,73,74,75,76"
    queueSizes "32"
    type "origin_mmtc"
    reservation 189080.0
  ]
  node [
    id 76
    label "76"
    schedulingPolicy "FIFO"
    levelsQoS "1"
    schedulingWeights "-"
    tosToQoSqueue "0,1,2,3,4,5,6,7,8,9,10,11,12,13,14,15,16,17,18,19,20,21,22,23,24,25,26,27,28,29,30,31,32,33,34,35,36,37,38,39,40,41,42,43,44,45,46,47,48,49,50,51,52,53,54,55,56,57,58,59,60,61,62,63,64,65,66,67,68,69,70,71,72,73,74,75,76"
    queueSizes "32"
    type "origin_mmtc"
    reservation 189080.0
  ]
  edge [
    source 0
    target 1
    key 0
    LinkLabel "DTP-Ring 2.5 Gbit/s"
    bandwidth 75000000
    traffic "18000000"
    reservation "16785000.0"
    port 0
  ]
  edge [
    source 0
    target 5
    key 0
    LinkLabel "DTP-Ring 2.5 Gbit/s"
    bandwidth 75000000
    traffic "18000000,3500000,3500000,18000000,3500000,3500000,3500000,200000,3500000,200000,200000,3500000,3500000,200000,3500000,200000,3500000,200000,3500000,200000,200000,200000,200000"
    reservation "16785000.0,3021200.0,3021200.0,18901800.0,3021200.0,3021200.0,3021200.0,188780.0,3710000.0,207020.0,207020.0,3834950.0,3834950.0,188780.0,3834950.0,188780.0,3834950.0,207020.0,3021200.0,189080.0,188780.0,189080.0,207020.0"
    port 1
  ]
  edge [
    source 0
    target 10
    key 0
    port 2
    weight 1
    bandwidth 50000000
    traffic ""
    reservation ""
  ]
  edge [
    source 1
    target 0
    key 0
    LinkLabel "DTP-Ring 2.5 Gbit/s"
    bandwidth 75000000
    traffic "18000000,3500000,3500000,18000000,3500000,3500000,3500000,200000,3500000,200000,200000,3500000,3500000,200000,3500000,200000,3500000,200000,3500000,200000,200000,200000,200000"
    reservation "16785000.0,3021200.0,3021200.0,18901800.0,3021200.0,3021200.0,3021200.0,188780.0,3710000.0,207020.0,207020.0,3834950.0,3834950.0,188780.0,3834950.0,188780.0,3834950.0,207020.0,3021200.0,189080.0,188780.0,189080.0,207020.0"
    port 0
  ]
  edge [
    source 1
    target 2
    key 0
    LinkLabel "DTP-Ring 2.5 Gbit/s"
    bandwidth 75000000
    traffic "18000000,18000000,18000000,3500000,3500000,3500000,3500000,3500000,3500000,200000,200000,200000"
    reservation "16785000.0,16785000.0,19182600.0,3710000.0,3710000.0,3710000.0,3710000.0,3710000.0,3021200.0,189080.0,189080.0,207020.0"
    port 1
  ]
  edge [
    source 1
    target 11
    key 0
    port 2
    weight 1
    bandwidth 50000000
    traffic ""
    reservation ""
  ]
  edge [
    source 1
    target 12
    key 0
    port 3
    weight 1
    bandwidth 50000000
    traffic ""
    reservation ""
  ]
  edge [
    source 1
    target 13
    key 0
    port 4
    weight 1
    bandwidth 50000000
    traffic ""
    reservation ""
  ]
  edge [
    source 1
    target 14
    key 0
    port 5
    weight 1
    bandwidth 50000000
    traffic ""
    reservation ""
  ]
  edge [
    source 1
    target 15
    key 0
    port 6
    weight 1
    bandwidth 50000000
    traffic ""
    reservation ""
  ]
  edge [
    source 1
    target 16
    key 0
    port 7
    weight 1
    bandwidth 50000000
    traffic ""
    reservation ""
  ]
  edge [
    source 1
    target 17
    key 0
    port 8
    weight 1
    bandwidth 50000000
    traffic ""
    reservation ""
  ]
  edge [
    source 1
    target 18
    key 0
    port 9
    weight 1
    bandwidth 50000000
    traffic ""
    reservation ""
  ]
  edge [
    source 1
    target 19
    key 0
    port 10
    weight 1
    bandwidth 50000000
    traffic ""
    reservation ""
  ]
  edge [
    source 1
    target 20
    key 0
    port 11
    weight 1
    bandwidth 50000000
    traffic ""
    reservation ""
  ]
  edge [
    source 1
    target 21
    key 0
    port 12
    weight 1
    bandwidth 50000000
    traffic ""
    reservation ""
  ]
  edge [
    source 1
    target 22
    key 0
    port 13
    weight 1
    bandwidth 50000000
    traffic ""
    reservation ""
  ]
  edge [
    source 1
    target 23
    key 0
    port 14
    weight 1
    bandwidth 50000000
    traffic ""
    reservation ""
  ]
  edge [
    source 1
    target 24
    key 0
    port 15
    weight 1
    bandwidth 50000000
    traffic ""
    reservation ""
  ]
  edge [
    source 1
    target 25
    key 0
    port 16
    weight 1
    bandwidth 50000000
    traffic ""
    reservation ""
  ]
  edge [
    source 1
    target 26
    key 0
    port 17
    weight 1
    bandwidth 50000000
    traffic ""
    reservation ""
  ]
  edge [
    source 1
    target 27
    key 0
    port 18
    weight 1
    bandwidth 50000000
    traffic ""
    reservation ""
  ]
  edge [
    source 1
    target 28
    key 0
    port 19
    weight 1
    bandwidth 50000000
    traffic ""
    reservation ""
  ]
  edge [
    source 1
    target 29
    key 0
    port 20
    weight 1
    bandwidth 50000000
    traffic ""
    reservation ""
  ]
  edge [
    source 1
    target 30
    key 0
    port 21
    weight 1
    bandwidth 50000000
    traffic ""
    reservation ""
  ]
  edge [
    source 1
    target 31
    key 0
    port 22
    weight 1
    bandwidth 50000000
    traffic ""
    reservation ""
  ]
  edge [
    source 1
    target 32
    key 0
    port 23
    weight 1
    bandwidth 50000000
    traffic ""
    reservation ""
  ]
  edge [
    source 1
    target 33
    key 0
    port 24
    weight 1
    bandwidth 50000000
    traffic ""
    reservation ""
  ]
  edge [
    source 1
    target 34
    key 0
    port 25
    weight 1
    bandwidth 50000000
    traffic ""
    reservation ""
  ]
  edge [
    source 1
    target 35
    key 0
    port 26
    weight 1
    bandwidth 50000000
    traffic ""
    reservation ""
  ]
  edge [
    source 1
    target 36
    key 0
    port 27
    weight 1
    bandwidth 50000000
    traffic ""
    reservation ""
  ]
  edge [
    source 1
    target 37
    key 0
    port 28
    weight 1
    bandwidth 50000000
    traffic ""
    reservation ""
  ]
  edge [
    source 1
    target 38
    key 0
    port 29
    weight 1
    bandwidth 50000000
    traffic ""
    reservation ""
  ]
  edge [
    source 1
    target 39
    key 0
    port 30
    weight 1
    bandwidth 50000000
    traffic ""
    reservation ""
  ]
  edge [
    source 1
    target 40
    key 0
    port 31
    weight 1
    bandwidth 50000000
    traffic ""
    reservation ""
  ]
  edge [
    source 1
    target 41
    key 0
    port 32
    weight 1
    bandwidth 50000000
    traffic ""
    reservation ""
  ]
  edge [
    source 1
    target 42
    key 0
    port 33
    weight 1
    bandwidth 50000000
    traffic ""
    reservation ""
  ]
  edge [
    source 1
    target 43
    key 0
    port 34
    weight 1
    bandwidth 50000000
    traffic ""
    reservation ""
  ]
  edge [
    source 1
    target 44
    key 0
    port 35
    weight 1
    bandwidth 50000000
    traffic ""
    reservation ""
  ]
  edge [
    source 2
    target 1
    key 0
    LinkLabel "DTP-Ring 2.5 Gbit/s"
    bandwidth 75000000
    traffic ""
    reservation ""
    port 0
  ]
  edge [
    source 2
    target 3
    key 0
    LinkLabel "DTP-Ring 2.5 Gbit/s"
    bandwidth 75000000
    traffic "3500000,3500000,3500000,3500000,3500000,3500000,200000,200000,200000"
    reservation "3710000.0,3710000.0,3710000.0,3710000.0,3710000.0,3021200.0,189080.0,189080.0,207020.0"
    port 1
  ]
  edge [
    source 2
    target 8
    key 0
    port 2
    weight 1
    bandwidth 350000000
    traffic "18000000,18000000,18000000,18000000,18000000,18000000,18000000"
    reservation "16785000.0,16785000.0,16785000.0,18901800.0,16785000.0,19182600.0,18901800.0"
  ]
  edge [
    source 3
    target 2
    key 0
    LinkLabel "DTP-Ring 2.5 Gbit/s"
    bandwidth 75000000
    traffic "18000000,18000000,18000000,18000000"
    reservation "16785000.0,16785000.0,18901800.0,18901800.0"
    port 0
  ]
  edge [
    source 3
    target 4
    key 0
    LinkLabel "DTP-Ring 2.5 Gbit/s"
    bandwidth 75000000
    traffic "3500000,3500000,3500000,3500000,3500000,3500000,200000,200000,200000,3500000,3500000,3500000,200000,200000,200000,3500000,200000,3500000,200000,200000,3500000,3500000,3500000,3500000,3500000,3500000,3500000,3500000,3500000,200000,200000,200000,200000,200000,200000,200000,200000,200000,200000,200000"
    reservation "3710000.0,3710000.0,3710000.0,3710000.0,3710000.0,3021200.0,189080.0,189080.0,207020.0,3834950.0,3834950.0,3834950.0,189080.0,188780.0,189080.0,3021200.0,207020.0,3834950.0,189080.0,188780.0,3834950.0,3021200.0,3021200.0,3710000.0,3710000.0,3834950.0,3021200.0,3021200.0,3834950.0,188780.0,188780.0,188780.0,188780.0,207020.0,189080.0,189080.0,207020.0,188780.0,189080.0,189080.0"
    port 1
  ]
  edge [
    source 3
    target 9
    key 0
    port 2
    weight 1
    bandwidth 50000000
    traffic ""
    reservation ""
  ]
  edge [
    source 3
    target 45
    key 0
    port 3
    weight 1
    bandwidth 50000000
    traffic ""
    reservation ""
  ]
  edge [
    source 3
    target 46
    key 0
    port 4
    weight 1
    bandwidth 50000000
    traffic ""
    reservation ""
  ]
  edge [
    source 3
    target 47
    key 0
    port 5
    weight 1
    bandwidth 50000000
    traffic ""
    reservation ""
  ]
  edge [
    source 3
    target 48
    key 0
    port 6
    weight 1
    bandwidth 50000000
    traffic ""
    reservation ""
  ]
  edge [
    source 3
    target 49
    key 0
    port 7
    weight 1
    bandwidth 50000000
    traffic ""
    reservation ""
  ]
  edge [
    source 3
    target 50
    key 0
    port 8
    weight 1
    bandwidth 50000000
    traffic ""
    reservation ""
  ]
  edge [
    source 3
    target 51
    key 0
    port 9
    weight 1
    bandwidth 50000000
    traffic ""
    reservation ""
  ]
  edge [
    source 3
    target 52
    key 0
    port 10
    weight 1
    bandwidth 50000000
    traffic ""
    reservation ""
  ]
  edge [
    source 3
    target 53
    key 0
    port 11
    weight 1
    bandwidth 50000000
    traffic ""
    reservation ""
  ]
  edge [
    source 3
    target 54
    key 0
    port 12
    weight 1
    bandwidth 50000000
    traffic ""
    reservation ""
  ]
  edge [
    source 3
    target 55
    key 0
    port 13
    weight 1
    bandwidth 50000000
    traffic ""
    reservation ""
  ]
  edge [
    source 3
    target 56
    key 0
    port 14
    weight 1
    bandwidth 50000000
    traffic ""
    reservation ""
  ]
  edge [
    source 3
    target 57
    key 0
    port 15
    weight 1
    bandwidth 50000000
    traffic ""
    reservation ""
  ]
  edge [
    source 3
    target 58
    key 0
    port 16
    weight 1
    bandwidth 50000000
    traffic ""
    reservation ""
  ]
  edge [
    source 3
    target 59
    key 0
    port 17
    weight 1
    bandwidth 50000000
    traffic ""
    reservation ""
  ]
  edge [
    source 3
    target 60
    key 0
    port 18
    weight 1
    bandwidth 50000000
    traffic ""
    reservation ""
  ]
  edge [
    source 3
    target 61
    key 0
    port 19
    weight 1
    bandwidth 50000000
    traffic ""
    reservation ""
  ]
  edge [
    source 3
    target 62
    key 0
    port 20
    weight 1
    bandwidth 50000000
    traffic ""
    reservation ""
  ]
  edge [
    source 3
    target 63
    key 0
    port 21
    weight 1
    bandwidth 50000000
    traffic ""
    reservation ""
  ]
  edge [
    source 3
    target 64
    key 0
    port 22
    weight 1
    bandwidth 50000000
    traffic ""
    reservation ""
  ]
  edge [
    source 3
    target 65
    key 0
    port 23
    weight 1
    bandwidth 50000000
    traffic ""
    reservation ""
  ]
  edge [
    source 3
    target 66
    key 0
    port 24
    weight 1
    bandwidth 50000000
    traffic ""
    reservation ""
  ]
  edge [
    source 3
    target 67
    key 0
    port 25
    weight 1
    bandwidth 50000000
    traffic ""
    reservation ""
  ]
  edge [
    source 3
    target 68
    key 0
    port 26
    weight 1
    bandwidth 50000000
    traffic ""
    reservation ""
  ]
  edge [
    source 3
    target 69
    key 0
    port 27
    weight 1
    bandwidth 50000000
    traffic ""
    reservation ""
  ]
  edge [
    source 3
    target 70
    key 0
    port 28
    weight 1
    bandwidth 50000000
    traffic ""
    reservation ""
  ]
  edge [
    source 3
    target 71
    key 0
    port 29
    weight 1
    bandwidth 50000000
    traffic ""
    reservation ""
  ]
  edge [
    source 3
    target 72
    key 0
    port 30
    weight 1
    bandwidth 50000000
    traffic ""
    reservation ""
  ]
  edge [
    source 3
    target 73
    key 0
    port 31
    weight 1
    bandwidth 50000000
    traffic ""
    reservation ""
  ]
  edge [
    source 3
    target 74
    key 0
    port 32
    weight 1
    bandwidth 50000000
    traffic ""
    reservation ""
  ]
  edge [
    source 3
    target 75
    key 0
    port 33
    weight 1
    bandwidth 50000000
    traffic ""
    reservation ""
  ]
  edge [
    source 3
    target 76
    key 0
    port 34
    weight 1
    bandwidth 50000000
    traffic ""
    reservation ""
  ]
  edge [
    source 4
    target 3
    key 0
    LinkLabel "DTP-Ring 2.5 Gbit/s"
    bandwidth 75000000
    traffic "18000000,18000000"
    reservation "16785000.0,18901800.0"
    port 0
  ]
  edge [
    source 4
    target 5
    key 0
    LinkLabel "DTP-Ring 2.5 Gbit/s"
    bandwidth 75000000
    traffic "3500000,3500000,3500000,3500000,3500000,3500000,3500000,3500000,3500000,3500000,3500000,3500000,3500000,3500000,3500000,3500000,3500000,3500000,3500000,3500000"
    reservation "3710000.0,3710000.0,3710000.0,3710000.0,3710000.0,3021200.0,3834950.0,3834950.0,3834950.0,3021200.0,3834950.0,3834950.0,3021200.0,3021200.0,3710000.0,3710000.0,3834950.0,3021200.0,3021200.0,3834950.0"
    port 1
  ]
  edge [
    source 4
    target 7
    key 0
    port 2
    weight 1
    bandwidth 350000000
    traffic "200000,200000,200000,200000,200000,200000,200000,200000,200000,200000,200000,200000,200000,200000,200000,200000,200000,200000,200000,200000,200000,200000,200000,200000,200000,200000,200000,200000,200000,200000"
    reservation "188780.0,207020.0,207020.0,188780.0,188780.0,207020.0,189080.0,188780.0,189080.0,207020.0,189080.0,189080.0,207020.0,189080.0,188780.0,189080.0,207020.0,189080.0,188780.0,188780.0,188780.0,188780.0,188780.0,207020.0,189080.0,189080.0,207020.0,188780.0,189080.0,189080.0"
  ]
  edge [
    source 5
    target 0
    key 0
    LinkLabel "DTP-Ring 2.5 Gbit/s"
    bandwidth 75000000
    traffic ""
    reservation ""
    port 0
  ]
  edge [
    source 5
    target 4
    key 0
    LinkLabel "DTP-Ring 2.5 Gbit/s"
    bandwidth 75000000
    traffic "18000000,18000000,200000,200000,200000,200000,200000,200000,200000,200000,200000,200000"
    reservation "16785000.0,18901800.0,188780.0,207020.0,207020.0,188780.0,188780.0,207020.0,189080.0,188780.0,189080.0,207020.0"
    port 1
  ]
  edge [
    source 5
    target 6
    key 0
    port 2
    weight 1
    bandwidth 350000000
    traffic "3500000,3500000,3500000,3500000,3500000,3500000,3500000,3500000,3500000,3500000,3500000,3500000,3500000,3500000,3500000,3500000,3500000,3500000,3500000,3500000,3500000,3500000,3500000,3500000,3500000,3500000,3500000,3500000,3500000,3500000,3500000"
    reservation "3021200.0,3021200.0,3021200.0,3021200.0,3021200.0,3710000.0,3834950.0,3834950.0,3834950.0,3834950.0,3021200.0,3710000.0,3710000.0,3710000.0,3710000.0,3710000.0,3021200.0,3834950.0,3834950.0,3834950.0,3021200.0,3834950.0,3834950.0,3021200.0,3021200.0,3710000.0,3710000.0,3834950.0,3021200.0,3021200.0,3834950.0"
  ]
  edge [
    source 6
    target 5
    key 0
    port 0
    weight 1
    bandwidth 350000000
    traffic ""
    reservation ""
  ]
  edge [
    source 7
    target 4
    key 0
    port 0
    weight 1
    bandwidth 350000000
    traffic ""
    reservation ""
  ]
  edge [
    source 8
    target 2
    key 0
    port 0
    weight 1
    bandwidth 350000000
    traffic ""
    reservation ""
  ]
  edge [
    source 9
    target 3
    key 0
    port 0
    weight 1
    bandwidth 50000000
    traffic "18000000"
    reservation "16785000.0"
  ]
  edge [
    source 10
    target 0
    key 0
    port 0
    weight 1
    bandwidth 50000000
    traffic "18000000"
    reservation "16785000.0"
  ]
  edge [
    source 11
    target 1
    key 0
    port 0
    weight 1
    bandwidth 50000000
    traffic "18000000"
    reservation "16785000.0"
  ]
  edge [
    source 12
    target 1
    key 0
    port 0
    weight 1
    bandwidth 50000000
    traffic "3500000"
    reservation "3021200.0"
  ]
  edge [
    source 13
    target 1
    key 0
    port 0
    weight 1
    bandwidth 50000000
    traffic "3500000"
    reservation "3021200.0"
  ]
  edge [
    source 14
    target 1
    key 0
    port 0
    weight 1
    bandwidth 50000000
    traffic "18000000"
    reservation "18901800.0"
  ]
  edge [
    source 15
    target 1
    key 0
    port 0
    weight 1
    bandwidth 50000000
    traffic "3500000"
    reservation "3021200.0"
  ]
  edge [
    source 16
    target 1
    key 0
    port 0
    weight 1
    bandwidth 50000000
    traffic "3500000"
    reservation "3021200.0"
  ]
  edge [
    source 17
    target 1
    key 0
    port 0
    weight 1
    bandwidth 50000000
    traffic "3500000"
    reservation "3021200.0"
  ]
  edge [
    source 18
    target 1
    key 0
    port 0
    weight 1
    bandwidth 50000000
    traffic "200000"
    reservation "188780.0"
  ]
  edge [
    source 19
    target 1
    key 0
    port 0
    weight 1
    bandwidth 50000000
    traffic "3500000"
    reservation "3710000.0"
  ]
  edge [
    source 20
    target 1
    key 0
    port 0
    weight 1
    bandwidth 50000000
    traffic "200000"
    reservation "207020.0"
  ]
  edge [
    source 21
    target 1
    key 0
    port 0
    weight 1
    bandwidth 50000000
    traffic "200000"
    reservation "207020.0"
  ]
  edge [
    source 22
    target 1
    key 0
    port 0
    weight 1
    bandwidth 50000000
    traffic "3500000"
    reservation "3834950.0"
  ]
  edge [
    source 23
    target 1
    key 0
    port 0
    weight 1
    bandwidth 50000000
    traffic "18000000"
    reservation "16785000.0"
  ]
  edge [
    source 24
    target 1
    key 0
    port 0
    weight 1
    bandwidth 50000000
    traffic "3500000"
    reservation "3834950.0"
  ]
  edge [
    source 25
    target 1
    key 0
    port 0
    weight 1
    bandwidth 50000000
    traffic "18000000"
    reservation "19182600.0"
  ]
  edge [
    source 26
    target 1
    key 0
    port 0
    weight 1
    bandwidth 50000000
    traffic "200000"
    reservation "188780.0"
  ]
  edge [
    source 27
    target 1
    key 0
    port 0
    weight 1
    bandwidth 50000000
    traffic "3500000"
    reservation "3834950.0"
  ]
  edge [
    source 28
    target 1
    key 0
    port 0
    weight 1
    bandwidth 50000000
    traffic "200000"
    reservation "188780.0"
  ]
  edge [
    source 29
    target 1
    key 0
    port 0
    weight 1
    bandwidth 50000000
    traffic "3500000"
    reservation "3834950.0"
  ]
  edge [
    source 30
    target 1
    key 0
    port 0
    weight 1
    bandwidth 50000000
    traffic "200000"
    reservation "207020.0"
  ]
  edge [
    source 31
    target 1
    key 0
    port 0
    weight 1
    bandwidth 50000000
    traffic "3500000"
    reservation "3021200.0"
  ]
  edge [
    source 32
    target 1
    key 0
    port 0
    weight 1
    bandwidth 50000000
    traffic "200000"
    reservation "189080.0"
  ]
  edge [
    source 33
    target 1
    key 0
    port 0
    weight 1
    bandwidth 50000000
    traffic "3500000"
    reservation "3710000.0"
  ]
  edge [
    source 34
    target 1
    key 0
    port 0
    weight 1
    bandwidth 50000000
    traffic "3500000"
    reservation "3710000.0"
  ]
  edge [
    source 35
    target 1
    key 0
    port 0
    weight 1
    bandwidth 50000000
    traffic "3500000"
    reservation "3710000.0"
  ]
  edge [
    source 36
    target 1
    key 0
    port 0
    weight 1
    bandwidth 50000000
    traffic "3500000"
    reservation "3710000.0"
  ]
  edge [
    source 37
    target 1
    key 0
    port 0
    weight 1
    bandwidth 50000000
    traffic "3500000"
    reservation "3710000.0"
  ]
  edge [
    source 38
    target 1
    key 0
    port 0
    weight 1
    bandwidth 50000000
    traffic "3500000"
    reservation "3021200.0"
  ]
  edge [
    source 39
    target 1
    key 0
    port 0
    weight 1
    bandwidth 50000000
    traffic "200000"
    reservation "188780.0"
  ]
  edge [
    source 40
    target 1
    key 0
    port 0
    weight 1
    bandwidth 50000000
    traffic "200000"
    reservation "189080.0"
  ]
  edge [
    source 41
    target 1
    key 0
    port 0
    weight 1
    bandwidth 50000000
    traffic "200000"
    reservation "207020.0"
  ]
  edge [
    source 42
    target 1
    key 0
    port 0
    weight 1
    bandwidth 50000000
    traffic "200000"
    reservation "189080.0"
  ]
  edge [
    source 43
    target 1
    key 0
    port 0
    weight 1
    bandwidth 50000000
    traffic "200000"
    reservation "189080.0"
  ]
  edge [
    source 44
    target 1
    key 0
    port 0
    weight 1
    bandwidth 50000000
    traffic "200000"
    reservation "207020.0"
  ]
  edge [
    source 45
    target 3
    key 0
    port 0
    weight 1
    bandwidth 50000000
    traffic "3500000"
    reservation "3834950.0"
  ]
  edge [
    source 46
    target 3
    key 0
    port 0
    weight 1
    bandwidth 50000000
    traffic "3500000"
    reservation "3834950.0"
  ]
  edge [
    source 47
    target 3
    key 0
    port 0
    weight 1
    bandwidth 50000000
    traffic "3500000"
    reservation "3834950.0"
  ]
  edge [
    source 48
    target 3
    key 0
    port 0
    weight 1
    bandwidth 50000000
    traffic "200000"
    reservation "189080.0"
  ]
  edge [
    source 49
    target 3
    key 0
    port 0
    weight 1
    bandwidth 50000000
    traffic "200000"
    reservation "188780.0"
  ]
  edge [
    source 50
    target 3
    key 0
    port 0
    weight 1
    bandwidth 50000000
    traffic "200000"
    reservation "189080.0"
  ]
  edge [
    source 51
    target 3
    key 0
    port 0
    weight 1
    bandwidth 50000000
    traffic "3500000"
    reservation "3021200.0"
  ]
  edge [
    source 52
    target 3
    key 0
    port 0
    weight 1
    bandwidth 50000000
    traffic "18000000"
    reservation "18901800.0"
  ]
  edge [
    source 53
    target 3
    key 0
    port 0
    weight 1
    bandwidth 50000000
    traffic "200000"
    reservation "207020.0"
  ]
  edge [
    source 54
    target 3
    key 0
    port 0
    weight 1
    bandwidth 50000000
    traffic "3500000"
    reservation "3834950.0"
  ]
  edge [
    source 55
    target 3
    key 0
    port 0
    weight 1
    bandwidth 50000000
    traffic "200000"
    reservation "189080.0"
  ]
  edge [
    source 56
    target 3
    key 0
    port 0
    weight 1
    bandwidth 50000000
    traffic "200000"
    reservation "188780.0"
  ]
  edge [
    source 57
    target 3
    key 0
    port 0
    weight 1
    bandwidth 50000000
    traffic "3500000"
    reservation "3834950.0"
  ]
  edge [
    source 58
    target 3
    key 0
    port 0
    weight 1
    bandwidth 50000000
    traffic "3500000"
    reservation "3021200.0"
  ]
  edge [
    source 59
    target 3
    key 0
    port 0
    weight 1
    bandwidth 50000000
    traffic "3500000"
    reservation "3021200.0"
  ]
  edge [
    source 60
    target 3
    key 0
    port 0
    weight 1
    bandwidth 50000000
    traffic "3500000"
    reservation "3710000.0"
  ]
  edge [
    source 61
    target 3
    key 0
    port 0
    weight 1
    bandwidth 50000000
    traffic "3500000"
    reservation "3710000.0"
  ]
  edge [
    source 62
    target 3
    key 0
    port 0
    weight 1
    bandwidth 50000000
    traffic "3500000"
    reservation "3834950.0"
  ]
  edge [
    source 63
    target 3
    key 0
    port 0
    weight 1
    bandwidth 50000000
    traffic "3500000"
    reservation "3021200.0"
  ]
  edge [
    source 64
    target 3
    key 0
    port 0
    weight 1
    bandwidth 50000000
    traffic "3500000"
    reservation "3021200.0"
  ]
  edge [
    source 65
    target 3
    key 0
    port 0
    weight 1
    bandwidth 50000000
    traffic "3500000"
    reservation "3834950.0"
  ]
  edge [
    source 66
    target 3
    key 0
    port 0
    weight 1
    bandwidth 50000000
    traffic "200000"
    reservation "188780.0"
  ]
  edge [
    source 67
    target 3
    key 0
    port 0
    weight 1
    bandwidth 50000000
    traffic "200000"
    reservation "188780.0"
  ]
  edge [
    source 68
    target 3
    key 0
    port 0
    weight 1
    bandwidth 50000000
    traffic "200000"
    reservation "188780.0"
  ]
  edge [
    source 69
    target 3
    key 0
    port 0
    weight 1
    bandwidth 50000000
    traffic "200000"
    reservation "188780.0"
  ]
  edge [
    source 70
    target 3
    key 0
    port 0
    weight 1
    bandwidth 50000000
    traffic "200000"
    reservation "207020.0"
  ]
  edge [
    source 71
    target 3
    key 0
    port 0
    weight 1
    bandwidth 50000000
    traffic "200000"
    reservation "189080.0"
  ]
  edge [
    source 72
    target 3
    key 0
    port 0
    weight 1
    bandwidth 50000000
    traffic "200000"
    reservation "189080.0"
  ]
  edge [
    source 73
    target 3
    key 0
    port 0
    weight 1
    bandwidth 50000000
    traffic "200000"
    reservation "207020.0"
  ]
  edge [
    source 74
    target 3
    key 0
    port 0
    weight 1
    bandwidth 50000000
    traffic "200000"
    reservation "188780.0"
  ]
  edge [
    source 75
    target 3
    key 0
    port 0
    weight 1
    bandwidth 50000000
    traffic "200000"
    reservation "189080.0"
  ]
  edge [
    source 76
    target 3
    key 0
    port 0
    weight 1
    bandwidth 50000000
    traffic "200000"
    reservation "189080.0"
  ]
]
