graph [
  directed 1
  multigraph 1
  GeoLocation "China"
  GeoExtent "Country"
  Network "China Telecom "
  Provenance "Primary"
  Access 0
  Source "http://www.chinatelecomusa.com/content.asp?pl=627&#38;sl=637&#38;contentid=660&#38;id=1&#38;indexid=0"
  Version "1.0"
  Type "COM"
  DateType "Current"
  Backbone 1
  Commercial 0
  label "Chinanet"
  ToolsetVersion "0.3.34dev-20120328"
  Customer 1
  IX 0
  SourceGitVersion "e278b1b"
  DateModifier "="
  DateMonth "08"
  LastAccess "3/08/10"
  Layer "IP"
  Creator "Topology Zoo Toolset"
  Developed 0
  Transit 1
  NetworkDate "2010_08"
  DateYear "2010"
  LastProcessed "2011_09_01"
  Testbed 0
  levelsToS 85
  node [
    id 0
    label "0"
    Country "China"
    Longitude 91.1
    Internal 1
    Latitude 29.65
    type "inner"
    schedulingPolicy "WFQ"
    tosToQoSqueue "69;70;47;48,52,53,54,55,56,57,58,59,60,73;45;46,0,1,2,3,4,5,6,7,8,9,10,11,12,13,14,15,16,17,18,19,20,21,22,23,24,25,26,27,28,29,30,31,32,33,34,35,36,37,38,39,40,41,42,43,44,49,50,51,61,62,63,64,65,66,67,68,71,72,74,75,76,77,78,79,80,81,82,83,84"
    schedulingWeights "0.001,0.001,12.379,7.887,78.955,0.777;0.001,0.001,0.001,0.001,0.001,99.995;14.542,13.874,0.001,0.789,0.001,70.793"
    levelsQoS 6
    queueSizes "32,32,32,32,32,32"
  ]
  node [
    id 1
    label "1"
    Country "China"
    Longitude 103.79222
    Internal 1
    Latitude 36.05639
    type "inner"
    schedulingPolicy "WFQ"
    tosToQoSqueue "51;49;47;48,52,53,54,55,56,57,58,59,60,61,62,63,64,65,66,67,68,73,74,75,76;45;46,0,1,2,3,4,5,6,7,8,9,10,11,12,13,14,15,16,17,18,19,20,21,22,23,24,25,26,27,28,29,30,31,32,33,34,35,36,37,38,39,40,41,42,43,44,50,69,70,71,72,77,78,79,80,81,82,83,84"
    schedulingWeights "13.861,12.912,0.001,9.465,0.001,63.76;0.001,0.001,12.379,7.887,78.955,0.777"
    levelsQoS 6
    queueSizes "32,32,32,32,32,32"
  ]
  node [
    id 2
    label "2"
    Country "China"
    Longitude 75.97972
    Internal 1
    Latitude 39.45472
    type "inner"
    schedulingPolicy "WFQ"
    tosToQoSqueue "0,1,2,3,4,5,6,7,8,9,10,11,12,13,14,15,16,17,18,19,20,21,22,23,24,25,26,27,28,29,30,31,32,33,34,35,36,37,38,39,40,41,42,43,44,45,46,47,48,49,50,51,52,53,54,55,56,57,58,59,60,61,62,63,64,65,66,67,68,69,70,71,72,73,74,75,76,77,78,79,80,81,82,83,84"
    schedulingWeights "100"
    levelsQoS 1
    queueSizes "32"
  ]
  node [
    id 3
    label "3"
    Country "China"
    Longitude 80.06667
    Internal 1
    Latitude 32.51667
    type "inner"
    schedulingPolicy "WFQ"
    tosToQoSqueue "0,1,2,3,4,5,6,7,8,9,10,11,12,13,14,15,16,17,18,19,20,21,22,23,24,25,26,27,28,29,30,31,32,33,34,35,36,37,38,39,40,41,42,43,44,45,46,47,48,49,50,51,52,53,54,55,56,57,58,59,60,61,62,63,64,65,66,67,68,69,70,71,72,73,74,75,76,77,78,79,80,81,82,83,84"
    schedulingWeights "100"
    levelsQoS 1
    queueSizes "32"
  ]
  node [
    id 4
    label "4"
    Country "China"
    Longitude 116.99722
    Internal 1
    Latitude 36.66833
    type "inner"
    schedulingPolicy "WFQ"
    tosToQoSqueue "0,1,2,3,4,5,6,7,8,9,10,11,12,13,14,15,16,17,18,19,20,21,22,23,24,25,26,27,28,29,30,31,32,33,34,35,36,37,38,39,40,41,42,43,44,45,46,47,48,49,50,51,52,53,54,55,56,57,58,59,60,61,62,63,64,65,66,67,68,69,70,71,72,73,74,75,76,77,78,79,80,81,82,83,84"
    schedulingWeights "100"
    levelsQoS 1
    queueSizes "32"
  ]
  node [
    id 5
    label "5"
    Country "China"
    Longitude 120.37194
    Internal 1
    Latitude 36.09861
    type "inner"
    schedulingPolicy "WFQ"
    tosToQoSqueue "0,1,2,3,4,5,6,7,8,9,10,11,12,13,14,15,16,17,18,19,20,21,22,23,24,25,26,27,28,29,30,31,32,33,34,35,36,37,38,39,40,41,42,43,44,45,46,47,48,49,50,51,52,53,54,55,56,57,58,59,60,61,62,63,64,65,66,67,68,69,70,71,72,73,74,75,76,77,78,79,80,81,82,83,84"
    schedulingWeights "100"
    levelsQoS 1
    queueSizes "32"
  ]
  node [
    id 6
    label "6"
    Country "China"
    Longitude 112.56028
    Internal 1
    Latitude 37.86944
    type "inner"
    schedulingPolicy "WFQ"
    tosToQoSqueue "69;70;77,78,79,80,81,82;50,0,1,2,3,4,5,6,7,8,9,10,11,12,13,14,15,16,17,18,19,20,21,22,23,24,25,26,27,28,29,30,31,32,33,34,35,36,37,38,39,40,41,42,43,44,45,46,47,48,49,51,52,53,54,55,56,57,58,59,60,61,62,63,64,65,66,67,68,71,72,73,74,75,76,83,84"
    schedulingWeights "14.542,13.874,4.732,66.852;0.001,0.001,0.001,99.997"
    levelsQoS 4
    queueSizes "32,32,32,32"
  ]
  node [
    id 7
    label "7"
    Country "China"
    Longitude 114.47861
    Internal 1
    Latitude 38.04139
    type "inner"
    schedulingPolicy "WFQ"
    tosToQoSqueue "0,1,2,3,4,5,6,7,8,9,10,11,12,13,14,15,16,17,18,19,20,21,22,23,24,25,26,27,28,29,30,31,32,33,34,35,36,37,38,39,40,41,42,43,44,45,46,47,48,49,50,51,52,53,54,55,56,57,58,59,60,61,62,63,64,65,66,67,68,69,70,71,72,73,74,75,76,77,78,79,80,81,82,83,84"
    schedulingWeights "100"
    levelsQoS 1
    queueSizes "32"
  ]
  node [
    id 8
    label "8"
    Country "China"
    Longitude 121.45806
    Internal 1
    Latitude 31.22222
    type "inner"
    schedulingPolicy "WFQ"
    tosToQoSqueue "71;51;69;70;49;47;72;48,52,53,54,55,56,57,58,59,60,61,62,63,64,65,66,67,68,73,74,75,76,77,78,79,80,81,82,84;45;46,83,0,1,2,3,4,5,6,7,8,9,10,11,12,13,14,15,16,17,18,19,20,21,22,23,24,25,26,27,28,29,30,31,32,33,34,35,36,37,38,39,40,41,42,43,44,50"
    schedulingWeights "0.001,0.001,0.001,0.001,0.001,0.001,0.001,0.001,0.001,99.991;0.001,0.001,0.001,0.001,0.001,0.001,0.001,20.507,78.955,0.531;0.001,0.001,0.001,0.001,0.001,0.001,0.001,2.366,0.001,97.626;0.001,0.001,0.001,0.001,0.001,0.001,0.001,0.001,0.001,99.991;0.001,0.001,0.001,0.001,0.001,0.001,0.001,0.001,0.001,99.991;0.001,0.001,0.001,0.001,0.001,0.001,0.001,0.001,0.001,99.991;0.001,0.001,0.001,0.001,0.001,0.001,0.001,0.001,0.001,99.991;0.001,0.001,0.001,0.001,0.001,0.001,0.001,0.001,0.001,99.991;14.979,13.861,14.542,13.874,12.912,12.379,13.374,0.001,0.001,4.077;0.001,0.001,0.001,0.001,0.001,0.001,0.001,0.001,0.001,99.991;0.001,0.001,0.001,0.001,0.001,0.001,0.001,0.001,0.001,99.991;0.001,0.001,0.001,0.001,0.001,0.001,0.001,0.001,0.001,99.991;0.001,0.001,0.001,0.001,0.001,0.001,0.001,0.001,0.001,99.991;0.001,0.001,0.001,0.001,0.001,0.001,0.001,0.001,0.001,99.991"
    levelsQoS 10
    queueSizes "32,32,32,32,32,32,32,32,32,32"
  ]
  node [
    id 9
    label "9"
    Country "China"
    Longitude 120.61806
    Internal 1
    Latitude 31.31139
    type "inner"
    schedulingPolicy "WFQ"
    tosToQoSqueue "46,0,1,2,3,4,5,6,7,8,9,10,11,12,13,14,15,16,17,18,19,20,21,22,23,24,25,26,27,28,29,30,31,32,33,34,35,36,37,38,39,40,41,42,43,44,45,47,48,49,50,51,52,53,54,55,56,57,58,59,60,61,62,63,64,65,66,67,68,69,70,71,72,73,74,75,76,77,78,79,80,81,82,83,84"
    schedulingWeights "100;100"
    levelsQoS 1
    queueSizes "32"
  ]
  node [
    id 10
    label "10"
    Internal 0
    type "inner"
    schedulingPolicy "WFQ"
    tosToQoSqueue "0,1,2,3,4,5,6,7,8,9,10,11,12,13,14,15,16,17,18,19,20,21,22,23,24,25,26,27,28,29,30,31,32,33,34,35,36,37,38,39,40,41,42,43,44,45,46,47,48,49,50,51,52,53,54,55,56,57,58,59,60,61,62,63,64,65,66,67,68,69,70,71,72,73,74,75,76,77,78,79,80,81,82,83,84"
    schedulingWeights "100"
    levelsQoS 1
    queueSizes "32"
  ]
  node [
    id 11
    label "11"
    Internal 0
    type "inner"
    schedulingPolicy "WFQ"
    tosToQoSqueue "0,1,2,3,4,5,6,7,8,9,10,11,12,13,14,15,16,17,18,19,20,21,22,23,24,25,26,27,28,29,30,31,32,33,34,35,36,37,38,39,40,41,42,43,44,45,46,47,48,49,50,51,52,53,54,55,56,57,58,59,60,61,62,63,64,65,66,67,68,69,70,71,72,73,74,75,76,77,78,79,80,81,82,83,84"
    schedulingWeights "100"
    levelsQoS 1
    queueSizes "32"
  ]
  node [
    id 12
    label "12"
    Country "China"
    Longitude 108.31667
    Internal 1
    Latitude 22.81667
    type "inner"
    schedulingPolicy "WFQ"
    tosToQoSqueue "0,1,2,3,4,5,6,7,8,9,10,11,12,13,14,15,16,17,18,19,20,21,22,23,24,25,26,27,28,29,30,31,32,33,34,35,36,37,38,39,40,41,42,43,44,45,46,47,48,49,50,51,52,53,54,55,56,57,58,59,60,61,62,63,64,65,66,67,68,69,70,71,72,73,74,75,76,77,78,79,80,81,82,83,84"
    schedulingWeights "100"
    levelsQoS 1
    queueSizes "32"
  ]
  node [
    id 13
    label "13"
    Country "China"
    Longitude 112.96667
    Internal 1
    Latitude 28.2
    type "destination_mmtc"
    schedulingPolicy "FIFO"
    levelsQoS "1"
    schedulingWeights "-"
    tosToQoSqueue "0,1,2,3,4,5,6,7,8,9,10,11,12,13,14,15,16,17,18,19,20,21,22,23,24,25,26,27,28,29,30,31,32,33,34,35,36,37,38,39,40,41,42,43,44,45,46,47,48,49,50,51,52,53,54,55,56,57,58,59,60,61,62,63,64,65,66,67,68,69,70,71,72,73,74,75,76,77,78,79,80,81,82,83,84"
    queueSizes "32"
  ]
  node [
    id 14
    label "14"
    Country "China"
    Longitude 106.71667
    Internal 1
    Latitude 26.58333
    type "antenna"
    schedulingPolicy "WFQ"
    tosToQoSqueue "71;69;70;72;61,62,63,64,65,66,67,68,73,74,75,76,77,78,79,80,81,82,84;46,83,0,1,2,3,4,5,6,7,8,9,10,11,12,13,14,15,16,17,18,19,20,21,22,23,24,25,26,27,28,29,30,31,32,33,34,35,36,37,38,39,40,41,42,43,44,45,47,48,49,50,51,52,53,54,55,56,57,58,59,60"
    schedulingWeights "0.001,14.542,13.874,0.001,7.098,64.484;14.979,0.001,0.001,13.374,7.887,63.758;0.001,0.001,0.001,0.001,0.001,99.995;0.001,0.001,0.001,0.001,0.001,99.995;0.001,0.001,0.001,0.001,0.001,99.995;0.001,0.001,0.001,0.001,0.001,99.995;0.001,0.001,0.001,0.001,0.001,99.995;0.001,0.001,0.001,0.001,0.001,99.995;0.001,0.001,0.001,0.001,0.001,99.995;0.001,0.001,0.001,0.001,0.001,99.995;0.001,0.001,0.001,0.001,0.001,99.995;0.001,0.001,0.001,0.001,0.001,99.995;0.001,0.001,0.001,0.001,0.001,99.995;0.001,0.001,0.001,0.001,0.001,99.995;0.001,0.001,0.001,0.001,0.001,99.995;0.001,0.001,0.001,0.001,0.001,99.995;0.001,0.001,0.001,0.001,0.001,99.995;0.001,0.001,0.001,0.001,0.001,99.995;0.001,0.001,0.001,0.001,0.001,99.995"
    levelsQoS 6
    queueSizes "32,32,32,32,32,32"
  ]
  node [
    id 15
    label "15"
    Country "China"
    Longitude 106.55278
    Internal 1
    Latitude 29.56278
    type "inner"
    schedulingPolicy "WFQ"
    tosToQoSqueue "0,1,2,3,4,5,6,7,8,9,10,11,12,13,14,15,16,17,18,19,20,21,22,23,24,25,26,27,28,29,30,31,32,33,34,35,36,37,38,39,40,41,42,43,44,45,46,47,48,49,50,51,52,53,54,55,56,57,58,59,60,61,62,63,64,65,66,67,68,69,70,71,72,73,74,75,76,77,78,79,80,81,82,83,84"
    schedulingWeights "100;100"
    levelsQoS 1
    queueSizes "32"
  ]
  node [
    id 16
    label "16"
    Country "China"
    Longitude 104.06667
    Internal 1
    Latitude 30.66667
    type "inner"
    schedulingPolicy "WFQ"
    tosToQoSqueue "69;70;47;48,52,53,54,55,56,57,58,59,60,61,62,63,64,65,66,67,68,73;45;46,0,1,2,3,4,5,6,7,8,9,10,11,12,13,14,15,16,17,18,19,20,21,22,23,24,25,26,27,28,29,30,31,32,33,34,35,36,37,38,39,40,41,42,43,44,49,50,51,71,72,74,75,76,77,78,79,80,81,82,83,84"
    schedulingWeights "14.542,13.874,0.001,0.789,0.001,70.793;0.001,0.001,12.379,7.887,78.955,0.777;0.001,0.001,0.001,0.001,0.001,99.995;0.001,0.001,0.001,0.001,0.001,99.995;0.001,0.001,0.001,6.31,0.001,93.686;0.001,0.001,0.001,0.001,0.001,99.995"
    levelsQoS 6
    queueSizes "32,32,32,32,32,32"
  ]
  node [
    id 17
    label "17"
    Country "China"
    Longitude 102.71833
    Internal 1
    Latitude 25.03889
    type "inner"
    schedulingPolicy "WFQ"
    tosToQoSqueue "0,1,2,3,4,5,6,7,8,9,10,11,12,13,14,15,16,17,18,19,20,21,22,23,24,25,26,27,28,29,30,31,32,33,34,35,36,37,38,39,40,41,42,43,44,45,46,47,48,49,50,51,52,53,54,55,56,57,58,59,60,61,62,63,64,65,66,67,68,69,70,71,72,73,74,75,76,77,78,79,80,81,82,83,84"
    schedulingWeights "100"
    levelsQoS 1
    queueSizes "32"
  ]
  node [
    id 18
    label "18"
    Country "China"
    Longitude 108.92861
    Internal 1
    Latitude 34.25833
    type "inner"
    schedulingPolicy "WFQ"
    tosToQoSqueue "51;69;70;49;47;48,52,53,54,55,56,57,58,59,60,61,62,63,64,65,66,67,68,73,74,75,76,77,78,79,80,81,82,84;45;50;46,0,1,2,3,4,5,6,7,8,9,10,11,12,13,14,15,16,17,18,19,20,21,22,23,24,25,26,27,28,29,30,31,32,33,34,35,36,37,38,39,40,41,42,43,44,71,72,83"
    schedulingWeights "0.001,0.001,0.001,0.001,12.379,7.887,78.955,0.001,0.774;0.001,0.001,0.001,0.001,0.001,0.001,0.001,0.001,99.992;13.861,0.001,0.001,12.912,0.001,7.098,0.001,0.001,66.123;0.001,0.001,0.001,0.001,0.001,0.001,0.001,0.001,99.992;0.001,0.001,0.001,0.001,0.001,0.001,0.001,0.001,99.992;0.001,0.001,0.001,0.001,0.001,0.001,0.001,0.001,99.992;0.001,0.001,0.001,0.001,0.001,0.001,0.001,0.001,99.992;0.001,0.001,0.001,0.001,0.001,0.001,0.001,0.001,99.992;0.001,14.542,13.874,0.001,0.001,4.732,0.001,66.514,0.334;0.001,0.001,0.001,0.001,0.001,3.155,0.001,0.001,96.838;0.001,0.001,0.001,0.001,0.001,0.001,0.001,0.001,99.992"
    levelsQoS 9
    queueSizes "32,32,32,32,32,32,32,32,32"
  ]
  node [
    id 19
    label "19"
    Country "China"
    Longitude 113.64861
    Internal 1
    Latitude 34.75778
    type "inner"
    schedulingPolicy "WFQ"
    tosToQoSqueue "0,1,2,3,4,5,6,7,8,9,10,11,12,13,14,15,16,17,18,19,20,21,22,23,24,25,26,27,28,29,30,31,32,33,34,35,36,37,38,39,40,41,42,43,44,45,46,47,48,49,50,51,52,53,54,55,56,57,58,59,60,61,62,63,64,65,66,67,68,69,70,71,72,73,74,75,76,77,78,79,80,81,82,83,84"
    schedulingWeights "100"
    levelsQoS 1
    queueSizes "32"
  ]
  node [
    id 20
    label "20"
    Internal 0
    type "inner"
    schedulingPolicy "WFQ"
    tosToQoSqueue "0,1,2,3,4,5,6,7,8,9,10,11,12,13,14,15,16,17,18,19,20,21,22,23,24,25,26,27,28,29,30,31,32,33,34,35,36,37,38,39,40,41,42,43,44,45,46,47,48,49,50,51,52,53,54,55,56,57,58,59,60,61,62,63,64,65,66,67,68,69,70,71,72,73,74,75,76,77,78,79,80,81,82,83,84"
    schedulingWeights "100"
    levelsQoS 1
    queueSizes "32"
  ]
  node [
    id 21
    label "21"
    Internal 0
    type "inner"
    schedulingPolicy "WFQ"
    tosToQoSqueue "0,1,2,3,4,5,6,7,8,9,10,11,12,13,14,15,16,17,18,19,20,21,22,23,24,25,26,27,28,29,30,31,32,33,34,35,36,37,38,39,40,41,42,43,44,45,46,47,48,49,50,51,52,53,54,55,56,57,58,59,60,61,62,63,64,65,66,67,68,69,70,71,72,73,74,75,76,77,78,79,80,81,82,83,84"
    schedulingWeights "100"
    levelsQoS 1
    queueSizes "32"
  ]
  node [
    id 22
    label "22"
    Country "China"
    Longitude 110.34167
    Internal 1
    Latitude 20.04583
    type "inner"
    schedulingPolicy "WFQ"
    tosToQoSqueue "48,52,53,54,55,56,57,58,59,60,73;45,0,1,2,3,4,5,6,7,8,9,10,11,12,13,14,15,16,17,18,19,20,21,22,23,24,25,26,27,28,29,30,31,32,33,34,35,36,37,38,39,40,41,42,43,44,46,47,49,50,51,61,62,63,64,65,66,67,68,69,70,71,72,74,75,76,77,78,79,80,81,82,83,84"
    schedulingWeights "8.676,91.324;0.001,99.999"
    levelsQoS 2
    queueSizes "32,32"
  ]
  node [
    id 23
    label "23"
    Country "China"
    Longitude 100.51803
    Internal 1
    Latitude 30.13062
    type "inner"
    schedulingPolicy "WFQ"
    tosToQoSqueue "0,1,2,3,4,5,6,7,8,9,10,11,12,13,14,15,16,17,18,19,20,21,22,23,24,25,26,27,28,29,30,31,32,33,34,35,36,37,38,39,40,41,42,43,44,45,46,47,48,49,50,51,52,53,54,55,56,57,58,59,60,61,62,63,64,65,66,67,68,69,70,71,72,73,74,75,76,77,78,79,80,81,82,83,84"
    schedulingWeights "100;100;100;100"
    levelsQoS 1
    queueSizes "32"
  ]
  node [
    id 24
    label "24"
    Country "China"
    Longitude 120.16889
    Internal 1
    Latitude 30.25528
    type "destination_urllc"
    schedulingPolicy "FIFO"
    levelsQoS "1"
    schedulingWeights "-"
    tosToQoSqueue "0,1,2,3,4,5,6,7,8,9,10,11,12,13,14,15,16,17,18,19,20,21,22,23,24,25,26,27,28,29,30,31,32,33,34,35,36,37,38,39,40,41,42,43,44,45,46,47,48,49,50,51,52,53,54,55,56,57,58,59,60,61,62,63,64,65,66,67,68,69,70,71,72,73,74,75,76,77,78,79,80,81,82,83,84"
    queueSizes "32"
  ]
  node [
    id 25
    label "25"
    Country "China"
    Longitude 114.26667
    Internal 1
    Latitude 30.58333
    type "destination_embb"
    schedulingPolicy "FIFO"
    levelsQoS "1"
    schedulingWeights "-"
    tosToQoSqueue "0,1,2,3,4,5,6,7,8,9,10,11,12,13,14,15,16,17,18,19,20,21,22,23,24,25,26,27,28,29,30,31,32,33,34,35,36,37,38,39,40,41,42,43,44,45,46,47,48,49,50,51,52,53,54,55,56,57,58,59,60,61,62,63,64,65,66,67,68,69,70,71,72,73,74,75,76,77,78,79,80,81,82,83,84"
    queueSizes "32"
  ]
  node [
    id 26
    label "26"
    Country "China"
    Longitude 117.28083
    Internal 1
    Latitude 31.86389
    type "inner"
    schedulingPolicy "WFQ"
    tosToQoSqueue "0,1,2,3,4,5,6,7,8,9,10,11,12,13,14,15,16,17,18,19,20,21,22,23,24,25,26,27,28,29,30,31,32,33,34,35,36,37,38,39,40,41,42,43,44,45,46,47,48,49,50,51,52,53,54,55,56,57,58,59,60,61,62,63,64,65,66,67,68,69,70,71,72,73,74,75,76,77,78,79,80,81,82,83,84"
    schedulingWeights "100"
    levelsQoS 1
    queueSizes "32"
  ]
  node [
    id 27
    label "27"
    Country "China"
    Longitude 118.77778
    Internal 1
    Latitude 32.06167
    type "inner"
    schedulingPolicy "WFQ"
    tosToQoSqueue "61,62,63,64,65,66,67,68,80,81,82,84;46,0,1,2,3,4,5,6,7,8,9,10,11,12,13,14,15,16,17,18,19,20,21,22,23,24,25,26,27,28,29,30,31,32,33,34,35,36,37,38,39,40,41,42,43,44,45,47,48,49,50,51,52,53,54,55,56,57,58,59,60,69,70,71,72,73,74,75,76,77,78,79,83"
    schedulingWeights "0.001,99.999;0.001,99.999;0.001,99.999;0.001,99.999;9.465,90.535;0.001,99.999;0.001,99.999"
    levelsQoS 2
    queueSizes "32,32"
  ]
  node [
    id 28
    label "28"
    Country "China"
    Longitude 113.25
    Internal 1
    Latitude 23.11667
    type "inner"
    schedulingPolicy "WFQ"
    tosToQoSqueue "71;72;48,52,53,54,55,56,57,58,59,60,61,62,63,64,65,66,67,68,73,74,75,76,77,78,79,80,81,82,84;45;83,0,1,2,3,4,5,6,7,8,9,10,11,12,13,14,15,16,17,18,19,20,21,22,23,24,25,26,27,28,29,30,31,32,33,34,35,36,37,38,39,40,41,42,43,44,46,47,49,50,51,69,70"
    schedulingWeights "14.979,13.374,7.887,0.001,63.759;0.001,0.001,0.001,0.001,99.996;0.001,0.001,6.31,0.001,93.687;0.001,0.001,0.001,0.001,99.996;0.001,0.001,0.001,0.001,99.996;0.001,0.001,0.001,0.001,99.996;0.001,0.001,0.001,0.001,99.996;0.001,0.001,0.001,0.001,99.996;0.001,0.001,8.676,78.955,12.367;0.001,0.001,0.001,0.001,99.996;0.001,0.001,0.001,0.001,99.996;0.001,0.001,0.001,0.001,99.996;0.001,0.001,0.001,0.001,99.996"
    levelsQoS 5
    queueSizes "32,32,32,32,32"
  ]
  node [
    id 29
    label "29"
    Country "China"
    Longitude 118.08187
    Internal 1
    Latitude 24.47979
    type "inner"
    schedulingPolicy "WFQ"
    tosToQoSqueue "0,1,2,3,4,5,6,7,8,9,10,11,12,13,14,15,16,17,18,19,20,21,22,23,24,25,26,27,28,29,30,31,32,33,34,35,36,37,38,39,40,41,42,43,44,45,46,47,48,49,50,51,52,53,54,55,56,57,58,59,60,61,62,63,64,65,66,67,68,69,70,71,72,73,74,75,76,77,78,79,80,81,82,83,84"
    schedulingWeights "100"
    levelsQoS 1
    queueSizes "32"
  ]
  node [
    id 30
    label "30"
    Country "China"
    Longitude 119.30611
    Internal 1
    Latitude 26.06139
    type "inner"
    schedulingPolicy "WFQ"
    tosToQoSqueue "0,1,2,3,4,5,6,7,8,9,10,11,12,13,14,15,16,17,18,19,20,21,22,23,24,25,26,27,28,29,30,31,32,33,34,35,36,37,38,39,40,41,42,43,44,45,46,47,48,49,50,51,52,53,54,55,56,57,58,59,60,61,62,63,64,65,66,67,68,69,70,71,72,73,74,75,76,77,78,79,80,81,82,83,84"
    schedulingWeights "100"
    levelsQoS 1
    queueSizes "32"
  ]
  node [
    id 31
    label "31"
    Country "China"
    Longitude 115.88333
    Internal 1
    Latitude 28.68333
    type "inner"
    schedulingPolicy "WFQ"
    tosToQoSqueue "0,1,2,3,4,5,6,7,8,9,10,11,12,13,14,15,16,17,18,19,20,21,22,23,24,25,26,27,28,29,30,31,32,33,34,35,36,37,38,39,40,41,42,43,44,45,46,47,48,49,50,51,52,53,54,55,56,57,58,59,60,61,62,63,64,65,66,67,68,69,70,71,72,73,74,75,76,77,78,79,80,81,82,83,84"
    schedulingWeights "100"
    levelsQoS 1
    queueSizes "32"
  ]
  node [
    id 32
    label "32"
    Country "China"
    Longitude 101.76667
    Internal 1
    Latitude 36.61667
    type "inner"
    schedulingPolicy "WFQ"
    tosToQoSqueue "0,1,2,3,4,5,6,7,8,9,10,11,12,13,14,15,16,17,18,19,20,21,22,23,24,25,26,27,28,29,30,31,32,33,34,35,36,37,38,39,40,41,42,43,44,45,46,47,48,49,50,51,52,53,54,55,56,57,58,59,60,61,62,63,64,65,66,67,68,69,70,71,72,73,74,75,76,77,78,79,80,81,82,83,84"
    schedulingWeights "100;100"
    levelsQoS 1
    queueSizes "32"
  ]
  node [
    id 33
    label "33"
    Country "China"
    Longitude 87.58333
    Internal 1
    Latitude 43.8
    type "inner"
    schedulingPolicy "WFQ"
    tosToQoSqueue "0,1,2,3,4,5,6,7,8,9,10,11,12,13,14,15,16,17,18,19,20,21,22,23,24,25,26,27,28,29,30,31,32,33,34,35,36,37,38,39,40,41,42,43,44,45,46,47,48,49,50,51,52,53,54,55,56,57,58,59,60,61,62,63,64,65,66,67,68,69,70,71,72,73,74,75,76,77,78,79,80,81,82,83,84"
    schedulingWeights "100;100;100"
    levelsQoS 1
    queueSizes "32"
  ]
  node [
    id 34
    label "34"
    Country "China"
    Longitude 126.65
    Internal 1
    Latitude 45.75
    type "inner"
    schedulingPolicy "WFQ"
    tosToQoSqueue "0,1,2,3,4,5,6,7,8,9,10,11,12,13,14,15,16,17,18,19,20,21,22,23,24,25,26,27,28,29,30,31,32,33,34,35,36,37,38,39,40,41,42,43,44,45,46,47,48,49,50,51,52,53,54,55,56,57,58,59,60,61,62,63,64,65,66,67,68,69,70,71,72,73,74,75,76,77,78,79,80,81,82,83,84"
    schedulingWeights "100"
    levelsQoS 1
    queueSizes "32"
  ]
  node [
    id 35
    label "35"
    Country "China"
    Longitude 125.32278
    Internal 1
    Latitude 43.88
    type "inner"
    schedulingPolicy "WFQ"
    tosToQoSqueue "0,1,2,3,4,5,6,7,8,9,10,11,12,13,14,15,16,17,18,19,20,21,22,23,24,25,26,27,28,29,30,31,32,33,34,35,36,37,38,39,40,41,42,43,44,45,46,47,48,49,50,51,52,53,54,55,56,57,58,59,60,61,62,63,64,65,66,67,68,69,70,71,72,73,74,75,76,77,78,79,80,81,82,83,84"
    schedulingWeights "100"
    levelsQoS 1
    queueSizes "32"
  ]
  node [
    id 36
    label "36"
    Country "China"
    Longitude 123.43278
    Internal 1
    Latitude 41.79222
    type "inner"
    schedulingPolicy "WFQ"
    tosToQoSqueue "0,1,2,3,4,5,6,7,8,9,10,11,12,13,14,15,16,17,18,19,20,21,22,23,24,25,26,27,28,29,30,31,32,33,34,35,36,37,38,39,40,41,42,43,44,45,46,47,48,49,50,51,52,53,54,55,56,57,58,59,60,61,62,63,64,65,66,67,68,69,70,71,72,73,74,75,76,77,78,79,80,81,82,83,84"
    schedulingWeights "100"
    levelsQoS 1
    queueSizes "32"
  ]
  node [
    id 37
    label "37"
    Country "China"
    Longitude 121.60222
    Internal 1
    Latitude 38.91222
    type "inner"
    schedulingPolicy "WFQ"
    tosToQoSqueue "0,1,2,3,4,5,6,7,8,9,10,11,12,13,14,15,16,17,18,19,20,21,22,23,24,25,26,27,28,29,30,31,32,33,34,35,36,37,38,39,40,41,42,43,44,45,46,47,48,49,50,51,52,53,54,55,56,57,58,59,60,61,62,63,64,65,66,67,68,69,70,71,72,73,74,75,76,77,78,79,80,81,82,83,84"
    schedulingWeights "100"
    levelsQoS 1
    queueSizes "32"
  ]
  node [
    id 38
    label "38"
    Country "China"
    Longitude 117.17667
    Internal 1
    Latitude 39.14222
    type "inner"
    schedulingPolicy "WFQ"
    tosToQoSqueue "48,52,53,54,55,56,57,58,59,60,61,62,63,64,65,66,67,68,73,74,75,76,77,78,79,80;45,0,1,2,3,4,5,6,7,8,9,10,11,12,13,14,15,16,17,18,19,20,21,22,23,24,25,26,27,28,29,30,31,32,33,34,35,36,37,38,39,40,41,42,43,44,46,47,49,50,51,69,70,71,72,81,82,83,84"
    schedulingWeights "0.001,99.999;0.001,99.999;14.986,85.014;0.001,99.999;5.521,94.479"
    levelsQoS 2
    queueSizes "32,32"
  ]
  node [
    id 39
    label "39"
    Country "China"
    Longitude 116.39723
    Internal 1
    Latitude 39.9075
    type "inner"
    schedulingPolicy "WFQ"
    tosToQoSqueue "51;69;70;49;47;48,52,53,54,55,56,57,58,59,60,61,62,63,64,65,66,67,68,73,74,75,76,77,78,79,80,81,82,84;45;50;46,83,0,1,2,3,4,5,6,7,8,9,10,11,12,13,14,15,16,17,18,19,20,21,22,23,24,25,26,27,28,29,30,31,32,33,34,35,36,37,38,39,40,41,42,43,44,71,72"
    schedulingWeights "0.001,0.001,0.001,0.001,12.379,7.887,78.955,0.001,0.774;13.861,0.001,0.001,12.912,0.001,9.465,0.001,0.001,63.757;0.001,14.542,13.874,0.001,0.001,4.732,0.001,66.514,0.334;0.001,0.001,0.001,0.001,0.001,0.001,0.001,0.001,99.992;0.001,0.001,0.001,0.001,0.001,0.001,0.001,0.001,99.992;0.001,0.001,0.001,0.001,0.001,0.001,0.001,0.001,99.992;0.001,0.001,0.001,0.001,0.001,0.789,0.001,0.001,99.204;0.001,0.001,0.001,0.001,0.001,0.001,0.001,0.001,99.992;0.001,0.001,0.001,0.001,0.001,0.001,0.001,0.001,99.992;0.001,0.001,0.001,0.001,0.001,0.001,0.001,0.001,99.992;0.001,0.001,0.001,0.001,0.001,0.001,0.001,0.001,99.992;0.001,0.001,0.001,0.001,0.001,0.001,0.001,0.001,99.992;0.001,0.001,0.001,0.001,0.001,0.001,0.001,0.001,99.992;0.001,0.001,0.001,0.001,0.001,0.001,0.001,0.001,99.992;0.001,0.001,0.001,0.001,0.001,0.001,0.001,0.001,99.992;0.001,0.001,0.001,0.001,0.001,0.001,0.001,0.001,99.992;0.001,0.001,0.001,0.001,0.001,0.001,0.001,0.001,99.992;0.001,0.001,0.001,0.001,0.001,0.001,0.001,0.001,99.992;0.001,0.001,0.001,0.001,0.001,0.001,0.001,0.001,99.992;0.001,0.001,0.001,0.001,0.001,0.001,0.001,0.001,99.992"
    levelsQoS 9
    queueSizes "32,32,32,32,32,32,32,32,32"
  ]
  node [
    id 40
    label "40"
    Country "China"
    Longitude 111.65222
    Internal 1
    Latitude 40.81056
    type "inner"
    schedulingPolicy "WFQ"
    tosToQoSqueue "0,1,2,3,4,5,6,7,8,9,10,11,12,13,14,15,16,17,18,19,20,21,22,23,24,25,26,27,28,29,30,31,32,33,34,35,36,37,38,39,40,41,42,43,44,45,46,47,48,49,50,51,52,53,54,55,56,57,58,59,60,61,62,63,64,65,66,67,68,69,70,71,72,73,74,75,76,77,78,79,80,81,82,83,84"
    schedulingWeights "100;100"
    levelsQoS 1
    queueSizes "32"
  ]
  node [
    id 41
    label "41"
    Country "China"
    Longitude 106.27306
    Internal 1
    Latitude 38.46806
    type "antenna"
    schedulingPolicy "WFQ"
    tosToQoSqueue "51;49;47;48,52,53,54,55,56,57,58,59,60,61,62,63,64,65,66,67,68;45;50,0,1,2,3,4,5,6,7,8,9,10,11,12,13,14,15,16,17,18,19,20,21,22,23,24,25,26,27,28,29,30,31,32,33,34,35,36,37,38,39,40,41,42,43,44,46,69,70,71,72,73,74,75,76,77,78,79,80,81,82,83,84"
    schedulingWeights "0.001,0.001,12.379,7.887,78.955,0.777;13.861,12.912,0.001,6.31,0.001,66.915;0.001,0.001,0.001,0.001,0.001,99.995;0.001,0.001,0.001,0.001,0.001,99.995;0.001,0.001,0.001,0.001,0.001,99.995;0.001,0.001,0.001,0.001,0.001,99.995;0.001,0.001,0.001,0.001,0.001,99.995;0.001,0.001,0.001,0.001,0.001,99.995;0.001,0.001,0.001,0.001,0.001,99.995;0.001,0.001,0.001,0.001,0.001,99.995;0.001,0.001,0.001,0.001,0.001,99.995;0.001,0.001,0.001,0.001,0.001,99.995;0.001,0.001,0.001,0.001,0.001,99.995;0.001,0.001,0.001,0.001,0.001,99.995;0.001,0.001,0.001,0.001,0.001,99.995;0.001,0.001,0.001,0.001,0.001,99.995;0.001,0.001,0.001,0.001,0.001,99.995;0.001,0.001,0.001,0.001,0.001,99.995;0.001,0.001,0.001,0.001,0.001,99.995;0.001,0.001,0.001,0.001,0.001,99.995;0.001,0.001,0.001,0.001,0.001,99.995;0.001,0.001,0.001,0.001,0.001,99.995;0.001,0.001,0.001,0.001,0.001,99.995;0.001,0.001,0.001,0.001,0.001,99.995;0.001,0.001,0.001,0.001,0.001,99.995"
    levelsQoS 6
    queueSizes "32,32,32,32,32,32"
  ]
  node [
    id 42
    label "42"
    schedulingPolicy "FIFO"
    levelsQoS "1"
    schedulingWeights "-"
    tosToQoSqueue "0,1,2,3,4,5,6,7,8,9,10,11,12,13,14,15,16,17,18,19,20,21,22,23,24,25,26,27,28,29,30,31,32,33,34,35,36,37,38,39,40,41,42,43,44,45,46,47,48,49,50,51,52,53,54,55,56,57,58,59,60,61,62,63,64,65,66,67,68,69,70,71,72,73,74,75,76,77,78,79,80,81,82,83,84"
    queueSizes "32"
    type "destination_urllc"
  ]
  node [
    id 43
    label "43"
    schedulingPolicy "FIFO"
    levelsQoS "1"
    schedulingWeights "-"
    tosToQoSqueue "0,1,2,3,4,5,6,7,8,9,10,11,12,13,14,15,16,17,18,19,20,21,22,23,24,25,26,27,28,29,30,31,32,33,34,35,36,37,38,39,40,41,42,43,44,45,46,47,48,49,50,51,52,53,54,55,56,57,58,59,60,61,62,63,64,65,66,67,68,69,70,71,72,73,74,75,76,77,78,79,80,81,82,83,84"
    queueSizes "32"
    type "destination_mmtc"
  ]
  node [
    id 44
    label "44"
    schedulingPolicy "FIFO"
    levelsQoS "1"
    schedulingWeights "-"
    tosToQoSqueue "0,1,2,3,4,5,6,7,8,9,10,11,12,13,14,15,16,17,18,19,20,21,22,23,24,25,26,27,28,29,30,31,32,33,34,35,36,37,38,39,40,41,42,43,44,45,46,47,48,49,50,51,52,53,54,55,56,57,58,59,60,61,62,63,64,65,66,67,68,69,70,71,72,73,74,75,76,77,78,79,80,81,82,83,84"
    queueSizes "32"
    type "destination_embb"
  ]
  node [
    id 45
    label "45"
    schedulingPolicy "FIFO"
    levelsQoS "1"
    schedulingWeights "-"
    tosToQoSqueue "0,1,2,3,4,5,6,7,8,9,10,11,12,13,14,15,16,17,18,19,20,21,22,23,24,25,26,27,28,29,30,31,32,33,34,35,36,37,38,39,40,41,42,43,44,45,46,47,48,49,50,51,52,53,54,55,56,57,58,59,60,61,62,63,64,65,66,67,68,69,70,71,72,73,74,75,76,77,78,79,80,81,82,83,84"
    queueSizes "32"
    type "origin_embb"
    reservation 19738800.0
  ]
  node [
    id 46
    label "46"
    schedulingPolicy "FIFO"
    levelsQoS "1"
    schedulingWeights "-"
    tosToQoSqueue "0,1,2,3,4,5,6,7,8,9,10,11,12,13,14,15,16,17,18,19,20,21,22,23,24,25,26,27,28,29,30,31,32,33,34,35,36,37,38,39,40,41,42,43,44,45,46,47,48,49,50,51,52,53,54,55,56,57,58,59,60,61,62,63,64,65,66,67,68,69,70,71,72,73,74,75,76,77,78,79,80,81,82,83,84"
    queueSizes "32"
    type "origin_embb"
    reservation 15931800.0
  ]
  node [
    id 47
    label "47"
    schedulingPolicy "FIFO"
    levelsQoS "1"
    schedulingWeights "-"
    tosToQoSqueue "0,1,2,3,4,5,6,7,8,9,10,11,12,13,14,15,16,17,18,19,20,21,22,23,24,25,26,27,28,29,30,31,32,33,34,35,36,37,38,39,40,41,42,43,44,45,46,47,48,49,50,51,52,53,54,55,56,57,58,59,60,61,62,63,64,65,66,67,68,69,70,71,72,73,74,75,76,77,78,79,80,81,82,83,84"
    queueSizes "32"
    type "origin_urllc"
    reservation 3094700.0
  ]
  node [
    id 48
    label "48"
    schedulingPolicy "FIFO"
    levelsQoS "1"
    schedulingWeights "-"
    tosToQoSqueue "0,1,2,3,4,5,6,7,8,9,10,11,12,13,14,15,16,17,18,19,20,21,22,23,24,25,26,27,28,29,30,31,32,33,34,35,36,37,38,39,40,41,42,43,44,45,46,47,48,49,50,51,52,53,54,55,56,57,58,59,60,61,62,63,64,65,66,67,68,69,70,71,72,73,74,75,76,77,78,79,80,81,82,83,84"
    queueSizes "32"
    type "origin_mmtc"
    reservation 197180.0
  ]
  node [
    id 49
    label "49"
    schedulingPolicy "FIFO"
    levelsQoS "1"
    schedulingWeights "-"
    tosToQoSqueue "0,1,2,3,4,5,6,7,8,9,10,11,12,13,14,15,16,17,18,19,20,21,22,23,24,25,26,27,28,29,30,31,32,33,34,35,36,37,38,39,40,41,42,43,44,45,46,47,48,49,50,51,52,53,54,55,56,57,58,59,60,61,62,63,64,65,66,67,68,69,70,71,72,73,74,75,76,77,78,79,80,81,82,83,84"
    queueSizes "32"
    type "origin_urllc"
    reservation 3228050.0
  ]
  node [
    id 50
    label "50"
    schedulingPolicy "FIFO"
    levelsQoS "1"
    schedulingWeights "-"
    tosToQoSqueue "0,1,2,3,4,5,6,7,8,9,10,11,12,13,14,15,16,17,18,19,20,21,22,23,24,25,26,27,28,29,30,31,32,33,34,35,36,37,38,39,40,41,42,43,44,45,46,47,48,49,50,51,52,53,54,55,56,57,58,59,60,61,62,63,64,65,66,67,68,69,70,71,72,73,74,75,76,77,78,79,80,81,82,83,84"
    queueSizes "32"
    type "origin_embb"
    reservation 16628400.0
  ]
  node [
    id 51
    label "51"
    schedulingPolicy "FIFO"
    levelsQoS "1"
    schedulingWeights "-"
    tosToQoSqueue "0,1,2,3,4,5,6,7,8,9,10,11,12,13,14,15,16,17,18,19,20,21,22,23,24,25,26,27,28,29,30,31,32,33,34,35,36,37,38,39,40,41,42,43,44,45,46,47,48,49,50,51,52,53,54,55,56,57,58,59,60,61,62,63,64,65,66,67,68,69,70,71,72,73,74,75,76,77,78,79,80,81,82,83,84"
    queueSizes "32"
    type "origin_urllc"
    reservation 3465350.0
  ]
  node [
    id 52
    label "52"
    schedulingPolicy "FIFO"
    levelsQoS "1"
    schedulingWeights "-"
    tosToQoSqueue "0,1,2,3,4,5,6,7,8,9,10,11,12,13,14,15,16,17,18,19,20,21,22,23,24,25,26,27,28,29,30,31,32,33,34,35,36,37,38,39,40,41,42,43,44,45,46,47,48,49,50,51,52,53,54,55,56,57,58,59,60,61,62,63,64,65,66,67,68,69,70,71,72,73,74,75,76,77,78,79,80,81,82,83,84"
    queueSizes "32"
    type "origin_mmtc"
    reservation 197180.0
  ]
  node [
    id 53
    label "53"
    schedulingPolicy "FIFO"
    levelsQoS "1"
    schedulingWeights "-"
    tosToQoSqueue "0,1,2,3,4,5,6,7,8,9,10,11,12,13,14,15,16,17,18,19,20,21,22,23,24,25,26,27,28,29,30,31,32,33,34,35,36,37,38,39,40,41,42,43,44,45,46,47,48,49,50,51,52,53,54,55,56,57,58,59,60,61,62,63,64,65,66,67,68,69,70,71,72,73,74,75,76,77,78,79,80,81,82,83,84"
    queueSizes "32"
    type "origin_mmtc"
    reservation 197180.0
  ]
  node [
    id 54
    label "54"
    schedulingPolicy "FIFO"
    levelsQoS "1"
    schedulingWeights "-"
    tosToQoSqueue "0,1,2,3,4,5,6,7,8,9,10,11,12,13,14,15,16,17,18,19,20,21,22,23,24,25,26,27,28,29,30,31,32,33,34,35,36,37,38,39,40,41,42,43,44,45,46,47,48,49,50,51,52,53,54,55,56,57,58,59,60,61,62,63,64,65,66,67,68,69,70,71,72,73,74,75,76,77,78,79,80,81,82,83,84"
    queueSizes "32"
    type "origin_mmtc"
    reservation 197180.0
  ]
  node [
    id 55
    label "55"
    schedulingPolicy "FIFO"
    levelsQoS "1"
    schedulingWeights "-"
    tosToQoSqueue "0,1,2,3,4,5,6,7,8,9,10,11,12,13,14,15,16,17,18,19,20,21,22,23,24,25,26,27,28,29,30,31,32,33,34,35,36,37,38,39,40,41,42,43,44,45,46,47,48,49,50,51,52,53,54,55,56,57,58,59,60,61,62,63,64,65,66,67,68,69,70,71,72,73,74,75,76,77,78,79,80,81,82,83,84"
    queueSizes "32"
    type "origin_mmtc"
    reservation 197180.0
  ]
  node [
    id 56
    label "56"
    schedulingPolicy "FIFO"
    levelsQoS "1"
    schedulingWeights "-"
    tosToQoSqueue "0,1,2,3,4,5,6,7,8,9,10,11,12,13,14,15,16,17,18,19,20,21,22,23,24,25,26,27,28,29,30,31,32,33,34,35,36,37,38,39,40,41,42,43,44,45,46,47,48,49,50,51,52,53,54,55,56,57,58,59,60,61,62,63,64,65,66,67,68,69,70,71,72,73,74,75,76,77,78,79,80,81,82,83,84"
    queueSizes "32"
    type "origin_mmtc"
    reservation 197180.0
  ]
  node [
    id 57
    label "57"
    schedulingPolicy "FIFO"
    levelsQoS "1"
    schedulingWeights "-"
    tosToQoSqueue "0,1,2,3,4,5,6,7,8,9,10,11,12,13,14,15,16,17,18,19,20,21,22,23,24,25,26,27,28,29,30,31,32,33,34,35,36,37,38,39,40,41,42,43,44,45,46,47,48,49,50,51,52,53,54,55,56,57,58,59,60,61,62,63,64,65,66,67,68,69,70,71,72,73,74,75,76,77,78,79,80,81,82,83,84"
    queueSizes "32"
    type "origin_mmtc"
    reservation 197180.0
  ]
  node [
    id 58
    label "58"
    schedulingPolicy "FIFO"
    levelsQoS "1"
    schedulingWeights "-"
    tosToQoSqueue "0,1,2,3,4,5,6,7,8,9,10,11,12,13,14,15,16,17,18,19,20,21,22,23,24,25,26,27,28,29,30,31,32,33,34,35,36,37,38,39,40,41,42,43,44,45,46,47,48,49,50,51,52,53,54,55,56,57,58,59,60,61,62,63,64,65,66,67,68,69,70,71,72,73,74,75,76,77,78,79,80,81,82,83,84"
    queueSizes "32"
    type "origin_mmtc"
    reservation 197180.0
  ]
  node [
    id 59
    label "59"
    schedulingPolicy "FIFO"
    levelsQoS "1"
    schedulingWeights "-"
    tosToQoSqueue "0,1,2,3,4,5,6,7,8,9,10,11,12,13,14,15,16,17,18,19,20,21,22,23,24,25,26,27,28,29,30,31,32,33,34,35,36,37,38,39,40,41,42,43,44,45,46,47,48,49,50,51,52,53,54,55,56,57,58,59,60,61,62,63,64,65,66,67,68,69,70,71,72,73,74,75,76,77,78,79,80,81,82,83,84"
    queueSizes "32"
    type "origin_mmtc"
    reservation 197180.0
  ]
  node [
    id 60
    label "60"
    schedulingPolicy "FIFO"
    levelsQoS "1"
    schedulingWeights "-"
    tosToQoSqueue "0,1,2,3,4,5,6,7,8,9,10,11,12,13,14,15,16,17,18,19,20,21,22,23,24,25,26,27,28,29,30,31,32,33,34,35,36,37,38,39,40,41,42,43,44,45,46,47,48,49,50,51,52,53,54,55,56,57,58,59,60,61,62,63,64,65,66,67,68,69,70,71,72,73,74,75,76,77,78,79,80,81,82,83,84"
    queueSizes "32"
    type "origin_mmtc"
    reservation 197180.0
  ]
  node [
    id 61
    label "61"
    schedulingPolicy "FIFO"
    levelsQoS "1"
    schedulingWeights "-"
    tosToQoSqueue "0,1,2,3,4,5,6,7,8,9,10,11,12,13,14,15,16,17,18,19,20,21,22,23,24,25,26,27,28,29,30,31,32,33,34,35,36,37,38,39,40,41,42,43,44,45,46,47,48,49,50,51,52,53,54,55,56,57,58,59,60,61,62,63,64,65,66,67,68,69,70,71,72,73,74,75,76,77,78,79,80,81,82,83,84"
    queueSizes "32"
    type "origin_mmtc"
    reservation 197180.0
  ]
  node [
    id 62
    label "62"
    schedulingPolicy "FIFO"
    levelsQoS "1"
    schedulingWeights "-"
    tosToQoSqueue "0,1,2,3,4,5,6,7,8,9,10,11,12,13,14,15,16,17,18,19,20,21,22,23,24,25,26,27,28,29,30,31,32,33,34,35,36,37,38,39,40,41,42,43,44,45,46,47,48,49,50,51,52,53,54,55,56,57,58,59,60,61,62,63,64,65,66,67,68,69,70,71,72,73,74,75,76,77,78,79,80,81,82,83,84"
    queueSizes "32"
    type "origin_mmtc"
    reservation 197180.0
  ]
  node [
    id 63
    label "63"
    schedulingPolicy "FIFO"
    levelsQoS "1"
    schedulingWeights "-"
    tosToQoSqueue "0,1,2,3,4,5,6,7,8,9,10,11,12,13,14,15,16,17,18,19,20,21,22,23,24,25,26,27,28,29,30,31,32,33,34,35,36,37,38,39,40,41,42,43,44,45,46,47,48,49,50,51,52,53,54,55,56,57,58,59,60,61,62,63,64,65,66,67,68,69,70,71,72,73,74,75,76,77,78,79,80,81,82,83,84"
    queueSizes "32"
    type "origin_mmtc"
    reservation 197180.0
  ]
  node [
    id 64
    label "64"
    schedulingPolicy "FIFO"
    levelsQoS "1"
    schedulingWeights "-"
    tosToQoSqueue "0,1,2,3,4,5,6,7,8,9,10,11,12,13,14,15,16,17,18,19,20,21,22,23,24,25,26,27,28,29,30,31,32,33,34,35,36,37,38,39,40,41,42,43,44,45,46,47,48,49,50,51,52,53,54,55,56,57,58,59,60,61,62,63,64,65,66,67,68,69,70,71,72,73,74,75,76,77,78,79,80,81,82,83,84"
    queueSizes "32"
    type "origin_mmtc"
    reservation 197180.0
  ]
  node [
    id 65
    label "65"
    schedulingPolicy "FIFO"
    levelsQoS "1"
    schedulingWeights "-"
    tosToQoSqueue "0,1,2,3,4,5,6,7,8,9,10,11,12,13,14,15,16,17,18,19,20,21,22,23,24,25,26,27,28,29,30,31,32,33,34,35,36,37,38,39,40,41,42,43,44,45,46,47,48,49,50,51,52,53,54,55,56,57,58,59,60,61,62,63,64,65,66,67,68,69,70,71,72,73,74,75,76,77,78,79,80,81,82,83,84"
    queueSizes "32"
    type "origin_mmtc"
    reservation 197180.0
  ]
  node [
    id 66
    label "66"
    schedulingPolicy "FIFO"
    levelsQoS "1"
    schedulingWeights "-"
    tosToQoSqueue "0,1,2,3,4,5,6,7,8,9,10,11,12,13,14,15,16,17,18,19,20,21,22,23,24,25,26,27,28,29,30,31,32,33,34,35,36,37,38,39,40,41,42,43,44,45,46,47,48,49,50,51,52,53,54,55,56,57,58,59,60,61,62,63,64,65,66,67,68,69,70,71,72,73,74,75,76,77,78,79,80,81,82,83,84"
    queueSizes "32"
    type "origin_mmtc"
    reservation 197180.0
  ]
  node [
    id 67
    label "67"
    schedulingPolicy "FIFO"
    levelsQoS "1"
    schedulingWeights "-"
    tosToQoSqueue "0,1,2,3,4,5,6,7,8,9,10,11,12,13,14,15,16,17,18,19,20,21,22,23,24,25,26,27,28,29,30,31,32,33,34,35,36,37,38,39,40,41,42,43,44,45,46,47,48,49,50,51,52,53,54,55,56,57,58,59,60,61,62,63,64,65,66,67,68,69,70,71,72,73,74,75,76,77,78,79,80,81,82,83,84"
    queueSizes "32"
    type "origin_mmtc"
    reservation 197180.0
  ]
  node [
    id 68
    label "68"
    schedulingPolicy "FIFO"
    levelsQoS "1"
    schedulingWeights "-"
    tosToQoSqueue "0,1,2,3,4,5,6,7,8,9,10,11,12,13,14,15,16,17,18,19,20,21,22,23,24,25,26,27,28,29,30,31,32,33,34,35,36,37,38,39,40,41,42,43,44,45,46,47,48,49,50,51,52,53,54,55,56,57,58,59,60,61,62,63,64,65,66,67,68,69,70,71,72,73,74,75,76,77,78,79,80,81,82,83,84"
    queueSizes "32"
    type "origin_mmtc"
    reservation 197180.0
  ]
  node [
    id 69
    label "69"
    schedulingPolicy "FIFO"
    levelsQoS "1"
    schedulingWeights "-"
    tosToQoSqueue "0,1,2,3,4,5,6,7,8,9,10,11,12,13,14,15,16,17,18,19,20,21,22,23,24,25,26,27,28,29,30,31,32,33,34,35,36,37,38,39,40,41,42,43,44,45,46,47,48,49,50,51,52,53,54,55,56,57,58,59,60,61,62,63,64,65,66,67,68,69,70,71,72,73,74,75,76,77,78,79,80,81,82,83,84"
    queueSizes "32"
    type "origin_urllc"
    reservation 3635450.0
  ]
  node [
    id 70
    label "70"
    schedulingPolicy "FIFO"
    levelsQoS "1"
    schedulingWeights "-"
    tosToQoSqueue "0,1,2,3,4,5,6,7,8,9,10,11,12,13,14,15,16,17,18,19,20,21,22,23,24,25,26,27,28,29,30,31,32,33,34,35,36,37,38,39,40,41,42,43,44,45,46,47,48,49,50,51,52,53,54,55,56,57,58,59,60,61,62,63,64,65,66,67,68,69,70,71,72,73,74,75,76,77,78,79,80,81,82,83,84"
    queueSizes "32"
    type "origin_urllc"
    reservation 3468500.0
  ]
  node [
    id 71
    label "71"
    schedulingPolicy "FIFO"
    levelsQoS "1"
    schedulingWeights "-"
    tosToQoSqueue "0,1,2,3,4,5,6,7,8,9,10,11,12,13,14,15,16,17,18,19,20,21,22,23,24,25,26,27,28,29,30,31,32,33,34,35,36,37,38,39,40,41,42,43,44,45,46,47,48,49,50,51,52,53,54,55,56,57,58,59,60,61,62,63,64,65,66,67,68,69,70,71,72,73,74,75,76,77,78,79,80,81,82,83,84"
    queueSizes "32"
    type "origin_urllc"
    reservation 3744650.0
  ]
  node [
    id 72
    label "72"
    schedulingPolicy "FIFO"
    levelsQoS "1"
    schedulingWeights "-"
    tosToQoSqueue "0,1,2,3,4,5,6,7,8,9,10,11,12,13,14,15,16,17,18,19,20,21,22,23,24,25,26,27,28,29,30,31,32,33,34,35,36,37,38,39,40,41,42,43,44,45,46,47,48,49,50,51,52,53,54,55,56,57,58,59,60,61,62,63,64,65,66,67,68,69,70,71,72,73,74,75,76,77,78,79,80,81,82,83,84"
    queueSizes "32"
    type "origin_urllc"
    reservation 3343550.0
  ]
  node [
    id 73
    label "73"
    schedulingPolicy "FIFO"
    levelsQoS "1"
    schedulingWeights "-"
    tosToQoSqueue "0,1,2,3,4,5,6,7,8,9,10,11,12,13,14,15,16,17,18,19,20,21,22,23,24,25,26,27,28,29,30,31,32,33,34,35,36,37,38,39,40,41,42,43,44,45,46,47,48,49,50,51,52,53,54,55,56,57,58,59,60,61,62,63,64,65,66,67,68,69,70,71,72,73,74,75,76,77,78,79,80,81,82,83,84"
    queueSizes "32"
    type "origin_mmtc"
    reservation 197180.0
  ]
  node [
    id 74
    label "74"
    schedulingPolicy "FIFO"
    levelsQoS "1"
    schedulingWeights "-"
    tosToQoSqueue "0,1,2,3,4,5,6,7,8,9,10,11,12,13,14,15,16,17,18,19,20,21,22,23,24,25,26,27,28,29,30,31,32,33,34,35,36,37,38,39,40,41,42,43,44,45,46,47,48,49,50,51,52,53,54,55,56,57,58,59,60,61,62,63,64,65,66,67,68,69,70,71,72,73,74,75,76,77,78,79,80,81,82,83,84"
    queueSizes "32"
    type "origin_mmtc"
    reservation 197180.0
  ]
  node [
    id 75
    label "75"
    schedulingPolicy "FIFO"
    levelsQoS "1"
    schedulingWeights "-"
    tosToQoSqueue "0,1,2,3,4,5,6,7,8,9,10,11,12,13,14,15,16,17,18,19,20,21,22,23,24,25,26,27,28,29,30,31,32,33,34,35,36,37,38,39,40,41,42,43,44,45,46,47,48,49,50,51,52,53,54,55,56,57,58,59,60,61,62,63,64,65,66,67,68,69,70,71,72,73,74,75,76,77,78,79,80,81,82,83,84"
    queueSizes "32"
    type "origin_mmtc"
    reservation 197180.0
  ]
  node [
    id 76
    label "76"
    schedulingPolicy "FIFO"
    levelsQoS "1"
    schedulingWeights "-"
    tosToQoSqueue "0,1,2,3,4,5,6,7,8,9,10,11,12,13,14,15,16,17,18,19,20,21,22,23,24,25,26,27,28,29,30,31,32,33,34,35,36,37,38,39,40,41,42,43,44,45,46,47,48,49,50,51,52,53,54,55,56,57,58,59,60,61,62,63,64,65,66,67,68,69,70,71,72,73,74,75,76,77,78,79,80,81,82,83,84"
    queueSizes "32"
    type "origin_mmtc"
    reservation 197180.0
  ]
  node [
    id 77
    label "77"
    schedulingPolicy "FIFO"
    levelsQoS "1"
    schedulingWeights "-"
    tosToQoSqueue "0,1,2,3,4,5,6,7,8,9,10,11,12,13,14,15,16,17,18,19,20,21,22,23,24,25,26,27,28,29,30,31,32,33,34,35,36,37,38,39,40,41,42,43,44,45,46,47,48,49,50,51,52,53,54,55,56,57,58,59,60,61,62,63,64,65,66,67,68,69,70,71,72,73,74,75,76,77,78,79,80,81,82,83,84"
    queueSizes "32"
    type "origin_mmtc"
    reservation 197180.0
  ]
  node [
    id 78
    label "78"
    schedulingPolicy "FIFO"
    levelsQoS "1"
    schedulingWeights "-"
    tosToQoSqueue "0,1,2,3,4,5,6,7,8,9,10,11,12,13,14,15,16,17,18,19,20,21,22,23,24,25,26,27,28,29,30,31,32,33,34,35,36,37,38,39,40,41,42,43,44,45,46,47,48,49,50,51,52,53,54,55,56,57,58,59,60,61,62,63,64,65,66,67,68,69,70,71,72,73,74,75,76,77,78,79,80,81,82,83,84"
    queueSizes "32"
    type "origin_mmtc"
    reservation 197180.0
  ]
  node [
    id 79
    label "79"
    schedulingPolicy "FIFO"
    levelsQoS "1"
    schedulingWeights "-"
    tosToQoSqueue "0,1,2,3,4,5,6,7,8,9,10,11,12,13,14,15,16,17,18,19,20,21,22,23,24,25,26,27,28,29,30,31,32,33,34,35,36,37,38,39,40,41,42,43,44,45,46,47,48,49,50,51,52,53,54,55,56,57,58,59,60,61,62,63,64,65,66,67,68,69,70,71,72,73,74,75,76,77,78,79,80,81,82,83,84"
    queueSizes "32"
    type "origin_mmtc"
    reservation 197180.0
  ]
  node [
    id 80
    label "80"
    schedulingPolicy "FIFO"
    levelsQoS "1"
    schedulingWeights "-"
    tosToQoSqueue "0,1,2,3,4,5,6,7,8,9,10,11,12,13,14,15,16,17,18,19,20,21,22,23,24,25,26,27,28,29,30,31,32,33,34,35,36,37,38,39,40,41,42,43,44,45,46,47,48,49,50,51,52,53,54,55,56,57,58,59,60,61,62,63,64,65,66,67,68,69,70,71,72,73,74,75,76,77,78,79,80,81,82,83,84"
    queueSizes "32"
    type "origin_mmtc"
    reservation 197180.0
  ]
  node [
    id 81
    label "81"
    schedulingPolicy "FIFO"
    levelsQoS "1"
    schedulingWeights "-"
    tosToQoSqueue "0,1,2,3,4,5,6,7,8,9,10,11,12,13,14,15,16,17,18,19,20,21,22,23,24,25,26,27,28,29,30,31,32,33,34,35,36,37,38,39,40,41,42,43,44,45,46,47,48,49,50,51,52,53,54,55,56,57,58,59,60,61,62,63,64,65,66,67,68,69,70,71,72,73,74,75,76,77,78,79,80,81,82,83,84"
    queueSizes "32"
    type "origin_mmtc"
    reservation 197180.0
  ]
  node [
    id 82
    label "82"
    schedulingPolicy "FIFO"
    levelsQoS "1"
    schedulingWeights "-"
    tosToQoSqueue "0,1,2,3,4,5,6,7,8,9,10,11,12,13,14,15,16,17,18,19,20,21,22,23,24,25,26,27,28,29,30,31,32,33,34,35,36,37,38,39,40,41,42,43,44,45,46,47,48,49,50,51,52,53,54,55,56,57,58,59,60,61,62,63,64,65,66,67,68,69,70,71,72,73,74,75,76,77,78,79,80,81,82,83,84"
    queueSizes "32"
    type "origin_mmtc"
    reservation 197180.0
  ]
  node [
    id 83
    label "83"
    schedulingPolicy "FIFO"
    levelsQoS "1"
    schedulingWeights "-"
    tosToQoSqueue "0,1,2,3,4,5,6,7,8,9,10,11,12,13,14,15,16,17,18,19,20,21,22,23,24,25,26,27,28,29,30,31,32,33,34,35,36,37,38,39,40,41,42,43,44,45,46,47,48,49,50,51,52,53,54,55,56,57,58,59,60,61,62,63,64,65,66,67,68,69,70,71,72,73,74,75,76,77,78,79,80,81,82,83,84"
    queueSizes "32"
    type "origin_embb"
    reservation 15931800.0
  ]
  node [
    id 84
    label "84"
    schedulingPolicy "FIFO"
    levelsQoS "1"
    schedulingWeights "-"
    tosToQoSqueue "0,1,2,3,4,5,6,7,8,9,10,11,12,13,14,15,16,17,18,19,20,21,22,23,24,25,26,27,28,29,30,31,32,33,34,35,36,37,38,39,40,41,42,43,44,45,46,47,48,49,50,51,52,53,54,55,56,57,58,59,60,61,62,63,64,65,66,67,68,69,70,71,72,73,74,75,76,77,78,79,80,81,82,83,84"
    queueSizes "32"
    type "origin_mmtc"
    reservation 197180.0
  ]
  edge [
    source 0
    target 16
    key 0
    LinkLabel "Red Link"
    bandwidth 25000000
    traffic "18000000,3500000,200000,200000,200000,200000,200000,200000,200000,200000,200000,200000"
    reservation "19738800.0,3094700.0,197180.0,197180.0,197180.0,197180.0,197180.0,197180.0,197180.0,197180.0,197180.0,197180.0"
    port 0
  ]
  edge [
    source 0
    target 3
    key 0
    LinkLabel "Red Link"
    bandwidth 25000000
    traffic ""
    reservation ""
    port 1
  ]
  edge [
    source 0
    target 39
    key 0
    LinkLabel "Red Link"
    bandwidth 25000000
    traffic "18000000,3500000,3500000,200000"
    reservation "15931800.0,3635450.0,3468500.0,197180.0"
    port 2
  ]
  edge [
    source 1
    target 18
    key 0
    LinkLabel "Red Link"
    bandwidth 25000000
    traffic "18000000,3500000,3500000,200000,200000,200000,200000,200000,200000,200000,200000,200000,200000,200000,200000"
    reservation "15931800.0,3228050.0,3465350.0,197180.0,197180.0,197180.0,197180.0,197180.0,197180.0,197180.0,197180.0,197180.0,197180.0,197180.0,197180.0"
    port 0
  ]
  edge [
    source 1
    target 39
    key 0
    LinkLabel "Red Link"
    bandwidth 25000000
    traffic "18000000,3500000,200000,200000,200000,200000,200000,200000,200000,200000,200000,200000"
    reservation "19738800.0,3094700.0,197180.0,197180.0,197180.0,197180.0,197180.0,197180.0,197180.0,197180.0,197180.0,197180.0"
    port 1
  ]
  edge [
    source 2
    target 33
    key 0
    LinkLabel "Red Link"
    bandwidth 25000000
    traffic ""
    reservation ""
    port 0
  ]
  edge [
    source 3
    target 0
    key 0
    LinkLabel "Red Link"
    bandwidth 25000000
    traffic ""
    reservation ""
    port 0
  ]
  edge [
    source 4
    target 8
    key 0
    LinkLabel "Red Link"
    bandwidth 25000000
    traffic ""
    reservation ""
    port 0
  ]
  edge [
    source 5
    target 38
    key 0
    LinkLabel "Red Link"
    bandwidth 25000000
    traffic ""
    reservation ""
    port 0
  ]
  edge [
    source 6
    target 18
    key 0
    LinkLabel "Red Link"
    bandwidth 25000000
    traffic "18000000,3500000,3500000,200000,200000,200000,200000,200000,200000"
    reservation "16628400.0,3635450.0,3468500.0,197180.0,197180.0,197180.0,197180.0,197180.0,197180.0"
    port 0
  ]
  edge [
    source 6
    target 39
    key 0
    LinkLabel "Red Link"
    bandwidth 25000000
    traffic ""
    reservation ""
    port 1
  ]
  edge [
    source 7
    target 39
    key 0
    LinkLabel "Red Link"
    bandwidth 25000000
    traffic ""
    reservation ""
    port 0
  ]
  edge [
    source 8
    target 4
    key 0
    LinkLabel "Red Link"
    bandwidth 25000000
    traffic ""
    reservation ""
    port 0
  ]
  edge [
    source 8
    target 38
    key 0
    LinkLabel "Red Link"
    bandwidth 25000000
    traffic "18000000,200000,200000,200000,200000,200000,200000,200000,200000,200000,200000,200000,200000,200000,200000,200000,200000,200000,200000,200000,200000,200000,200000,200000,200000,200000,200000"
    reservation "19738800.0,197180.0,197180.0,197180.0,197180.0,197180.0,197180.0,197180.0,197180.0,197180.0,197180.0,197180.0,197180.0,197180.0,197180.0,197180.0,197180.0,197180.0,197180.0,197180.0,197180.0,197180.0,197180.0,197180.0,197180.0,197180.0,197180.0"
    port 1
  ]
  edge [
    source 8
    target 39
    key 0
    LinkLabel "Blue Link"
    bandwidth 25000000
    traffic "200000,200000,18000000,200000"
    reservation "197180.0,197180.0,15931800.0,197180.0"
    port 2
  ]
  edge [
    source 8
    target 9
    key 0
    LinkLabel "Red Link"
    bandwidth 25000000
    traffic "18000000"
    reservation "15931800.0"
    port 3
  ]
  edge [
    source 8
    target 11
    key 0
    LinkLabel "Cyan Link"
    bandwidth 25000000
    traffic ""
    reservation ""
    port 4
  ]
  edge [
    source 8
    target 16
    key 0
    LinkLabel "Red Link"
    bandwidth 25000000
    traffic ""
    reservation ""
    port 5
  ]
  edge [
    source 8
    target 18
    key 0
    LinkLabel "Red Link"
    bandwidth 25000000
    traffic ""
    reservation ""
    port 6
  ]
  edge [
    source 8
    target 23
    key 0
    LinkLabel "Green Link"
    bandwidth 25000000
    traffic ""
    reservation ""
    port 7
  ]
  edge [
    source 8
    target 24
    key 0
    LinkLabel "Red Link"
    bandwidth 25000000
    traffic "3500000,3500000,3500000,3500000,3500000,3500000,3500000"
    reservation "3094700.0,3228050.0,3465350.0,3635450.0,3468500.0,3744650.0,3343550.0"
    port 8
  ]
  edge [
    source 8
    target 25
    key 0
    LinkLabel "Red Link"
    bandwidth 25000000
    traffic ""
    reservation ""
    port 9
  ]
  edge [
    source 8
    target 26
    key 0
    LinkLabel "Red Link"
    bandwidth 25000000
    traffic ""
    reservation ""
    port 10
  ]
  edge [
    source 8
    target 27
    key 0
    LinkLabel "Red Link"
    bandwidth 25000000
    traffic ""
    reservation ""
    port 11
  ]
  edge [
    source 8
    target 28
    key 0
    LinkLabel "Blue Link"
    bandwidth 25000000
    traffic ""
    reservation ""
    port 12
  ]
  edge [
    source 8
    target 31
    key 0
    LinkLabel "Red Link"
    bandwidth 25000000
    traffic ""
    reservation ""
    port 13
  ]
  edge [
    source 9
    target 8
    key 0
    LinkLabel "Red Link"
    bandwidth 25000000
    traffic ""
    reservation ""
    port 0
  ]
  edge [
    source 9
    target 27
    key 0
    LinkLabel "Red Link"
    bandwidth 25000000
    traffic "18000000"
    reservation "15931800.0"
    port 1
  ]
  edge [
    source 10
    target 39
    key 0
    LinkLabel "Cyan Link"
    bandwidth 25000000
    traffic ""
    reservation ""
    port 0
  ]
  edge [
    source 11
    target 8
    key 0
    LinkLabel "Cyan Link"
    bandwidth 25000000
    traffic ""
    reservation ""
    port 0
  ]
  edge [
    source 12
    target 28
    key 0
    LinkLabel "Red Link"
    bandwidth 25000000
    traffic ""
    reservation ""
    port 0
  ]
  edge [
    source 13
    target 25
    key 0
    LinkLabel "Red Link"
    bandwidth 25000000
    traffic ""
    reservation ""
    port 0
  ]
  edge [
    source 13
    target 43
    key 0
    port 1
    weight 1
    bandwidth 350000000
    traffic "200000,200000,200000,200000,200000,200000,200000,200000,200000,200000,200000,200000,200000,200000,200000,200000,200000,200000,200000,200000,200000,200000,200000,200000,200000,200000,200000,200000,200000"
    reservation "197180.0,197180.0,197180.0,197180.0,197180.0,197180.0,197180.0,197180.0,197180.0,197180.0,197180.0,197180.0,197180.0,197180.0,197180.0,197180.0,197180.0,197180.0,197180.0,197180.0,197180.0,197180.0,197180.0,197180.0,197180.0,197180.0,197180.0,197180.0,197180.0"
  ]
  edge [
    source 14
    target 16
    key 0
    LinkLabel "Red Link"
    bandwidth 25000000
    traffic "18000000,200000,200000,200000,200000,200000,200000,200000,200000,3500000,3500000,200000"
    reservation "15931800.0,197180.0,197180.0,197180.0,197180.0,197180.0,197180.0,197180.0,197180.0,3635450.0,3468500.0,197180.0"
    port 0
  ]
  edge [
    source 14
    target 28
    key 0
    LinkLabel "Red Link"
    bandwidth 25000000
    traffic "3500000,3500000,200000,200000,200000,200000,200000,200000,200000,200000,200000,18000000,200000"
    reservation "3744650.0,3343550.0,197180.0,197180.0,197180.0,197180.0,197180.0,197180.0,197180.0,197180.0,197180.0,15931800.0,197180.0"
    port 1
  ]
  edge [
    source 14
    target 46
    key 0
    port 2
    weight 1
    bandwidth 50000000
    traffic ""
    reservation ""
  ]
  edge [
    source 14
    target 69
    key 0
    port 3
    weight 1
    bandwidth 50000000
    traffic ""
    reservation ""
  ]
  edge [
    source 14
    target 70
    key 0
    port 4
    weight 1
    bandwidth 50000000
    traffic ""
    reservation ""
  ]
  edge [
    source 14
    target 71
    key 0
    port 5
    weight 1
    bandwidth 50000000
    traffic ""
    reservation ""
  ]
  edge [
    source 14
    target 72
    key 0
    port 6
    weight 1
    bandwidth 50000000
    traffic ""
    reservation ""
  ]
  edge [
    source 14
    target 73
    key 0
    port 7
    weight 1
    bandwidth 50000000
    traffic ""
    reservation ""
  ]
  edge [
    source 14
    target 74
    key 0
    port 8
    weight 1
    bandwidth 50000000
    traffic ""
    reservation ""
  ]
  edge [
    source 14
    target 75
    key 0
    port 9
    weight 1
    bandwidth 50000000
    traffic ""
    reservation ""
  ]
  edge [
    source 14
    target 76
    key 0
    port 10
    weight 1
    bandwidth 50000000
    traffic ""
    reservation ""
  ]
  edge [
    source 14
    target 77
    key 0
    port 11
    weight 1
    bandwidth 50000000
    traffic ""
    reservation ""
  ]
  edge [
    source 14
    target 78
    key 0
    port 12
    weight 1
    bandwidth 50000000
    traffic ""
    reservation ""
  ]
  edge [
    source 14
    target 79
    key 0
    port 13
    weight 1
    bandwidth 50000000
    traffic ""
    reservation ""
  ]
  edge [
    source 14
    target 80
    key 0
    port 14
    weight 1
    bandwidth 50000000
    traffic ""
    reservation ""
  ]
  edge [
    source 14
    target 81
    key 0
    port 15
    weight 1
    bandwidth 50000000
    traffic ""
    reservation ""
  ]
  edge [
    source 14
    target 82
    key 0
    port 16
    weight 1
    bandwidth 50000000
    traffic ""
    reservation ""
  ]
  edge [
    source 14
    target 83
    key 0
    port 17
    weight 1
    bandwidth 50000000
    traffic ""
    reservation ""
  ]
  edge [
    source 14
    target 84
    key 0
    port 18
    weight 1
    bandwidth 50000000
    traffic ""
    reservation ""
  ]
  edge [
    source 15
    target 16
    key 0
    LinkLabel "Red Link"
    bandwidth 25000000
    traffic ""
    reservation ""
    port 0
  ]
  edge [
    source 15
    target 28
    key 0
    LinkLabel "Red Link"
    bandwidth 25000000
    traffic ""
    reservation ""
    port 1
  ]
  edge [
    source 16
    target 0
    key 0
    LinkLabel "Red Link"
    bandwidth 25000000
    traffic "18000000,3500000,3500000,200000"
    reservation "15931800.0,3635450.0,3468500.0,197180.0"
    port 0
  ]
  edge [
    source 16
    target 8
    key 0
    LinkLabel "Red Link"
    bandwidth 25000000
    traffic "18000000,3500000,200000,200000,200000,200000,200000,200000,200000,200000,200000,200000"
    reservation "19738800.0,3094700.0,197180.0,197180.0,197180.0,197180.0,197180.0,197180.0,197180.0,197180.0,197180.0,197180.0"
    port 1
  ]
  edge [
    source 16
    target 14
    key 0
    LinkLabel "Red Link"
    bandwidth 25000000
    traffic ""
    reservation ""
    port 2
  ]
  edge [
    source 16
    target 15
    key 0
    LinkLabel "Red Link"
    bandwidth 25000000
    traffic ""
    reservation ""
    port 3
  ]
  edge [
    source 16
    target 27
    key 0
    LinkLabel "Red Link"
    bandwidth 25000000
    traffic "200000,200000,200000,200000,200000,200000,200000,200000"
    reservation "197180.0,197180.0,197180.0,197180.0,197180.0,197180.0,197180.0,197180.0"
    port 4
  ]
  edge [
    source 16
    target 28
    key 0
    LinkLabel "Red Link"
    bandwidth 25000000
    traffic ""
    reservation ""
    port 5
  ]
  edge [
    source 17
    target 28
    key 0
    LinkLabel "Red Link"
    bandwidth 25000000
    traffic ""
    reservation ""
    port 0
  ]
  edge [
    source 18
    target 1
    key 0
    LinkLabel "Red Link"
    bandwidth 25000000
    traffic "18000000,3500000,200000,200000,200000,200000,200000,200000,200000,200000,200000,200000"
    reservation "19738800.0,3094700.0,197180.0,197180.0,197180.0,197180.0,197180.0,197180.0,197180.0,197180.0,197180.0,197180.0"
    port 0
  ]
  edge [
    source 18
    target 6
    key 0
    LinkLabel "Red Link"
    bandwidth 25000000
    traffic ""
    reservation ""
    port 1
  ]
  edge [
    source 18
    target 8
    key 0
    LinkLabel "Red Link"
    bandwidth 25000000
    traffic "18000000,3500000,3500000,200000,200000,200000,200000,200000,200000,200000,200000,200000"
    reservation "15931800.0,3228050.0,3465350.0,197180.0,197180.0,197180.0,197180.0,197180.0,197180.0,197180.0,197180.0,197180.0"
    port 2
  ]
  edge [
    source 18
    target 32
    key 0
    LinkLabel "Red Link"
    bandwidth 25000000
    traffic ""
    reservation ""
    port 3
  ]
  edge [
    source 18
    target 33
    key 0
    LinkLabel "Red Link"
    bandwidth 25000000
    traffic ""
    reservation ""
    port 4
  ]
  edge [
    source 18
    target 41
    key 0
    LinkLabel "Red Link"
    bandwidth 25000000
    traffic ""
    reservation ""
    port 5
  ]
  edge [
    source 18
    target 39
    key 0
    LinkLabel "Red Link"
    bandwidth 25000000
    traffic ""
    reservation ""
    port 6
  ]
  edge [
    source 18
    target 40
    key 0
    LinkLabel "Red Link"
    bandwidth 25000000
    traffic ""
    reservation ""
    port 7
  ]
  edge [
    source 18
    target 25
    key 0
    LinkLabel "Red Link"
    bandwidth 25000000
    traffic "18000000,3500000,3500000,200000,200000,200000,200000,200000,200000"
    reservation "16628400.0,3635450.0,3468500.0,197180.0,197180.0,197180.0,197180.0,197180.0,197180.0"
    port 8
  ]
  edge [
    source 18
    target 27
    key 0
    LinkLabel "Red Link"
    bandwidth 25000000
    traffic "200000,200000,200000,200000"
    reservation "197180.0,197180.0,197180.0,197180.0"
    port 9
  ]
  edge [
    source 18
    target 28
    key 0
    LinkLabel "Red Link"
    bandwidth 25000000
    traffic ""
    reservation ""
    port 10
  ]
  edge [
    source 19
    target 39
    key 0
    LinkLabel "Red Link"
    bandwidth 25000000
    traffic ""
    reservation ""
    port 0
  ]
  edge [
    source 20
    target 23
    key 0
    LinkLabel "Cyan Link"
    bandwidth 25000000
    traffic ""
    reservation ""
    port 0
  ]
  edge [
    source 21
    target 28
    key 0
    LinkLabel "Cyan Link"
    bandwidth 25000000
    traffic ""
    reservation ""
    port 0
  ]
  edge [
    source 22
    target 25
    key 0
    LinkLabel "Red Link"
    bandwidth 25000000
    traffic "18000000,200000,200000,200000,200000,200000,200000,200000,200000,200000,200000,200000"
    reservation "19738800.0,197180.0,197180.0,197180.0,197180.0,197180.0,197180.0,197180.0,197180.0,197180.0,197180.0,197180.0"
    port 0
  ]
  edge [
    source 22
    target 28
    key 0
    LinkLabel "Red Link"
    bandwidth 25000000
    traffic ""
    reservation ""
    port 1
  ]
  edge [
    source 23
    target 8
    key 0
    LinkLabel "Green Link"
    bandwidth 25000000
    traffic ""
    reservation ""
    port 0
  ]
  edge [
    source 23
    target 20
    key 0
    LinkLabel "Cyan Link"
    bandwidth 25000000
    traffic ""
    reservation ""
    port 1
  ]
  edge [
    source 23
    target 28
    key 0
    LinkLabel "Red Link"
    bandwidth 25000000
    traffic ""
    reservation ""
    port 2
  ]
  edge [
    source 23
    target 39
    key 0
    LinkLabel "Green Link"
    bandwidth 25000000
    traffic ""
    reservation ""
    port 3
  ]
  edge [
    source 24
    target 8
    key 0
    LinkLabel "Red Link"
    bandwidth 25000000
    traffic ""
    reservation ""
    port 0
  ]
  edge [
    source 24
    target 42
    key 0
    port 1
    weight 1
    bandwidth 350000000
    traffic "3500000,3500000,3500000,3500000,3500000,3500000,3500000"
    reservation "3094700.0,3228050.0,3465350.0,3635450.0,3468500.0,3744650.0,3343550.0"
  ]
  edge [
    source 25
    target 8
    key 0
    LinkLabel "Red Link"
    bandwidth 25000000
    traffic "3500000,3500000"
    reservation "3635450.0,3468500.0"
    port 0
  ]
  edge [
    source 25
    target 13
    key 0
    LinkLabel "Red Link"
    bandwidth 25000000
    traffic "200000,200000,200000,200000,200000,200000,200000,200000,200000,200000,200000,200000,200000,200000,200000,200000,200000,200000,200000,200000,200000,200000,200000,200000,200000,200000,200000,200000,200000"
    reservation "197180.0,197180.0,197180.0,197180.0,197180.0,197180.0,197180.0,197180.0,197180.0,197180.0,197180.0,197180.0,197180.0,197180.0,197180.0,197180.0,197180.0,197180.0,197180.0,197180.0,197180.0,197180.0,197180.0,197180.0,197180.0,197180.0,197180.0,197180.0,197180.0"
    port 1
  ]
  edge [
    source 25
    target 18
    key 0
    LinkLabel "Red Link"
    bandwidth 25000000
    traffic ""
    reservation ""
    port 2
  ]
  edge [
    source 25
    target 22
    key 0
    LinkLabel "Red Link"
    bandwidth 25000000
    traffic ""
    reservation ""
    port 3
  ]
  edge [
    source 25
    target 39
    key 0
    LinkLabel "Red Link"
    bandwidth 25000000
    traffic ""
    reservation ""
    port 4
  ]
  edge [
    source 25
    target 27
    key 0
    LinkLabel "Red Link"
    bandwidth 25000000
    traffic ""
    reservation ""
    port 5
  ]
  edge [
    source 25
    target 44
    key 0
    port 6
    weight 1
    bandwidth 350000000
    traffic "18000000,18000000,18000000,18000000"
    reservation "19738800.0,15931800.0,16628400.0,15931800.0"
  ]
  edge [
    source 26
    target 8
    key 0
    LinkLabel "Red Link"
    bandwidth 25000000
    traffic ""
    reservation ""
    port 0
  ]
  edge [
    source 27
    target 8
    key 0
    LinkLabel "Red Link"
    bandwidth 25000000
    traffic ""
    reservation ""
    port 0
  ]
  edge [
    source 27
    target 9
    key 0
    LinkLabel "Red Link"
    bandwidth 25000000
    traffic ""
    reservation ""
    port 1
  ]
  edge [
    source 27
    target 16
    key 0
    LinkLabel "Red Link"
    bandwidth 25000000
    traffic ""
    reservation ""
    port 2
  ]
  edge [
    source 27
    target 18
    key 0
    LinkLabel "Red Link"
    bandwidth 25000000
    traffic ""
    reservation ""
    port 3
  ]
  edge [
    source 27
    target 25
    key 0
    LinkLabel "Red Link"
    bandwidth 25000000
    traffic "18000000,200000,200000,200000,200000,200000,200000,200000,200000,200000,200000,200000,200000"
    reservation "15931800.0,197180.0,197180.0,197180.0,197180.0,197180.0,197180.0,197180.0,197180.0,197180.0,197180.0,197180.0,197180.0"
    port 4
  ]
  edge [
    source 27
    target 39
    key 0
    LinkLabel "Red Link"
    bandwidth 25000000
    traffic ""
    reservation ""
    port 5
  ]
  edge [
    source 27
    target 30
    key 0
    LinkLabel "Red Link"
    bandwidth 25000000
    traffic ""
    reservation ""
    port 6
  ]
  edge [
    source 28
    target 8
    key 0
    LinkLabel "Blue Link"
    bandwidth 25000000
    traffic "3500000,3500000,200000,200000,200000,200000,200000,200000,200000,200000,200000,18000000,200000"
    reservation "3744650.0,3343550.0,197180.0,197180.0,197180.0,197180.0,197180.0,197180.0,197180.0,197180.0,197180.0,15931800.0,197180.0"
    port 0
  ]
  edge [
    source 28
    target 12
    key 0
    LinkLabel "Red Link"
    bandwidth 25000000
    traffic ""
    reservation ""
    port 1
  ]
  edge [
    source 28
    target 14
    key 0
    LinkLabel "Red Link"
    bandwidth 25000000
    traffic "200000,200000,200000,200000,200000,200000,200000,200000"
    reservation "197180.0,197180.0,197180.0,197180.0,197180.0,197180.0,197180.0,197180.0"
    port 2
  ]
  edge [
    source 28
    target 15
    key 0
    LinkLabel "Red Link"
    bandwidth 25000000
    traffic ""
    reservation ""
    port 3
  ]
  edge [
    source 28
    target 16
    key 0
    LinkLabel "Red Link"
    bandwidth 25000000
    traffic ""
    reservation ""
    port 4
  ]
  edge [
    source 28
    target 17
    key 0
    LinkLabel "Red Link"
    bandwidth 25000000
    traffic ""
    reservation ""
    port 5
  ]
  edge [
    source 28
    target 18
    key 0
    LinkLabel "Red Link"
    bandwidth 25000000
    traffic ""
    reservation ""
    port 6
  ]
  edge [
    source 28
    target 21
    key 0
    LinkLabel "Cyan Link"
    bandwidth 25000000
    traffic ""
    reservation ""
    port 7
  ]
  edge [
    source 28
    target 22
    key 0
    LinkLabel "Red Link"
    bandwidth 25000000
    traffic "18000000,200000,200000,200000,200000,200000,200000,200000,200000,200000,200000,200000"
    reservation "19738800.0,197180.0,197180.0,197180.0,197180.0,197180.0,197180.0,197180.0,197180.0,197180.0,197180.0,197180.0"
    port 8
  ]
  edge [
    source 28
    target 23
    key 0
    LinkLabel "Red Link"
    bandwidth 25000000
    traffic ""
    reservation ""
    port 9
  ]
  edge [
    source 28
    target 38
    key 0
    LinkLabel "Red Link"
    bandwidth 25000000
    traffic ""
    reservation ""
    port 10
  ]
  edge [
    source 28
    target 39
    key 0
    LinkLabel "Blue Link"
    bandwidth 25000000
    traffic ""
    reservation ""
    port 11
  ]
  edge [
    source 28
    target 29
    key 0
    LinkLabel "Red Link"
    bandwidth 25000000
    traffic ""
    reservation ""
    port 12
  ]
  edge [
    source 29
    target 28
    key 0
    LinkLabel "Red Link"
    bandwidth 25000000
    traffic ""
    reservation ""
    port 0
  ]
  edge [
    source 30
    target 27
    key 0
    LinkLabel "Red Link"
    bandwidth 25000000
    traffic ""
    reservation ""
    port 0
  ]
  edge [
    source 31
    target 8
    key 0
    LinkLabel "Red Link"
    bandwidth 25000000
    traffic ""
    reservation ""
    port 0
  ]
  edge [
    source 32
    target 18
    key 0
    LinkLabel "Red Link"
    bandwidth 25000000
    traffic ""
    reservation ""
    port 0
  ]
  edge [
    source 32
    target 39
    key 0
    LinkLabel "Red Link"
    bandwidth 25000000
    traffic ""
    reservation ""
    port 1
  ]
  edge [
    source 33
    target 2
    key 0
    LinkLabel "Red Link"
    bandwidth 25000000
    traffic ""
    reservation ""
    port 0
  ]
  edge [
    source 33
    target 18
    key 0
    LinkLabel "Red Link"
    bandwidth 25000000
    traffic ""
    reservation ""
    port 1
  ]
  edge [
    source 33
    target 39
    key 0
    LinkLabel "Red Link"
    bandwidth 25000000
    traffic ""
    reservation ""
    port 2
  ]
  edge [
    source 34
    target 39
    key 0
    LinkLabel "Red Link"
    bandwidth 25000000
    traffic ""
    reservation ""
    port 0
  ]
  edge [
    source 35
    target 39
    key 0
    LinkLabel "Red Link"
    bandwidth 25000000
    traffic ""
    reservation ""
    port 0
  ]
  edge [
    source 36
    target 39
    key 0
    LinkLabel "Red Link"
    bandwidth 25000000
    traffic ""
    reservation ""
    port 0
  ]
  edge [
    source 37
    target 38
    key 0
    LinkLabel "Red Link"
    bandwidth 25000000
    traffic ""
    reservation ""
    port 0
  ]
  edge [
    source 38
    target 5
    key 0
    LinkLabel "Red Link"
    bandwidth 25000000
    traffic ""
    reservation ""
    port 0
  ]
  edge [
    source 38
    target 8
    key 0
    LinkLabel "Red Link"
    bandwidth 25000000
    traffic ""
    reservation ""
    port 1
  ]
  edge [
    source 38
    target 28
    key 0
    LinkLabel "Red Link"
    bandwidth 25000000
    traffic "18000000,200000,200000,200000,200000,200000,200000,200000,200000,200000,200000,200000,200000,200000,200000,200000,200000,200000,200000,200000"
    reservation "19738800.0,197180.0,197180.0,197180.0,197180.0,197180.0,197180.0,197180.0,197180.0,197180.0,197180.0,197180.0,197180.0,197180.0,197180.0,197180.0,197180.0,197180.0,197180.0,197180.0"
    port 2
  ]
  edge [
    source 38
    target 37
    key 0
    LinkLabel "Red Link"
    bandwidth 25000000
    traffic ""
    reservation ""
    port 3
  ]
  edge [
    source 38
    target 39
    key 0
    LinkLabel "Red Link"
    bandwidth 25000000
    traffic "200000,200000,200000,200000,200000,200000,200000"
    reservation "197180.0,197180.0,197180.0,197180.0,197180.0,197180.0,197180.0"
    port 4
  ]
  edge [
    source 39
    target 0
    key 0
    LinkLabel "Red Link"
    bandwidth 25000000
    traffic "18000000,3500000,200000,200000,200000,200000,200000,200000,200000,200000,200000,200000"
    reservation "19738800.0,3094700.0,197180.0,197180.0,197180.0,197180.0,197180.0,197180.0,197180.0,197180.0,197180.0,197180.0"
    port 0
  ]
  edge [
    source 39
    target 1
    key 0
    LinkLabel "Red Link"
    bandwidth 25000000
    traffic "18000000,3500000,3500000,200000,200000,200000,200000,200000,200000,200000,200000,200000,200000,200000,200000"
    reservation "15931800.0,3228050.0,3465350.0,197180.0,197180.0,197180.0,197180.0,197180.0,197180.0,197180.0,197180.0,197180.0,197180.0,197180.0,197180.0"
    port 1
  ]
  edge [
    source 39
    target 6
    key 0
    LinkLabel "Red Link"
    bandwidth 25000000
    traffic "18000000,3500000,3500000,200000,200000,200000,200000,200000,200000"
    reservation "16628400.0,3635450.0,3468500.0,197180.0,197180.0,197180.0,197180.0,197180.0,197180.0"
    port 2
  ]
  edge [
    source 39
    target 7
    key 0
    LinkLabel "Red Link"
    bandwidth 25000000
    traffic ""
    reservation ""
    port 3
  ]
  edge [
    source 39
    target 8
    key 0
    LinkLabel "Blue Link"
    bandwidth 25000000
    traffic ""
    reservation ""
    port 4
  ]
  edge [
    source 39
    target 10
    key 0
    LinkLabel "Cyan Link"
    bandwidth 25000000
    traffic ""
    reservation ""
    port 5
  ]
  edge [
    source 39
    target 18
    key 0
    LinkLabel "Red Link"
    bandwidth 25000000
    traffic "200000"
    reservation "197180.0"
    port 6
  ]
  edge [
    source 39
    target 19
    key 0
    LinkLabel "Red Link"
    bandwidth 25000000
    traffic ""
    reservation ""
    port 7
  ]
  edge [
    source 39
    target 23
    key 0
    LinkLabel "Green Link"
    bandwidth 25000000
    traffic ""
    reservation ""
    port 8
  ]
  edge [
    source 39
    target 25
    key 0
    LinkLabel "Red Link"
    bandwidth 25000000
    traffic "18000000"
    reservation "15931800.0"
    port 9
  ]
  edge [
    source 39
    target 27
    key 0
    LinkLabel "Red Link"
    bandwidth 25000000
    traffic ""
    reservation ""
    port 10
  ]
  edge [
    source 39
    target 28
    key 0
    LinkLabel "Blue Link"
    bandwidth 25000000
    traffic ""
    reservation ""
    port 11
  ]
  edge [
    source 39
    target 32
    key 0
    LinkLabel "Red Link"
    bandwidth 25000000
    traffic ""
    reservation ""
    port 12
  ]
  edge [
    source 39
    target 33
    key 0
    LinkLabel "Red Link"
    bandwidth 25000000
    traffic ""
    reservation ""
    port 13
  ]
  edge [
    source 39
    target 34
    key 0
    LinkLabel "Red Link"
    bandwidth 25000000
    traffic ""
    reservation ""
    port 14
  ]
  edge [
    source 39
    target 35
    key 0
    LinkLabel "Red Link"
    bandwidth 25000000
    traffic ""
    reservation ""
    port 15
  ]
  edge [
    source 39
    target 36
    key 0
    LinkLabel "Red Link"
    bandwidth 25000000
    traffic ""
    reservation ""
    port 16
  ]
  edge [
    source 39
    target 38
    key 0
    LinkLabel "Red Link"
    bandwidth 25000000
    traffic ""
    reservation ""
    port 17
  ]
  edge [
    source 39
    target 41
    key 0
    LinkLabel "Red Link"
    bandwidth 25000000
    traffic ""
    reservation ""
    port 18
  ]
  edge [
    source 39
    target 40
    key 0
    LinkLabel "Red Link"
    bandwidth 25000000
    traffic ""
    reservation ""
    port 19
  ]
  edge [
    source 40
    target 18
    key 0
    LinkLabel "Red Link"
    bandwidth 25000000
    traffic ""
    reservation ""
    port 0
  ]
  edge [
    source 40
    target 39
    key 0
    LinkLabel "Red Link"
    bandwidth 25000000
    traffic ""
    reservation ""
    port 1
  ]
  edge [
    source 41
    target 18
    key 0
    LinkLabel "Red Link"
    bandwidth 25000000
    traffic "18000000,3500000,200000,200000,200000,200000,200000,200000,200000,200000,200000,200000"
    reservation "19738800.0,3094700.0,197180.0,197180.0,197180.0,197180.0,197180.0,197180.0,197180.0,197180.0,197180.0,197180.0"
    port 0
  ]
  edge [
    source 41
    target 39
    key 0
    LinkLabel "Red Link"
    bandwidth 25000000
    traffic "3500000,18000000,3500000,200000,200000,200000,200000,200000,200000,200000,200000"
    reservation "3228050.0,16628400.0,3465350.0,197180.0,197180.0,197180.0,197180.0,197180.0,197180.0,197180.0,197180.0"
    port 1
  ]
  edge [
    source 41
    target 45
    key 0
    port 2
    weight 1
    bandwidth 50000000
    traffic ""
    reservation ""
  ]
  edge [
    source 41
    target 47
    key 0
    port 3
    weight 1
    bandwidth 50000000
    traffic ""
    reservation ""
  ]
  edge [
    source 41
    target 48
    key 0
    port 4
    weight 1
    bandwidth 50000000
    traffic ""
    reservation ""
  ]
  edge [
    source 41
    target 49
    key 0
    port 5
    weight 1
    bandwidth 50000000
    traffic ""
    reservation ""
  ]
  edge [
    source 41
    target 50
    key 0
    port 6
    weight 1
    bandwidth 50000000
    traffic ""
    reservation ""
  ]
  edge [
    source 41
    target 51
    key 0
    port 7
    weight 1
    bandwidth 50000000
    traffic ""
    reservation ""
  ]
  edge [
    source 41
    target 52
    key 0
    port 8
    weight 1
    bandwidth 50000000
    traffic ""
    reservation ""
  ]
  edge [
    source 41
    target 53
    key 0
    port 9
    weight 1
    bandwidth 50000000
    traffic ""
    reservation ""
  ]
  edge [
    source 41
    target 54
    key 0
    port 10
    weight 1
    bandwidth 50000000
    traffic ""
    reservation ""
  ]
  edge [
    source 41
    target 55
    key 0
    port 11
    weight 1
    bandwidth 50000000
    traffic ""
    reservation ""
  ]
  edge [
    source 41
    target 56
    key 0
    port 12
    weight 1
    bandwidth 50000000
    traffic ""
    reservation ""
  ]
  edge [
    source 41
    target 57
    key 0
    port 13
    weight 1
    bandwidth 50000000
    traffic ""
    reservation ""
  ]
  edge [
    source 41
    target 58
    key 0
    port 14
    weight 1
    bandwidth 50000000
    traffic ""
    reservation ""
  ]
  edge [
    source 41
    target 59
    key 0
    port 15
    weight 1
    bandwidth 50000000
    traffic ""
    reservation ""
  ]
  edge [
    source 41
    target 60
    key 0
    port 16
    weight 1
    bandwidth 50000000
    traffic ""
    reservation ""
  ]
  edge [
    source 41
    target 61
    key 0
    port 17
    weight 1
    bandwidth 50000000
    traffic ""
    reservation ""
  ]
  edge [
    source 41
    target 62
    key 0
    port 18
    weight 1
    bandwidth 50000000
    traffic ""
    reservation ""
  ]
  edge [
    source 41
    target 63
    key 0
    port 19
    weight 1
    bandwidth 50000000
    traffic ""
    reservation ""
  ]
  edge [
    source 41
    target 64
    key 0
    port 20
    weight 1
    bandwidth 50000000
    traffic ""
    reservation ""
  ]
  edge [
    source 41
    target 65
    key 0
    port 21
    weight 1
    bandwidth 50000000
    traffic ""
    reservation ""
  ]
  edge [
    source 41
    target 66
    key 0
    port 22
    weight 1
    bandwidth 50000000
    traffic ""
    reservation ""
  ]
  edge [
    source 41
    target 67
    key 0
    port 23
    weight 1
    bandwidth 50000000
    traffic ""
    reservation ""
  ]
  edge [
    source 41
    target 68
    key 0
    port 24
    weight 1
    bandwidth 50000000
    traffic ""
    reservation ""
  ]
  edge [
    source 42
    target 24
    key 0
    port 0
    weight 1
    bandwidth 350000000
    traffic ""
    reservation ""
  ]
  edge [
    source 43
    target 13
    key 0
    port 0
    weight 1
    bandwidth 350000000
    traffic ""
    reservation ""
  ]
  edge [
    source 44
    target 25
    key 0
    port 0
    weight 1
    bandwidth 350000000
    traffic ""
    reservation ""
  ]
  edge [
    source 45
    target 41
    key 0
    port 0
    weight 1
    bandwidth 50000000
    traffic "18000000"
    reservation "19738800.0"
  ]
  edge [
    source 46
    target 14
    key 0
    port 0
    weight 1
    bandwidth 50000000
    traffic "18000000"
    reservation "15931800.0"
  ]
  edge [
    source 47
    target 41
    key 0
    port 0
    weight 1
    bandwidth 50000000
    traffic "3500000"
    reservation "3094700.0"
  ]
  edge [
    source 48
    target 41
    key 0
    port 0
    weight 1
    bandwidth 50000000
    traffic "200000"
    reservation "197180.0"
  ]
  edge [
    source 49
    target 41
    key 0
    port 0
    weight 1
    bandwidth 50000000
    traffic "3500000"
    reservation "3228050.0"
  ]
  edge [
    source 50
    target 41
    key 0
    port 0
    weight 1
    bandwidth 50000000
    traffic "18000000"
    reservation "16628400.0"
  ]
  edge [
    source 51
    target 41
    key 0
    port 0
    weight 1
    bandwidth 50000000
    traffic "3500000"
    reservation "3465350.0"
  ]
  edge [
    source 52
    target 41
    key 0
    port 0
    weight 1
    bandwidth 50000000
    traffic "200000"
    reservation "197180.0"
  ]
  edge [
    source 53
    target 41
    key 0
    port 0
    weight 1
    bandwidth 50000000
    traffic "200000"
    reservation "197180.0"
  ]
  edge [
    source 54
    target 41
    key 0
    port 0
    weight 1
    bandwidth 50000000
    traffic "200000"
    reservation "197180.0"
  ]
  edge [
    source 55
    target 41
    key 0
    port 0
    weight 1
    bandwidth 50000000
    traffic "200000"
    reservation "197180.0"
  ]
  edge [
    source 56
    target 41
    key 0
    port 0
    weight 1
    bandwidth 50000000
    traffic "200000"
    reservation "197180.0"
  ]
  edge [
    source 57
    target 41
    key 0
    port 0
    weight 1
    bandwidth 50000000
    traffic "200000"
    reservation "197180.0"
  ]
  edge [
    source 58
    target 41
    key 0
    port 0
    weight 1
    bandwidth 50000000
    traffic "200000"
    reservation "197180.0"
  ]
  edge [
    source 59
    target 41
    key 0
    port 0
    weight 1
    bandwidth 50000000
    traffic "200000"
    reservation "197180.0"
  ]
  edge [
    source 60
    target 41
    key 0
    port 0
    weight 1
    bandwidth 50000000
    traffic "200000"
    reservation "197180.0"
  ]
  edge [
    source 61
    target 41
    key 0
    port 0
    weight 1
    bandwidth 50000000
    traffic "200000"
    reservation "197180.0"
  ]
  edge [
    source 62
    target 41
    key 0
    port 0
    weight 1
    bandwidth 50000000
    traffic "200000"
    reservation "197180.0"
  ]
  edge [
    source 63
    target 41
    key 0
    port 0
    weight 1
    bandwidth 50000000
    traffic "200000"
    reservation "197180.0"
  ]
  edge [
    source 64
    target 41
    key 0
    port 0
    weight 1
    bandwidth 50000000
    traffic "200000"
    reservation "197180.0"
  ]
  edge [
    source 65
    target 41
    key 0
    port 0
    weight 1
    bandwidth 50000000
    traffic "200000"
    reservation "197180.0"
  ]
  edge [
    source 66
    target 41
    key 0
    port 0
    weight 1
    bandwidth 50000000
    traffic "200000"
    reservation "197180.0"
  ]
  edge [
    source 67
    target 41
    key 0
    port 0
    weight 1
    bandwidth 50000000
    traffic "200000"
    reservation "197180.0"
  ]
  edge [
    source 68
    target 41
    key 0
    port 0
    weight 1
    bandwidth 50000000
    traffic "200000"
    reservation "197180.0"
  ]
  edge [
    source 69
    target 14
    key 0
    port 0
    weight 1
    bandwidth 50000000
    traffic "3500000"
    reservation "3635450.0"
  ]
  edge [
    source 70
    target 14
    key 0
    port 0
    weight 1
    bandwidth 50000000
    traffic "3500000"
    reservation "3468500.0"
  ]
  edge [
    source 71
    target 14
    key 0
    port 0
    weight 1
    bandwidth 50000000
    traffic "3500000"
    reservation "3744650.0"
  ]
  edge [
    source 72
    target 14
    key 0
    port 0
    weight 1
    bandwidth 50000000
    traffic "3500000"
    reservation "3343550.0"
  ]
  edge [
    source 73
    target 14
    key 0
    port 0
    weight 1
    bandwidth 50000000
    traffic "200000"
    reservation "197180.0"
  ]
  edge [
    source 74
    target 14
    key 0
    port 0
    weight 1
    bandwidth 50000000
    traffic "200000"
    reservation "197180.0"
  ]
  edge [
    source 75
    target 14
    key 0
    port 0
    weight 1
    bandwidth 50000000
    traffic "200000"
    reservation "197180.0"
  ]
  edge [
    source 76
    target 14
    key 0
    port 0
    weight 1
    bandwidth 50000000
    traffic "200000"
    reservation "197180.0"
  ]
  edge [
    source 77
    target 14
    key 0
    port 0
    weight 1
    bandwidth 50000000
    traffic "200000"
    reservation "197180.0"
  ]
  edge [
    source 78
    target 14
    key 0
    port 0
    weight 1
    bandwidth 50000000
    traffic "200000"
    reservation "197180.0"
  ]
  edge [
    source 79
    target 14
    key 0
    port 0
    weight 1
    bandwidth 50000000
    traffic "200000"
    reservation "197180.0"
  ]
  edge [
    source 80
    target 14
    key 0
    port 0
    weight 1
    bandwidth 50000000
    traffic "200000"
    reservation "197180.0"
  ]
  edge [
    source 81
    target 14
    key 0
    port 0
    weight 1
    bandwidth 50000000
    traffic "200000"
    reservation "197180.0"
  ]
  edge [
    source 82
    target 14
    key 0
    port 0
    weight 1
    bandwidth 50000000
    traffic "200000"
    reservation "197180.0"
  ]
  edge [
    source 83
    target 14
    key 0
    port 0
    weight 1
    bandwidth 50000000
    traffic "18000000"
    reservation "15931800.0"
  ]
  edge [
    source 84
    target 14
    key 0
    port 0
    weight 1
    bandwidth 50000000
    traffic "200000"
    reservation "197180.0"
  ]
]
