graph [
  directed 1
  multigraph 1
  GeoLocation "USA"
  GeoExtent "Country"
  Network "ATMnet"
  Provenance "Secondary"
  Note "Bought out by Verio (ATMNet on Wikipedia)"
  Source "http://www.nthelp.com/images/atmnet.jpg"
  Version "1.0"
  Type "COM"
  DateType "Current"
  Backbone 1
  Commercial 0
  label "Atmnet"
  ToolsetVersion "0.3.34dev-20120328"
  Customer 0
  IX 0
  SourceGitVersion "e278b1b"
  DateModifier "="
  DateMonth "01"
  LastAccess "14/01/11"
  Access 0
  Layer "IP"
  Creator "Topology Zoo Toolset"
  Developed 1
  Transit 0
  NetworkDate "2011_01"
  DateYear "2011"
  LastProcessed "2011_09_01"
  Testbed 0
  levelsToS 68
  node [
    id 0
    label "0"
    Country "United States"
    Longitude -111.89105
    Internal 1
    Latitude 40.76078
    type "antenna"
    schedulingPolicy "WFQ"
    tosToQoSqueue "64,66;45;62;46;47;65;40,63;39;43;60;59;61,67;34;24;25;27,0,1,2,3,4,5,6,7,8,9,10,11,12,13,14,15,16,17,18,19,20,21,22,23,26,28,29,30,31,32,33,35,36,37,38,41,42,44,48,49,50,51,52,53,54,55,56,57,58"
    schedulingWeights "8.334,0.001,4.755,0.001,0.001,5.032,4.748,0.001,0.001,0.262,0.293,0.515,0.001,25.699,0.001,50.356;0.001,4.083,0.001,5.136,4.802,0.001,4.748,4.528,5.311,0.001,0.001,0.001,23.971,0.001,20.926,26.489;0.001,0.001,0.001,0.001,0.001,0.001,0.001,0.001,0.001,0.001,0.001,0.001,0.001,0.001,0.001,99.985"
    levelsQoS 16
    queueSizes "32,32,32,32,32,32,32,32,32,32,32,32,32,32,32,32"
  ]
  node [
    id 1
    label "1"
    Country "United States"
    Longitude -93.26384
    Internal 1
    Latitude 44.97997
    type "inner"
    schedulingPolicy "WFQ"
    tosToQoSqueue "0,1,2,3,4,5,6,7,8,9,10,11,12,13,14,15,16,17,18,19,20,21,22,23,24,25,26,27,28,29,30,31,32,33,34,35,36,37,38,39,40,41,42,43,44,45,46,47,48,49,50,51,52,53,54,55,56,57,58,59,60,61,62,63,64,65,66,67"
    schedulingWeights "100"
    levelsQoS 1
    queueSizes "32"
  ]
  node [
    id 2
    label "2"
    Country "United States"
    Longitude -94.62746
    Internal 1
    Latitude 39.11417
    type "inner"
    schedulingPolicy "WFQ"
    tosToQoSqueue "64,66;45;62;46;47;65;40,63;39;43;60;59;61,67;34;24;25;27,0,1,2,3,4,5,6,7,8,9,10,11,12,13,14,15,16,17,18,19,20,21,22,23,26,28,29,30,31,32,33,35,36,37,38,41,42,44,48,49,50,51,52,53,54,55,56,57,58"
    schedulingWeights "0.001,4.083,0.001,5.136,4.802,0.001,4.748,4.528,5.311,0.001,0.001,0.001,23.971,0.001,20.926,26.489;8.334,0.001,4.755,0.001,0.001,5.032,4.748,0.001,0.001,0.262,0.293,0.515,0.001,25.699,0.001,50.356"
    levelsQoS 16
    queueSizes "32,32,32,32,32,32,32,32,32,32,32,32,32,32,32,32"
  ]
  node [
    id 3
    label "3"
    Country "United States"
    Longitude -104.9847
    Internal 1
    Latitude 39.73915
    type "inner"
    schedulingPolicy "WFQ"
    tosToQoSqueue "64,66;45;62;46;47;65;40,63;39;43;60;59;61,67;34;24;25;27,0,1,2,3,4,5,6,7,8,9,10,11,12,13,14,15,16,17,18,19,20,21,22,23,26,28,29,30,31,32,33,35,36,37,38,41,42,44,48,49,50,51,52,53,54,55,56,57,58"
    schedulingWeights "0.001,4.083,0.001,5.136,4.802,0.001,4.748,4.528,5.311,0.001,0.001,0.001,23.971,0.001,20.926,26.489;8.334,0.001,4.755,0.001,0.001,5.032,4.748,0.001,0.001,0.262,0.293,0.515,0.001,25.699,0.001,50.356"
    levelsQoS 16
    queueSizes "32,32,32,32,32,32,32,32,32,32,32,32,32,32,32,32"
  ]
  node [
    id 4
    label "4"
    Country "United States"
    Longitude -79.99589
    Internal 1
    Latitude 40.44062
    type "inner"
    schedulingPolicy "WFQ"
    tosToQoSqueue "32,36;31;33;28;57;30,37,42;29,38;35,44;41;24;25;27,0,1,2,3,4,5,6,7,8,9,10,11,12,13,14,15,16,17,18,19,20,21,22,23,26,34,39,40,43,45,46,47,48,49,50,51,52,53,54,55,56,58,59,60,61,62,63,64,65,66,67"
    schedulingWeights "10.308,5.339,4.046,4.576,0.262,0.878,0.515,0.595,0.272,25.699,20.926,26.585;0.001,0.001,0.001,0.001,0.001,0.001,0.001,0.001,0.001,0.001,0.001,99.989"
    levelsQoS 12
    queueSizes "32,32,32,32,32,32,32,32,32,32,32,32"
  ]
  node [
    id 5
    label "5"
    Country "United States"
    Longitude -75.16379
    Internal 1
    Latitude 39.95234
    type "destination_mmtc"
    schedulingPolicy "FIFO"
    levelsQoS "1"
    schedulingWeights "-"
    tosToQoSqueue "0,1,2,3,4,5,6,7,8,9,10,11,12,13,14,15,16,17,18,19,20,21,22,23,24,25,26,27,28,29,30,31,32,33,34,35,36,37,38,39,40,41,42,43,44,45,46,47,48,49,50,51,52,53,54,55,56,57,58,59,60,61,62,63,64,65,66,67"
    queueSizes "32"
  ]
  node [
    id 6
    label "6"
    Country "United States"
    Longitude -87.65005
    Internal 1
    Latitude 41.85003
    type "inner"
    schedulingPolicy "WFQ"
    tosToQoSqueue "51;52;45,56;46,55;47;54;40;39;53;43,48,49;50,58;34;24;27,0,1,2,3,4,5,6,7,8,9,10,11,12,13,14,15,16,17,18,19,20,21,22,23,25,26,28,29,30,31,32,33,35,36,37,38,41,42,44,57,59,60,61,62,63,64,65,66,67"
    schedulingWeights "0.001,0.001,0.001,0.001,0.001,0.001,0.001,0.001,0.001,0.001,0.001,0.001,0.001,99.987;3.975,4.055,8.166,10.271,4.802,5.154,4.748,4.528,5.183,15.932,9.151,23.971,0.001,0.062;0.001,0.001,0.001,0.001,0.001,0.001,0.001,0.001,0.001,0.001,0.001,0.001,25.699,74.289"
    levelsQoS 14
    queueSizes "32,32,32,32,32,32,32,32,32,32,32,32,32,32"
  ]
  node [
    id 7
    label "7"
    Country "United States"
    Longitude -83.04575
    Internal 1
    Latitude 42.33143
    type "antenna"
    schedulingPolicy "WFQ"
    tosToQoSqueue "51;52;45,56;46,55;47;32,36,54;40;39;31;53;33;43,48,49;28,50,58;57;30,37,42;29,38;35,44;41;34;24;25;27,0,1,2,3,4,5,6,7,8,9,10,11,12,13,14,15,16,17,18,19,20,21,22,23,26,59,60,61,62,63,64,65,66,67"
    schedulingWeights "0.001,0.001,0.001,0.001,0.001,10.308,0.001,0.001,5.339,0.001,4.046,0.001,4.576,0.262,0.878,0.515,0.595,0.272,0.001,25.699,20.926,26.575;3.975,4.055,8.166,10.271,4.802,5.154,4.748,4.528,0.001,5.183,0.001,15.932,9.151,0.001,0.001,0.001,0.001,0.001,23.971,0.001,0.001,0.054;0.001,0.001,0.001,0.001,0.001,0.001,0.001,0.001,0.001,0.001,0.001,0.001,0.001,0.001,0.001,0.001,0.001,0.001,0.001,0.001,0.001,99.979;0.001,0.001,0.001,0.001,0.001,0.001,0.001,0.001,0.001,0.001,0.001,0.001,0.001,0.001,0.001,0.001,0.001,0.001,0.001,0.001,0.001,99.979;0.001,0.001,0.001,0.001,0.001,0.001,0.001,0.001,0.001,0.001,0.001,0.001,0.001,0.001,0.001,0.001,0.001,0.001,0.001,0.001,0.001,99.979;0.001,0.001,0.001,0.001,0.001,0.001,0.001,0.001,0.001,0.001,0.001,0.001,0.001,0.001,0.001,0.001,0.001,0.001,0.001,0.001,0.001,99.979;0.001,0.001,0.001,0.001,0.001,0.001,0.001,0.001,0.001,0.001,0.001,0.001,0.001,0.001,0.001,0.001,0.001,0.001,0.001,0.001,0.001,99.979;0.001,0.001,0.001,0.001,0.001,0.001,0.001,0.001,0.001,0.001,0.001,0.001,0.001,0.001,0.001,0.001,0.001,0.001,0.001,0.001,0.001,99.979;0.001,0.001,0.001,0.001,0.001,0.001,0.001,0.001,0.001,0.001,0.001,0.001,0.001,0.001,0.001,0.001,0.001,0.001,0.001,0.001,0.001,99.979;0.001,0.001,0.001,0.001,0.001,0.001,0.001,0.001,0.001,0.001,0.001,0.001,0.001,0.001,0.001,0.001,0.001,0.001,0.001,0.001,0.001,99.979;0.001,0.001,0.001,0.001,0.001,0.001,0.001,0.001,0.001,0.001,0.001,0.001,0.001,0.001,0.001,0.001,0.001,0.001,0.001,0.001,0.001,99.979;0.001,0.001,0.001,0.001,0.001,0.001,0.001,0.001,0.001,0.001,0.001,0.001,0.001,0.001,0.001,0.001,0.001,0.001,0.001,0.001,0.001,99.979;0.001,0.001,0.001,0.001,0.001,0.001,0.001,0.001,0.001,0.001,0.001,0.001,0.001,0.001,0.001,0.001,0.001,0.001,0.001,0.001,0.001,99.979;0.001,0.001,0.001,0.001,0.001,0.001,0.001,0.001,0.001,0.001,0.001,0.001,0.001,0.001,0.001,0.001,0.001,0.001,0.001,0.001,0.001,99.979;0.001,0.001,0.001,0.001,0.001,0.001,0.001,0.001,0.001,0.001,0.001,0.001,0.001,0.001,0.001,0.001,0.001,0.001,0.001,0.001,0.001,99.979;0.001,0.001,0.001,0.001,0.001,0.001,0.001,0.001,0.001,0.001,0.001,0.001,0.001,0.001,0.001,0.001,0.001,0.001,0.001,0.001,0.001,99.979;0.001,0.001,0.001,0.001,0.001,0.001,0.001,0.001,0.001,0.001,0.001,0.001,0.001,0.001,0.001,0.001,0.001,0.001,0.001,0.001,0.001,99.979;0.001,0.001,0.001,0.001,0.001,0.001,0.001,0.001,0.001,0.001,0.001,0.001,0.001,0.001,0.001,0.001,0.001,0.001,0.001,0.001,0.001,99.979;0.001,0.001,0.001,0.001,0.001,0.001,0.001,0.001,0.001,0.001,0.001,0.001,0.001,0.001,0.001,0.001,0.001,0.001,0.001,0.001,0.001,99.979;0.001,0.001,0.001,0.001,0.001,0.001,0.001,0.001,0.001,0.001,0.001,0.001,0.001,0.001,0.001,0.001,0.001,0.001,0.001,0.001,0.001,99.979;0.001,0.001,0.001,0.001,0.001,0.001,0.001,0.001,0.001,0.001,0.001,0.001,0.001,0.001,0.001,0.001,0.001,0.001,0.001,0.001,0.001,99.979;0.001,0.001,0.001,0.001,0.001,0.001,0.001,0.001,0.001,0.001,0.001,0.001,0.001,0.001,0.001,0.001,0.001,0.001,0.001,0.001,0.001,99.979;0.001,0.001,0.001,0.001,0.001,0.001,0.001,0.001,0.001,0.001,0.001,0.001,0.001,0.001,0.001,0.001,0.001,0.001,0.001,0.001,0.001,99.979;0.001,0.001,0.001,0.001,0.001,0.001,0.001,0.001,0.001,0.001,0.001,0.001,0.001,0.001,0.001,0.001,0.001,0.001,0.001,0.001,0.001,99.979;0.001,0.001,0.001,0.001,0.001,0.001,0.001,0.001,0.001,0.001,0.001,0.001,0.001,0.001,0.001,0.001,0.001,0.001,0.001,0.001,0.001,99.979;0.001,0.001,0.001,0.001,0.001,0.001,0.001,0.001,0.001,0.001,0.001,0.001,0.001,0.001,0.001,0.001,0.001,0.001,0.001,0.001,0.001,99.979;0.001,0.001,0.001,0.001,0.001,0.001,0.001,0.001,0.001,0.001,0.001,0.001,0.001,0.001,0.001,0.001,0.001,0.001,0.001,0.001,0.001,99.979;0.001,0.001,0.001,0.001,0.001,0.001,0.001,0.001,0.001,0.001,0.001,0.001,0.001,0.001,0.001,0.001,0.001,0.001,0.001,0.001,0.001,99.979;0.001,0.001,0.001,0.001,0.001,0.001,0.001,0.001,0.001,0.001,0.001,0.001,0.001,0.001,0.001,0.001,0.001,0.001,0.001,0.001,0.001,99.979;0.001,0.001,0.001,0.001,0.001,0.001,0.001,0.001,0.001,0.001,0.001,0.001,0.001,0.001,0.001,0.001,0.001,0.001,0.001,0.001,0.001,99.979;0.001,0.001,0.001,0.001,0.001,0.001,0.001,0.001,0.001,0.001,0.001,0.001,0.001,0.001,0.001,0.001,0.001,0.001,0.001,0.001,0.001,99.979;0.001,0.001,0.001,0.001,0.001,0.001,0.001,0.001,0.001,0.001,0.001,0.001,0.001,0.001,0.001,0.001,0.001,0.001,0.001,0.001,0.001,99.979;0.001,0.001,0.001,0.001,0.001,0.001,0.001,0.001,0.001,0.001,0.001,0.001,0.001,0.001,0.001,0.001,0.001,0.001,0.001,0.001,0.001,99.979;0.001,0.001,0.001,0.001,0.001,0.001,0.001,0.001,0.001,0.001,0.001,0.001,0.001,0.001,0.001,0.001,0.001,0.001,0.001,0.001,0.001,99.979"
    levelsQoS 22
    queueSizes "32,32,32,32,32,32,32,32,32,32,32,32,32,32,32,32,32,32,32,32,32,32"
  ]
  node [
    id 8
    label "8"
    Country "United States"
    Longitude -74.00597
    Internal 1
    Latitude 40.71427
    type "inner"
    schedulingPolicy "WFQ"
    tosToQoSqueue "32,36;31;33;28;60;59;61,67;24;25;27,0,1,2,3,4,5,6,7,8,9,10,11,12,13,14,15,16,17,18,19,20,21,22,23,26,29,30,34,35,37,38,39,40,41,42,43,44,45,46,47,48,49,50,51,52,53,54,55,56,57,58,62,63,64,65,66"
    schedulingWeights "0.001,0.001,0.001,0.001,0.262,0.293,0.515,0.001,0.001,98.925;10.308,5.339,4.046,4.576,0.001,0.001,0.001,25.699,20.926,29.104"
    levelsQoS 10
    queueSizes "32,32,32,32,32,32,32,32,32,32"
  ]
  node [
    id 9
    label "9"
    Country "United States"
    Longitude -77.03637
    Internal 1
    Latitude 38.89511
    type "inner"
    schedulingPolicy "WFQ"
    tosToQoSqueue "32,36;31;33;28;60;59;61,67;24;25;27,0,1,2,3,4,5,6,7,8,9,10,11,12,13,14,15,16,17,18,19,20,21,22,23,26,29,30,34,35,37,38,39,40,41,42,43,44,45,46,47,48,49,50,51,52,53,54,55,56,57,58,62,63,64,65,66"
    schedulingWeights "0.001,0.001,0.001,0.001,0.262,0.293,0.515,0.001,0.001,98.925;10.308,5.339,4.046,4.576,0.001,0.001,0.001,25.699,20.926,29.104"
    levelsQoS 10
    queueSizes "32,32,32,32,32,32,32,32,32,32"
  ]
  node [
    id 10
    label "10"
    Country "United States"
    Longitude -118.24368
    Internal 1
    Latitude 34.05223
    type "antenna"
    schedulingPolicy "WFQ"
    tosToQoSqueue "45;46;47;40;39;43;34;25;26,0,1,2,3,4,5,6,7,8,9,10,11,12,13,14,15,16,17,18,19,20,21,22,23,24,27,28,29,30,31,32,33,35,36,37,38,41,42,44,48,49,50,51,52,53,54,55,56,57,58,59,60,61,62,63,64,65,66,67"
    schedulingWeights "4.083,5.136,4.802,4.748,4.528,5.311,23.971,20.926,26.496;0.001,0.001,0.001,0.001,0.001,0.001,0.001,0.001,99.992;0.001,0.001,0.001,0.001,0.001,0.001,0.001,0.001,99.992"
    levelsQoS 9
    queueSizes "32,32,32,32,32,32,32,32,32"
  ]
  node [
    id 11
    label "11"
    Country "United States"
    Longitude -95.36327
    Internal 1
    Latitude 29.76328
    type "inner"
    schedulingPolicy "WFQ"
    tosToQoSqueue "64,66;51;52;45,56;62;46,55;47;54;65;40,63;39;53;43,48,49;50,58;60;59;61,67;24;25;27,0,1,2,3,4,5,6,7,8,9,10,11,12,13,14,15,16,17,18,19,20,21,22,23,26,28,29,30,31,32,33,34,35,36,37,38,41,42,44,57"
    schedulingWeights "8.334,3.975,4.055,8.166,4.755,10.271,4.802,5.154,5.032,9.496,4.528,5.183,15.932,9.151,0.262,0.293,0.515,0.001,0.001,0.094;0.001,0.001,0.001,0.001,0.001,0.001,0.001,0.001,0.001,0.001,0.001,0.001,0.001,0.001,0.001,0.001,0.001,0.001,20.926,79.056;0.001,0.001,0.001,0.001,0.001,0.001,0.001,0.001,0.001,0.001,0.001,0.001,0.001,0.001,0.001,0.001,0.001,25.699,0.001,74.283"
    levelsQoS 20
    queueSizes "32,32,32,32,32,32,32,32,32,32,32,32,32,32,32,32,32,32,32,32"
  ]
  node [
    id 12
    label "12"
    Country "United States"
    Longitude -90.19789
    Internal 1
    Latitude 38.62727
    type "inner"
    schedulingPolicy "WFQ"
    tosToQoSqueue "64,66;51;52;45,56;62;46,55;47;54;65;40,63;39;53;43,48,49;50,58;60;59;61,67;34;24;25;27,0,1,2,3,4,5,6,7,8,9,10,11,12,13,14,15,16,17,18,19,20,21,22,23,26,28,29,30,31,32,33,35,36,37,38,41,42,44,57"
    schedulingWeights "0.001,0.001,0.001,4.083,0.001,5.136,4.802,0.001,0.001,4.748,4.528,0.001,5.311,0.001,0.001,0.001,0.001,23.971,0.001,20.926,26.484;0.001,0.001,0.001,0.001,0.001,0.001,0.001,0.001,0.001,0.001,0.001,0.001,0.001,0.001,0.001,0.001,0.001,0.001,25.699,0.001,74.282;8.334,3.975,4.055,4.083,4.755,5.136,0.001,5.154,5.032,4.748,0.001,5.183,10.621,9.151,0.262,0.293,0.515,0.001,0.001,0.001,28.699"
    levelsQoS 21
    queueSizes "32,32,32,32,32,32,32,32,32,32,32,32,32,32,32,32,32,32,32,32,32"
  ]
  node [
    id 13
    label "13"
    Country "United States"
    Longitude -122.33207
    Internal 1
    Latitude 47.60621
    type "antenna"
    schedulingPolicy "WFQ"
    tosToQoSqueue "64,66;62;65;63;60;59;61,67;24,0,1,2,3,4,5,6,7,8,9,10,11,12,13,14,15,16,17,18,19,20,21,22,23,25,26,27,28,29,30,31,32,33,34,35,36,37,38,39,40,41,42,43,44,45,46,47,48,49,50,51,52,53,54,55,56,57,58"
    schedulingWeights "8.334,4.755,5.032,4.748,0.262,0.293,0.515,76.062;0.001,0.001,0.001,0.001,0.001,0.001,0.001,99.993;0.001,0.001,0.001,0.001,0.001,0.001,0.001,99.993;0.001,0.001,0.001,0.001,0.001,0.001,0.001,99.993;0.001,0.001,0.001,0.001,0.001,0.001,0.001,99.993;0.001,0.001,0.001,0.001,0.001,0.001,0.001,99.993;0.001,0.001,0.001,0.001,0.001,0.001,0.001,99.993;0.001,0.001,0.001,0.001,0.001,0.001,0.001,99.993;0.001,0.001,0.001,0.001,0.001,0.001,0.001,99.993;0.001,0.001,0.001,0.001,0.001,0.001,0.001,99.993;0.001,0.001,0.001,0.001,0.001,0.001,0.001,99.993"
    levelsQoS 8
    queueSizes "32,32,32,32,32,32,32,32"
  ]
  node [
    id 14
    label "14"
    Country "United States"
    Longitude -122.2708
    Internal 1
    Latitude 37.80437
    type "inner"
    schedulingPolicy "WFQ"
    tosToQoSqueue "64,66;45;62;46;47;65;40,63;39;43;60;59;61,67;34;24;25,0,1,2,3,4,5,6,7,8,9,10,11,12,13,14,15,16,17,18,19,20,21,22,23,26,27,28,29,30,31,32,33,35,36,37,38,41,42,44,48,49,50,51,52,53,54,55,56,57,58"
    schedulingWeights "8.334,0.001,4.755,0.001,0.001,5.032,4.748,0.001,0.001,0.262,0.293,0.515,0.001,25.699,50.357;0.001,0.001,0.001,0.001,0.001,0.001,0.001,0.001,0.001,0.001,0.001,0.001,0.001,0.001,99.986;0.001,4.083,0.001,5.136,4.802,0.001,4.748,4.528,5.311,0.001,0.001,0.001,23.971,0.001,47.414"
    levelsQoS 15
    queueSizes "32,32,32,32,32,32,32,32,32,32,32,32,32,32,32"
  ]
  node [
    id 15
    label "15"
    Country "United States"
    Longitude -121.95524
    Internal 1
    Latitude 37.35411
    type "inner"
    schedulingPolicy "WFQ"
    tosToQoSqueue "45;46;47;40;39;43;34;25,0,1,2,3,4,5,6,7,8,9,10,11,12,13,14,15,16,17,18,19,20,21,22,23,24,26,27,28,29,30,31,32,33,35,36,37,38,41,42,44,48,49,50,51,52,53,54,55,56,57,58,59,60,61,62,63,64,65,66,67"
    schedulingWeights "4.083,5.136,4.802,4.748,4.528,5.311,23.971,47.421;0.001,0.001,0.001,0.001,0.001,0.001,0.001,99.993"
    levelsQoS 8
    queueSizes "32,32,32,32,32,32,32,32"
  ]
  node [
    id 16
    label "16"
    Country "United States"
    Longitude -84.38798
    Internal 1
    Latitude 33.749
    type "destination_urllc"
    schedulingPolicy "FIFO"
    levelsQoS "1"
    schedulingWeights "-"
    tosToQoSqueue "0,1,2,3,4,5,6,7,8,9,10,11,12,13,14,15,16,17,18,19,20,21,22,23,24,25,26,27,28,29,30,31,32,33,34,35,36,37,38,39,40,41,42,43,44,45,46,47,48,49,50,51,52,53,54,55,56,57,58,59,60,61,62,63,64,65,66,67"
    queueSizes "32"
  ]
  node [
    id 17
    label "17"
    Country "United States"
    Longitude -117.15726
    Internal 1
    Latitude 32.71533
    type "inner"
    schedulingPolicy "WFQ"
    tosToQoSqueue "45;46;47;40;39;43;34;25;26,0,1,2,3,4,5,6,7,8,9,10,11,12,13,14,15,16,17,18,19,20,21,22,23,24,27,28,29,30,31,32,33,35,36,37,38,41,42,44,48,49,50,51,52,53,54,55,56,57,58,59,60,61,62,63,64,65,66,67"
    schedulingWeights "0.001,0.001,0.001,0.001,0.001,0.001,0.001,0.001,99.992;4.083,5.136,4.802,4.748,4.528,5.311,23.971,20.926,26.496"
    levelsQoS 9
    queueSizes "32,32,32,32,32,32,32,32,32"
  ]
  node [
    id 18
    label "18"
    Country "United States"
    Longitude -112.07404
    Internal 1
    Latitude 33.44838
    type "inner"
    schedulingPolicy "WFQ"
    tosToQoSqueue "45;46;47;40;39;43;34;25;26,0,1,2,3,4,5,6,7,8,9,10,11,12,13,14,15,16,17,18,19,20,21,22,23,24,27,28,29,30,31,32,33,35,36,37,38,41,42,44,48,49,50,51,52,53,54,55,56,57,58,59,60,61,62,63,64,65,66,67"
    schedulingWeights "0.001,0.001,0.001,0.001,0.001,0.001,0.001,0.001,99.992;4.083,5.136,4.802,4.748,4.528,5.311,23.971,20.926,26.496"
    levelsQoS 9
    queueSizes "32,32,32,32,32,32,32,32,32"
  ]
  node [
    id 19
    label "19"
    Country "United States"
    Longitude -110.92648
    Internal 1
    Latitude 32.22174
    type "destination_embb"
    schedulingPolicy "FIFO"
    levelsQoS "1"
    schedulingWeights "-"
    tosToQoSqueue "0,1,2,3,4,5,6,7,8,9,10,11,12,13,14,15,16,17,18,19,20,21,22,23,24,25,26,27,28,29,30,31,32,33,34,35,36,37,38,39,40,41,42,43,44,45,46,47,48,49,50,51,52,53,54,55,56,57,58,59,60,61,62,63,64,65,66,67"
    queueSizes "32"
  ]
  node [
    id 20
    label "20"
    Country "United States"
    Longitude -96.80667
    Internal 1
    Latitude 32.78306
    type "inner"
    schedulingPolicy "WFQ"
    tosToQoSqueue "45;46;47;40;39;43;24;27,0,1,2,3,4,5,6,7,8,9,10,11,12,13,14,15,16,17,18,19,20,21,22,23,25,26,28,29,30,31,32,33,34,35,36,37,38,41,42,44,48,49,50,51,52,53,54,55,56,57,58,59,60,61,62,63,64,65,66,67"
    schedulingWeights "4.083,5.136,4.802,4.748,4.528,5.311,0.001,71.391;0.001,0.001,0.001,0.001,0.001,0.001,25.699,74.295"
    levelsQoS 8
    queueSizes "32,32,32,32,32,32,32,32"
  ]
  node [
    id 21
    label "21"
    schedulingPolicy "FIFO"
    levelsQoS "1"
    schedulingWeights "-"
    tosToQoSqueue "0,1,2,3,4,5,6,7,8,9,10,11,12,13,14,15,16,17,18,19,20,21,22,23,24,25,26,27,28,29,30,31,32,33,34,35,36,37,38,39,40,41,42,43,44,45,46,47,48,49,50,51,52,53,54,55,56,57,58,59,60,61,62,63,64,65,66,67"
    queueSizes "32"
    type "destination_urllc"
  ]
  node [
    id 22
    label "22"
    schedulingPolicy "FIFO"
    levelsQoS "1"
    schedulingWeights "-"
    tosToQoSqueue "0,1,2,3,4,5,6,7,8,9,10,11,12,13,14,15,16,17,18,19,20,21,22,23,24,25,26,27,28,29,30,31,32,33,34,35,36,37,38,39,40,41,42,43,44,45,46,47,48,49,50,51,52,53,54,55,56,57,58,59,60,61,62,63,64,65,66,67"
    queueSizes "32"
    type "destination_mmtc"
  ]
  node [
    id 23
    label "23"
    schedulingPolicy "FIFO"
    levelsQoS "1"
    schedulingWeights "-"
    tosToQoSqueue "0,1,2,3,4,5,6,7,8,9,10,11,12,13,14,15,16,17,18,19,20,21,22,23,24,25,26,27,28,29,30,31,32,33,34,35,36,37,38,39,40,41,42,43,44,45,46,47,48,49,50,51,52,53,54,55,56,57,58,59,60,61,62,63,64,65,66,67"
    queueSizes "32"
    type "destination_embb"
  ]
  node [
    id 24
    label "24"
    schedulingPolicy "FIFO"
    levelsQoS "1"
    schedulingWeights "-"
    tosToQoSqueue "0,1,2,3,4,5,6,7,8,9,10,11,12,13,14,15,16,17,18,19,20,21,22,23,24,25,26,27,28,29,30,31,32,33,34,35,36,37,38,39,40,41,42,43,44,45,46,47,48,49,50,51,52,53,54,55,56,57,58,59,60,61,62,63,64,65,66,67"
    queueSizes "32"
    type "origin_embb"
    reservation 19274400.0
  ]
  node [
    id 25
    label "25"
    schedulingPolicy "FIFO"
    levelsQoS "1"
    schedulingWeights "-"
    tosToQoSqueue "0,1,2,3,4,5,6,7,8,9,10,11,12,13,14,15,16,17,18,19,20,21,22,23,24,25,26,27,28,29,30,31,32,33,34,35,36,37,38,39,40,41,42,43,44,45,46,47,48,49,50,51,52,53,54,55,56,57,58,59,60,61,62,63,64,65,66,67"
    queueSizes "32"
    type "origin_embb"
    reservation 15694200.0
  ]
  node [
    id 26
    label "26"
    schedulingPolicy "FIFO"
    levelsQoS "1"
    schedulingWeights "-"
    tosToQoSqueue "0,1,2,3,4,5,6,7,8,9,10,11,12,13,14,15,16,17,18,19,20,21,22,23,24,25,26,27,28,29,30,31,32,33,34,35,36,37,38,39,40,41,42,43,44,45,46,47,48,49,50,51,52,53,54,55,56,57,58,59,60,61,62,63,64,65,66,67"
    queueSizes "32"
    type "origin_embb"
    reservation 17541000.0
  ]
  node [
    id 27
    label "27"
    schedulingPolicy "FIFO"
    levelsQoS "1"
    schedulingWeights "-"
    tosToQoSqueue "0,1,2,3,4,5,6,7,8,9,10,11,12,13,14,15,16,17,18,19,20,21,22,23,24,25,26,27,28,29,30,31,32,33,34,35,36,37,38,39,40,41,42,43,44,45,46,47,48,49,50,51,52,53,54,55,56,57,58,59,60,61,62,63,64,65,66,67"
    queueSizes "32"
    type "origin_embb"
    reservation 19776600.0
  ]
  node [
    id 28
    label "28"
    schedulingPolicy "FIFO"
    levelsQoS "1"
    schedulingWeights "-"
    tosToQoSqueue "0,1,2,3,4,5,6,7,8,9,10,11,12,13,14,15,16,17,18,19,20,21,22,23,24,25,26,27,28,29,30,31,32,33,34,35,36,37,38,39,40,41,42,43,44,45,46,47,48,49,50,51,52,53,54,55,56,57,58,59,60,61,62,63,64,65,66,67"
    queueSizes "32"
    type "origin_urllc"
    reservation 3431750.0
  ]
  node [
    id 29
    label "29"
    schedulingPolicy "FIFO"
    levelsQoS "1"
    schedulingWeights "-"
    tosToQoSqueue "0,1,2,3,4,5,6,7,8,9,10,11,12,13,14,15,16,17,18,19,20,21,22,23,24,25,26,27,28,29,30,31,32,33,34,35,36,37,38,39,40,41,42,43,44,45,46,47,48,49,50,51,52,53,54,55,56,57,58,59,60,61,62,63,64,65,66,67"
    queueSizes "32"
    type "origin_mmtc"
    reservation 192980.0
  ]
  node [
    id 30
    label "30"
    schedulingPolicy "FIFO"
    levelsQoS "1"
    schedulingWeights "-"
    tosToQoSqueue "0,1,2,3,4,5,6,7,8,9,10,11,12,13,14,15,16,17,18,19,20,21,22,23,24,25,26,27,28,29,30,31,32,33,34,35,36,37,38,39,40,41,42,43,44,45,46,47,48,49,50,51,52,53,54,55,56,57,58,59,60,61,62,63,64,65,66,67"
    queueSizes "32"
    type "origin_mmtc"
    reservation 219380.0
  ]
  node [
    id 31
    label "31"
    schedulingPolicy "FIFO"
    levelsQoS "1"
    schedulingWeights "-"
    tosToQoSqueue "0,1,2,3,4,5,6,7,8,9,10,11,12,13,14,15,16,17,18,19,20,21,22,23,24,25,26,27,28,29,30,31,32,33,34,35,36,37,38,39,40,41,42,43,44,45,46,47,48,49,50,51,52,53,54,55,56,57,58,59,60,61,62,63,64,65,66,67"
    queueSizes "32"
    type "origin_urllc"
    reservation 4004000.0
  ]
  node [
    id 32
    label "32"
    schedulingPolicy "FIFO"
    levelsQoS "1"
    schedulingWeights "-"
    tosToQoSqueue "0,1,2,3,4,5,6,7,8,9,10,11,12,13,14,15,16,17,18,19,20,21,22,23,24,25,26,27,28,29,30,31,32,33,34,35,36,37,38,39,40,41,42,43,44,45,46,47,48,49,50,51,52,53,54,55,56,57,58,59,60,61,62,63,64,65,66,67"
    queueSizes "32"
    type "origin_urllc"
    reservation 3865400.0
  ]
  node [
    id 33
    label "33"
    schedulingPolicy "FIFO"
    levelsQoS "1"
    schedulingWeights "-"
    tosToQoSqueue "0,1,2,3,4,5,6,7,8,9,10,11,12,13,14,15,16,17,18,19,20,21,22,23,24,25,26,27,28,29,30,31,32,33,34,35,36,37,38,39,40,41,42,43,44,45,46,47,48,49,50,51,52,53,54,55,56,57,58,59,60,61,62,63,64,65,66,67"
    queueSizes "32"
    type "origin_urllc"
    reservation 3034850.0
  ]
  node [
    id 34
    label "34"
    schedulingPolicy "FIFO"
    levelsQoS "1"
    schedulingWeights "-"
    tosToQoSqueue "0,1,2,3,4,5,6,7,8,9,10,11,12,13,14,15,16,17,18,19,20,21,22,23,24,25,26,27,28,29,30,31,32,33,34,35,36,37,38,39,40,41,42,43,44,45,46,47,48,49,50,51,52,53,54,55,56,57,58,59,60,61,62,63,64,65,66,67"
    queueSizes "32"
    type "origin_embb"
    reservation 17978400.0
  ]
  node [
    id 35
    label "35"
    schedulingPolicy "FIFO"
    levelsQoS "1"
    schedulingWeights "-"
    tosToQoSqueue "0,1,2,3,4,5,6,7,8,9,10,11,12,13,14,15,16,17,18,19,20,21,22,23,24,25,26,27,28,29,30,31,32,33,34,35,36,37,38,39,40,41,42,43,44,45,46,47,48,49,50,51,52,53,54,55,56,57,58,59,60,61,62,63,64,65,66,67"
    queueSizes "32"
    type "origin_mmtc"
    reservation 223220.0
  ]
  node [
    id 36
    label "36"
    schedulingPolicy "FIFO"
    levelsQoS "1"
    schedulingWeights "-"
    tosToQoSqueue "0,1,2,3,4,5,6,7,8,9,10,11,12,13,14,15,16,17,18,19,20,21,22,23,24,25,26,27,28,29,30,31,32,33,34,35,36,37,38,39,40,41,42,43,44,45,46,47,48,49,50,51,52,53,54,55,56,57,58,59,60,61,62,63,64,65,66,67"
    queueSizes "32"
    type "origin_urllc"
    reservation 3865400.0
  ]
  node [
    id 37
    label "37"
    schedulingPolicy "FIFO"
    levelsQoS "1"
    schedulingWeights "-"
    tosToQoSqueue "0,1,2,3,4,5,6,7,8,9,10,11,12,13,14,15,16,17,18,19,20,21,22,23,24,25,26,27,28,29,30,31,32,33,34,35,36,37,38,39,40,41,42,43,44,45,46,47,48,49,50,51,52,53,54,55,56,57,58,59,60,61,62,63,64,65,66,67"
    queueSizes "32"
    type "origin_mmtc"
    reservation 219380.0
  ]
  node [
    id 38
    label "38"
    schedulingPolicy "FIFO"
    levelsQoS "1"
    schedulingWeights "-"
    tosToQoSqueue "0,1,2,3,4,5,6,7,8,9,10,11,12,13,14,15,16,17,18,19,20,21,22,23,24,25,26,27,28,29,30,31,32,33,34,35,36,37,38,39,40,41,42,43,44,45,46,47,48,49,50,51,52,53,54,55,56,57,58,59,60,61,62,63,64,65,66,67"
    queueSizes "32"
    type "origin_mmtc"
    reservation 192980.0
  ]
  node [
    id 39
    label "39"
    schedulingPolicy "FIFO"
    levelsQoS "1"
    schedulingWeights "-"
    tosToQoSqueue "0,1,2,3,4,5,6,7,8,9,10,11,12,13,14,15,16,17,18,19,20,21,22,23,24,25,26,27,28,29,30,31,32,33,34,35,36,37,38,39,40,41,42,43,44,45,46,47,48,49,50,51,52,53,54,55,56,57,58,59,60,61,62,63,64,65,66,67"
    queueSizes "32"
    type "origin_urllc"
    reservation 3396050.0
  ]
  node [
    id 40
    label "40"
    schedulingPolicy "FIFO"
    levelsQoS "1"
    schedulingWeights "-"
    tosToQoSqueue "0,1,2,3,4,5,6,7,8,9,10,11,12,13,14,15,16,17,18,19,20,21,22,23,24,25,26,27,28,29,30,31,32,33,34,35,36,37,38,39,40,41,42,43,44,45,46,47,48,49,50,51,52,53,54,55,56,57,58,59,60,61,62,63,64,65,66,67"
    queueSizes "32"
    type "origin_urllc"
    reservation 3560900.0
  ]
  node [
    id 41
    label "41"
    schedulingPolicy "FIFO"
    levelsQoS "1"
    schedulingWeights "-"
    tosToQoSqueue "0,1,2,3,4,5,6,7,8,9,10,11,12,13,14,15,16,17,18,19,20,21,22,23,24,25,26,27,28,29,30,31,32,33,34,35,36,37,38,39,40,41,42,43,44,45,46,47,48,49,50,51,52,53,54,55,56,57,58,59,60,61,62,63,64,65,66,67"
    queueSizes "32"
    type "origin_mmtc"
    reservation 204320.0
  ]
  node [
    id 42
    label "42"
    schedulingPolicy "FIFO"
    levelsQoS "1"
    schedulingWeights "-"
    tosToQoSqueue "0,1,2,3,4,5,6,7,8,9,10,11,12,13,14,15,16,17,18,19,20,21,22,23,24,25,26,27,28,29,30,31,32,33,34,35,36,37,38,39,40,41,42,43,44,45,46,47,48,49,50,51,52,53,54,55,56,57,58,59,60,61,62,63,64,65,66,67"
    queueSizes "32"
    type "origin_mmtc"
    reservation 219380.0
  ]
  node [
    id 43
    label "43"
    schedulingPolicy "FIFO"
    levelsQoS "1"
    schedulingWeights "-"
    tosToQoSqueue "0,1,2,3,4,5,6,7,8,9,10,11,12,13,14,15,16,17,18,19,20,21,22,23,24,25,26,27,28,29,30,31,32,33,34,35,36,37,38,39,40,41,42,43,44,45,46,47,48,49,50,51,52,53,54,55,56,57,58,59,60,61,62,63,64,65,66,67"
    queueSizes "32"
    type "origin_urllc"
    reservation 3983000.0
  ]
  node [
    id 44
    label "44"
    schedulingPolicy "FIFO"
    levelsQoS "1"
    schedulingWeights "-"
    tosToQoSqueue "0,1,2,3,4,5,6,7,8,9,10,11,12,13,14,15,16,17,18,19,20,21,22,23,24,25,26,27,28,29,30,31,32,33,34,35,36,37,38,39,40,41,42,43,44,45,46,47,48,49,50,51,52,53,54,55,56,57,58,59,60,61,62,63,64,65,66,67"
    queueSizes "32"
    type "origin_mmtc"
    reservation 223220.0
  ]
  node [
    id 45
    label "45"
    schedulingPolicy "FIFO"
    levelsQoS "1"
    schedulingWeights "-"
    tosToQoSqueue "0,1,2,3,4,5,6,7,8,9,10,11,12,13,14,15,16,17,18,19,20,21,22,23,24,25,26,27,28,29,30,31,32,33,34,35,36,37,38,39,40,41,42,43,44,45,46,47,48,49,50,51,52,53,54,55,56,57,58,59,60,61,62,63,64,65,66,67"
    queueSizes "32"
    type "origin_urllc"
    reservation 3062150.0
  ]
  node [
    id 46
    label "46"
    schedulingPolicy "FIFO"
    levelsQoS "1"
    schedulingWeights "-"
    tosToQoSqueue "0,1,2,3,4,5,6,7,8,9,10,11,12,13,14,15,16,17,18,19,20,21,22,23,24,25,26,27,28,29,30,31,32,33,34,35,36,37,38,39,40,41,42,43,44,45,46,47,48,49,50,51,52,53,54,55,56,57,58,59,60,61,62,63,64,65,66,67"
    queueSizes "32"
    type "origin_urllc"
    reservation 3851750.0
  ]
  node [
    id 47
    label "47"
    schedulingPolicy "FIFO"
    levelsQoS "1"
    schedulingWeights "-"
    tosToQoSqueue "0,1,2,3,4,5,6,7,8,9,10,11,12,13,14,15,16,17,18,19,20,21,22,23,24,25,26,27,28,29,30,31,32,33,34,35,36,37,38,39,40,41,42,43,44,45,46,47,48,49,50,51,52,53,54,55,56,57,58,59,60,61,62,63,64,65,66,67"
    queueSizes "32"
    type "origin_urllc"
    reservation 3601850.0
  ]
  node [
    id 48
    label "48"
    schedulingPolicy "FIFO"
    levelsQoS "1"
    schedulingWeights "-"
    tosToQoSqueue "0,1,2,3,4,5,6,7,8,9,10,11,12,13,14,15,16,17,18,19,20,21,22,23,24,25,26,27,28,29,30,31,32,33,34,35,36,37,38,39,40,41,42,43,44,45,46,47,48,49,50,51,52,53,54,55,56,57,58,59,60,61,62,63,64,65,66,67"
    queueSizes "32"
    type "origin_urllc"
    reservation 3983000.0
  ]
  node [
    id 49
    label "49"
    schedulingPolicy "FIFO"
    levelsQoS "1"
    schedulingWeights "-"
    tosToQoSqueue "0,1,2,3,4,5,6,7,8,9,10,11,12,13,14,15,16,17,18,19,20,21,22,23,24,25,26,27,28,29,30,31,32,33,34,35,36,37,38,39,40,41,42,43,44,45,46,47,48,49,50,51,52,53,54,55,56,57,58,59,60,61,62,63,64,65,66,67"
    queueSizes "32"
    type "origin_urllc"
    reservation 3983000.0
  ]
  node [
    id 50
    label "50"
    schedulingPolicy "FIFO"
    levelsQoS "1"
    schedulingWeights "-"
    tosToQoSqueue "0,1,2,3,4,5,6,7,8,9,10,11,12,13,14,15,16,17,18,19,20,21,22,23,24,25,26,27,28,29,30,31,32,33,34,35,36,37,38,39,40,41,42,43,44,45,46,47,48,49,50,51,52,53,54,55,56,57,58,59,60,61,62,63,64,65,66,67"
    queueSizes "32"
    type "origin_urllc"
    reservation 3431750.0
  ]
  node [
    id 51
    label "51"
    schedulingPolicy "FIFO"
    levelsQoS "1"
    schedulingWeights "-"
    tosToQoSqueue "0,1,2,3,4,5,6,7,8,9,10,11,12,13,14,15,16,17,18,19,20,21,22,23,24,25,26,27,28,29,30,31,32,33,34,35,36,37,38,39,40,41,42,43,44,45,46,47,48,49,50,51,52,53,54,55,56,57,58,59,60,61,62,63,64,65,66,67"
    queueSizes "32"
    type "origin_urllc"
    reservation 2981300.0
  ]
  node [
    id 52
    label "52"
    schedulingPolicy "FIFO"
    levelsQoS "1"
    schedulingWeights "-"
    tosToQoSqueue "0,1,2,3,4,5,6,7,8,9,10,11,12,13,14,15,16,17,18,19,20,21,22,23,24,25,26,27,28,29,30,31,32,33,34,35,36,37,38,39,40,41,42,43,44,45,46,47,48,49,50,51,52,53,54,55,56,57,58,59,60,61,62,63,64,65,66,67"
    queueSizes "32"
    type "origin_urllc"
    reservation 3041150.0
  ]
  node [
    id 53
    label "53"
    schedulingPolicy "FIFO"
    levelsQoS "1"
    schedulingWeights "-"
    tosToQoSqueue "0,1,2,3,4,5,6,7,8,9,10,11,12,13,14,15,16,17,18,19,20,21,22,23,24,25,26,27,28,29,30,31,32,33,34,35,36,37,38,39,40,41,42,43,44,45,46,47,48,49,50,51,52,53,54,55,56,57,58,59,60,61,62,63,64,65,66,67"
    queueSizes "32"
    type "origin_urllc"
    reservation 3887450.0
  ]
  node [
    id 54
    label "54"
    schedulingPolicy "FIFO"
    levelsQoS "1"
    schedulingWeights "-"
    tosToQoSqueue "0,1,2,3,4,5,6,7,8,9,10,11,12,13,14,15,16,17,18,19,20,21,22,23,24,25,26,27,28,29,30,31,32,33,34,35,36,37,38,39,40,41,42,43,44,45,46,47,48,49,50,51,52,53,54,55,56,57,58,59,60,61,62,63,64,65,66,67"
    queueSizes "32"
    type "origin_urllc"
    reservation 3865400.0
  ]
  node [
    id 55
    label "55"
    schedulingPolicy "FIFO"
    levelsQoS "1"
    schedulingWeights "-"
    tosToQoSqueue "0,1,2,3,4,5,6,7,8,9,10,11,12,13,14,15,16,17,18,19,20,21,22,23,24,25,26,27,28,29,30,31,32,33,34,35,36,37,38,39,40,41,42,43,44,45,46,47,48,49,50,51,52,53,54,55,56,57,58,59,60,61,62,63,64,65,66,67"
    queueSizes "32"
    type "origin_urllc"
    reservation 3851750.0
  ]
  node [
    id 56
    label "56"
    schedulingPolicy "FIFO"
    levelsQoS "1"
    schedulingWeights "-"
    tosToQoSqueue "0,1,2,3,4,5,6,7,8,9,10,11,12,13,14,15,16,17,18,19,20,21,22,23,24,25,26,27,28,29,30,31,32,33,34,35,36,37,38,39,40,41,42,43,44,45,46,47,48,49,50,51,52,53,54,55,56,57,58,59,60,61,62,63,64,65,66,67"
    queueSizes "32"
    type "origin_urllc"
    reservation 3062150.0
  ]
  node [
    id 57
    label "57"
    schedulingPolicy "FIFO"
    levelsQoS "1"
    schedulingWeights "-"
    tosToQoSqueue "0,1,2,3,4,5,6,7,8,9,10,11,12,13,14,15,16,17,18,19,20,21,22,23,24,25,26,27,28,29,30,31,32,33,34,35,36,37,38,39,40,41,42,43,44,45,46,47,48,49,50,51,52,53,54,55,56,57,58,59,60,61,62,63,64,65,66,67"
    queueSizes "32"
    type "origin_mmtc"
    reservation 196520.0
  ]
  node [
    id 58
    label "58"
    schedulingPolicy "FIFO"
    levelsQoS "1"
    schedulingWeights "-"
    tosToQoSqueue "0,1,2,3,4,5,6,7,8,9,10,11,12,13,14,15,16,17,18,19,20,21,22,23,24,25,26,27,28,29,30,31,32,33,34,35,36,37,38,39,40,41,42,43,44,45,46,47,48,49,50,51,52,53,54,55,56,57,58,59,60,61,62,63,64,65,66,67"
    queueSizes "32"
    type "origin_urllc"
    reservation 3431750.0
  ]
  node [
    id 59
    label "59"
    schedulingPolicy "FIFO"
    levelsQoS "1"
    schedulingWeights "-"
    tosToQoSqueue "0,1,2,3,4,5,6,7,8,9,10,11,12,13,14,15,16,17,18,19,20,21,22,23,24,25,26,27,28,29,30,31,32,33,34,35,36,37,38,39,40,41,42,43,44,45,46,47,48,49,50,51,52,53,54,55,56,57,58,59,60,61,62,63,64,65,66,67"
    queueSizes "32"
    type "origin_mmtc"
    reservation 219380.0
  ]
  node [
    id 60
    label "60"
    schedulingPolicy "FIFO"
    levelsQoS "1"
    schedulingWeights "-"
    tosToQoSqueue "0,1,2,3,4,5,6,7,8,9,10,11,12,13,14,15,16,17,18,19,20,21,22,23,24,25,26,27,28,29,30,31,32,33,34,35,36,37,38,39,40,41,42,43,44,45,46,47,48,49,50,51,52,53,54,55,56,57,58,59,60,61,62,63,64,65,66,67"
    queueSizes "32"
    type "origin_mmtc"
    reservation 196520.0
  ]
  node [
    id 61
    label "61"
    schedulingPolicy "FIFO"
    levelsQoS "1"
    schedulingWeights "-"
    tosToQoSqueue "0,1,2,3,4,5,6,7,8,9,10,11,12,13,14,15,16,17,18,19,20,21,22,23,24,25,26,27,28,29,30,31,32,33,34,35,36,37,38,39,40,41,42,43,44,45,46,47,48,49,50,51,52,53,54,55,56,57,58,59,60,61,62,63,64,65,66,67"
    queueSizes "32"
    type "origin_mmtc"
    reservation 192980.0
  ]
  node [
    id 62
    label "62"
    schedulingPolicy "FIFO"
    levelsQoS "1"
    schedulingWeights "-"
    tosToQoSqueue "0,1,2,3,4,5,6,7,8,9,10,11,12,13,14,15,16,17,18,19,20,21,22,23,24,25,26,27,28,29,30,31,32,33,34,35,36,37,38,39,40,41,42,43,44,45,46,47,48,49,50,51,52,53,54,55,56,57,58,59,60,61,62,63,64,65,66,67"
    queueSizes "32"
    type "origin_urllc"
    reservation 3566150.0
  ]
  node [
    id 63
    label "63"
    schedulingPolicy "FIFO"
    levelsQoS "1"
    schedulingWeights "-"
    tosToQoSqueue "0,1,2,3,4,5,6,7,8,9,10,11,12,13,14,15,16,17,18,19,20,21,22,23,24,25,26,27,28,29,30,31,32,33,34,35,36,37,38,39,40,41,42,43,44,45,46,47,48,49,50,51,52,53,54,55,56,57,58,59,60,61,62,63,64,65,66,67"
    queueSizes "32"
    type "origin_urllc"
    reservation 3560900.0
  ]
  node [
    id 64
    label "64"
    schedulingPolicy "FIFO"
    levelsQoS "1"
    schedulingWeights "-"
    tosToQoSqueue "0,1,2,3,4,5,6,7,8,9,10,11,12,13,14,15,16,17,18,19,20,21,22,23,24,25,26,27,28,29,30,31,32,33,34,35,36,37,38,39,40,41,42,43,44,45,46,47,48,49,50,51,52,53,54,55,56,57,58,59,60,61,62,63,64,65,66,67"
    queueSizes "32"
    type "origin_urllc"
    reservation 3125150.0
  ]
  node [
    id 65
    label "65"
    schedulingPolicy "FIFO"
    levelsQoS "1"
    schedulingWeights "-"
    tosToQoSqueue "0,1,2,3,4,5,6,7,8,9,10,11,12,13,14,15,16,17,18,19,20,21,22,23,24,25,26,27,28,29,30,31,32,33,34,35,36,37,38,39,40,41,42,43,44,45,46,47,48,49,50,51,52,53,54,55,56,57,58,59,60,61,62,63,64,65,66,67"
    queueSizes "32"
    type "origin_urllc"
    reservation 3774050.0
  ]
  node [
    id 66
    label "66"
    schedulingPolicy "FIFO"
    levelsQoS "1"
    schedulingWeights "-"
    tosToQoSqueue "0,1,2,3,4,5,6,7,8,9,10,11,12,13,14,15,16,17,18,19,20,21,22,23,24,25,26,27,28,29,30,31,32,33,34,35,36,37,38,39,40,41,42,43,44,45,46,47,48,49,50,51,52,53,54,55,56,57,58,59,60,61,62,63,64,65,66,67"
    queueSizes "32"
    type "origin_urllc"
    reservation 3125150.0
  ]
  node [
    id 67
    label "67"
    schedulingPolicy "FIFO"
    levelsQoS "1"
    schedulingWeights "-"
    tosToQoSqueue "0,1,2,3,4,5,6,7,8,9,10,11,12,13,14,15,16,17,18,19,20,21,22,23,24,25,26,27,28,29,30,31,32,33,34,35,36,37,38,39,40,41,42,43,44,45,46,47,48,49,50,51,52,53,54,55,56,57,58,59,60,61,62,63,64,65,66,67"
    queueSizes "32"
    type "origin_mmtc"
    reservation 192980.0
  ]
  edge [
    source 0
    target 3
    key 0
    LinkType "OC-3"
    LinkSpeed "155"
    LinkLabel "155 Mbps OC-3"
    LinkSpeedUnits "M"
    LinkSpeedRaw 155000000.0
    bandwidth 75000000
    traffic "18000000,18000000,200000,200000,200000,3500000,3500000,3500000,3500000,3500000,200000"
    reservation "19274400.0,19776600.0,219380.0,196520.0,192980.0,3566150.0,3560900.0,3125150.0,3774050.0,3125150.0,192980.0"
    port 0
  ]
  edge [
    source 0
    target 14
    key 0
    LinkType "OC-3"
    LinkSpeed "155"
    LinkLabel "155 Mbps OC-3"
    LinkSpeedUnits "M"
    LinkSpeedRaw 155000000.0
    bandwidth 75000000
    traffic "18000000,18000000,3500000,3500000,3500000,3500000,3500000,3500000"
    reservation "15694200.0,17978400.0,3396050.0,3560900.0,3983000.0,3062150.0,3851750.0,3601850.0"
    port 1
  ]
  edge [
    source 0
    target 27
    key 0
    port 2
    weight 1
    bandwidth 50000000
    traffic ""
    reservation ""
  ]
  edge [
    source 1
    target 6
    key 0
    LinkType "OC-3"
    LinkSpeed "155"
    LinkLabel "155 Mbps OC-3"
    LinkSpeedUnits "M"
    LinkSpeedRaw 155000000.0
    bandwidth 75000000
    traffic ""
    reservation ""
    port 0
  ]
  edge [
    source 2
    target 3
    key 0
    LinkType "OC-3"
    LinkSpeed "155"
    LinkLabel "155 Mbps OC-3"
    LinkSpeedUnits "M"
    LinkSpeedRaw 155000000.0
    bandwidth 75000000
    traffic "18000000,18000000,3500000,3500000,3500000,3500000,3500000,3500000"
    reservation "15694200.0,17978400.0,3396050.0,3560900.0,3983000.0,3062150.0,3851750.0,3601850.0"
    port 0
  ]
  edge [
    source 2
    target 12
    key 0
    LinkType "OC-3"
    LinkSpeed "155"
    LinkLabel "155 Mbps OC-3"
    LinkSpeedUnits "M"
    LinkSpeedRaw 155000000.0
    bandwidth 75000000
    traffic "18000000,18000000,200000,200000,200000,3500000,3500000,3500000,3500000,3500000,200000"
    reservation "19274400.0,19776600.0,219380.0,196520.0,192980.0,3566150.0,3560900.0,3125150.0,3774050.0,3125150.0,192980.0"
    port 1
  ]
  edge [
    source 3
    target 0
    key 0
    LinkType "OC-3"
    LinkSpeed "155"
    LinkLabel "155 Mbps OC-3"
    LinkSpeedUnits "M"
    LinkSpeedRaw 155000000.0
    bandwidth 75000000
    traffic "18000000,18000000,3500000,3500000,3500000,3500000,3500000,3500000"
    reservation "15694200.0,17978400.0,3396050.0,3560900.0,3983000.0,3062150.0,3851750.0,3601850.0"
    port 0
  ]
  edge [
    source 3
    target 2
    key 0
    LinkType "OC-3"
    LinkSpeed "155"
    LinkLabel "155 Mbps OC-3"
    LinkSpeedUnits "M"
    LinkSpeedRaw 155000000.0
    bandwidth 75000000
    traffic "18000000,18000000,200000,200000,200000,3500000,3500000,3500000,3500000,3500000,200000"
    reservation "19274400.0,19776600.0,219380.0,196520.0,192980.0,3566150.0,3560900.0,3125150.0,3774050.0,3125150.0,192980.0"
    port 1
  ]
  edge [
    source 4
    target 5
    key 0
    LinkType "OC-3"
    LinkSpeed "155"
    LinkLabel "155 Mbps OC-3"
    LinkSpeedUnits "M"
    LinkSpeedRaw 155000000.0
    bandwidth 75000000
    traffic "18000000,18000000,18000000,3500000,200000,200000,3500000,3500000,3500000,200000,3500000,200000,200000,200000,200000,200000,200000"
    reservation "19274400.0,15694200.0,19776600.0,3431750.0,192980.0,219380.0,4004000.0,3865400.0,3034850.0,223220.0,3865400.0,219380.0,192980.0,204320.0,219380.0,223220.0,196520.0"
    port 0
  ]
  edge [
    source 4
    target 7
    key 0
    LinkType "OC-3"
    LinkSpeed "155"
    LinkLabel "155 Mbps OC-3"
    LinkSpeedUnits "M"
    LinkSpeedRaw 155000000.0
    bandwidth 75000000
    traffic ""
    reservation ""
    port 1
  ]
  edge [
    source 5
    target 4
    key 0
    LinkType "OC-3"
    LinkSpeed "155"
    LinkLabel "155 Mbps OC-3"
    LinkSpeedUnits "M"
    LinkSpeedRaw 155000000.0
    bandwidth 75000000
    traffic ""
    reservation ""
    port 0
  ]
  edge [
    source 5
    target 8
    key 0
    LinkType "OC-3"
    LinkSpeed "155"
    LinkLabel "155 Mbps OC-3"
    LinkSpeedUnits "M"
    LinkSpeedRaw 155000000.0
    bandwidth 75000000
    traffic "18000000,18000000,18000000,3500000,3500000,3500000,3500000,3500000"
    reservation "19274400.0,15694200.0,19776600.0,3431750.0,4004000.0,3865400.0,3034850.0,3865400.0"
    port 1
  ]
  edge [
    source 5
    target 22
    key 0
    port 2
    weight 1
    bandwidth 350000000
    traffic "200000,200000,200000,200000,200000,200000,200000,200000,200000,200000,200000,200000,200000"
    reservation "192980.0,219380.0,223220.0,219380.0,192980.0,204320.0,219380.0,223220.0,196520.0,219380.0,196520.0,192980.0,192980.0"
  ]
  edge [
    source 6
    target 1
    key 0
    LinkType "OC-3"
    LinkSpeed "155"
    LinkLabel "155 Mbps OC-3"
    LinkSpeedUnits "M"
    LinkSpeedRaw 155000000.0
    bandwidth 75000000
    traffic ""
    reservation ""
    port 0
  ]
  edge [
    source 6
    target 12
    key 0
    LinkType "OC-3"
    LinkSpeed "155"
    LinkLabel "155 Mbps OC-3"
    LinkSpeedUnits "M"
    LinkSpeedRaw 155000000.0
    bandwidth 75000000
    traffic "18000000,3500000,3500000,3500000,3500000,3500000,3500000,3500000,3500000,3500000,3500000,3500000,3500000,3500000,3500000,3500000,3500000"
    reservation "17978400.0,3396050.0,3560900.0,3983000.0,3062150.0,3851750.0,3601850.0,3983000.0,3983000.0,3431750.0,2981300.0,3041150.0,3887450.0,3865400.0,3851750.0,3062150.0,3431750.0"
    port 1
  ]
  edge [
    source 6
    target 7
    key 0
    LinkType "OC-3"
    LinkSpeed "155"
    LinkLabel "155 Mbps OC-3"
    LinkSpeedUnits "M"
    LinkSpeedRaw 155000000.0
    bandwidth 75000000
    traffic "18000000,18000000"
    reservation "19274400.0,19776600.0"
    port 2
  ]
  edge [
    source 7
    target 4
    key 0
    LinkType "OC-3"
    LinkSpeed "155"
    LinkLabel "155 Mbps OC-3"
    LinkSpeedUnits "M"
    LinkSpeedRaw 155000000.0
    bandwidth 75000000
    traffic "18000000,18000000,18000000,3500000,200000,200000,3500000,3500000,3500000,200000,3500000,200000,200000,200000,200000,200000,200000"
    reservation "19274400.0,15694200.0,19776600.0,3431750.0,192980.0,219380.0,4004000.0,3865400.0,3034850.0,223220.0,3865400.0,219380.0,192980.0,204320.0,219380.0,223220.0,196520.0"
    port 0
  ]
  edge [
    source 7
    target 6
    key 0
    LinkType "OC-3"
    LinkSpeed "155"
    LinkLabel "155 Mbps OC-3"
    LinkSpeedUnits "M"
    LinkSpeedRaw 155000000.0
    bandwidth 75000000
    traffic "18000000,3500000,3500000,3500000,3500000,3500000,3500000,3500000,3500000,3500000,3500000,3500000,3500000,3500000,3500000,3500000,3500000"
    reservation "17978400.0,3396050.0,3560900.0,3983000.0,3062150.0,3851750.0,3601850.0,3983000.0,3983000.0,3431750.0,2981300.0,3041150.0,3887450.0,3865400.0,3851750.0,3062150.0,3431750.0"
    port 1
  ]
  edge [
    source 7
    target 25
    key 0
    port 2
    weight 1
    bandwidth 50000000
    traffic ""
    reservation ""
  ]
  edge [
    source 7
    target 28
    key 0
    port 3
    weight 1
    bandwidth 50000000
    traffic ""
    reservation ""
  ]
  edge [
    source 7
    target 29
    key 0
    port 4
    weight 1
    bandwidth 50000000
    traffic ""
    reservation ""
  ]
  edge [
    source 7
    target 30
    key 0
    port 5
    weight 1
    bandwidth 50000000
    traffic ""
    reservation ""
  ]
  edge [
    source 7
    target 31
    key 0
    port 6
    weight 1
    bandwidth 50000000
    traffic ""
    reservation ""
  ]
  edge [
    source 7
    target 32
    key 0
    port 7
    weight 1
    bandwidth 50000000
    traffic ""
    reservation ""
  ]
  edge [
    source 7
    target 33
    key 0
    port 8
    weight 1
    bandwidth 50000000
    traffic ""
    reservation ""
  ]
  edge [
    source 7
    target 34
    key 0
    port 9
    weight 1
    bandwidth 50000000
    traffic ""
    reservation ""
  ]
  edge [
    source 7
    target 35
    key 0
    port 10
    weight 1
    bandwidth 50000000
    traffic ""
    reservation ""
  ]
  edge [
    source 7
    target 36
    key 0
    port 11
    weight 1
    bandwidth 50000000
    traffic ""
    reservation ""
  ]
  edge [
    source 7
    target 37
    key 0
    port 12
    weight 1
    bandwidth 50000000
    traffic ""
    reservation ""
  ]
  edge [
    source 7
    target 38
    key 0
    port 13
    weight 1
    bandwidth 50000000
    traffic ""
    reservation ""
  ]
  edge [
    source 7
    target 39
    key 0
    port 14
    weight 1
    bandwidth 50000000
    traffic ""
    reservation ""
  ]
  edge [
    source 7
    target 40
    key 0
    port 15
    weight 1
    bandwidth 50000000
    traffic ""
    reservation ""
  ]
  edge [
    source 7
    target 41
    key 0
    port 16
    weight 1
    bandwidth 50000000
    traffic ""
    reservation ""
  ]
  edge [
    source 7
    target 42
    key 0
    port 17
    weight 1
    bandwidth 50000000
    traffic ""
    reservation ""
  ]
  edge [
    source 7
    target 43
    key 0
    port 18
    weight 1
    bandwidth 50000000
    traffic ""
    reservation ""
  ]
  edge [
    source 7
    target 44
    key 0
    port 19
    weight 1
    bandwidth 50000000
    traffic ""
    reservation ""
  ]
  edge [
    source 7
    target 45
    key 0
    port 20
    weight 1
    bandwidth 50000000
    traffic ""
    reservation ""
  ]
  edge [
    source 7
    target 46
    key 0
    port 21
    weight 1
    bandwidth 50000000
    traffic ""
    reservation ""
  ]
  edge [
    source 7
    target 47
    key 0
    port 22
    weight 1
    bandwidth 50000000
    traffic ""
    reservation ""
  ]
  edge [
    source 7
    target 48
    key 0
    port 23
    weight 1
    bandwidth 50000000
    traffic ""
    reservation ""
  ]
  edge [
    source 7
    target 49
    key 0
    port 24
    weight 1
    bandwidth 50000000
    traffic ""
    reservation ""
  ]
  edge [
    source 7
    target 50
    key 0
    port 25
    weight 1
    bandwidth 50000000
    traffic ""
    reservation ""
  ]
  edge [
    source 7
    target 51
    key 0
    port 26
    weight 1
    bandwidth 50000000
    traffic ""
    reservation ""
  ]
  edge [
    source 7
    target 52
    key 0
    port 27
    weight 1
    bandwidth 50000000
    traffic ""
    reservation ""
  ]
  edge [
    source 7
    target 53
    key 0
    port 28
    weight 1
    bandwidth 50000000
    traffic ""
    reservation ""
  ]
  edge [
    source 7
    target 54
    key 0
    port 29
    weight 1
    bandwidth 50000000
    traffic ""
    reservation ""
  ]
  edge [
    source 7
    target 55
    key 0
    port 30
    weight 1
    bandwidth 50000000
    traffic ""
    reservation ""
  ]
  edge [
    source 7
    target 56
    key 0
    port 31
    weight 1
    bandwidth 50000000
    traffic ""
    reservation ""
  ]
  edge [
    source 7
    target 57
    key 0
    port 32
    weight 1
    bandwidth 50000000
    traffic ""
    reservation ""
  ]
  edge [
    source 7
    target 58
    key 0
    port 33
    weight 1
    bandwidth 50000000
    traffic ""
    reservation ""
  ]
  edge [
    source 8
    target 5
    key 0
    LinkType "OC-3"
    LinkSpeed "155"
    LinkLabel "155 Mbps OC-3"
    LinkSpeedUnits "M"
    LinkSpeedRaw 155000000.0
    bandwidth 75000000
    traffic "200000,200000,200000,200000"
    reservation "219380.0,196520.0,192980.0,192980.0"
    port 0
  ]
  edge [
    source 8
    target 9
    key 0
    LinkType "OC-3"
    LinkSpeed "155"
    LinkLabel "155 Mbps OC-3"
    LinkSpeedUnits "M"
    LinkSpeedRaw 155000000.0
    bandwidth 75000000
    traffic "18000000,18000000,18000000,3500000,3500000,3500000,3500000,3500000"
    reservation "19274400.0,15694200.0,19776600.0,3431750.0,4004000.0,3865400.0,3034850.0,3865400.0"
    port 1
  ]
  edge [
    source 9
    target 8
    key 0
    LinkType "OC-3"
    LinkSpeed "155"
    LinkLabel "155 Mbps OC-3"
    LinkSpeedUnits "M"
    LinkSpeedRaw 155000000.0
    bandwidth 75000000
    traffic "200000,200000,200000,200000"
    reservation "219380.0,196520.0,192980.0,192980.0"
    port 0
  ]
  edge [
    source 9
    target 16
    key 0
    LinkType "OC-3"
    LinkSpeed "155"
    LinkLabel "155 Mbps OC-3"
    LinkSpeedUnits "M"
    LinkSpeedRaw 155000000.0
    bandwidth 75000000
    traffic "18000000,18000000,18000000,3500000,3500000,3500000,3500000,3500000"
    reservation "19274400.0,15694200.0,19776600.0,3431750.0,4004000.0,3865400.0,3034850.0,3865400.0"
    port 1
  ]
  edge [
    source 10
    target 17
    key 0
    LinkType "OC-3"
    LinkSpeed "155"
    LinkLabel "155 Mbps OC-3"
    LinkSpeedUnits "M"
    LinkSpeedRaw 155000000.0
    bandwidth 75000000
    traffic "18000000,18000000,18000000,3500000,3500000,3500000,3500000,3500000,3500000"
    reservation "15694200.0,17541000.0,17978400.0,3396050.0,3560900.0,3983000.0,3062150.0,3851750.0,3601850.0"
    port 0
  ]
  edge [
    source 10
    target 15
    key 0
    LinkType "OC-3"
    LinkSpeed "155"
    LinkLabel "155 Mbps OC-3"
    LinkSpeedUnits "M"
    LinkSpeedRaw 155000000.0
    bandwidth 75000000
    traffic ""
    reservation ""
    port 1
  ]
  edge [
    source 10
    target 26
    key 0
    port 2
    weight 1
    bandwidth 50000000
    traffic ""
    reservation ""
  ]
  edge [
    source 11
    target 16
    key 0
    LinkType "OC-3"
    LinkSpeed "155"
    LinkLabel "155 Mbps OC-3"
    LinkSpeedUnits "M"
    LinkSpeedRaw 155000000.0
    bandwidth 75000000
    traffic "3500000,3500000,3500000,3500000,3500000,3500000,3500000,3500000,3500000,3500000,3500000,3500000,3500000,3500000,3500000,3500000,200000,200000,200000,3500000,3500000,3500000,3500000,3500000,200000"
    reservation "3396050.0,3560900.0,3983000.0,3062150.0,3851750.0,3601850.0,3983000.0,3983000.0,3431750.0,2981300.0,3041150.0,3887450.0,3865400.0,3851750.0,3062150.0,3431750.0,219380.0,196520.0,192980.0,3566150.0,3560900.0,3125150.0,3774050.0,3125150.0,192980.0"
    port 0
  ]
  edge [
    source 11
    target 12
    key 0
    LinkType "OC-3"
    LinkSpeed "155"
    LinkLabel "155 Mbps OC-3"
    LinkSpeedUnits "M"
    LinkSpeedRaw 155000000.0
    bandwidth 75000000
    traffic "18000000"
    reservation "15694200.0"
    port 1
  ]
  edge [
    source 11
    target 20
    key 0
    LinkType "OC-3"
    LinkSpeed "155"
    LinkLabel "155 Mbps OC-3"
    LinkSpeedUnits "M"
    LinkSpeedRaw 155000000.0
    bandwidth 75000000
    traffic "18000000,18000000"
    reservation "19274400.0,19776600.0"
    port 2
  ]
  edge [
    source 12
    target 2
    key 0
    LinkType "OC-3"
    LinkSpeed "155"
    LinkLabel "155 Mbps OC-3"
    LinkSpeedUnits "M"
    LinkSpeedRaw 155000000.0
    bandwidth 75000000
    traffic "18000000,18000000,3500000,3500000,3500000,3500000,3500000,3500000"
    reservation "15694200.0,17978400.0,3396050.0,3560900.0,3983000.0,3062150.0,3851750.0,3601850.0"
    port 0
  ]
  edge [
    source 12
    target 6
    key 0
    LinkType "OC-3"
    LinkSpeed "155"
    LinkLabel "155 Mbps OC-3"
    LinkSpeedUnits "M"
    LinkSpeedRaw 155000000.0
    bandwidth 75000000
    traffic "18000000,18000000"
    reservation "19274400.0,19776600.0"
    port 1
  ]
  edge [
    source 12
    target 11
    key 0
    LinkType "OC-3"
    LinkSpeed "155"
    LinkLabel "155 Mbps OC-3"
    LinkSpeedUnits "M"
    LinkSpeedRaw 155000000.0
    bandwidth 75000000
    traffic "3500000,3500000,3500000,3500000,3500000,3500000,3500000,3500000,3500000,3500000,200000,200000,200000,3500000,3500000,3500000,3500000,3500000,200000"
    reservation "3983000.0,3983000.0,3431750.0,2981300.0,3041150.0,3887450.0,3865400.0,3851750.0,3062150.0,3431750.0,219380.0,196520.0,192980.0,3566150.0,3560900.0,3125150.0,3774050.0,3125150.0,192980.0"
    port 2
  ]
  edge [
    source 13
    target 14
    key 0
    LinkType "OC-3"
    LinkSpeed "155"
    LinkLabel "155 Mbps OC-3"
    LinkSpeedUnits "M"
    LinkSpeedRaw 155000000.0
    bandwidth 75000000
    traffic "18000000,200000,200000,200000,3500000,3500000,3500000,3500000,3500000,200000"
    reservation "19274400.0,219380.0,196520.0,192980.0,3566150.0,3560900.0,3125150.0,3774050.0,3125150.0,192980.0"
    port 0
  ]
  edge [
    source 13
    target 24
    key 0
    port 1
    weight 1
    bandwidth 50000000
    traffic ""
    reservation ""
  ]
  edge [
    source 13
    target 59
    key 0
    port 2
    weight 1
    bandwidth 50000000
    traffic ""
    reservation ""
  ]
  edge [
    source 13
    target 60
    key 0
    port 3
    weight 1
    bandwidth 50000000
    traffic ""
    reservation ""
  ]
  edge [
    source 13
    target 61
    key 0
    port 4
    weight 1
    bandwidth 50000000
    traffic ""
    reservation ""
  ]
  edge [
    source 13
    target 62
    key 0
    port 5
    weight 1
    bandwidth 50000000
    traffic ""
    reservation ""
  ]
  edge [
    source 13
    target 63
    key 0
    port 6
    weight 1
    bandwidth 50000000
    traffic ""
    reservation ""
  ]
  edge [
    source 13
    target 64
    key 0
    port 7
    weight 1
    bandwidth 50000000
    traffic ""
    reservation ""
  ]
  edge [
    source 13
    target 65
    key 0
    port 8
    weight 1
    bandwidth 50000000
    traffic ""
    reservation ""
  ]
  edge [
    source 13
    target 66
    key 0
    port 9
    weight 1
    bandwidth 50000000
    traffic ""
    reservation ""
  ]
  edge [
    source 13
    target 67
    key 0
    port 10
    weight 1
    bandwidth 50000000
    traffic ""
    reservation ""
  ]
  edge [
    source 14
    target 0
    key 0
    LinkType "OC-3"
    LinkSpeed "155"
    LinkLabel "155 Mbps OC-3"
    LinkSpeedUnits "M"
    LinkSpeedRaw 155000000.0
    bandwidth 75000000
    traffic "18000000,200000,200000,200000,3500000,3500000,3500000,3500000,3500000,200000"
    reservation "19274400.0,219380.0,196520.0,192980.0,3566150.0,3560900.0,3125150.0,3774050.0,3125150.0,192980.0"
    port 0
  ]
  edge [
    source 14
    target 13
    key 0
    LinkType "OC-3"
    LinkSpeed "155"
    LinkLabel "155 Mbps OC-3"
    LinkSpeedUnits "M"
    LinkSpeedRaw 155000000.0
    bandwidth 75000000
    traffic ""
    reservation ""
    port 1
  ]
  edge [
    source 14
    target 15
    key 0
    LinkType "OC-3"
    LinkSpeed "155"
    LinkLabel "155 Mbps OC-3"
    LinkSpeedUnits "M"
    LinkSpeedRaw 155000000.0
    bandwidth 75000000
    traffic "18000000,18000000,3500000,3500000,3500000,3500000,3500000,3500000"
    reservation "15694200.0,17978400.0,3396050.0,3560900.0,3983000.0,3062150.0,3851750.0,3601850.0"
    port 2
  ]
  edge [
    source 15
    target 10
    key 0
    LinkType "OC-3"
    LinkSpeed "155"
    LinkLabel "155 Mbps OC-3"
    LinkSpeedUnits "M"
    LinkSpeedRaw 155000000.0
    bandwidth 75000000
    traffic "18000000,18000000,3500000,3500000,3500000,3500000,3500000,3500000"
    reservation "15694200.0,17978400.0,3396050.0,3560900.0,3983000.0,3062150.0,3851750.0,3601850.0"
    port 0
  ]
  edge [
    source 15
    target 14
    key 0
    LinkType "OC-3"
    LinkSpeed "155"
    LinkLabel "155 Mbps OC-3"
    LinkSpeedUnits "M"
    LinkSpeedRaw 155000000.0
    bandwidth 75000000
    traffic ""
    reservation ""
    port 1
  ]
  edge [
    source 16
    target 9
    key 0
    LinkType "OC-3"
    LinkSpeed "155"
    LinkLabel "155 Mbps OC-3"
    LinkSpeedUnits "M"
    LinkSpeedRaw 155000000.0
    bandwidth 75000000
    traffic "200000,200000,200000,200000"
    reservation "219380.0,196520.0,192980.0,192980.0"
    port 0
  ]
  edge [
    source 16
    target 11
    key 0
    LinkType "OC-3"
    LinkSpeed "155"
    LinkLabel "155 Mbps OC-3"
    LinkSpeedUnits "M"
    LinkSpeedRaw 155000000.0
    bandwidth 75000000
    traffic "18000000,18000000,18000000"
    reservation "19274400.0,15694200.0,19776600.0"
    port 1
  ]
  edge [
    source 16
    target 21
    key 0
    port 2
    weight 1
    bandwidth 350000000
    traffic "3500000,3500000,3500000,3500000,3500000,3500000,3500000,3500000,3500000,3500000,3500000,3500000,3500000,3500000,3500000,3500000,3500000,3500000,3500000,3500000,3500000,3500000,3500000,3500000,3500000,3500000"
    reservation "3431750.0,4004000.0,3865400.0,3034850.0,3865400.0,3396050.0,3560900.0,3983000.0,3062150.0,3851750.0,3601850.0,3983000.0,3983000.0,3431750.0,2981300.0,3041150.0,3887450.0,3865400.0,3851750.0,3062150.0,3431750.0,3566150.0,3560900.0,3125150.0,3774050.0,3125150.0"
  ]
  edge [
    source 17
    target 10
    key 0
    LinkType "OC-3"
    LinkSpeed "155"
    LinkLabel "155 Mbps OC-3"
    LinkSpeedUnits "M"
    LinkSpeedRaw 155000000.0
    bandwidth 75000000
    traffic ""
    reservation ""
    port 0
  ]
  edge [
    source 17
    target 18
    key 0
    LinkType "OC-3"
    LinkSpeed "155"
    LinkLabel "155 Mbps OC-3"
    LinkSpeedUnits "M"
    LinkSpeedRaw 155000000.0
    bandwidth 75000000
    traffic "18000000,18000000,18000000,3500000,3500000,3500000,3500000,3500000,3500000"
    reservation "15694200.0,17541000.0,17978400.0,3396050.0,3560900.0,3983000.0,3062150.0,3851750.0,3601850.0"
    port 1
  ]
  edge [
    source 18
    target 17
    key 0
    LinkType "OC-3"
    LinkSpeed "155"
    LinkLabel "155 Mbps OC-3"
    LinkSpeedUnits "M"
    LinkSpeedRaw 155000000.0
    bandwidth 75000000
    traffic ""
    reservation ""
    port 0
  ]
  edge [
    source 18
    target 19
    key 0
    LinkType "OC-3"
    LinkSpeed "155"
    LinkLabel "155 Mbps OC-3"
    LinkSpeedUnits "M"
    LinkSpeedRaw 155000000.0
    bandwidth 75000000
    traffic "18000000,18000000,18000000,3500000,3500000,3500000,3500000,3500000,3500000"
    reservation "15694200.0,17541000.0,17978400.0,3396050.0,3560900.0,3983000.0,3062150.0,3851750.0,3601850.0"
    port 1
  ]
  edge [
    source 19
    target 18
    key 0
    LinkType "OC-3"
    LinkSpeed "155"
    LinkLabel "155 Mbps OC-3"
    LinkSpeedUnits "M"
    LinkSpeedRaw 155000000.0
    bandwidth 75000000
    traffic ""
    reservation ""
    port 0
  ]
  edge [
    source 19
    target 20
    key 0
    LinkType "OC-3"
    LinkSpeed "155"
    LinkLabel "155 Mbps OC-3"
    LinkSpeedUnits "M"
    LinkSpeedRaw 155000000.0
    bandwidth 75000000
    traffic "3500000,3500000,3500000,3500000,3500000,3500000"
    reservation "3396050.0,3560900.0,3983000.0,3062150.0,3851750.0,3601850.0"
    port 1
  ]
  edge [
    source 19
    target 23
    key 0
    port 2
    weight 1
    bandwidth 350000000
    traffic "18000000,18000000,18000000,18000000,18000000"
    reservation "19274400.0,15694200.0,17541000.0,19776600.0,17978400.0"
  ]
  edge [
    source 20
    target 11
    key 0
    LinkType "OC-3"
    LinkSpeed "155"
    LinkLabel "155 Mbps OC-3"
    LinkSpeedUnits "M"
    LinkSpeedRaw 155000000.0
    bandwidth 75000000
    traffic "3500000,3500000,3500000,3500000,3500000,3500000"
    reservation "3396050.0,3560900.0,3983000.0,3062150.0,3851750.0,3601850.0"
    port 0
  ]
  edge [
    source 20
    target 19
    key 0
    LinkType "OC-3"
    LinkSpeed "155"
    LinkLabel "155 Mbps OC-3"
    LinkSpeedUnits "M"
    LinkSpeedRaw 155000000.0
    bandwidth 75000000
    traffic "18000000,18000000"
    reservation "19274400.0,19776600.0"
    port 1
  ]
  edge [
    source 21
    target 16
    key 0
    port 0
    weight 1
    bandwidth 350000000
    traffic ""
    reservation ""
  ]
  edge [
    source 22
    target 5
    key 0
    port 0
    weight 1
    bandwidth 350000000
    traffic ""
    reservation ""
  ]
  edge [
    source 23
    target 19
    key 0
    port 0
    weight 1
    bandwidth 350000000
    traffic ""
    reservation ""
  ]
  edge [
    source 24
    target 13
    key 0
    port 0
    weight 1
    bandwidth 50000000
    traffic "18000000"
    reservation "19274400.0"
  ]
  edge [
    source 25
    target 7
    key 0
    port 0
    weight 1
    bandwidth 50000000
    traffic "18000000"
    reservation "15694200.0"
  ]
  edge [
    source 26
    target 10
    key 0
    port 0
    weight 1
    bandwidth 50000000
    traffic "18000000"
    reservation "17541000.0"
  ]
  edge [
    source 27
    target 0
    key 0
    port 0
    weight 1
    bandwidth 50000000
    traffic "18000000"
    reservation "19776600.0"
  ]
  edge [
    source 28
    target 7
    key 0
    port 0
    weight 1
    bandwidth 50000000
    traffic "3500000"
    reservation "3431750.0"
  ]
  edge [
    source 29
    target 7
    key 0
    port 0
    weight 1
    bandwidth 50000000
    traffic "200000"
    reservation "192980.0"
  ]
  edge [
    source 30
    target 7
    key 0
    port 0
    weight 1
    bandwidth 50000000
    traffic "200000"
    reservation "219380.0"
  ]
  edge [
    source 31
    target 7
    key 0
    port 0
    weight 1
    bandwidth 50000000
    traffic "3500000"
    reservation "4004000.0"
  ]
  edge [
    source 32
    target 7
    key 0
    port 0
    weight 1
    bandwidth 50000000
    traffic "3500000"
    reservation "3865400.0"
  ]
  edge [
    source 33
    target 7
    key 0
    port 0
    weight 1
    bandwidth 50000000
    traffic "3500000"
    reservation "3034850.0"
  ]
  edge [
    source 34
    target 7
    key 0
    port 0
    weight 1
    bandwidth 50000000
    traffic "18000000"
    reservation "17978400.0"
  ]
  edge [
    source 35
    target 7
    key 0
    port 0
    weight 1
    bandwidth 50000000
    traffic "200000"
    reservation "223220.0"
  ]
  edge [
    source 36
    target 7
    key 0
    port 0
    weight 1
    bandwidth 50000000
    traffic "3500000"
    reservation "3865400.0"
  ]
  edge [
    source 37
    target 7
    key 0
    port 0
    weight 1
    bandwidth 50000000
    traffic "200000"
    reservation "219380.0"
  ]
  edge [
    source 38
    target 7
    key 0
    port 0
    weight 1
    bandwidth 50000000
    traffic "200000"
    reservation "192980.0"
  ]
  edge [
    source 39
    target 7
    key 0
    port 0
    weight 1
    bandwidth 50000000
    traffic "3500000"
    reservation "3396050.0"
  ]
  edge [
    source 40
    target 7
    key 0
    port 0
    weight 1
    bandwidth 50000000
    traffic "3500000"
    reservation "3560900.0"
  ]
  edge [
    source 41
    target 7
    key 0
    port 0
    weight 1
    bandwidth 50000000
    traffic "200000"
    reservation "204320.0"
  ]
  edge [
    source 42
    target 7
    key 0
    port 0
    weight 1
    bandwidth 50000000
    traffic "200000"
    reservation "219380.0"
  ]
  edge [
    source 43
    target 7
    key 0
    port 0
    weight 1
    bandwidth 50000000
    traffic "3500000"
    reservation "3983000.0"
  ]
  edge [
    source 44
    target 7
    key 0
    port 0
    weight 1
    bandwidth 50000000
    traffic "200000"
    reservation "223220.0"
  ]
  edge [
    source 45
    target 7
    key 0
    port 0
    weight 1
    bandwidth 50000000
    traffic "3500000"
    reservation "3062150.0"
  ]
  edge [
    source 46
    target 7
    key 0
    port 0
    weight 1
    bandwidth 50000000
    traffic "3500000"
    reservation "3851750.0"
  ]
  edge [
    source 47
    target 7
    key 0
    port 0
    weight 1
    bandwidth 50000000
    traffic "3500000"
    reservation "3601850.0"
  ]
  edge [
    source 48
    target 7
    key 0
    port 0
    weight 1
    bandwidth 50000000
    traffic "3500000"
    reservation "3983000.0"
  ]
  edge [
    source 49
    target 7
    key 0
    port 0
    weight 1
    bandwidth 50000000
    traffic "3500000"
    reservation "3983000.0"
  ]
  edge [
    source 50
    target 7
    key 0
    port 0
    weight 1
    bandwidth 50000000
    traffic "3500000"
    reservation "3431750.0"
  ]
  edge [
    source 51
    target 7
    key 0
    port 0
    weight 1
    bandwidth 50000000
    traffic "3500000"
    reservation "2981300.0"
  ]
  edge [
    source 52
    target 7
    key 0
    port 0
    weight 1
    bandwidth 50000000
    traffic "3500000"
    reservation "3041150.0"
  ]
  edge [
    source 53
    target 7
    key 0
    port 0
    weight 1
    bandwidth 50000000
    traffic "3500000"
    reservation "3887450.0"
  ]
  edge [
    source 54
    target 7
    key 0
    port 0
    weight 1
    bandwidth 50000000
    traffic "3500000"
    reservation "3865400.0"
  ]
  edge [
    source 55
    target 7
    key 0
    port 0
    weight 1
    bandwidth 50000000
    traffic "3500000"
    reservation "3851750.0"
  ]
  edge [
    source 56
    target 7
    key 0
    port 0
    weight 1
    bandwidth 50000000
    traffic "3500000"
    reservation "3062150.0"
  ]
  edge [
    source 57
    target 7
    key 0
    port 0
    weight 1
    bandwidth 50000000
    traffic "200000"
    reservation "196520.0"
  ]
  edge [
    source 58
    target 7
    key 0
    port 0
    weight 1
    bandwidth 50000000
    traffic "3500000"
    reservation "3431750.0"
  ]
  edge [
    source 59
    target 13
    key 0
    port 0
    weight 1
    bandwidth 50000000
    traffic "200000"
    reservation "219380.0"
  ]
  edge [
    source 60
    target 13
    key 0
    port 0
    weight 1
    bandwidth 50000000
    traffic "200000"
    reservation "196520.0"
  ]
  edge [
    source 61
    target 13
    key 0
    port 0
    weight 1
    bandwidth 50000000
    traffic "200000"
    reservation "192980.0"
  ]
  edge [
    source 62
    target 13
    key 0
    port 0
    weight 1
    bandwidth 50000000
    traffic "3500000"
    reservation "3566150.0"
  ]
  edge [
    source 63
    target 13
    key 0
    port 0
    weight 1
    bandwidth 50000000
    traffic "3500000"
    reservation "3560900.0"
  ]
  edge [
    source 64
    target 13
    key 0
    port 0
    weight 1
    bandwidth 50000000
    traffic "3500000"
    reservation "3125150.0"
  ]
  edge [
    source 65
    target 13
    key 0
    port 0
    weight 1
    bandwidth 50000000
    traffic "3500000"
    reservation "3774050.0"
  ]
  edge [
    source 66
    target 13
    key 0
    port 0
    weight 1
    bandwidth 50000000
    traffic "3500000"
    reservation "3125150.0"
  ]
  edge [
    source 67
    target 13
    key 0
    port 0
    weight 1
    bandwidth 50000000
    traffic "200000"
    reservation "192980.0"
  ]
]
