graph [
  directed 1
  multigraph 1
  GeoLocation "Czech Republic"
  GeoExtent "Country"
  Network "CESNET"
  Provenance "Secondary"
  Access 0
  Source "http://replay.waybackmachine.org/20060331043450/http://www.cesnet.cz/provoz/img/cesnet2-topo.pdf"
  Version "1.0"
  Type "REN"
  DateType "Historic"
  Backbone 1
  Commercial 0
  label "Cesnet200603"
  ToolsetVersion "0.3.34dev-20120328"
  Customer 0
  IX 0
  SourceGitVersion "e278b1b"
  DateModifier "="
  DateMonth "03"
  LastAccess "20/01/11"
  Layer "IP"
  Creator "Topology Zoo Toolset"
  Developed 1
  Transit 1
  NetworkDate "2006_03"
  DateYear "2006"
  LastProcessed "2011_09_01"
  Testbed 1
  levelsToS 77
  node [
    id 0
    label "0"
    Country "Czech Republic"
    Longitude 15.83277
    Internal 1
    Latitude 50.20923
    type "inner"
    schedulingPolicy "WFQ"
    tosToQoSqueue "45;47;50;58;51;48,49;43;42,0,1,2,3,4,5,6,7,8,9,10,11,12,13,14,15,16,17,18,19,20,21,22,23,24,25,26,27,28,29,30,31,32,33,34,35,36,37,38,39,40,41,44,46,52,53,54,55,56,57,59,60,61,62,63,64,65,66,67,68,69,70,71,72,73,74,75,76"
    schedulingWeights "0.001,0.001,0.001,0.001,0.001,0.001,0.001,99.993;15.088,0.914,0.731,0.696,0.822,1.649,80.057,0.044;0.001,0.001,0.001,0.001,0.001,0.001,0.001,99.993;0.001,0.001,0.001,0.001,0.001,0.001,0.001,99.993;0.001,0.001,0.001,0.001,0.001,0.001,0.001,99.993;0.001,0.001,0.001,0.001,0.001,0.001,0.001,99.993"
    levelsQoS 8
    queueSizes "32,32,32,32,32,32,32,32"
  ]
  node [
    id 1
    label "1"
    Country "Czech Republic"
    Longitude 16.44413
    Internal 1
    Latitude 49.90436
    type "inner"
    schedulingPolicy "WFQ"
    tosToQoSqueue "0,1,2,3,4,5,6,7,8,9,10,11,12,13,14,15,16,17,18,19,20,21,22,23,24,25,26,27,28,29,30,31,32,33,34,35,36,37,38,39,40,41,42,43,44,45,46,47,48,49,50,51,52,53,54,55,56,57,58,59,60,61,62,63,64,65,66,67,68,69,70,71,72,73,74,75,76"
    schedulingWeights "100"
    levelsQoS 1
    queueSizes "32"
  ]
  node [
    id 2
    label "2"
    Country "Czech Republic"
    Longitude 15.00301
    Internal 1
    Latitude 49.14404
    type "inner"
    schedulingPolicy "WFQ"
    tosToQoSqueue "0,1,2,3,4,5,6,7,8,9,10,11,12,13,14,15,16,17,18,19,20,21,22,23,24,25,26,27,28,29,30,31,32,33,34,35,36,37,38,39,40,41,42,43,44,45,46,47,48,49,50,51,52,53,54,55,56,57,58,59,60,61,62,63,64,65,66,67,68,69,70,71,72,73,74,75,76"
    schedulingWeights "100"
    levelsQoS 1
    queueSizes "32"
  ]
  node [
    id 3
    label "3"
    Country "Czech Republic"
    Longitude 15.77659
    Internal 1
    Latitude 50.04075
    type "destination_urllc"
    schedulingPolicy "FIFO"
    levelsQoS "1"
    schedulingWeights "-"
    tosToQoSqueue "0,1,2,3,4,5,6,7,8,9,10,11,12,13,14,15,16,17,18,19,20,21,22,23,24,25,26,27,28,29,30,31,32,33,34,35,36,37,38,39,40,41,42,43,44,45,46,47,48,49,50,51,52,53,54,55,56,57,58,59,60,61,62,63,64,65,66,67,68,69,70,71,72,73,74,75,76"
    queueSizes "32"
  ]
  node [
    id 4
    label "4"
    Country "Czech Republic"
    Longitude 16.99897
    Internal 1
    Latitude 49.27747
    type "inner"
    schedulingPolicy "WFQ"
    tosToQoSqueue "0,1,2,3,4,5,6,7,8,9,10,11,12,13,14,15,16,17,18,19,20,21,22,23,24,25,26,27,28,29,30,31,32,33,34,35,36,37,38,39,40,41,42,43,44,45,46,47,48,49,50,51,52,53,54,55,56,57,58,59,60,61,62,63,64,65,66,67,68,69,70,71,72,73,74,75,76"
    schedulingWeights "100"
    levelsQoS 1
    queueSizes "32"
  ]
  node [
    id 5
    label "5"
    Country "Czech Republic"
    Longitude 17.66667
    Internal 1
    Latitude 49.21667
    type "inner"
    schedulingPolicy "WFQ"
    tosToQoSqueue "42,0,1,2,3,4,5,6,7,8,9,10,11,12,13,14,15,16,17,18,19,20,21,22,23,24,25,26,27,28,29,30,31,32,33,34,35,36,37,38,39,40,41,43,44,45,46,47,48,49,50,51,52,53,54,55,56,57,58,59,60,61,62,63,64,65,66,67,68,69,70,71,72,73,74,75,76"
    schedulingWeights "100;100"
    levelsQoS 1
    queueSizes "32"
  ]
  node [
    id 6
    label "6"
    Country "Czech Republic"
    Longitude 17.25175
    Internal 1
    Latitude 49.59552
    type "inner"
    schedulingPolicy "WFQ"
    tosToQoSqueue "45;47;50;58;51;48,49;43;42,0,1,2,3,4,5,6,7,8,9,10,11,12,13,14,15,16,17,18,19,20,21,22,23,24,25,26,27,28,29,30,31,32,33,34,35,36,37,38,39,40,41,44,46,52,53,54,55,56,57,59,60,61,62,63,64,65,66,67,68,69,70,71,72,73,74,75,76"
    schedulingWeights "15.088,0.914,0.731,0.696,0.822,1.649,80.057,0.044;0.001,0.001,0.001,0.001,0.001,0.001,0.001,99.993;0.001,0.001,0.001,0.001,0.001,0.001,0.001,99.993;0.001,0.001,0.001,0.001,0.001,0.001,0.001,99.993"
    levelsQoS 8
    queueSizes "32,32,32,32,32,32,32,32"
  ]
  node [
    id 7
    label "7"
    Country "Czech Republic"
    Longitude 16.60796
    Internal 1
    Latitude 49.19522
    type "destination_embb"
    schedulingPolicy "FIFO"
    levelsQoS "1"
    schedulingWeights "-"
    tosToQoSqueue "0,1,2,3,4,5,6,7,8,9,10,11,12,13,14,15,16,17,18,19,20,21,22,23,24,25,26,27,28,29,30,31,32,33,34,35,36,37,38,39,40,41,42,43,44,45,46,47,48,49,50,51,52,53,54,55,56,57,58,59,60,61,62,63,64,65,66,67,68,69,70,71,72,73,74,75,76"
    queueSizes "32"
  ]
  node [
    id 8
    label "8"
    Country "Czech Republic"
    Longitude 16.88203
    Internal 1
    Latitude 48.75897
    type "inner"
    schedulingPolicy "WFQ"
    tosToQoSqueue "0,1,2,3,4,5,6,7,8,9,10,11,12,13,14,15,16,17,18,19,20,21,22,23,24,25,26,27,28,29,30,31,32,33,34,35,36,37,38,39,40,41,42,43,44,45,46,47,48,49,50,51,52,53,54,55,56,57,58,59,60,61,62,63,64,65,66,67,68,69,70,71,72,73,74,75,76"
    schedulingWeights "100"
    levelsQoS 1
    queueSizes "32"
  ]
  node [
    id 9
    label "9"
    Country "Czech Republic"
    Longitude 18.28204
    Internal 1
    Latitude 49.83465
    type "antenna"
    schedulingPolicy "WFQ"
    tosToQoSqueue "46;45;59,60;53,56;47;50,62;54;52;57;58;51;48,49;61;55;43;44,0,1,2,3,4,5,6,7,8,9,10,11,12,13,14,15,16,17,18,19,20,21,22,23,24,25,26,27,28,29,30,31,32,33,34,35,36,37,38,39,40,41,42,63,64,65,66,67,68,69,70,71,72,73,74,75,76"
    schedulingWeights "0.001,15.088,0.001,0.001,0.914,0.731,0.001,0.001,0.001,0.696,0.822,1.649,0.001,0.001,80.057,0.036;14.533,0.001,1.368,1.612,0.001,0.731,0.747,0.853,0.913,0.001,0.001,0.001,0.806,0.759,0.001,77.672;0.001,0.001,0.001,0.001,0.001,0.001,0.001,0.001,0.001,0.001,0.001,0.001,0.001,0.001,0.001,99.985;0.001,0.001,0.001,0.001,0.001,0.001,0.001,0.001,0.001,0.001,0.001,0.001,0.001,0.001,0.001,99.985;0.001,0.001,0.001,0.001,0.001,0.001,0.001,0.001,0.001,0.001,0.001,0.001,0.001,0.001,0.001,99.985;0.001,0.001,0.001,0.001,0.001,0.001,0.001,0.001,0.001,0.001,0.001,0.001,0.001,0.001,0.001,99.985;0.001,0.001,0.001,0.001,0.001,0.001,0.001,0.001,0.001,0.001,0.001,0.001,0.001,0.001,0.001,99.985;0.001,0.001,0.001,0.001,0.001,0.001,0.001,0.001,0.001,0.001,0.001,0.001,0.001,0.001,0.001,99.985;0.001,0.001,0.001,0.001,0.001,0.001,0.001,0.001,0.001,0.001,0.001,0.001,0.001,0.001,0.001,99.985;0.001,0.001,0.001,0.001,0.001,0.001,0.001,0.001,0.001,0.001,0.001,0.001,0.001,0.001,0.001,99.985;0.001,0.001,0.001,0.001,0.001,0.001,0.001,0.001,0.001,0.001,0.001,0.001,0.001,0.001,0.001,99.985;0.001,0.001,0.001,0.001,0.001,0.001,0.001,0.001,0.001,0.001,0.001,0.001,0.001,0.001,0.001,99.985;0.001,0.001,0.001,0.001,0.001,0.001,0.001,0.001,0.001,0.001,0.001,0.001,0.001,0.001,0.001,99.985;0.001,0.001,0.001,0.001,0.001,0.001,0.001,0.001,0.001,0.001,0.001,0.001,0.001,0.001,0.001,99.985;0.001,0.001,0.001,0.001,0.001,0.001,0.001,0.001,0.001,0.001,0.001,0.001,0.001,0.001,0.001,99.985;0.001,0.001,0.001,0.001,0.001,0.001,0.001,0.001,0.001,0.001,0.001,0.001,0.001,0.001,0.001,99.985;0.001,0.001,0.001,0.001,0.001,0.001,0.001,0.001,0.001,0.001,0.001,0.001,0.001,0.001,0.001,99.985;0.001,0.001,0.001,0.001,0.001,0.001,0.001,0.001,0.001,0.001,0.001,0.001,0.001,0.001,0.001,99.985;0.001,0.001,0.001,0.001,0.001,0.001,0.001,0.001,0.001,0.001,0.001,0.001,0.001,0.001,0.001,99.985;0.001,0.001,0.001,0.001,0.001,0.001,0.001,0.001,0.001,0.001,0.001,0.001,0.001,0.001,0.001,99.985;0.001,0.001,0.001,0.001,0.001,0.001,0.001,0.001,0.001,0.001,0.001,0.001,0.001,0.001,0.001,99.985;0.001,0.001,0.001,0.001,0.001,0.001,0.001,0.001,0.001,0.001,0.001,0.001,0.001,0.001,0.001,99.985;0.001,0.001,0.001,0.001,0.001,0.001,0.001,0.001,0.001,0.001,0.001,0.001,0.001,0.001,0.001,99.985;0.001,0.001,0.001,0.001,0.001,0.001,0.001,0.001,0.001,0.001,0.001,0.001,0.001,0.001,0.001,99.985"
    levelsQoS 16
    queueSizes "32,32,32,32,32,32,32,32,32,32,32,32,32,32,32,32"
  ]
  node [
    id 10
    label "10"
    Internal 0
    type "antenna"
    schedulingPolicy "WFQ"
    tosToQoSqueue "43,0,1,2,3,4,5,6,7,8,9,10,11,12,13,14,15,16,17,18,19,20,21,22,23,24,25,26,27,28,29,30,31,32,33,34,35,36,37,38,39,40,41,42,44,45,46,47,48,49,50,51,52,53,54,55,56,57,58,59,60,61,62,63,64,65,66,67,68,69,70,71,72,73,74,75,76"
    schedulingWeights "100;100"
    levelsQoS 1
    queueSizes "32"
  ]
  node [
    id 11
    label "11"
    Country "Czech Republic"
    Longitude 14.072
    Internal 1
    Latitude 49.96382
    type "inner"
    schedulingPolicy "WFQ"
    tosToQoSqueue "0,1,2,3,4,5,6,7,8,9,10,11,12,13,14,15,16,17,18,19,20,21,22,23,24,25,26,27,28,29,30,31,32,33,34,35,36,37,38,39,40,41,42,43,44,45,46,47,48,49,50,51,52,53,54,55,56,57,58,59,60,61,62,63,64,65,66,67,68,69,70,71,72,73,74,75,76"
    schedulingWeights "100"
    levelsQoS 1
    queueSizes "32"
  ]
  node [
    id 12
    label "12"
    Country "Czech Republic"
    Longitude 12.70118
    Internal 1
    Latitude 49.96459
    type "inner"
    schedulingPolicy "WFQ"
    tosToQoSqueue "0,1,2,3,4,5,6,7,8,9,10,11,12,13,14,15,16,17,18,19,20,21,22,23,24,25,26,27,28,29,30,31,32,33,34,35,36,37,38,39,40,41,42,43,44,45,46,47,48,49,50,51,52,53,54,55,56,57,58,59,60,61,62,63,64,65,66,67,68,69,70,71,72,73,74,75,76"
    schedulingWeights "100"
    levelsQoS 1
    queueSizes "32"
  ]
  node [
    id 13
    label "13"
    Country "Czech Republic"
    Longitude 13.63617
    Internal 1
    Latitude 50.50301
    type "inner"
    schedulingPolicy "WFQ"
    tosToQoSqueue "0,1,2,3,4,5,6,7,8,9,10,11,12,13,14,15,16,17,18,19,20,21,22,23,24,25,26,27,28,29,30,31,32,33,34,35,36,37,38,39,40,41,42,43,44,45,46,47,48,49,50,51,52,53,54,55,56,57,58,59,60,61,62,63,64,65,66,67,68,69,70,71,72,73,74,75,76"
    schedulingWeights "100"
    levelsQoS 1
    queueSizes "32"
  ]
  node [
    id 14
    label "14"
    Country "Czech Republic"
    Longitude 15.81402
    Internal 1
    Latitude 50.43172
    type "inner"
    schedulingPolicy "WFQ"
    tosToQoSqueue "0,1,2,3,4,5,6,7,8,9,10,11,12,13,14,15,16,17,18,19,20,21,22,23,24,25,26,27,28,29,30,31,32,33,34,35,36,37,38,39,40,41,42,43,44,45,46,47,48,49,50,51,52,53,54,55,56,57,58,59,60,61,62,63,64,65,66,67,68,69,70,71,72,73,74,75,76"
    schedulingWeights "100"
    levelsQoS 1
    queueSizes "32"
  ]
  node [
    id 15
    label "15"
    Country "Czech Republic"
    Longitude 17.70385
    Internal 1
    Latitude 50.08967
    type "inner"
    schedulingPolicy "WFQ"
    tosToQoSqueue "0,1,2,3,4,5,6,7,8,9,10,11,12,13,14,15,16,17,18,19,20,21,22,23,24,25,26,27,28,29,30,31,32,33,34,35,36,37,38,39,40,41,42,43,44,45,46,47,48,49,50,51,52,53,54,55,56,57,58,59,60,61,62,63,64,65,66,67,68,69,70,71,72,73,74,75,76"
    schedulingWeights "100"
    levelsQoS 1
    queueSizes "32"
  ]
  node [
    id 16
    label "16"
    Country "Czech Republic"
    Longitude 17.12253
    Internal 1
    Latitude 49.01018
    type "inner"
    schedulingPolicy "WFQ"
    tosToQoSqueue "0,1,2,3,4,5,6,7,8,9,10,11,12,13,14,15,16,17,18,19,20,21,22,23,24,25,26,27,28,29,30,31,32,33,34,35,36,37,38,39,40,41,42,43,44,45,46,47,48,49,50,51,52,53,54,55,56,57,58,59,60,61,62,63,64,65,66,67,68,69,70,71,72,73,74,75,76"
    schedulingWeights "100"
    levelsQoS 1
    queueSizes "32"
  ]
  node [
    id 17
    label "17"
    Country "Czech Republic"
    Longitude 15.59124
    Internal 1
    Latitude 49.3961
    type "inner"
    schedulingPolicy "WFQ"
    tosToQoSqueue "0,1,2,3,4,5,6,7,8,9,10,11,12,13,14,15,16,17,18,19,20,21,22,23,24,25,26,27,28,29,30,31,32,33,34,35,36,37,38,39,40,41,42,43,44,45,46,47,48,49,50,51,52,53,54,55,56,57,58,59,60,61,62,63,64,65,66,67,68,69,70,71,72,73,74,75,76"
    schedulingWeights "100;100"
    levelsQoS 1
    queueSizes "32"
  ]
  node [
    id 18
    label "18"
    Internal 0
    type "inner"
    schedulingPolicy "WFQ"
    tosToQoSqueue "0,1,2,3,4,5,6,7,8,9,10,11,12,13,14,15,16,17,18,19,20,21,22,23,24,25,26,27,28,29,30,31,32,33,34,35,36,37,38,39,40,41,42,43,44,45,46,47,48,49,50,51,52,53,54,55,56,57,58,59,60,61,62,63,64,65,66,67,68,69,70,71,72,73,74,75,76"
    schedulingWeights "100"
    levelsQoS 1
    queueSizes "32"
  ]
  node [
    id 19
    label "19"
    Country "Czech Republic"
    Longitude 15.45275
    Internal 1
    Latitude 49.18418
    type "inner"
    schedulingPolicy "WFQ"
    tosToQoSqueue "0,1,2,3,4,5,6,7,8,9,10,11,12,13,14,15,16,17,18,19,20,21,22,23,24,25,26,27,28,29,30,31,32,33,34,35,36,37,38,39,40,41,42,43,44,45,46,47,48,49,50,51,52,53,54,55,56,57,58,59,60,61,62,63,64,65,66,67,68,69,70,71,72,73,74,75,76"
    schedulingWeights "100"
    levelsQoS 1
    queueSizes "32"
  ]
  node [
    id 20
    label "20"
    Country "Czech Republic"
    Longitude 14.85922
    Internal 1
    Latitude 49.99403
    type "inner"
    schedulingPolicy "WFQ"
    tosToQoSqueue "0,1,2,3,4,5,6,7,8,9,10,11,12,13,14,15,16,17,18,19,20,21,22,23,24,25,26,27,28,29,30,31,32,33,34,35,36,37,38,39,40,41,42,43,44,45,46,47,48,49,50,51,52,53,54,55,56,57,58,59,60,61,62,63,64,65,66,67,68,69,70,71,72,73,74,75,76"
    schedulingWeights "100"
    levelsQoS 1
    queueSizes "32"
  ]
  node [
    id 21
    label "21"
    Country "Czech Republic"
    Longitude 14.77065
    Internal 1
    Latitude 49.00364
    type "inner"
    schedulingPolicy "WFQ"
    tosToQoSqueue "0,1,2,3,4,5,6,7,8,9,10,11,12,13,14,15,16,17,18,19,20,21,22,23,24,25,26,27,28,29,30,31,32,33,34,35,36,37,38,39,40,41,42,43,44,45,46,47,48,49,50,51,52,53,54,55,56,57,58,59,60,61,62,63,64,65,66,67,68,69,70,71,72,73,74,75,76"
    schedulingWeights "100"
    levelsQoS 1
    queueSizes "32"
  ]
  node [
    id 22
    label "22"
    Internal 0
    type "inner"
    schedulingPolicy "WFQ"
    tosToQoSqueue "0,1,2,3,4,5,6,7,8,9,10,11,12,13,14,15,16,17,18,19,20,21,22,23,24,25,26,27,28,29,30,31,32,33,34,35,36,37,38,39,40,41,42,43,44,45,46,47,48,49,50,51,52,53,54,55,56,57,58,59,60,61,62,63,64,65,66,67,68,69,70,71,72,73,74,75,76"
    schedulingWeights "100"
    levelsQoS 1
    queueSizes "32"
  ]
  node [
    id 23
    label "23"
    Country "Czech Republic"
    Longitude 17.90257
    Internal 1
    Latitude 49.93866
    type "inner"
    schedulingPolicy "WFQ"
    tosToQoSqueue "0,1,2,3,4,5,6,7,8,9,10,11,12,13,14,15,16,17,18,19,20,21,22,23,24,25,26,27,28,29,30,31,32,33,34,35,36,37,38,39,40,41,42,43,44,45,46,47,48,49,50,51,52,53,54,55,56,57,58,59,60,61,62,63,64,65,66,67,68,69,70,71,72,73,74,75,76"
    schedulingWeights "100;100"
    levelsQoS 1
    queueSizes "32"
  ]
  node [
    id 24
    label "24"
    Country "Czech Republic"
    Longitude 18.49166
    Internal 1
    Latitude 49.84452
    type "inner"
    schedulingPolicy "WFQ"
    tosToQoSqueue "0,1,2,3,4,5,6,7,8,9,10,11,12,13,14,15,16,17,18,19,20,21,22,23,24,25,26,27,28,29,30,31,32,33,34,35,36,37,38,39,40,41,42,43,44,45,46,47,48,49,50,51,52,53,54,55,56,57,58,59,60,61,62,63,64,65,66,67,68,69,70,71,72,73,74,75,76"
    schedulingWeights "100"
    levelsQoS 1
    queueSizes "32"
  ]
  node [
    id 25
    label "25"
    Country "Czech Republic"
    Longitude 15.26816
    Internal 1
    Latitude 49.94839
    type "inner"
    schedulingPolicy "WFQ"
    tosToQoSqueue "0,1,2,3,4,5,6,7,8,9,10,11,12,13,14,15,16,17,18,19,20,21,22,23,24,25,26,27,28,29,30,31,32,33,34,35,36,37,38,39,40,41,42,43,44,45,46,47,48,49,50,51,52,53,54,55,56,57,58,59,60,61,62,63,64,65,66,67,68,69,70,71,72,73,74,75,76"
    schedulingWeights "100"
    levelsQoS 1
    queueSizes "32"
  ]
  node [
    id 26
    label "26"
    Country "Czech Republic"
    Longitude 14.35733
    Internal 1
    Latitude 50.17734
    type "inner"
    schedulingPolicy "WFQ"
    tosToQoSqueue "0,1,2,3,4,5,6,7,8,9,10,11,12,13,14,15,16,17,18,19,20,21,22,23,24,25,26,27,28,29,30,31,32,33,34,35,36,37,38,39,40,41,42,43,44,45,46,47,48,49,50,51,52,53,54,55,56,57,58,59,60,61,62,63,64,65,66,67,68,69,70,71,72,73,74,75,76"
    schedulingWeights "100"
    levelsQoS 1
    queueSizes "32"
  ]
  node [
    id 27
    label "27"
    Country "Czech Republic"
    Longitude 14.6578
    Internal 1
    Latitude 49.41441
    type "inner"
    schedulingPolicy "WFQ"
    tosToQoSqueue "0,1,2,3,4,5,6,7,8,9,10,11,12,13,14,15,16,17,18,19,20,21,22,23,24,25,26,27,28,29,30,31,32,33,34,35,36,37,38,39,40,41,42,43,44,45,46,47,48,49,50,51,52,53,54,55,56,57,58,59,60,61,62,63,64,65,66,67,68,69,70,71,72,73,74,75,76"
    schedulingWeights "100"
    levelsQoS 1
    queueSizes "32"
  ]
  node [
    id 28
    label "28"
    Country "Czech Republic"
    Longitude 14.1475
    Internal 1
    Latitude 49.3088
    type "inner"
    schedulingPolicy "WFQ"
    tosToQoSqueue "0,1,2,3,4,5,6,7,8,9,10,11,12,13,14,15,16,17,18,19,20,21,22,23,24,25,26,27,28,29,30,31,32,33,34,35,36,37,38,39,40,41,42,43,44,45,46,47,48,49,50,51,52,53,54,55,56,57,58,59,60,61,62,63,64,65,66,67,68,69,70,71,72,73,74,75,76"
    schedulingWeights "100"
    levelsQoS 1
    queueSizes "32"
  ]
  node [
    id 29
    label "29"
    Internal 0
    type "inner"
    schedulingPolicy "WFQ"
    tosToQoSqueue "0,1,2,3,4,5,6,7,8,9,10,11,12,13,14,15,16,17,18,19,20,21,22,23,24,25,26,27,28,29,30,31,32,33,34,35,36,37,38,39,40,41,42,43,44,45,46,47,48,49,50,51,52,53,54,55,56,57,58,59,60,61,62,63,64,65,66,67,68,69,70,71,72,73,74,75,76"
    schedulingWeights "100"
    levelsQoS 1
    queueSizes "32"
  ]
  node [
    id 30
    label "30"
    Internal 0
    type "inner"
    schedulingPolicy "WFQ"
    tosToQoSqueue "0,1,2,3,4,5,6,7,8,9,10,11,12,13,14,15,16,17,18,19,20,21,22,23,24,25,26,27,28,29,30,31,32,33,34,35,36,37,38,39,40,41,42,43,44,45,46,47,48,49,50,51,52,53,54,55,56,57,58,59,60,61,62,63,64,65,66,67,68,69,70,71,72,73,74,75,76"
    schedulingWeights "100"
    levelsQoS 1
    queueSizes "32"
  ]
  node [
    id 31
    label "31"
    Country "Czech Republic"
    Longitude 12.37392
    Internal 1
    Latitude 50.07963
    type "antenna"
    schedulingPolicy "WFQ"
    tosToQoSqueue "64;63;71;67;74;76;66;69;72;75;68;73;70;65;42,0,1,2,3,4,5,6,7,8,9,10,11,12,13,14,15,16,17,18,19,20,21,22,23,24,25,26,27,28,29,30,31,32,33,34,35,36,37,38,39,40,41,43,44,45,46,47,48,49,50,51,52,53,54,55,56,57,58,59,60,61,62"
    schedulingWeights "14.084,13.517,0.823,0.684,0.806,0.914,0.731,0.747,0.909,0.912,0.696,0.822,0.825,0.908,62.623;0.001,0.001,0.001,0.001,0.001,0.001,0.001,0.001,0.001,0.001,0.001,0.001,0.001,0.001,99.986;0.001,0.001,0.001,0.001,0.001,0.001,0.001,0.001,0.001,0.001,0.001,0.001,0.001,0.001,99.986;0.001,0.001,0.001,0.001,0.001,0.001,0.001,0.001,0.001,0.001,0.001,0.001,0.001,0.001,99.986;0.001,0.001,0.001,0.001,0.001,0.001,0.001,0.001,0.001,0.001,0.001,0.001,0.001,0.001,99.986;0.001,0.001,0.001,0.001,0.001,0.001,0.001,0.001,0.001,0.001,0.001,0.001,0.001,0.001,99.986;0.001,0.001,0.001,0.001,0.001,0.001,0.001,0.001,0.001,0.001,0.001,0.001,0.001,0.001,99.986;0.001,0.001,0.001,0.001,0.001,0.001,0.001,0.001,0.001,0.001,0.001,0.001,0.001,0.001,99.986;0.001,0.001,0.001,0.001,0.001,0.001,0.001,0.001,0.001,0.001,0.001,0.001,0.001,0.001,99.986;0.001,0.001,0.001,0.001,0.001,0.001,0.001,0.001,0.001,0.001,0.001,0.001,0.001,0.001,99.986;0.001,0.001,0.001,0.001,0.001,0.001,0.001,0.001,0.001,0.001,0.001,0.001,0.001,0.001,99.986;0.001,0.001,0.001,0.001,0.001,0.001,0.001,0.001,0.001,0.001,0.001,0.001,0.001,0.001,99.986;0.001,0.001,0.001,0.001,0.001,0.001,0.001,0.001,0.001,0.001,0.001,0.001,0.001,0.001,99.986;0.001,0.001,0.001,0.001,0.001,0.001,0.001,0.001,0.001,0.001,0.001,0.001,0.001,0.001,99.986;0.001,0.001,0.001,0.001,0.001,0.001,0.001,0.001,0.001,0.001,0.001,0.001,0.001,0.001,99.986;0.001,0.001,0.001,0.001,0.001,0.001,0.001,0.001,0.001,0.001,0.001,0.001,0.001,0.001,99.986"
    levelsQoS 15
    queueSizes "32,32,32,32,32,32,32,32,32,32,32,32,32,32,32"
  ]
  node [
    id 32
    label "32"
    Country "Czech Republic"
    Longitude 13.37759
    Internal 1
    Latitude 49.74747
    type "inner"
    schedulingPolicy "WFQ"
    tosToQoSqueue "64;63;71;67;74;76;66;69;72;75;68;73;70;65;42,0,1,2,3,4,5,6,7,8,9,10,11,12,13,14,15,16,17,18,19,20,21,22,23,24,25,26,27,28,29,30,31,32,33,34,35,36,37,38,39,40,41,43,44,45,46,47,48,49,50,51,52,53,54,55,56,57,58,59,60,61,62"
    schedulingWeights "0.001,0.001,0.001,0.001,0.001,0.001,0.001,0.001,0.001,0.001,0.001,0.001,0.001,0.001,99.986;14.084,13.517,0.823,0.684,0.806,0.914,0.731,0.747,0.909,0.912,0.696,0.822,0.825,0.908,62.623;0.001,0.001,0.001,0.001,0.001,0.001,0.001,0.001,0.001,0.001,0.001,0.001,0.001,0.001,99.986"
    levelsQoS 15
    queueSizes "32,32,32,32,32,32,32,32,32,32,32,32,32,32,32"
  ]
  node [
    id 33
    label "33"
    Country "Czech Republic"
    Longitude 14.21478
    Internal 1
    Latitude 50.78215
    type "inner"
    schedulingPolicy "WFQ"
    tosToQoSqueue "0,1,2,3,4,5,6,7,8,9,10,11,12,13,14,15,16,17,18,19,20,21,22,23,24,25,26,27,28,29,30,31,32,33,34,35,36,37,38,39,40,41,42,43,44,45,46,47,48,49,50,51,52,53,54,55,56,57,58,59,60,61,62,63,64,65,66,67,68,69,70,71,72,73,74,75,76"
    schedulingWeights "100"
    levelsQoS 1
    queueSizes "32"
  ]
  node [
    id 34
    label "34"
    Country "Czech Republic"
    Longitude 14.03227
    Internal 1
    Latitude 50.6607
    type "inner"
    schedulingPolicy "WFQ"
    tosToQoSqueue "0,1,2,3,4,5,6,7,8,9,10,11,12,13,14,15,16,17,18,19,20,21,22,23,24,25,26,27,28,29,30,31,32,33,34,35,36,37,38,39,40,41,42,43,44,45,46,47,48,49,50,51,52,53,54,55,56,57,58,59,60,61,62,63,64,65,66,67,68,69,70,71,72,73,74,75,76"
    schedulingWeights "100;100;100;100"
    levelsQoS 1
    queueSizes "32"
  ]
  node [
    id 35
    label "35"
    Country "Czech Republic"
    Longitude 14.42076
    Internal 1
    Latitude 50.08804
    type "destination_mmtc"
    schedulingPolicy "FIFO"
    levelsQoS "1"
    schedulingWeights "-"
    tosToQoSqueue "0,1,2,3,4,5,6,7,8,9,10,11,12,13,14,15,16,17,18,19,20,21,22,23,24,25,26,27,28,29,30,31,32,33,34,35,36,37,38,39,40,41,42,43,44,45,46,47,48,49,50,51,52,53,54,55,56,57,58,59,60,61,62,63,64,65,66,67,68,69,70,71,72,73,74,75,76"
    queueSizes "32"
  ]
  node [
    id 36
    label "36"
    Country "Czech Republic"
    Longitude 15.05619
    Internal 1
    Latitude 50.76711
    type "inner"
    schedulingPolicy "WFQ"
    tosToQoSqueue "0,1,2,3,4,5,6,7,8,9,10,11,12,13,14,15,16,17,18,19,20,21,22,23,24,25,26,27,28,29,30,31,32,33,34,35,36,37,38,39,40,41,42,43,44,45,46,47,48,49,50,51,52,53,54,55,56,57,58,59,60,61,62,63,64,65,66,67,68,69,70,71,72,73,74,75,76"
    schedulingWeights "100;100"
    levelsQoS 1
    queueSizes "32"
  ]
  node [
    id 37
    label "37"
    Country "Czech Republic"
    Longitude 15.11881
    Internal 1
    Latitude 50.14242
    type "inner"
    schedulingPolicy "WFQ"
    tosToQoSqueue "0,1,2,3,4,5,6,7,8,9,10,11,12,13,14,15,16,17,18,19,20,21,22,23,24,25,26,27,28,29,30,31,32,33,34,35,36,37,38,39,40,41,42,43,44,45,46,47,48,49,50,51,52,53,54,55,56,57,58,59,60,61,62,63,64,65,66,67,68,69,70,71,72,73,74,75,76"
    schedulingWeights "100;100"
    levelsQoS 1
    queueSizes "32"
  ]
  node [
    id 38
    label "38"
    Country "Czech Republic"
    Longitude 14.47434
    Internal 1
    Latitude 48.97447
    type "inner"
    schedulingPolicy "WFQ"
    tosToQoSqueue "0,1,2,3,4,5,6,7,8,9,10,11,12,13,14,15,16,17,18,19,20,21,22,23,24,25,26,27,28,29,30,31,32,33,34,35,36,37,38,39,40,41,42,43,44,45,46,47,48,49,50,51,52,53,54,55,56,57,58,59,60,61,62,63,64,65,66,67,68,69,70,71,72,73,74,75,76"
    schedulingWeights "100;100;100;100;100"
    levelsQoS 1
    queueSizes "32"
  ]
  node [
    id 39
    label "39"
    schedulingPolicy "FIFO"
    levelsQoS "1"
    schedulingWeights "-"
    tosToQoSqueue "0,1,2,3,4,5,6,7,8,9,10,11,12,13,14,15,16,17,18,19,20,21,22,23,24,25,26,27,28,29,30,31,32,33,34,35,36,37,38,39,40,41,42,43,44,45,46,47,48,49,50,51,52,53,54,55,56,57,58,59,60,61,62,63,64,65,66,67,68,69,70,71,72,73,74,75,76"
    queueSizes "32"
    type "destination_urllc"
  ]
  node [
    id 40
    label "40"
    schedulingPolicy "FIFO"
    levelsQoS "1"
    schedulingWeights "-"
    tosToQoSqueue "0,1,2,3,4,5,6,7,8,9,10,11,12,13,14,15,16,17,18,19,20,21,22,23,24,25,26,27,28,29,30,31,32,33,34,35,36,37,38,39,40,41,42,43,44,45,46,47,48,49,50,51,52,53,54,55,56,57,58,59,60,61,62,63,64,65,66,67,68,69,70,71,72,73,74,75,76"
    queueSizes "32"
    type "destination_mmtc"
  ]
  node [
    id 41
    label "41"
    schedulingPolicy "FIFO"
    levelsQoS "1"
    schedulingWeights "-"
    tosToQoSqueue "0,1,2,3,4,5,6,7,8,9,10,11,12,13,14,15,16,17,18,19,20,21,22,23,24,25,26,27,28,29,30,31,32,33,34,35,36,37,38,39,40,41,42,43,44,45,46,47,48,49,50,51,52,53,54,55,56,57,58,59,60,61,62,63,64,65,66,67,68,69,70,71,72,73,74,75,76"
    queueSizes "32"
    type "destination_embb"
  ]
  node [
    id 42
    label "42"
    schedulingPolicy "FIFO"
    levelsQoS "1"
    schedulingWeights "-"
    tosToQoSqueue "0,1,2,3,4,5,6,7,8,9,10,11,12,13,14,15,16,17,18,19,20,21,22,23,24,25,26,27,28,29,30,31,32,33,34,35,36,37,38,39,40,41,42,43,44,45,46,47,48,49,50,51,52,53,54,55,56,57,58,59,60,61,62,63,64,65,66,67,68,69,70,71,72,73,74,75,76"
    queueSizes "32"
    type "origin_embb"
    reservation 15537600.0
  ]
  node [
    id 43
    label "43"
    schedulingPolicy "FIFO"
    levelsQoS "1"
    schedulingWeights "-"
    tosToQoSqueue "0,1,2,3,4,5,6,7,8,9,10,11,12,13,14,15,16,17,18,19,20,21,22,23,24,25,26,27,28,29,30,31,32,33,34,35,36,37,38,39,40,41,42,43,44,45,46,47,48,49,50,51,52,53,54,55,56,57,58,59,60,61,62,63,64,65,66,67,68,69,70,71,72,73,74,75,76"
    queueSizes "32"
    type "origin_embb"
    reservation 20014200.0
  ]
  node [
    id 44
    label "44"
    schedulingPolicy "FIFO"
    levelsQoS "1"
    schedulingWeights "-"
    tosToQoSqueue "0,1,2,3,4,5,6,7,8,9,10,11,12,13,14,15,16,17,18,19,20,21,22,23,24,25,26,27,28,29,30,31,32,33,34,35,36,37,38,39,40,41,42,43,44,45,46,47,48,49,50,51,52,53,54,55,56,57,58,59,60,61,62,63,64,65,66,67,68,69,70,71,72,73,74,75,76"
    queueSizes "32"
    type "origin_embb"
    reservation 19371600.0
  ]
  node [
    id 45
    label "45"
    schedulingPolicy "FIFO"
    levelsQoS "1"
    schedulingWeights "-"
    tosToQoSqueue "0,1,2,3,4,5,6,7,8,9,10,11,12,13,14,15,16,17,18,19,20,21,22,23,24,25,26,27,28,29,30,31,32,33,34,35,36,37,38,39,40,41,42,43,44,45,46,47,48,49,50,51,52,53,54,55,56,57,58,59,60,61,62,63,64,65,66,67,68,69,70,71,72,73,74,75,76"
    queueSizes "32"
    type "origin_urllc"
    reservation 3771950.0
  ]
  node [
    id 46
    label "46"
    schedulingPolicy "FIFO"
    levelsQoS "1"
    schedulingWeights "-"
    tosToQoSqueue "0,1,2,3,4,5,6,7,8,9,10,11,12,13,14,15,16,17,18,19,20,21,22,23,24,25,26,27,28,29,30,31,32,33,34,35,36,37,38,39,40,41,42,43,44,45,46,47,48,49,50,51,52,53,54,55,56,57,58,59,60,61,62,63,64,65,66,67,68,69,70,71,72,73,74,75,76"
    queueSizes "32"
    type "origin_urllc"
    reservation 3633350.0
  ]
  node [
    id 47
    label "47"
    schedulingPolicy "FIFO"
    levelsQoS "1"
    schedulingWeights "-"
    tosToQoSqueue "0,1,2,3,4,5,6,7,8,9,10,11,12,13,14,15,16,17,18,19,20,21,22,23,24,25,26,27,28,29,30,31,32,33,34,35,36,37,38,39,40,41,42,43,44,45,46,47,48,49,50,51,52,53,54,55,56,57,58,59,60,61,62,63,64,65,66,67,68,69,70,71,72,73,74,75,76"
    queueSizes "32"
    type "origin_mmtc"
    reservation 228380.0
  ]
  node [
    id 48
    label "48"
    schedulingPolicy "FIFO"
    levelsQoS "1"
    schedulingWeights "-"
    tosToQoSqueue "0,1,2,3,4,5,6,7,8,9,10,11,12,13,14,15,16,17,18,19,20,21,22,23,24,25,26,27,28,29,30,31,32,33,34,35,36,37,38,39,40,41,42,43,44,45,46,47,48,49,50,51,52,53,54,55,56,57,58,59,60,61,62,63,64,65,66,67,68,69,70,71,72,73,74,75,76"
    queueSizes "32"
    type "origin_mmtc"
    reservation 206180.0
  ]
  node [
    id 49
    label "49"
    schedulingPolicy "FIFO"
    levelsQoS "1"
    schedulingWeights "-"
    tosToQoSqueue "0,1,2,3,4,5,6,7,8,9,10,11,12,13,14,15,16,17,18,19,20,21,22,23,24,25,26,27,28,29,30,31,32,33,34,35,36,37,38,39,40,41,42,43,44,45,46,47,48,49,50,51,52,53,54,55,56,57,58,59,60,61,62,63,64,65,66,67,68,69,70,71,72,73,74,75,76"
    queueSizes "32"
    type "origin_mmtc"
    reservation 206180.0
  ]
  node [
    id 50
    label "50"
    schedulingPolicy "FIFO"
    levelsQoS "1"
    schedulingWeights "-"
    tosToQoSqueue "0,1,2,3,4,5,6,7,8,9,10,11,12,13,14,15,16,17,18,19,20,21,22,23,24,25,26,27,28,29,30,31,32,33,34,35,36,37,38,39,40,41,42,43,44,45,46,47,48,49,50,51,52,53,54,55,56,57,58,59,60,61,62,63,64,65,66,67,68,69,70,71,72,73,74,75,76"
    queueSizes "32"
    type "origin_mmtc"
    reservation 182720.0
  ]
  node [
    id 51
    label "51"
    schedulingPolicy "FIFO"
    levelsQoS "1"
    schedulingWeights "-"
    tosToQoSqueue "0,1,2,3,4,5,6,7,8,9,10,11,12,13,14,15,16,17,18,19,20,21,22,23,24,25,26,27,28,29,30,31,32,33,34,35,36,37,38,39,40,41,42,43,44,45,46,47,48,49,50,51,52,53,54,55,56,57,58,59,60,61,62,63,64,65,66,67,68,69,70,71,72,73,74,75,76"
    queueSizes "32"
    type "origin_mmtc"
    reservation 205400.0
  ]
  node [
    id 52
    label "52"
    schedulingPolicy "FIFO"
    levelsQoS "1"
    schedulingWeights "-"
    tosToQoSqueue "0,1,2,3,4,5,6,7,8,9,10,11,12,13,14,15,16,17,18,19,20,21,22,23,24,25,26,27,28,29,30,31,32,33,34,35,36,37,38,39,40,41,42,43,44,45,46,47,48,49,50,51,52,53,54,55,56,57,58,59,60,61,62,63,64,65,66,67,68,69,70,71,72,73,74,75,76"
    queueSizes "32"
    type "origin_mmtc"
    reservation 213140.0
  ]
  node [
    id 53
    label "53"
    schedulingPolicy "FIFO"
    levelsQoS "1"
    schedulingWeights "-"
    tosToQoSqueue "0,1,2,3,4,5,6,7,8,9,10,11,12,13,14,15,16,17,18,19,20,21,22,23,24,25,26,27,28,29,30,31,32,33,34,35,36,37,38,39,40,41,42,43,44,45,46,47,48,49,50,51,52,53,54,55,56,57,58,59,60,61,62,63,64,65,66,67,68,69,70,71,72,73,74,75,76"
    queueSizes "32"
    type "origin_mmtc"
    reservation 201440.0
  ]
  node [
    id 54
    label "54"
    schedulingPolicy "FIFO"
    levelsQoS "1"
    schedulingWeights "-"
    tosToQoSqueue "0,1,2,3,4,5,6,7,8,9,10,11,12,13,14,15,16,17,18,19,20,21,22,23,24,25,26,27,28,29,30,31,32,33,34,35,36,37,38,39,40,41,42,43,44,45,46,47,48,49,50,51,52,53,54,55,56,57,58,59,60,61,62,63,64,65,66,67,68,69,70,71,72,73,74,75,76"
    queueSizes "32"
    type "origin_mmtc"
    reservation 186860.0
  ]
  node [
    id 55
    label "55"
    schedulingPolicy "FIFO"
    levelsQoS "1"
    schedulingWeights "-"
    tosToQoSqueue "0,1,2,3,4,5,6,7,8,9,10,11,12,13,14,15,16,17,18,19,20,21,22,23,24,25,26,27,28,29,30,31,32,33,34,35,36,37,38,39,40,41,42,43,44,45,46,47,48,49,50,51,52,53,54,55,56,57,58,59,60,61,62,63,64,65,66,67,68,69,70,71,72,73,74,75,76"
    queueSizes "32"
    type "origin_mmtc"
    reservation 189860.0
  ]
  node [
    id 56
    label "56"
    schedulingPolicy "FIFO"
    levelsQoS "1"
    schedulingWeights "-"
    tosToQoSqueue "0,1,2,3,4,5,6,7,8,9,10,11,12,13,14,15,16,17,18,19,20,21,22,23,24,25,26,27,28,29,30,31,32,33,34,35,36,37,38,39,40,41,42,43,44,45,46,47,48,49,50,51,52,53,54,55,56,57,58,59,60,61,62,63,64,65,66,67,68,69,70,71,72,73,74,75,76"
    queueSizes "32"
    type "origin_mmtc"
    reservation 201440.0
  ]
  node [
    id 57
    label "57"
    schedulingPolicy "FIFO"
    levelsQoS "1"
    schedulingWeights "-"
    tosToQoSqueue "0,1,2,3,4,5,6,7,8,9,10,11,12,13,14,15,16,17,18,19,20,21,22,23,24,25,26,27,28,29,30,31,32,33,34,35,36,37,38,39,40,41,42,43,44,45,46,47,48,49,50,51,52,53,54,55,56,57,58,59,60,61,62,63,64,65,66,67,68,69,70,71,72,73,74,75,76"
    queueSizes "32"
    type "origin_mmtc"
    reservation 228200.0
  ]
  node [
    id 58
    label "58"
    schedulingPolicy "FIFO"
    levelsQoS "1"
    schedulingWeights "-"
    tosToQoSqueue "0,1,2,3,4,5,6,7,8,9,10,11,12,13,14,15,16,17,18,19,20,21,22,23,24,25,26,27,28,29,30,31,32,33,34,35,36,37,38,39,40,41,42,43,44,45,46,47,48,49,50,51,52,53,54,55,56,57,58,59,60,61,62,63,64,65,66,67,68,69,70,71,72,73,74,75,76"
    queueSizes "32"
    type "origin_mmtc"
    reservation 174080.0
  ]
  node [
    id 59
    label "59"
    schedulingPolicy "FIFO"
    levelsQoS "1"
    schedulingWeights "-"
    tosToQoSqueue "0,1,2,3,4,5,6,7,8,9,10,11,12,13,14,15,16,17,18,19,20,21,22,23,24,25,26,27,28,29,30,31,32,33,34,35,36,37,38,39,40,41,42,43,44,45,46,47,48,49,50,51,52,53,54,55,56,57,58,59,60,61,62,63,64,65,66,67,68,69,70,71,72,73,74,75,76"
    queueSizes "32"
    type "origin_mmtc"
    reservation 171020.0
  ]
  node [
    id 60
    label "60"
    schedulingPolicy "FIFO"
    levelsQoS "1"
    schedulingWeights "-"
    tosToQoSqueue "0,1,2,3,4,5,6,7,8,9,10,11,12,13,14,15,16,17,18,19,20,21,22,23,24,25,26,27,28,29,30,31,32,33,34,35,36,37,38,39,40,41,42,43,44,45,46,47,48,49,50,51,52,53,54,55,56,57,58,59,60,61,62,63,64,65,66,67,68,69,70,71,72,73,74,75,76"
    queueSizes "32"
    type "origin_mmtc"
    reservation 171020.0
  ]
  node [
    id 61
    label "61"
    schedulingPolicy "FIFO"
    levelsQoS "1"
    schedulingWeights "-"
    tosToQoSqueue "0,1,2,3,4,5,6,7,8,9,10,11,12,13,14,15,16,17,18,19,20,21,22,23,24,25,26,27,28,29,30,31,32,33,34,35,36,37,38,39,40,41,42,43,44,45,46,47,48,49,50,51,52,53,54,55,56,57,58,59,60,61,62,63,64,65,66,67,68,69,70,71,72,73,74,75,76"
    queueSizes "32"
    type "origin_mmtc"
    reservation 201560.0
  ]
  node [
    id 62
    label "62"
    schedulingPolicy "FIFO"
    levelsQoS "1"
    schedulingWeights "-"
    tosToQoSqueue "0,1,2,3,4,5,6,7,8,9,10,11,12,13,14,15,16,17,18,19,20,21,22,23,24,25,26,27,28,29,30,31,32,33,34,35,36,37,38,39,40,41,42,43,44,45,46,47,48,49,50,51,52,53,54,55,56,57,58,59,60,61,62,63,64,65,66,67,68,69,70,71,72,73,74,75,76"
    queueSizes "32"
    type "origin_mmtc"
    reservation 182720.0
  ]
  node [
    id 63
    label "63"
    schedulingPolicy "FIFO"
    levelsQoS "1"
    schedulingWeights "-"
    tosToQoSqueue "0,1,2,3,4,5,6,7,8,9,10,11,12,13,14,15,16,17,18,19,20,21,22,23,24,25,26,27,28,29,30,31,32,33,34,35,36,37,38,39,40,41,42,43,44,45,46,47,48,49,50,51,52,53,54,55,56,57,58,59,60,61,62,63,64,65,66,67,68,69,70,71,72,73,74,75,76"
    queueSizes "32"
    type "origin_urllc"
    reservation 3379250.0
  ]
  node [
    id 64
    label "64"
    schedulingPolicy "FIFO"
    levelsQoS "1"
    schedulingWeights "-"
    tosToQoSqueue "0,1,2,3,4,5,6,7,8,9,10,11,12,13,14,15,16,17,18,19,20,21,22,23,24,25,26,27,28,29,30,31,32,33,34,35,36,37,38,39,40,41,42,43,44,45,46,47,48,49,50,51,52,53,54,55,56,57,58,59,60,61,62,63,64,65,66,67,68,69,70,71,72,73,74,75,76"
    queueSizes "32"
    type "origin_urllc"
    reservation 3521000.0
  ]
  node [
    id 65
    label "65"
    schedulingPolicy "FIFO"
    levelsQoS "1"
    schedulingWeights "-"
    tosToQoSqueue "0,1,2,3,4,5,6,7,8,9,10,11,12,13,14,15,16,17,18,19,20,21,22,23,24,25,26,27,28,29,30,31,32,33,34,35,36,37,38,39,40,41,42,43,44,45,46,47,48,49,50,51,52,53,54,55,56,57,58,59,60,61,62,63,64,65,66,67,68,69,70,71,72,73,74,75,76"
    queueSizes "32"
    type "origin_mmtc"
    reservation 226940.0
  ]
  node [
    id 66
    label "66"
    schedulingPolicy "FIFO"
    levelsQoS "1"
    schedulingWeights "-"
    tosToQoSqueue "0,1,2,3,4,5,6,7,8,9,10,11,12,13,14,15,16,17,18,19,20,21,22,23,24,25,26,27,28,29,30,31,32,33,34,35,36,37,38,39,40,41,42,43,44,45,46,47,48,49,50,51,52,53,54,55,56,57,58,59,60,61,62,63,64,65,66,67,68,69,70,71,72,73,74,75,76"
    queueSizes "32"
    type "origin_mmtc"
    reservation 182720.0
  ]
  node [
    id 67
    label "67"
    schedulingPolicy "FIFO"
    levelsQoS "1"
    schedulingWeights "-"
    tosToQoSqueue "0,1,2,3,4,5,6,7,8,9,10,11,12,13,14,15,16,17,18,19,20,21,22,23,24,25,26,27,28,29,30,31,32,33,34,35,36,37,38,39,40,41,42,43,44,45,46,47,48,49,50,51,52,53,54,55,56,57,58,59,60,61,62,63,64,65,66,67,68,69,70,71,72,73,74,75,76"
    queueSizes "32"
    type "origin_mmtc"
    reservation 171020.0
  ]
  node [
    id 68
    label "68"
    schedulingPolicy "FIFO"
    levelsQoS "1"
    schedulingWeights "-"
    tosToQoSqueue "0,1,2,3,4,5,6,7,8,9,10,11,12,13,14,15,16,17,18,19,20,21,22,23,24,25,26,27,28,29,30,31,32,33,34,35,36,37,38,39,40,41,42,43,44,45,46,47,48,49,50,51,52,53,54,55,56,57,58,59,60,61,62,63,64,65,66,67,68,69,70,71,72,73,74,75,76"
    queueSizes "32"
    type "origin_mmtc"
    reservation 174080.0
  ]
  node [
    id 69
    label "69"
    schedulingPolicy "FIFO"
    levelsQoS "1"
    schedulingWeights "-"
    tosToQoSqueue "0,1,2,3,4,5,6,7,8,9,10,11,12,13,14,15,16,17,18,19,20,21,22,23,24,25,26,27,28,29,30,31,32,33,34,35,36,37,38,39,40,41,42,43,44,45,46,47,48,49,50,51,52,53,54,55,56,57,58,59,60,61,62,63,64,65,66,67,68,69,70,71,72,73,74,75,76"
    queueSizes "32"
    type "origin_mmtc"
    reservation 186860.0
  ]
  node [
    id 70
    label "70"
    schedulingPolicy "FIFO"
    levelsQoS "1"
    schedulingWeights "-"
    tosToQoSqueue "0,1,2,3,4,5,6,7,8,9,10,11,12,13,14,15,16,17,18,19,20,21,22,23,24,25,26,27,28,29,30,31,32,33,34,35,36,37,38,39,40,41,42,43,44,45,46,47,48,49,50,51,52,53,54,55,56,57,58,59,60,61,62,63,64,65,66,67,68,69,70,71,72,73,74,75,76"
    queueSizes "32"
    type "origin_mmtc"
    reservation 206180.0
  ]
  node [
    id 71
    label "71"
    schedulingPolicy "FIFO"
    levelsQoS "1"
    schedulingWeights "-"
    tosToQoSqueue "0,1,2,3,4,5,6,7,8,9,10,11,12,13,14,15,16,17,18,19,20,21,22,23,24,25,26,27,28,29,30,31,32,33,34,35,36,37,38,39,40,41,42,43,44,45,46,47,48,49,50,51,52,53,54,55,56,57,58,59,60,61,62,63,64,65,66,67,68,69,70,71,72,73,74,75,76"
    queueSizes "32"
    type "origin_mmtc"
    reservation 205700.0
  ]
  node [
    id 72
    label "72"
    schedulingPolicy "FIFO"
    levelsQoS "1"
    schedulingWeights "-"
    tosToQoSqueue "0,1,2,3,4,5,6,7,8,9,10,11,12,13,14,15,16,17,18,19,20,21,22,23,24,25,26,27,28,29,30,31,32,33,34,35,36,37,38,39,40,41,42,43,44,45,46,47,48,49,50,51,52,53,54,55,56,57,58,59,60,61,62,63,64,65,66,67,68,69,70,71,72,73,74,75,76"
    queueSizes "32"
    type "origin_mmtc"
    reservation 227300.0
  ]
  node [
    id 73
    label "73"
    schedulingPolicy "FIFO"
    levelsQoS "1"
    schedulingWeights "-"
    tosToQoSqueue "0,1,2,3,4,5,6,7,8,9,10,11,12,13,14,15,16,17,18,19,20,21,22,23,24,25,26,27,28,29,30,31,32,33,34,35,36,37,38,39,40,41,42,43,44,45,46,47,48,49,50,51,52,53,54,55,56,57,58,59,60,61,62,63,64,65,66,67,68,69,70,71,72,73,74,75,76"
    queueSizes "32"
    type "origin_mmtc"
    reservation 205400.0
  ]
  node [
    id 74
    label "74"
    schedulingPolicy "FIFO"
    levelsQoS "1"
    schedulingWeights "-"
    tosToQoSqueue "0,1,2,3,4,5,6,7,8,9,10,11,12,13,14,15,16,17,18,19,20,21,22,23,24,25,26,27,28,29,30,31,32,33,34,35,36,37,38,39,40,41,42,43,44,45,46,47,48,49,50,51,52,53,54,55,56,57,58,59,60,61,62,63,64,65,66,67,68,69,70,71,72,73,74,75,76"
    queueSizes "32"
    type "origin_mmtc"
    reservation 201440.0
  ]
  node [
    id 75
    label "75"
    schedulingPolicy "FIFO"
    levelsQoS "1"
    schedulingWeights "-"
    tosToQoSqueue "0,1,2,3,4,5,6,7,8,9,10,11,12,13,14,15,16,17,18,19,20,21,22,23,24,25,26,27,28,29,30,31,32,33,34,35,36,37,38,39,40,41,42,43,44,45,46,47,48,49,50,51,52,53,54,55,56,57,58,59,60,61,62,63,64,65,66,67,68,69,70,71,72,73,74,75,76"
    queueSizes "32"
    type "origin_mmtc"
    reservation 227900.0
  ]
  node [
    id 76
    label "76"
    schedulingPolicy "FIFO"
    levelsQoS "1"
    schedulingWeights "-"
    tosToQoSqueue "0,1,2,3,4,5,6,7,8,9,10,11,12,13,14,15,16,17,18,19,20,21,22,23,24,25,26,27,28,29,30,31,32,33,34,35,36,37,38,39,40,41,42,43,44,45,46,47,48,49,50,51,52,53,54,55,56,57,58,59,60,61,62,63,64,65,66,67,68,69,70,71,72,73,74,75,76"
    queueSizes "32"
    type "origin_mmtc"
    reservation 228380.0
  ]
  edge [
    source 0
    target 1
    key 0
    LinkLabel "10-34 Mb/s"
    bandwidth 25000000
    traffic ""
    reservation ""
    port 0
  ]
  edge [
    source 0
    target 3
    key 0
    LinkLabel "1-2.5 Gb/s"
    bandwidth 25000000
    traffic "18000000,3500000,200000,200000,200000,200000,200000,200000"
    reservation "20014200.0,3771950.0,228380.0,206180.0,206180.0,182720.0,205400.0,174080.0"
    port 1
  ]
  edge [
    source 0
    target 36
    key 0
    LinkLabel "1-2.5 Gb/s"
    bandwidth 25000000
    traffic ""
    reservation ""
    port 2
  ]
  edge [
    source 0
    target 6
    key 0
    LinkLabel "1-2.5 Gb/s"
    bandwidth 25000000
    traffic "18000000"
    reservation "15537600.0"
    port 3
  ]
  edge [
    source 0
    target 14
    key 0
    LinkLabel "10-34 Mb/s"
    bandwidth 25000000
    traffic ""
    reservation ""
    port 4
  ]
  edge [
    source 0
    target 35
    key 0
    LinkLabel "1-2.5 Gb/s"
    bandwidth 25000000
    traffic ""
    reservation ""
    port 5
  ]
  edge [
    source 1
    target 0
    key 0
    LinkLabel "10-34 Mb/s"
    bandwidth 25000000
    traffic ""
    reservation ""
    port 0
  ]
  edge [
    source 2
    target 38
    key 0
    LinkSpeed "100"
    LinkLabel "100 Mb/s"
    LinkSpeedUnits "M"
    LinkSpeedRaw 100000000.0
    bandwidth 25000000
    traffic ""
    reservation ""
    port 0
  ]
  edge [
    source 3
    target 0
    key 0
    LinkLabel "1-2.5 Gb/s"
    bandwidth 25000000
    traffic ""
    reservation ""
    port 0
  ]
  edge [
    source 3
    target 25
    key 0
    LinkLabel "10-34 Mb/s"
    bandwidth 25000000
    traffic ""
    reservation ""
    port 1
  ]
  edge [
    source 3
    target 35
    key 0
    LinkLabel "1-2.5 Gb/s"
    bandwidth 25000000
    traffic "18000000,200000,200000,200000,200000,200000,200000"
    reservation "20014200.0,228380.0,206180.0,206180.0,182720.0,205400.0,174080.0"
    port 2
  ]
  edge [
    source 3
    target 17
    key 0
    LinkLabel "1-2.5 Gb/s"
    bandwidth 25000000
    traffic ""
    reservation ""
    port 3
  ]
  edge [
    source 3
    target 39
    key 0
    port 4
    weight 1
    bandwidth 350000000
    traffic "3500000,3500000,3500000,3500000"
    reservation "3771950.0,3633350.0,3379250.0,3521000.0"
  ]
  edge [
    source 4
    target 7
    key 0
    LinkLabel "10-34 Mb/s"
    bandwidth 25000000
    traffic ""
    reservation ""
    port 0
  ]
  edge [
    source 5
    target 6
    key 0
    LinkLabel "1-2.5 Gb/s"
    bandwidth 25000000
    traffic ""
    reservation ""
    port 0
  ]
  edge [
    source 5
    target 7
    key 0
    LinkLabel "1-2.5 Gb/s"
    bandwidth 25000000
    traffic "18000000"
    reservation "15537600.0"
    port 1
  ]
  edge [
    source 6
    target 0
    key 0
    LinkLabel "1-2.5 Gb/s"
    bandwidth 25000000
    traffic "18000000,3500000,200000,200000,200000,200000,200000,200000"
    reservation "20014200.0,3771950.0,228380.0,206180.0,206180.0,182720.0,205400.0,174080.0"
    port 0
  ]
  edge [
    source 6
    target 5
    key 0
    LinkLabel "1-2.5 Gb/s"
    bandwidth 25000000
    traffic "18000000"
    reservation "15537600.0"
    port 1
  ]
  edge [
    source 6
    target 9
    key 0
    LinkLabel "1-2.5 Gb/s"
    bandwidth 25000000
    traffic ""
    reservation ""
    port 2
  ]
  edge [
    source 6
    target 7
    key 0
    LinkLabel "1-2.5 Gb/s"
    bandwidth 25000000
    traffic ""
    reservation ""
    port 3
  ]
  edge [
    source 7
    target 4
    key 0
    LinkLabel "10-34 Mb/s"
    bandwidth 25000000
    traffic ""
    reservation ""
    port 0
  ]
  edge [
    source 7
    target 5
    key 0
    LinkLabel "1-2.5 Gb/s"
    bandwidth 25000000
    traffic ""
    reservation ""
    port 1
  ]
  edge [
    source 7
    target 6
    key 0
    LinkLabel "1-2.5 Gb/s"
    bandwidth 25000000
    traffic ""
    reservation ""
    port 2
  ]
  edge [
    source 7
    target 35
    key 0
    LinkLabel "DWDM"
    bandwidth 25000000
    traffic "3500000,200000,200000,200000,200000,200000,200000,200000,200000,200000,200000"
    reservation "3633350.0,213140.0,201440.0,186860.0,189860.0,201440.0,228200.0,171020.0,171020.0,201560.0,182720.0"
    port 3
  ]
  edge [
    source 7
    target 8
    key 0
    LinkLabel "10-34 Mb/s"
    bandwidth 25000000
    traffic ""
    reservation ""
    port 4
  ]
  edge [
    source 7
    target 9
    key 0
    LinkLabel "1-2.5 Gb/s"
    bandwidth 25000000
    traffic ""
    reservation ""
    port 5
  ]
  edge [
    source 7
    target 16
    key 0
    LinkLabel "1-2.5 Gb/s"
    bandwidth 25000000
    traffic ""
    reservation ""
    port 6
  ]
  edge [
    source 7
    target 18
    key 0
    LinkLabel "1-2.5 Gb/s"
    bandwidth 25000000
    traffic ""
    reservation ""
    port 7
  ]
  edge [
    source 7
    target 38
    key 0
    LinkLabel "1-2.5 Gb/s"
    bandwidth 25000000
    traffic ""
    reservation ""
    port 8
  ]
  edge [
    source 7
    target 41
    key 0
    port 9
    weight 1
    bandwidth 350000000
    traffic "18000000,18000000,18000000"
    reservation "15537600.0,20014200.0,19371600.0"
  ]
  edge [
    source 8
    target 7
    key 0
    LinkLabel "10-34 Mb/s"
    bandwidth 25000000
    traffic ""
    reservation ""
    port 0
  ]
  edge [
    source 9
    target 6
    key 0
    LinkLabel "1-2.5 Gb/s"
    bandwidth 25000000
    traffic "18000000,3500000,200000,200000,200000,200000,200000,200000"
    reservation "20014200.0,3771950.0,228380.0,206180.0,206180.0,182720.0,205400.0,174080.0"
    port 0
  ]
  edge [
    source 9
    target 7
    key 0
    LinkLabel "1-2.5 Gb/s"
    bandwidth 25000000
    traffic "18000000,3500000,200000,200000,200000,200000,200000,200000,200000,200000,200000,200000"
    reservation "19371600.0,3633350.0,213140.0,201440.0,186860.0,189860.0,201440.0,228200.0,171020.0,171020.0,201560.0,182720.0"
    port 1
  ]
  edge [
    source 9
    target 24
    key 0
    LinkSpeed "100"
    LinkLabel "100 Mb/s"
    LinkSpeedUnits "M"
    LinkSpeedRaw 100000000.0
    bandwidth 25000000
    traffic ""
    reservation ""
    port 2
  ]
  edge [
    source 9
    target 10
    key 0
    LinkLabel "1-2.5 Gb/s"
    bandwidth 25000000
    traffic ""
    reservation ""
    port 3
  ]
  edge [
    source 9
    target 23
    key 0
    LinkSpeed "100"
    LinkLabel "100 Mb/s"
    LinkSpeedUnits "M"
    LinkSpeedRaw 100000000.0
    bandwidth 25000000
    traffic ""
    reservation ""
    port 4
  ]
  edge [
    source 9
    target 44
    key 0
    port 5
    weight 1
    bandwidth 50000000
    traffic ""
    reservation ""
  ]
  edge [
    source 9
    target 45
    key 0
    port 6
    weight 1
    bandwidth 50000000
    traffic ""
    reservation ""
  ]
  edge [
    source 9
    target 46
    key 0
    port 7
    weight 1
    bandwidth 50000000
    traffic ""
    reservation ""
  ]
  edge [
    source 9
    target 47
    key 0
    port 8
    weight 1
    bandwidth 50000000
    traffic ""
    reservation ""
  ]
  edge [
    source 9
    target 48
    key 0
    port 9
    weight 1
    bandwidth 50000000
    traffic ""
    reservation ""
  ]
  edge [
    source 9
    target 49
    key 0
    port 10
    weight 1
    bandwidth 50000000
    traffic ""
    reservation ""
  ]
  edge [
    source 9
    target 50
    key 0
    port 11
    weight 1
    bandwidth 50000000
    traffic ""
    reservation ""
  ]
  edge [
    source 9
    target 51
    key 0
    port 12
    weight 1
    bandwidth 50000000
    traffic ""
    reservation ""
  ]
  edge [
    source 9
    target 52
    key 0
    port 13
    weight 1
    bandwidth 50000000
    traffic ""
    reservation ""
  ]
  edge [
    source 9
    target 53
    key 0
    port 14
    weight 1
    bandwidth 50000000
    traffic ""
    reservation ""
  ]
  edge [
    source 9
    target 54
    key 0
    port 15
    weight 1
    bandwidth 50000000
    traffic ""
    reservation ""
  ]
  edge [
    source 9
    target 55
    key 0
    port 16
    weight 1
    bandwidth 50000000
    traffic ""
    reservation ""
  ]
  edge [
    source 9
    target 56
    key 0
    port 17
    weight 1
    bandwidth 50000000
    traffic ""
    reservation ""
  ]
  edge [
    source 9
    target 57
    key 0
    port 18
    weight 1
    bandwidth 50000000
    traffic ""
    reservation ""
  ]
  edge [
    source 9
    target 58
    key 0
    port 19
    weight 1
    bandwidth 50000000
    traffic ""
    reservation ""
  ]
  edge [
    source 9
    target 59
    key 0
    port 20
    weight 1
    bandwidth 50000000
    traffic ""
    reservation ""
  ]
  edge [
    source 9
    target 60
    key 0
    port 21
    weight 1
    bandwidth 50000000
    traffic ""
    reservation ""
  ]
  edge [
    source 9
    target 61
    key 0
    port 22
    weight 1
    bandwidth 50000000
    traffic ""
    reservation ""
  ]
  edge [
    source 9
    target 62
    key 0
    port 23
    weight 1
    bandwidth 50000000
    traffic ""
    reservation ""
  ]
  edge [
    source 10
    target 9
    key 0
    LinkLabel "1-2.5 Gb/s"
    bandwidth 25000000
    traffic "18000000"
    reservation "20014200.0"
    port 0
  ]
  edge [
    source 10
    target 43
    key 0
    port 1
    weight 1
    bandwidth 50000000
    traffic ""
    reservation ""
  ]
  edge [
    source 11
    target 35
    key 0
    LinkLabel "10-34 Mb/s"
    bandwidth 25000000
    traffic ""
    reservation ""
    port 0
  ]
  edge [
    source 12
    target 35
    key 0
    LinkLabel "10-34 Mb/s"
    bandwidth 25000000
    traffic ""
    reservation ""
    port 0
  ]
  edge [
    source 13
    target 34
    key 0
    LinkLabel "10-34 Mb/s"
    bandwidth 25000000
    traffic ""
    reservation ""
    port 0
  ]
  edge [
    source 14
    target 0
    key 0
    LinkLabel "10-34 Mb/s"
    bandwidth 25000000
    traffic ""
    reservation ""
    port 0
  ]
  edge [
    source 15
    target 23
    key 0
    LinkLabel "10-34 Mb/s"
    bandwidth 25000000
    traffic ""
    reservation ""
    port 0
  ]
  edge [
    source 16
    target 7
    key 0
    LinkLabel "1-2.5 Gb/s"
    bandwidth 25000000
    traffic ""
    reservation ""
    port 0
  ]
  edge [
    source 17
    target 3
    key 0
    LinkLabel "1-2.5 Gb/s"
    bandwidth 25000000
    traffic ""
    reservation ""
    port 0
  ]
  edge [
    source 17
    target 19
    key 0
    LinkLabel "10-34 Mb/s"
    bandwidth 25000000
    traffic ""
    reservation ""
    port 1
  ]
  edge [
    source 18
    target 7
    key 0
    LinkLabel "1-2.5 Gb/s"
    bandwidth 25000000
    traffic ""
    reservation ""
    port 0
  ]
  edge [
    source 19
    target 17
    key 0
    LinkLabel "10-34 Mb/s"
    bandwidth 25000000
    traffic ""
    reservation ""
    port 0
  ]
  edge [
    source 20
    target 37
    key 0
    LinkLabel "10-34 Mb/s"
    bandwidth 25000000
    traffic ""
    reservation ""
    port 0
  ]
  edge [
    source 21
    target 38
    key 0
    LinkLabel "10-34 Mb/s"
    bandwidth 25000000
    traffic ""
    reservation ""
    port 0
  ]
  edge [
    source 22
    target 35
    key 0
    LinkLabel "1-2.5 Gb/s"
    bandwidth 25000000
    traffic ""
    reservation ""
    port 0
  ]
  edge [
    source 23
    target 9
    key 0
    LinkSpeed "100"
    LinkLabel "100 Mb/s"
    LinkSpeedUnits "M"
    LinkSpeedRaw 100000000.0
    bandwidth 25000000
    traffic ""
    reservation ""
    port 0
  ]
  edge [
    source 23
    target 15
    key 0
    LinkLabel "10-34 Mb/s"
    bandwidth 25000000
    traffic ""
    reservation ""
    port 1
  ]
  edge [
    source 24
    target 9
    key 0
    LinkSpeed "100"
    LinkLabel "100 Mb/s"
    LinkSpeedUnits "M"
    LinkSpeedRaw 100000000.0
    bandwidth 25000000
    traffic ""
    reservation ""
    port 0
  ]
  edge [
    source 25
    target 3
    key 0
    LinkLabel "10-34 Mb/s"
    bandwidth 25000000
    traffic ""
    reservation ""
    port 0
  ]
  edge [
    source 26
    target 35
    key 0
    LinkLabel "10-34 Mb/s"
    bandwidth 25000000
    traffic ""
    reservation ""
    port 0
  ]
  edge [
    source 27
    target 35
    key 0
    LinkLabel "10-34 Mb/s"
    bandwidth 25000000
    traffic ""
    reservation ""
    port 0
  ]
  edge [
    source 28
    target 38
    key 0
    LinkLabel "10-34 Mb/s"
    bandwidth 25000000
    traffic ""
    reservation ""
    port 0
  ]
  edge [
    source 29
    target 35
    key 0
    LinkSpeed "10"
    LinkLabel "10 Gb/s"
    LinkSpeedUnits "G"
    LinkSpeedRaw 10000000000.0
    bandwidth 25000000
    traffic ""
    reservation ""
    port 0
  ]
  edge [
    source 30
    target 35
    key 0
    LinkSpeed "800"
    LinkLabel "800 Mb/s"
    LinkSpeedUnits "M"
    LinkSpeedRaw 800000000.0
    bandwidth 25000000
    traffic ""
    reservation ""
    port 0
  ]
  edge [
    source 31
    target 32
    key 0
    LinkSpeed "100"
    LinkLabel "100 Mb/s"
    LinkSpeedUnits "M"
    LinkSpeedRaw 100000000.0
    bandwidth 25000000
    traffic "18000000,3500000,3500000,200000,200000,200000,200000,200000,200000,200000,200000,200000,200000,200000,200000"
    reservation "15537600.0,3379250.0,3521000.0,226940.0,182720.0,171020.0,174080.0,186860.0,206180.0,205700.0,227300.0,205400.0,201440.0,227900.0,228380.0"
    port 0
  ]
  edge [
    source 31
    target 42
    key 0
    port 1
    weight 1
    bandwidth 50000000
    traffic ""
    reservation ""
  ]
  edge [
    source 31
    target 63
    key 0
    port 2
    weight 1
    bandwidth 50000000
    traffic ""
    reservation ""
  ]
  edge [
    source 31
    target 64
    key 0
    port 3
    weight 1
    bandwidth 50000000
    traffic ""
    reservation ""
  ]
  edge [
    source 31
    target 65
    key 0
    port 4
    weight 1
    bandwidth 50000000
    traffic ""
    reservation ""
  ]
  edge [
    source 31
    target 66
    key 0
    port 5
    weight 1
    bandwidth 50000000
    traffic ""
    reservation ""
  ]
  edge [
    source 31
    target 67
    key 0
    port 6
    weight 1
    bandwidth 50000000
    traffic ""
    reservation ""
  ]
  edge [
    source 31
    target 68
    key 0
    port 7
    weight 1
    bandwidth 50000000
    traffic ""
    reservation ""
  ]
  edge [
    source 31
    target 69
    key 0
    port 8
    weight 1
    bandwidth 50000000
    traffic ""
    reservation ""
  ]
  edge [
    source 31
    target 70
    key 0
    port 9
    weight 1
    bandwidth 50000000
    traffic ""
    reservation ""
  ]
  edge [
    source 31
    target 71
    key 0
    port 10
    weight 1
    bandwidth 50000000
    traffic ""
    reservation ""
  ]
  edge [
    source 31
    target 72
    key 0
    port 11
    weight 1
    bandwidth 50000000
    traffic ""
    reservation ""
  ]
  edge [
    source 31
    target 73
    key 0
    port 12
    weight 1
    bandwidth 50000000
    traffic ""
    reservation ""
  ]
  edge [
    source 31
    target 74
    key 0
    port 13
    weight 1
    bandwidth 50000000
    traffic ""
    reservation ""
  ]
  edge [
    source 31
    target 75
    key 0
    port 14
    weight 1
    bandwidth 50000000
    traffic ""
    reservation ""
  ]
  edge [
    source 31
    target 76
    key 0
    port 15
    weight 1
    bandwidth 50000000
    traffic ""
    reservation ""
  ]
  edge [
    source 32
    target 31
    key 0
    LinkSpeed "100"
    LinkLabel "100 Mb/s"
    LinkSpeedUnits "M"
    LinkSpeedRaw 100000000.0
    bandwidth 25000000
    traffic ""
    reservation ""
    port 0
  ]
  edge [
    source 32
    target 35
    key 0
    LinkLabel "1-2.5 Gb/s"
    bandwidth 25000000
    traffic "18000000,3500000,3500000,200000,200000,200000,200000,200000,200000,200000,200000,200000,200000,200000,200000"
    reservation "15537600.0,3379250.0,3521000.0,226940.0,182720.0,171020.0,174080.0,186860.0,206180.0,205700.0,227300.0,205400.0,201440.0,227900.0,228380.0"
    port 1
  ]
  edge [
    source 32
    target 38
    key 0
    LinkLabel "1-2.5 Gb/s"
    bandwidth 25000000
    traffic ""
    reservation ""
    port 2
  ]
  edge [
    source 33
    target 34
    key 0
    LinkSpeed "100"
    LinkLabel "100 Mb/s"
    LinkSpeedUnits "M"
    LinkSpeedRaw 100000000.0
    bandwidth 25000000
    traffic ""
    reservation ""
    port 0
  ]
  edge [
    source 34
    target 13
    key 0
    LinkLabel "10-34 Mb/s"
    bandwidth 25000000
    traffic ""
    reservation ""
    port 0
  ]
  edge [
    source 34
    target 33
    key 0
    LinkSpeed "100"
    LinkLabel "100 Mb/s"
    LinkSpeedUnits "M"
    LinkSpeedRaw 100000000.0
    bandwidth 25000000
    traffic ""
    reservation ""
    port 1
  ]
  edge [
    source 34
    target 35
    key 0
    LinkLabel "1-2.5 Gb/s"
    bandwidth 25000000
    traffic ""
    reservation ""
    port 2
  ]
  edge [
    source 34
    target 36
    key 0
    LinkLabel "1-2.5 Gb/s"
    bandwidth 25000000
    traffic ""
    reservation ""
    port 3
  ]
  edge [
    source 35
    target 0
    key 0
    LinkLabel "1-2.5 Gb/s"
    bandwidth 25000000
    traffic "18000000"
    reservation "15537600.0"
    port 0
  ]
  edge [
    source 35
    target 3
    key 0
    LinkLabel "1-2.5 Gb/s"
    bandwidth 25000000
    traffic "3500000,3500000,3500000"
    reservation "3633350.0,3379250.0,3521000.0"
    port 1
  ]
  edge [
    source 35
    target 7
    key 0
    LinkLabel "DWDM"
    bandwidth 25000000
    traffic "18000000"
    reservation "20014200.0"
    port 2
  ]
  edge [
    source 35
    target 11
    key 0
    LinkLabel "10-34 Mb/s"
    bandwidth 25000000
    traffic ""
    reservation ""
    port 3
  ]
  edge [
    source 35
    target 12
    key 0
    LinkLabel "10-34 Mb/s"
    bandwidth 25000000
    traffic ""
    reservation ""
    port 4
  ]
  edge [
    source 35
    target 22
    key 0
    LinkLabel "1-2.5 Gb/s"
    bandwidth 25000000
    traffic ""
    reservation ""
    port 5
  ]
  edge [
    source 35
    target 26
    key 0
    LinkLabel "10-34 Mb/s"
    bandwidth 25000000
    traffic ""
    reservation ""
    port 6
  ]
  edge [
    source 35
    target 27
    key 0
    LinkLabel "10-34 Mb/s"
    bandwidth 25000000
    traffic ""
    reservation ""
    port 7
  ]
  edge [
    source 35
    target 29
    key 0
    LinkSpeed "10"
    LinkLabel "10 Gb/s"
    LinkSpeedUnits "G"
    LinkSpeedRaw 10000000000.0
    bandwidth 25000000
    traffic ""
    reservation ""
    port 8
  ]
  edge [
    source 35
    target 30
    key 0
    LinkSpeed "800"
    LinkLabel "800 Mb/s"
    LinkSpeedUnits "M"
    LinkSpeedRaw 800000000.0
    bandwidth 25000000
    traffic ""
    reservation ""
    port 9
  ]
  edge [
    source 35
    target 32
    key 0
    LinkLabel "1-2.5 Gb/s"
    bandwidth 25000000
    traffic ""
    reservation ""
    port 10
  ]
  edge [
    source 35
    target 34
    key 0
    LinkLabel "1-2.5 Gb/s"
    bandwidth 25000000
    traffic ""
    reservation ""
    port 11
  ]
  edge [
    source 35
    target 37
    key 0
    LinkLabel "10-34 Mb/s"
    bandwidth 25000000
    traffic ""
    reservation ""
    port 12
  ]
  edge [
    source 35
    target 40
    key 0
    port 13
    weight 1
    bandwidth 350000000
    traffic "200000,200000,200000,200000,200000,200000,200000,200000,200000,200000,200000,200000,200000,200000,200000,200000,200000,200000,200000,200000,200000,200000,200000,200000,200000,200000,200000,200000"
    reservation "228380.0,206180.0,206180.0,182720.0,205400.0,213140.0,201440.0,186860.0,189860.0,201440.0,228200.0,174080.0,171020.0,171020.0,201560.0,182720.0,226940.0,182720.0,171020.0,174080.0,186860.0,206180.0,205700.0,227300.0,205400.0,201440.0,227900.0,228380.0"
  ]
  edge [
    source 36
    target 0
    key 0
    LinkLabel "1-2.5 Gb/s"
    bandwidth 25000000
    traffic ""
    reservation ""
    port 0
  ]
  edge [
    source 36
    target 34
    key 0
    LinkLabel "1-2.5 Gb/s"
    bandwidth 25000000
    traffic ""
    reservation ""
    port 1
  ]
  edge [
    source 37
    target 20
    key 0
    LinkLabel "10-34 Mb/s"
    bandwidth 25000000
    traffic ""
    reservation ""
    port 0
  ]
  edge [
    source 37
    target 35
    key 0
    LinkLabel "10-34 Mb/s"
    bandwidth 25000000
    traffic ""
    reservation ""
    port 1
  ]
  edge [
    source 38
    target 2
    key 0
    LinkSpeed "100"
    LinkLabel "100 Mb/s"
    LinkSpeedUnits "M"
    LinkSpeedRaw 100000000.0
    bandwidth 25000000
    traffic ""
    reservation ""
    port 0
  ]
  edge [
    source 38
    target 7
    key 0
    LinkLabel "1-2.5 Gb/s"
    bandwidth 25000000
    traffic ""
    reservation ""
    port 1
  ]
  edge [
    source 38
    target 21
    key 0
    LinkLabel "10-34 Mb/s"
    bandwidth 25000000
    traffic ""
    reservation ""
    port 2
  ]
  edge [
    source 38
    target 28
    key 0
    LinkLabel "10-34 Mb/s"
    bandwidth 25000000
    traffic ""
    reservation ""
    port 3
  ]
  edge [
    source 38
    target 32
    key 0
    LinkLabel "1-2.5 Gb/s"
    bandwidth 25000000
    traffic ""
    reservation ""
    port 4
  ]
  edge [
    source 39
    target 3
    key 0
    port 0
    weight 1
    bandwidth 350000000
    traffic ""
    reservation ""
  ]
  edge [
    source 40
    target 35
    key 0
    port 0
    weight 1
    bandwidth 350000000
    traffic ""
    reservation ""
  ]
  edge [
    source 41
    target 7
    key 0
    port 0
    weight 1
    bandwidth 350000000
    traffic ""
    reservation ""
  ]
  edge [
    source 42
    target 31
    key 0
    port 0
    weight 1
    bandwidth 50000000
    traffic "18000000"
    reservation "15537600.0"
  ]
  edge [
    source 43
    target 10
    key 0
    port 0
    weight 1
    bandwidth 50000000
    traffic "18000000"
    reservation "20014200.0"
  ]
  edge [
    source 44
    target 9
    key 0
    port 0
    weight 1
    bandwidth 50000000
    traffic "18000000"
    reservation "19371600.0"
  ]
  edge [
    source 45
    target 9
    key 0
    port 0
    weight 1
    bandwidth 50000000
    traffic "3500000"
    reservation "3771950.0"
  ]
  edge [
    source 46
    target 9
    key 0
    port 0
    weight 1
    bandwidth 50000000
    traffic "3500000"
    reservation "3633350.0"
  ]
  edge [
    source 47
    target 9
    key 0
    port 0
    weight 1
    bandwidth 50000000
    traffic "200000"
    reservation "228380.0"
  ]
  edge [
    source 48
    target 9
    key 0
    port 0
    weight 1
    bandwidth 50000000
    traffic "200000"
    reservation "206180.0"
  ]
  edge [
    source 49
    target 9
    key 0
    port 0
    weight 1
    bandwidth 50000000
    traffic "200000"
    reservation "206180.0"
  ]
  edge [
    source 50
    target 9
    key 0
    port 0
    weight 1
    bandwidth 50000000
    traffic "200000"
    reservation "182720.0"
  ]
  edge [
    source 51
    target 9
    key 0
    port 0
    weight 1
    bandwidth 50000000
    traffic "200000"
    reservation "205400.0"
  ]
  edge [
    source 52
    target 9
    key 0
    port 0
    weight 1
    bandwidth 50000000
    traffic "200000"
    reservation "213140.0"
  ]
  edge [
    source 53
    target 9
    key 0
    port 0
    weight 1
    bandwidth 50000000
    traffic "200000"
    reservation "201440.0"
  ]
  edge [
    source 54
    target 9
    key 0
    port 0
    weight 1
    bandwidth 50000000
    traffic "200000"
    reservation "186860.0"
  ]
  edge [
    source 55
    target 9
    key 0
    port 0
    weight 1
    bandwidth 50000000
    traffic "200000"
    reservation "189860.0"
  ]
  edge [
    source 56
    target 9
    key 0
    port 0
    weight 1
    bandwidth 50000000
    traffic "200000"
    reservation "201440.0"
  ]
  edge [
    source 57
    target 9
    key 0
    port 0
    weight 1
    bandwidth 50000000
    traffic "200000"
    reservation "228200.0"
  ]
  edge [
    source 58
    target 9
    key 0
    port 0
    weight 1
    bandwidth 50000000
    traffic "200000"
    reservation "174080.0"
  ]
  edge [
    source 59
    target 9
    key 0
    port 0
    weight 1
    bandwidth 50000000
    traffic "200000"
    reservation "171020.0"
  ]
  edge [
    source 60
    target 9
    key 0
    port 0
    weight 1
    bandwidth 50000000
    traffic "200000"
    reservation "171020.0"
  ]
  edge [
    source 61
    target 9
    key 0
    port 0
    weight 1
    bandwidth 50000000
    traffic "200000"
    reservation "201560.0"
  ]
  edge [
    source 62
    target 9
    key 0
    port 0
    weight 1
    bandwidth 50000000
    traffic "200000"
    reservation "182720.0"
  ]
  edge [
    source 63
    target 31
    key 0
    port 0
    weight 1
    bandwidth 50000000
    traffic "3500000"
    reservation "3379250.0"
  ]
  edge [
    source 64
    target 31
    key 0
    port 0
    weight 1
    bandwidth 50000000
    traffic "3500000"
    reservation "3521000.0"
  ]
  edge [
    source 65
    target 31
    key 0
    port 0
    weight 1
    bandwidth 50000000
    traffic "200000"
    reservation "226940.0"
  ]
  edge [
    source 66
    target 31
    key 0
    port 0
    weight 1
    bandwidth 50000000
    traffic "200000"
    reservation "182720.0"
  ]
  edge [
    source 67
    target 31
    key 0
    port 0
    weight 1
    bandwidth 50000000
    traffic "200000"
    reservation "171020.0"
  ]
  edge [
    source 68
    target 31
    key 0
    port 0
    weight 1
    bandwidth 50000000
    traffic "200000"
    reservation "174080.0"
  ]
  edge [
    source 69
    target 31
    key 0
    port 0
    weight 1
    bandwidth 50000000
    traffic "200000"
    reservation "186860.0"
  ]
  edge [
    source 70
    target 31
    key 0
    port 0
    weight 1
    bandwidth 50000000
    traffic "200000"
    reservation "206180.0"
  ]
  edge [
    source 71
    target 31
    key 0
    port 0
    weight 1
    bandwidth 50000000
    traffic "200000"
    reservation "205700.0"
  ]
  edge [
    source 72
    target 31
    key 0
    port 0
    weight 1
    bandwidth 50000000
    traffic "200000"
    reservation "227300.0"
  ]
  edge [
    source 73
    target 31
    key 0
    port 0
    weight 1
    bandwidth 50000000
    traffic "200000"
    reservation "205400.0"
  ]
  edge [
    source 74
    target 31
    key 0
    port 0
    weight 1
    bandwidth 50000000
    traffic "200000"
    reservation "201440.0"
  ]
  edge [
    source 75
    target 31
    key 0
    port 0
    weight 1
    bandwidth 50000000
    traffic "200000"
    reservation "227900.0"
  ]
  edge [
    source 76
    target 31
    key 0
    port 0
    weight 1
    bandwidth 50000000
    traffic "200000"
    reservation "228380.0"
  ]
]
