graph [
  directed 1
  multigraph 1
  GeoLocation "France"
  GeoExtent "Country"
  Network "Renater"
  Provenance "Secondary"
  Note "Very hard to work out but they do appear to have 'customers', rather than acting as an ISP"
  Source "http://replay.waybackmachine.org/20001005152313/http://www.renater.fr/Reseau/Renater2/NRD_Carte.htm"
  Version "1.0"
  Type "REN"
  DateType "Historic"
  Backbone 1
  Commercial 0
  label "Renater1999"
  ToolsetVersion "0.3.34dev-20120328"
  Customer 1
  IX 0
  SourceGitVersion "e278b1b"
  DateModifier "="
  DateMonth "07"
  LastAccess "1/02/11"
  Access 0
  Layer "IP"
  Creator "Topology Zoo Toolset"
  Developed 1
  Transit 0
  NetworkDate "1999_07"
  DateYear "1999"
  LastProcessed "2011_09_01"
  Testbed 0
  levelsToS 99
  node [
    id 0
    label "0"
    Country "France"
    Longitude -0.56667
    Internal 1
    Latitude 44.83333
    type "inner"
    schedulingPolicy "WFQ"
    tosToQoSqueue "0,1,2,3,4,5,6,7,8,9,10,11,12,13,14,15,16,17,18,19,20,21,22,23,24,25,26,27,28,29,30,31,32,33,34,35,36,37,38,39,40,41,42,43,44,45,46,47,48,49,50,51,52,53,54,55,56,57,58,59,60,61,62,63,64,65,66,67,68,69,70,71,72,73,74,75,76,77,78,79,80,81,82,83,84,85,86,87,88,89,90,91,92,93,94,95,96,97,98"
    schedulingWeights "100"
    levelsQoS 1
    queueSizes "32"
  ]
  node [
    id 1
    label "1"
    Country "France"
    Longitude 1.44367
    Internal 1
    Latitude 43.60426
    type "inner"
    schedulingPolicy "WFQ"
    tosToQoSqueue "0,1,2,3,4,5,6,7,8,9,10,11,12,13,14,15,16,17,18,19,20,21,22,23,24,25,26,27,28,29,30,31,32,33,34,35,36,37,38,39,40,41,42,43,44,45,46,47,48,49,50,51,52,53,54,55,56,57,58,59,60,61,62,63,64,65,66,67,68,69,70,71,72,73,74,75,76,77,78,79,80,81,82,83,84,85,86,87,88,89,90,91,92,93,94,95,96,97,98"
    schedulingWeights "100;100"
    levelsQoS 1
    queueSizes "32"
  ]
  node [
    id 2
    label "2"
    Country "France"
    Longitude 1.9
    Internal 1
    Latitude 47.91667
    type "inner"
    schedulingPolicy "WFQ"
    tosToQoSqueue "35,37,39,40,41,43,58,62,67,68,69;31,44,55,60,64;59,66;54,57;32,36,45;53,56,63;33,38,0,1,2,3,4,5,6,7,8,9,10,11,12,13,14,15,16,17,18,19,20,21,22,23,24,25,26,27,28,29,30,34,42,46,47,48,49,50,51,52,61,65,70,71,72,73,74,75,76,77,78,79,80,81,82,83,84,85,86,87,88,89,90,91,92,93,94,95,96,97,98"
    schedulingWeights "0.001,0.001,0.001,0.001,0.001,0.001,99.994;39.493,17.075,7.475,6.301,9.048,11.688,8.921"
    levelsQoS 7
    queueSizes "32,32,32,32,32,32,32"
  ]
  node [
    id 3
    label "3"
    Country "France"
    Longitude 1.2578
    Internal 1
    Latitude 45.83153
    type "inner"
    schedulingPolicy "WFQ"
    tosToQoSqueue "0,1,2,3,4,5,6,7,8,9,10,11,12,13,14,15,16,17,18,19,20,21,22,23,24,25,26,27,28,29,30,31,32,33,34,35,36,37,38,39,40,41,42,43,44,45,46,47,48,49,50,51,52,53,54,55,56,57,58,59,60,61,62,63,64,65,66,67,68,69,70,71,72,73,74,75,76,77,78,79,80,81,82,83,84,85,86,87,88,89,90,91,92,93,94,95,96,97,98"
    schedulingWeights "100"
    levelsQoS 1
    queueSizes "32"
  ]
  node [
    id 4
    label "4"
    Country "France"
    Longitude 5.01667
    Internal 1
    Latitude 47.31667
    type "inner"
    schedulingPolicy "WFQ"
    tosToQoSqueue "0,1,2,3,4,5,6,7,8,9,10,11,12,13,14,15,16,17,18,19,20,21,22,23,24,25,26,27,28,29,30,31,32,33,34,35,36,37,38,39,40,41,42,43,44,45,46,47,48,49,50,51,52,53,54,55,56,57,58,59,60,61,62,63,64,65,66,67,68,69,70,71,72,73,74,75,76,77,78,79,80,81,82,83,84,85,86,87,88,89,90,91,92,93,94,95,96,97,98"
    schedulingWeights "100;100"
    levelsQoS 1
    queueSizes "32"
  ]
  node [
    id 5
    label "5"
    Country "France"
    Longitude 6.03333
    Internal 1
    Latitude 47.25
    type "inner"
    schedulingPolicy "WFQ"
    tosToQoSqueue "0,1,2,3,4,5,6,7,8,9,10,11,12,13,14,15,16,17,18,19,20,21,22,23,24,25,26,27,28,29,30,31,32,33,34,35,36,37,38,39,40,41,42,43,44,45,46,47,48,49,50,51,52,53,54,55,56,57,58,59,60,61,62,63,64,65,66,67,68,69,70,71,72,73,74,75,76,77,78,79,80,81,82,83,84,85,86,87,88,89,90,91,92,93,94,95,96,97,98"
    schedulingWeights "100"
    levelsQoS 1
    queueSizes "32"
  ]
  node [
    id 6
    label "6"
    Country "France"
    Longitude 3.88333
    Internal 1
    Latitude 43.6
    type "inner"
    schedulingPolicy "WFQ"
    tosToQoSqueue "0,1,2,3,4,5,6,7,8,9,10,11,12,13,14,15,16,17,18,19,20,21,22,23,24,25,26,27,28,29,30,31,32,33,34,35,36,37,38,39,40,41,42,43,44,45,46,47,48,49,50,51,52,53,54,55,56,57,58,59,60,61,62,63,64,65,66,67,68,69,70,71,72,73,74,75,76,77,78,79,80,81,82,83,84,85,86,87,88,89,90,91,92,93,94,95,96,97,98"
    schedulingWeights "100"
    levelsQoS 1
    queueSizes "32"
  ]
  node [
    id 7
    label "7"
    Country "France"
    Longitude 3.08333
    Internal 1
    Latitude 45.78333
    type "antenna"
    schedulingPolicy "WFQ"
    tosToQoSqueue "35,37,39,40,41,43;31,44;32,36,45;33,38;48;49,52;51;47;46;42;50;34;27,0,1,2,3,4,5,6,7,8,9,10,11,12,13,14,15,16,17,18,19,20,21,22,23,24,25,26,28,29,30,53,54,55,56,57,58,59,60,61,62,63,64,65,66,67,68,69,70,71,72,73,74,75,76,77,78,79,80,81,82,83,84,85,86,87,88,89,90,91,92,93,94,95,96,97,98"
    schedulingWeights "21.542,6.83,9.048,7.716,0.228,0.438,0.195,0.205,0.176,0.212,0.187,17.06,36.164;0.001,0.001,0.001,0.001,0.001,0.001,0.001,0.001,0.001,0.001,0.001,0.001,99.988;0.001,0.001,0.001,0.001,0.001,0.001,0.001,0.001,0.001,0.001,0.001,0.001,99.988;0.001,0.001,0.001,0.001,0.001,0.001,0.001,0.001,0.001,0.001,0.001,0.001,99.988;0.001,0.001,0.001,0.001,0.001,0.001,0.001,0.001,0.001,0.001,0.001,0.001,99.988;0.001,0.001,0.001,0.001,0.001,0.001,0.001,0.001,0.001,0.001,0.001,0.001,99.988;0.001,0.001,0.001,0.001,0.001,0.001,0.001,0.001,0.001,0.001,0.001,0.001,99.988;0.001,0.001,0.001,0.001,0.001,0.001,0.001,0.001,0.001,0.001,0.001,0.001,99.988;0.001,0.001,0.001,0.001,0.001,0.001,0.001,0.001,0.001,0.001,0.001,0.001,99.988;0.001,0.001,0.001,0.001,0.001,0.001,0.001,0.001,0.001,0.001,0.001,0.001,99.988;0.001,0.001,0.001,0.001,0.001,0.001,0.001,0.001,0.001,0.001,0.001,0.001,99.988;0.001,0.001,0.001,0.001,0.001,0.001,0.001,0.001,0.001,0.001,0.001,0.001,99.988;0.001,0.001,0.001,0.001,0.001,0.001,0.001,0.001,0.001,0.001,0.001,0.001,99.988;0.001,0.001,0.001,0.001,0.001,0.001,0.001,0.001,0.001,0.001,0.001,0.001,99.988;0.001,0.001,0.001,0.001,0.001,0.001,0.001,0.001,0.001,0.001,0.001,0.001,99.988;0.001,0.001,0.001,0.001,0.001,0.001,0.001,0.001,0.001,0.001,0.001,0.001,99.988;0.001,0.001,0.001,0.001,0.001,0.001,0.001,0.001,0.001,0.001,0.001,0.001,99.988;0.001,0.001,0.001,0.001,0.001,0.001,0.001,0.001,0.001,0.001,0.001,0.001,99.988;0.001,0.001,0.001,0.001,0.001,0.001,0.001,0.001,0.001,0.001,0.001,0.001,99.988;0.001,0.001,0.001,0.001,0.001,0.001,0.001,0.001,0.001,0.001,0.001,0.001,99.988;0.001,0.001,0.001,0.001,0.001,0.001,0.001,0.001,0.001,0.001,0.001,0.001,99.988;0.001,0.001,0.001,0.001,0.001,0.001,0.001,0.001,0.001,0.001,0.001,0.001,99.988;0.001,0.001,0.001,0.001,0.001,0.001,0.001,0.001,0.001,0.001,0.001,0.001,99.988;0.001,0.001,0.001,0.001,0.001,0.001,0.001,0.001,0.001,0.001,0.001,0.001,99.988"
    levelsQoS 13
    queueSizes "32,32,32,32,32,32,32,32,32,32,32,32,32"
  ]
  node [
    id 8
    label "8"
    Country "France"
    Longitude 5.71667
    Internal 1
    Latitude 45.16667
    type "inner"
    schedulingPolicy "WFQ"
    tosToQoSqueue "0,1,2,3,4,5,6,7,8,9,10,11,12,13,14,15,16,17,18,19,20,21,22,23,24,25,26,27,28,29,30,31,32,33,34,35,36,37,38,39,40,41,42,43,44,45,46,47,48,49,50,51,52,53,54,55,56,57,58,59,60,61,62,63,64,65,66,67,68,69,70,71,72,73,74,75,76,77,78,79,80,81,82,83,84,85,86,87,88,89,90,91,92,93,94,95,96,97,98"
    schedulingWeights "100"
    levelsQoS 1
    queueSizes "32"
  ]
  node [
    id 9
    label "9"
    Country "France"
    Longitude 7.26608
    Internal 1
    Latitude 43.70313
    type "inner"
    schedulingPolicy "WFQ"
    tosToQoSqueue "0,1,2,3,4,5,6,7,8,9,10,11,12,13,14,15,16,17,18,19,20,21,22,23,24,25,26,27,28,29,30,31,32,33,34,35,36,37,38,39,40,41,42,43,44,45,46,47,48,49,50,51,52,53,54,55,56,57,58,59,60,61,62,63,64,65,66,67,68,69,70,71,72,73,74,75,76,77,78,79,80,81,82,83,84,85,86,87,88,89,90,91,92,93,94,95,96,97,98"
    schedulingWeights "100;100"
    levelsQoS 1
    queueSizes "32"
  ]
  node [
    id 10
    label "10"
    Country "France"
    Longitude 4.85
    Internal 1
    Latitude 45.75
    type "antenna"
    schedulingPolicy "WFQ"
    tosToQoSqueue "35,37,39,40,41,43;31,44;32,36,45;33,38;48;49,52;51;47;46;42;50;28;34;27,0,1,2,3,4,5,6,7,8,9,10,11,12,13,14,15,16,17,18,19,20,21,22,23,24,25,26,29,30,53,54,55,56,57,58,59,60,61,62,63,64,65,66,67,68,69,70,71,72,73,74,75,76,77,78,79,80,81,82,83,84,85,86,87,88,89,90,91,92,93,94,95,96,97,98"
    schedulingWeights "0.001,0.001,0.001,0.001,0.001,0.001,0.001,0.001,0.001,0.001,0.001,0.001,0.001,99.987;0.001,0.001,0.001,0.001,0.001,0.001,0.001,0.001,0.001,0.001,0.001,0.001,0.001,99.987;21.542,6.83,9.048,7.716,0.228,0.438,0.195,0.205,0.176,0.212,0.187,20.041,17.06,16.123;0.001,0.001,0.001,0.001,0.001,0.001,0.001,0.001,0.001,0.001,0.001,0.001,0.001,99.987;0.001,0.001,0.001,0.001,0.001,0.001,0.001,0.001,0.001,0.001,0.001,0.001,0.001,99.987"
    levelsQoS 14
    queueSizes "32,32,32,32,32,32,32,32,32,32,32,32,32,32"
  ]
  node [
    id 11
    label "11"
    Country "France"
    Longitude 2.3488
    Internal 1
    Latitude 48.85341
    type "inner"
    schedulingPolicy "WFQ"
    tosToQoSqueue "35,37,39,40,41,43,58,62,67,68,69;31,44,55,60,64;59,66;54,57;32,36,45;53,56,63;33,38;92,93;48,78,96;76,85;77,81,88,94,95;49,52;71,79,91;51,87,98;47,61,73,75,80,86;46,72,74;42,70;83,97;82,84;50;65,89,90;28,29;34;30;27,0,1,2,3,4,5,6,7,8,9,10,11,12,13,14,15,16,17,18,19,20,21,22,23,24,25,26"
    schedulingWeights "0.001,0.001,0.001,0.001,0.001,0.001,0.001,0.001,0.001,0.001,0.001,0.001,0.001,0.001,0.001,0.001,0.001,0.001,0.001,0.001,0.001,0.001,0.001,0.001,99.976;39.493,17.075,7.475,6.301,9.048,11.688,7.716,0.001,0.001,0.001,0.001,0.001,0.001,0.001,0.001,0.001,0.001,0.001,0.001,0.001,0.001,0.001,0.001,0.001,1.188;0.001,0.001,0.001,0.001,0.001,0.001,0.001,0.001,0.001,0.001,0.001,0.001,0.001,0.001,0.001,0.001,0.001,0.001,0.001,0.001,0.001,0.001,0.001,0.001,99.976;0.001,0.001,0.001,0.001,0.001,0.001,0.001,0.001,0.001,0.001,0.001,0.001,0.001,0.001,0.001,0.001,0.001,0.001,0.001,0.001,0.001,0.001,0.001,0.001,99.976;0.001,0.001,0.001,0.001,0.001,0.001,0.001,0.001,0.001,0.001,0.001,0.001,0.001,0.001,0.001,0.001,0.001,0.001,0.001,0.001,0.001,0.001,0.001,0.001,99.976;0.001,0.001,0.001,0.001,0.001,0.001,0.001,0.001,0.001,0.001,0.001,0.001,0.001,0.001,0.001,0.001,0.001,0.001,0.001,0.001,0.001,0.001,0.001,0.001,99.976;0.001,0.001,0.001,0.001,0.001,0.001,0.001,0.001,0.001,0.001,0.001,0.001,0.001,0.001,0.001,0.001,0.001,0.001,0.001,0.001,0.001,0.001,0.001,0.001,99.976;0.001,0.001,0.001,0.001,0.001,0.001,0.001,0.001,0.001,0.001,0.001,0.001,0.001,0.001,0.001,0.001,0.001,0.001,0.001,0.001,0.001,0.001,0.001,0.001,99.976;0.001,0.001,0.001,0.001,0.001,0.001,0.001,0.354,0.683,0.402,1.144,0.438,0.565,0.584,1.229,0.528,0.424,0.368,0.406,0.187,0.625,40.082,17.06,18.724,16.19;0.001,0.001,0.001,0.001,0.001,0.001,0.001,0.001,0.001,0.001,0.001,0.001,0.001,0.001,0.001,0.001,0.001,0.001,0.001,0.001,0.001,0.001,0.001,0.001,99.976"
    levelsQoS 25
    queueSizes "32,32,32,32,32,32,32,32,32,32,32,32,32,32,32,32,32,32,32,32,32,32,32,32,32"
  ]
  node [
    id 12
    label "12"
    Country "France"
    Longitude 9.15
    Internal 1
    Latitude 42.3
    type "inner"
    schedulingPolicy "WFQ"
    tosToQoSqueue "0,1,2,3,4,5,6,7,8,9,10,11,12,13,14,15,16,17,18,19,20,21,22,23,24,25,26,27,28,29,30,31,32,33,34,35,36,37,38,39,40,41,42,43,44,45,46,47,48,49,50,51,52,53,54,55,56,57,58,59,60,61,62,63,64,65,66,67,68,69,70,71,72,73,74,75,76,77,78,79,80,81,82,83,84,85,86,87,88,89,90,91,92,93,94,95,96,97,98"
    schedulingWeights "100"
    levelsQoS 1
    queueSizes "32"
  ]
  node [
    id 13
    label "13"
    Country "France"
    Longitude 5.4
    Internal 1
    Latitude 43.3
    type "inner"
    schedulingPolicy "WFQ"
    tosToQoSqueue "0,1,2,3,4,5,6,7,8,9,10,11,12,13,14,15,16,17,18,19,20,21,22,23,24,25,26,27,28,29,30,31,32,33,34,35,36,37,38,39,40,41,42,43,44,45,46,47,48,49,50,51,52,53,54,55,56,57,58,59,60,61,62,63,64,65,66,67,68,69,70,71,72,73,74,75,76,77,78,79,80,81,82,83,84,85,86,87,88,89,90,91,92,93,94,95,96,97,98"
    schedulingWeights "100;100"
    levelsQoS 1
    queueSizes "32"
  ]
  node [
    id 14
    label "14"
    Country "France"
    Longitude -1.55336
    Internal 1
    Latitude 47.21725
    type "inner"
    schedulingPolicy "WFQ"
    tosToQoSqueue "0,1,2,3,4,5,6,7,8,9,10,11,12,13,14,15,16,17,18,19,20,21,22,23,24,25,26,27,28,29,30,31,32,33,34,35,36,37,38,39,40,41,42,43,44,45,46,47,48,49,50,51,52,53,54,55,56,57,58,59,60,61,62,63,64,65,66,67,68,69,70,71,72,73,74,75,76,77,78,79,80,81,82,83,84,85,86,87,88,89,90,91,92,93,94,95,96,97,98"
    schedulingWeights "100"
    levelsQoS 1
    queueSizes "32"
  ]
  node [
    id 15
    label "15"
    Country "France"
    Longitude 0.33333
    Internal 1
    Latitude 46.58333
    type "destination_urllc"
    schedulingPolicy "FIFO"
    levelsQoS "1"
    schedulingWeights "-"
    tosToQoSqueue "0,1,2,3,4,5,6,7,8,9,10,11,12,13,14,15,16,17,18,19,20,21,22,23,24,25,26,27,28,29,30,31,32,33,34,35,36,37,38,39,40,41,42,43,44,45,46,47,48,49,50,51,52,53,54,55,56,57,58,59,60,61,62,63,64,65,66,67,68,69,70,71,72,73,74,75,76,77,78,79,80,81,82,83,84,85,86,87,88,89,90,91,92,93,94,95,96,97,98"
    queueSizes "32"
  ]
  node [
    id 16
    label "16"
    Country "France"
    Longitude 7.75
    Internal 1
    Latitude 48.58333
    type "antenna"
    schedulingPolicy "WFQ"
    tosToQoSqueue "30,0,1,2,3,4,5,6,7,8,9,10,11,12,13,14,15,16,17,18,19,20,21,22,23,24,25,26,27,28,29,31,32,33,34,35,36,37,38,39,40,41,42,43,44,45,46,47,48,49,50,51,52,53,54,55,56,57,58,59,60,61,62,63,64,65,66,67,68,69,70,71,72,73,74,75,76,77,78,79,80,81,82,83,84,85,86,87,88,89,90,91,92,93,94,95,96,97,98"
    schedulingWeights "100;100"
    levelsQoS 1
    queueSizes "32"
  ]
  node [
    id 17
    label "17"
    Country "France"
    Longitude 6.2
    Internal 1
    Latitude 48.68333
    type "inner"
    schedulingPolicy "WFQ"
    tosToQoSqueue "30,0,1,2,3,4,5,6,7,8,9,10,11,12,13,14,15,16,17,18,19,20,21,22,23,24,25,26,27,28,29,31,32,33,34,35,36,37,38,39,40,41,42,43,44,45,46,47,48,49,50,51,52,53,54,55,56,57,58,59,60,61,62,63,64,65,66,67,68,69,70,71,72,73,74,75,76,77,78,79,80,81,82,83,84,85,86,87,88,89,90,91,92,93,94,95,96,97,98"
    schedulingWeights "100;100"
    levelsQoS 1
    queueSizes "32"
  ]
  node [
    id 18
    label "18"
    Country "France"
    Longitude 4.03333
    Internal 1
    Latitude 49.25
    type "inner"
    schedulingPolicy "WFQ"
    tosToQoSqueue "0,1,2,3,4,5,6,7,8,9,10,11,12,13,14,15,16,17,18,19,20,21,22,23,24,25,26,27,28,29,30,31,32,33,34,35,36,37,38,39,40,41,42,43,44,45,46,47,48,49,50,51,52,53,54,55,56,57,58,59,60,61,62,63,64,65,66,67,68,69,70,71,72,73,74,75,76,77,78,79,80,81,82,83,84,85,86,87,88,89,90,91,92,93,94,95,96,97,98"
    schedulingWeights "100"
    levelsQoS 1
    queueSizes "32"
  ]
  node [
    id 19
    label "19"
    Country "France"
    Longitude 2.82606
    Internal 1
    Latitude 49.41794
    type "inner"
    schedulingPolicy "WFQ"
    tosToQoSqueue "0,1,2,3,4,5,6,7,8,9,10,11,12,13,14,15,16,17,18,19,20,21,22,23,24,25,26,27,28,29,30,31,32,33,34,35,36,37,38,39,40,41,42,43,44,45,46,47,48,49,50,51,52,53,54,55,56,57,58,59,60,61,62,63,64,65,66,67,68,69,70,71,72,73,74,75,76,77,78,79,80,81,82,83,84,85,86,87,88,89,90,91,92,93,94,95,96,97,98"
    schedulingWeights "100"
    levelsQoS 1
    queueSizes "32"
  ]
  node [
    id 20
    label "20"
    Country "France"
    Longitude 3.06667
    Internal 1
    Latitude 50.63333
    type "inner"
    schedulingPolicy "WFQ"
    tosToQoSqueue "0,1,2,3,4,5,6,7,8,9,10,11,12,13,14,15,16,17,18,19,20,21,22,23,24,25,26,27,28,29,30,31,32,33,34,35,36,37,38,39,40,41,42,43,44,45,46,47,48,49,50,51,52,53,54,55,56,57,58,59,60,61,62,63,64,65,66,67,68,69,70,71,72,73,74,75,76,77,78,79,80,81,82,83,84,85,86,87,88,89,90,91,92,93,94,95,96,97,98"
    schedulingWeights "100"
    levelsQoS 1
    queueSizes "32"
  ]
  node [
    id 21
    label "21"
    Country "France"
    Longitude 1.09932
    Internal 1
    Latitude 49.44313
    type "destination_embb"
    schedulingPolicy "FIFO"
    levelsQoS "1"
    schedulingWeights "-"
    tosToQoSqueue "0,1,2,3,4,5,6,7,8,9,10,11,12,13,14,15,16,17,18,19,20,21,22,23,24,25,26,27,28,29,30,31,32,33,34,35,36,37,38,39,40,41,42,43,44,45,46,47,48,49,50,51,52,53,54,55,56,57,58,59,60,61,62,63,64,65,66,67,68,69,70,71,72,73,74,75,76,77,78,79,80,81,82,83,84,85,86,87,88,89,90,91,92,93,94,95,96,97,98"
    queueSizes "32"
  ]
  node [
    id 22
    label "22"
    Country "France"
    Longitude -0.35912
    Internal 1
    Latitude 49.18585
    type "destination_mmtc"
    schedulingPolicy "FIFO"
    levelsQoS "1"
    schedulingWeights "-"
    tosToQoSqueue "0,1,2,3,4,5,6,7,8,9,10,11,12,13,14,15,16,17,18,19,20,21,22,23,24,25,26,27,28,29,30,31,32,33,34,35,36,37,38,39,40,41,42,43,44,45,46,47,48,49,50,51,52,53,54,55,56,57,58,59,60,61,62,63,64,65,66,67,68,69,70,71,72,73,74,75,76,77,78,79,80,81,82,83,84,85,86,87,88,89,90,91,92,93,94,95,96,97,98"
    queueSizes "32"
  ]
  node [
    id 23
    label "23"
    Country "France"
    Longitude -1.68333
    Internal 1
    Latitude 48.08333
    type "antenna"
    schedulingPolicy "WFQ"
    tosToQoSqueue "58,62,67,68,69;55,60,64;59,66;54,57;53,56,63;92,93;78,96;76,85;77,81,88,94,95;71,79,91;87,98;61,73,75,80,86;72,74;70;83,97;82,84;65,89,90;29,0,1,2,3,4,5,6,7,8,9,10,11,12,13,14,15,16,17,18,19,20,21,22,23,24,25,26,27,28,30,31,32,33,34,35,36,37,38,39,40,41,42,43,44,45,46,47,48,49,50,51,52"
    schedulingWeights "17.951,10.245,7.475,6.301,11.688,0.354,0.455,0.402,1.144,0.565,0.389,1.024,0.352,0.212,0.368,0.406,0.625,40.044;0.001,0.001,0.001,0.001,0.001,0.001,0.001,0.001,0.001,0.001,0.001,0.001,0.001,0.001,0.001,0.001,0.001,99.983;0.001,0.001,0.001,0.001,0.001,0.001,0.001,0.001,0.001,0.001,0.001,0.001,0.001,0.001,0.001,0.001,0.001,99.983;0.001,0.001,0.001,0.001,0.001,0.001,0.001,0.001,0.001,0.001,0.001,0.001,0.001,0.001,0.001,0.001,0.001,99.983;0.001,0.001,0.001,0.001,0.001,0.001,0.001,0.001,0.001,0.001,0.001,0.001,0.001,0.001,0.001,0.001,0.001,99.983;0.001,0.001,0.001,0.001,0.001,0.001,0.001,0.001,0.001,0.001,0.001,0.001,0.001,0.001,0.001,0.001,0.001,99.983;0.001,0.001,0.001,0.001,0.001,0.001,0.001,0.001,0.001,0.001,0.001,0.001,0.001,0.001,0.001,0.001,0.001,99.983;0.001,0.001,0.001,0.001,0.001,0.001,0.001,0.001,0.001,0.001,0.001,0.001,0.001,0.001,0.001,0.001,0.001,99.983;0.001,0.001,0.001,0.001,0.001,0.001,0.001,0.001,0.001,0.001,0.001,0.001,0.001,0.001,0.001,0.001,0.001,99.983;0.001,0.001,0.001,0.001,0.001,0.001,0.001,0.001,0.001,0.001,0.001,0.001,0.001,0.001,0.001,0.001,0.001,99.983;0.001,0.001,0.001,0.001,0.001,0.001,0.001,0.001,0.001,0.001,0.001,0.001,0.001,0.001,0.001,0.001,0.001,99.983;0.001,0.001,0.001,0.001,0.001,0.001,0.001,0.001,0.001,0.001,0.001,0.001,0.001,0.001,0.001,0.001,0.001,99.983;0.001,0.001,0.001,0.001,0.001,0.001,0.001,0.001,0.001,0.001,0.001,0.001,0.001,0.001,0.001,0.001,0.001,99.983;0.001,0.001,0.001,0.001,0.001,0.001,0.001,0.001,0.001,0.001,0.001,0.001,0.001,0.001,0.001,0.001,0.001,99.983;0.001,0.001,0.001,0.001,0.001,0.001,0.001,0.001,0.001,0.001,0.001,0.001,0.001,0.001,0.001,0.001,0.001,99.983;0.001,0.001,0.001,0.001,0.001,0.001,0.001,0.001,0.001,0.001,0.001,0.001,0.001,0.001,0.001,0.001,0.001,99.983;0.001,0.001,0.001,0.001,0.001,0.001,0.001,0.001,0.001,0.001,0.001,0.001,0.001,0.001,0.001,0.001,0.001,99.983;0.001,0.001,0.001,0.001,0.001,0.001,0.001,0.001,0.001,0.001,0.001,0.001,0.001,0.001,0.001,0.001,0.001,99.983;0.001,0.001,0.001,0.001,0.001,0.001,0.001,0.001,0.001,0.001,0.001,0.001,0.001,0.001,0.001,0.001,0.001,99.983;0.001,0.001,0.001,0.001,0.001,0.001,0.001,0.001,0.001,0.001,0.001,0.001,0.001,0.001,0.001,0.001,0.001,99.983;0.001,0.001,0.001,0.001,0.001,0.001,0.001,0.001,0.001,0.001,0.001,0.001,0.001,0.001,0.001,0.001,0.001,99.983;0.001,0.001,0.001,0.001,0.001,0.001,0.001,0.001,0.001,0.001,0.001,0.001,0.001,0.001,0.001,0.001,0.001,99.983;0.001,0.001,0.001,0.001,0.001,0.001,0.001,0.001,0.001,0.001,0.001,0.001,0.001,0.001,0.001,0.001,0.001,99.983;0.001,0.001,0.001,0.001,0.001,0.001,0.001,0.001,0.001,0.001,0.001,0.001,0.001,0.001,0.001,0.001,0.001,99.983;0.001,0.001,0.001,0.001,0.001,0.001,0.001,0.001,0.001,0.001,0.001,0.001,0.001,0.001,0.001,0.001,0.001,99.983;0.001,0.001,0.001,0.001,0.001,0.001,0.001,0.001,0.001,0.001,0.001,0.001,0.001,0.001,0.001,0.001,0.001,99.983;0.001,0.001,0.001,0.001,0.001,0.001,0.001,0.001,0.001,0.001,0.001,0.001,0.001,0.001,0.001,0.001,0.001,99.983;0.001,0.001,0.001,0.001,0.001,0.001,0.001,0.001,0.001,0.001,0.001,0.001,0.001,0.001,0.001,0.001,0.001,99.983;0.001,0.001,0.001,0.001,0.001,0.001,0.001,0.001,0.001,0.001,0.001,0.001,0.001,0.001,0.001,0.001,0.001,99.983;0.001,0.001,0.001,0.001,0.001,0.001,0.001,0.001,0.001,0.001,0.001,0.001,0.001,0.001,0.001,0.001,0.001,99.983;0.001,0.001,0.001,0.001,0.001,0.001,0.001,0.001,0.001,0.001,0.001,0.001,0.001,0.001,0.001,0.001,0.001,99.983;0.001,0.001,0.001,0.001,0.001,0.001,0.001,0.001,0.001,0.001,0.001,0.001,0.001,0.001,0.001,0.001,0.001,99.983;0.001,0.001,0.001,0.001,0.001,0.001,0.001,0.001,0.001,0.001,0.001,0.001,0.001,0.001,0.001,0.001,0.001,99.983;0.001,0.001,0.001,0.001,0.001,0.001,0.001,0.001,0.001,0.001,0.001,0.001,0.001,0.001,0.001,0.001,0.001,99.983;0.001,0.001,0.001,0.001,0.001,0.001,0.001,0.001,0.001,0.001,0.001,0.001,0.001,0.001,0.001,0.001,0.001,99.983;0.001,0.001,0.001,0.001,0.001,0.001,0.001,0.001,0.001,0.001,0.001,0.001,0.001,0.001,0.001,0.001,0.001,99.983;0.001,0.001,0.001,0.001,0.001,0.001,0.001,0.001,0.001,0.001,0.001,0.001,0.001,0.001,0.001,0.001,0.001,99.983;0.001,0.001,0.001,0.001,0.001,0.001,0.001,0.001,0.001,0.001,0.001,0.001,0.001,0.001,0.001,0.001,0.001,99.983;0.001,0.001,0.001,0.001,0.001,0.001,0.001,0.001,0.001,0.001,0.001,0.001,0.001,0.001,0.001,0.001,0.001,99.983;0.001,0.001,0.001,0.001,0.001,0.001,0.001,0.001,0.001,0.001,0.001,0.001,0.001,0.001,0.001,0.001,0.001,99.983;0.001,0.001,0.001,0.001,0.001,0.001,0.001,0.001,0.001,0.001,0.001,0.001,0.001,0.001,0.001,0.001,0.001,99.983;0.001,0.001,0.001,0.001,0.001,0.001,0.001,0.001,0.001,0.001,0.001,0.001,0.001,0.001,0.001,0.001,0.001,99.983;0.001,0.001,0.001,0.001,0.001,0.001,0.001,0.001,0.001,0.001,0.001,0.001,0.001,0.001,0.001,0.001,0.001,99.983;0.001,0.001,0.001,0.001,0.001,0.001,0.001,0.001,0.001,0.001,0.001,0.001,0.001,0.001,0.001,0.001,0.001,99.983;0.001,0.001,0.001,0.001,0.001,0.001,0.001,0.001,0.001,0.001,0.001,0.001,0.001,0.001,0.001,0.001,0.001,99.983;0.001,0.001,0.001,0.001,0.001,0.001,0.001,0.001,0.001,0.001,0.001,0.001,0.001,0.001,0.001,0.001,0.001,99.983;0.001,0.001,0.001,0.001,0.001,0.001,0.001,0.001,0.001,0.001,0.001,0.001,0.001,0.001,0.001,0.001,0.001,99.983;0.001,0.001,0.001,0.001,0.001,0.001,0.001,0.001,0.001,0.001,0.001,0.001,0.001,0.001,0.001,0.001,0.001,99.983;0.001,0.001,0.001,0.001,0.001,0.001,0.001,0.001,0.001,0.001,0.001,0.001,0.001,0.001,0.001,0.001,0.001,99.983"
    levelsQoS 18
    queueSizes "32,32,32,32,32,32,32,32,32,32,32,32,32,32,32,32,32,32"
  ]
  node [
    id 24
    label "24"
    schedulingPolicy "FIFO"
    levelsQoS "1"
    schedulingWeights "-"
    tosToQoSqueue "0,1,2,3,4,5,6,7,8,9,10,11,12,13,14,15,16,17,18,19,20,21,22,23,24,25,26,27,28,29,30,31,32,33,34,35,36,37,38,39,40,41,42,43,44,45,46,47,48,49,50,51,52,53,54,55,56,57,58,59,60,61,62,63,64,65,66,67,68,69,70,71,72,73,74,75,76,77,78,79,80,81,82,83,84,85,86,87,88,89,90,91,92,93,94,95,96,97,98"
    queueSizes "32"
    type "destination_urllc"
  ]
  node [
    id 25
    label "25"
    schedulingPolicy "FIFO"
    levelsQoS "1"
    schedulingWeights "-"
    tosToQoSqueue "0,1,2,3,4,5,6,7,8,9,10,11,12,13,14,15,16,17,18,19,20,21,22,23,24,25,26,27,28,29,30,31,32,33,34,35,36,37,38,39,40,41,42,43,44,45,46,47,48,49,50,51,52,53,54,55,56,57,58,59,60,61,62,63,64,65,66,67,68,69,70,71,72,73,74,75,76,77,78,79,80,81,82,83,84,85,86,87,88,89,90,91,92,93,94,95,96,97,98"
    queueSizes "32"
    type "destination_mmtc"
  ]
  node [
    id 26
    label "26"
    schedulingPolicy "FIFO"
    levelsQoS "1"
    schedulingWeights "-"
    tosToQoSqueue "0,1,2,3,4,5,6,7,8,9,10,11,12,13,14,15,16,17,18,19,20,21,22,23,24,25,26,27,28,29,30,31,32,33,34,35,36,37,38,39,40,41,42,43,44,45,46,47,48,49,50,51,52,53,54,55,56,57,58,59,60,61,62,63,64,65,66,67,68,69,70,71,72,73,74,75,76,77,78,79,80,81,82,83,84,85,86,87,88,89,90,91,92,93,94,95,96,97,98"
    queueSizes "32"
    type "destination_embb"
  ]
  node [
    id 27
    label "27"
    schedulingPolicy "FIFO"
    levelsQoS "1"
    schedulingWeights "-"
    tosToQoSqueue "0,1,2,3,4,5,6,7,8,9,10,11,12,13,14,15,16,17,18,19,20,21,22,23,24,25,26,27,28,29,30,31,32,33,34,35,36,37,38,39,40,41,42,43,44,45,46,47,48,49,50,51,52,53,54,55,56,57,58,59,60,61,62,63,64,65,66,67,68,69,70,71,72,73,74,75,76,77,78,79,80,81,82,83,84,85,86,87,88,89,90,91,92,93,94,95,96,97,98"
    queueSizes "32"
    type "origin_embb"
    reservation 16120800.0
  ]
  node [
    id 28
    label "28"
    schedulingPolicy "FIFO"
    levelsQoS "1"
    schedulingWeights "-"
    tosToQoSqueue "0,1,2,3,4,5,6,7,8,9,10,11,12,13,14,15,16,17,18,19,20,21,22,23,24,25,26,27,28,29,30,31,32,33,34,35,36,37,38,39,40,41,42,43,44,45,46,47,48,49,50,51,52,53,54,55,56,57,58,59,60,61,62,63,64,65,66,67,68,69,70,71,72,73,74,75,76,77,78,79,80,81,82,83,84,85,86,87,88,89,90,91,92,93,94,95,96,97,98"
    queueSizes "32"
    type "origin_embb"
    reservation 20041200.0
  ]
  node [
    id 29
    label "29"
    schedulingPolicy "FIFO"
    levelsQoS "1"
    schedulingWeights "-"
    tosToQoSqueue "0,1,2,3,4,5,6,7,8,9,10,11,12,13,14,15,16,17,18,19,20,21,22,23,24,25,26,27,28,29,30,31,32,33,34,35,36,37,38,39,40,41,42,43,44,45,46,47,48,49,50,51,52,53,54,55,56,57,58,59,60,61,62,63,64,65,66,67,68,69,70,71,72,73,74,75,76,77,78,79,80,81,82,83,84,85,86,87,88,89,90,91,92,93,94,95,96,97,98"
    queueSizes "32"
    type "origin_embb"
    reservation 20041200.0
  ]
  node [
    id 30
    label "30"
    schedulingPolicy "FIFO"
    levelsQoS "1"
    schedulingWeights "-"
    tosToQoSqueue "0,1,2,3,4,5,6,7,8,9,10,11,12,13,14,15,16,17,18,19,20,21,22,23,24,25,26,27,28,29,30,31,32,33,34,35,36,37,38,39,40,41,42,43,44,45,46,47,48,49,50,51,52,53,54,55,56,57,58,59,60,61,62,63,64,65,66,67,68,69,70,71,72,73,74,75,76,77,78,79,80,81,82,83,84,85,86,87,88,89,90,91,92,93,94,95,96,97,98"
    queueSizes "32"
    type "origin_embb"
    reservation 18723600.0
  ]
  node [
    id 31
    label "31"
    schedulingPolicy "FIFO"
    levelsQoS "1"
    schedulingWeights "-"
    tosToQoSqueue "0,1,2,3,4,5,6,7,8,9,10,11,12,13,14,15,16,17,18,19,20,21,22,23,24,25,26,27,28,29,30,31,32,33,34,35,36,37,38,39,40,41,42,43,44,45,46,47,48,49,50,51,52,53,54,55,56,57,58,59,60,61,62,63,64,65,66,67,68,69,70,71,72,73,74,75,76,77,78,79,80,81,82,83,84,85,86,87,88,89,90,91,92,93,94,95,96,97,98"
    queueSizes "32"
    type "origin_urllc"
    reservation 3414950.0
  ]
  node [
    id 32
    label "32"
    schedulingPolicy "FIFO"
    levelsQoS "1"
    schedulingWeights "-"
    tosToQoSqueue "0,1,2,3,4,5,6,7,8,9,10,11,12,13,14,15,16,17,18,19,20,21,22,23,24,25,26,27,28,29,30,31,32,33,34,35,36,37,38,39,40,41,42,43,44,45,46,47,48,49,50,51,52,53,54,55,56,57,58,59,60,61,62,63,64,65,66,67,68,69,70,71,72,73,74,75,76,77,78,79,80,81,82,83,84,85,86,87,88,89,90,91,92,93,94,95,96,97,98"
    queueSizes "32"
    type "origin_urllc"
    reservation 3015950.0
  ]
  node [
    id 33
    label "33"
    schedulingPolicy "FIFO"
    levelsQoS "1"
    schedulingWeights "-"
    tosToQoSqueue "0,1,2,3,4,5,6,7,8,9,10,11,12,13,14,15,16,17,18,19,20,21,22,23,24,25,26,27,28,29,30,31,32,33,34,35,36,37,38,39,40,41,42,43,44,45,46,47,48,49,50,51,52,53,54,55,56,57,58,59,60,61,62,63,64,65,66,67,68,69,70,71,72,73,74,75,76,77,78,79,80,81,82,83,84,85,86,87,88,89,90,91,92,93,94,95,96,97,98"
    queueSizes "32"
    type "origin_urllc"
    reservation 3858050.0
  ]
  node [
    id 34
    label "34"
    schedulingPolicy "FIFO"
    levelsQoS "1"
    schedulingWeights "-"
    tosToQoSqueue "0,1,2,3,4,5,6,7,8,9,10,11,12,13,14,15,16,17,18,19,20,21,22,23,24,25,26,27,28,29,30,31,32,33,34,35,36,37,38,39,40,41,42,43,44,45,46,47,48,49,50,51,52,53,54,55,56,57,58,59,60,61,62,63,64,65,66,67,68,69,70,71,72,73,74,75,76,77,78,79,80,81,82,83,84,85,86,87,88,89,90,91,92,93,94,95,96,97,98"
    queueSizes "32"
    type "origin_embb"
    reservation 17060400.0
  ]
  node [
    id 35
    label "35"
    schedulingPolicy "FIFO"
    levelsQoS "1"
    schedulingWeights "-"
    tosToQoSqueue "0,1,2,3,4,5,6,7,8,9,10,11,12,13,14,15,16,17,18,19,20,21,22,23,24,25,26,27,28,29,30,31,32,33,34,35,36,37,38,39,40,41,42,43,44,45,46,47,48,49,50,51,52,53,54,55,56,57,58,59,60,61,62,63,64,65,66,67,68,69,70,71,72,73,74,75,76,77,78,79,80,81,82,83,84,85,86,87,88,89,90,91,92,93,94,95,96,97,98"
    queueSizes "32"
    type "origin_urllc"
    reservation 3590300.0
  ]
  node [
    id 36
    label "36"
    schedulingPolicy "FIFO"
    levelsQoS "1"
    schedulingWeights "-"
    tosToQoSqueue "0,1,2,3,4,5,6,7,8,9,10,11,12,13,14,15,16,17,18,19,20,21,22,23,24,25,26,27,28,29,30,31,32,33,34,35,36,37,38,39,40,41,42,43,44,45,46,47,48,49,50,51,52,53,54,55,56,57,58,59,60,61,62,63,64,65,66,67,68,69,70,71,72,73,74,75,76,77,78,79,80,81,82,83,84,85,86,87,88,89,90,91,92,93,94,95,96,97,98"
    queueSizes "32"
    type "origin_urllc"
    reservation 3015950.0
  ]
  node [
    id 37
    label "37"
    schedulingPolicy "FIFO"
    levelsQoS "1"
    schedulingWeights "-"
    tosToQoSqueue "0,1,2,3,4,5,6,7,8,9,10,11,12,13,14,15,16,17,18,19,20,21,22,23,24,25,26,27,28,29,30,31,32,33,34,35,36,37,38,39,40,41,42,43,44,45,46,47,48,49,50,51,52,53,54,55,56,57,58,59,60,61,62,63,64,65,66,67,68,69,70,71,72,73,74,75,76,77,78,79,80,81,82,83,84,85,86,87,88,89,90,91,92,93,94,95,96,97,98"
    queueSizes "32"
    type "origin_urllc"
    reservation 3590300.0
  ]
  node [
    id 38
    label "38"
    schedulingPolicy "FIFO"
    levelsQoS "1"
    schedulingWeights "-"
    tosToQoSqueue "0,1,2,3,4,5,6,7,8,9,10,11,12,13,14,15,16,17,18,19,20,21,22,23,24,25,26,27,28,29,30,31,32,33,34,35,36,37,38,39,40,41,42,43,44,45,46,47,48,49,50,51,52,53,54,55,56,57,58,59,60,61,62,63,64,65,66,67,68,69,70,71,72,73,74,75,76,77,78,79,80,81,82,83,84,85,86,87,88,89,90,91,92,93,94,95,96,97,98"
    queueSizes "32"
    type "origin_urllc"
    reservation 3858050.0
  ]
  node [
    id 39
    label "39"
    schedulingPolicy "FIFO"
    levelsQoS "1"
    schedulingWeights "-"
    tosToQoSqueue "0,1,2,3,4,5,6,7,8,9,10,11,12,13,14,15,16,17,18,19,20,21,22,23,24,25,26,27,28,29,30,31,32,33,34,35,36,37,38,39,40,41,42,43,44,45,46,47,48,49,50,51,52,53,54,55,56,57,58,59,60,61,62,63,64,65,66,67,68,69,70,71,72,73,74,75,76,77,78,79,80,81,82,83,84,85,86,87,88,89,90,91,92,93,94,95,96,97,98"
    queueSizes "32"
    type "origin_urllc"
    reservation 3590300.0
  ]
  node [
    id 40
    label "40"
    schedulingPolicy "FIFO"
    levelsQoS "1"
    schedulingWeights "-"
    tosToQoSqueue "0,1,2,3,4,5,6,7,8,9,10,11,12,13,14,15,16,17,18,19,20,21,22,23,24,25,26,27,28,29,30,31,32,33,34,35,36,37,38,39,40,41,42,43,44,45,46,47,48,49,50,51,52,53,54,55,56,57,58,59,60,61,62,63,64,65,66,67,68,69,70,71,72,73,74,75,76,77,78,79,80,81,82,83,84,85,86,87,88,89,90,91,92,93,94,95,96,97,98"
    queueSizes "32"
    type "origin_urllc"
    reservation 3590300.0
  ]
  node [
    id 41
    label "41"
    schedulingPolicy "FIFO"
    levelsQoS "1"
    schedulingWeights "-"
    tosToQoSqueue "0,1,2,3,4,5,6,7,8,9,10,11,12,13,14,15,16,17,18,19,20,21,22,23,24,25,26,27,28,29,30,31,32,33,34,35,36,37,38,39,40,41,42,43,44,45,46,47,48,49,50,51,52,53,54,55,56,57,58,59,60,61,62,63,64,65,66,67,68,69,70,71,72,73,74,75,76,77,78,79,80,81,82,83,84,85,86,87,88,89,90,91,92,93,94,95,96,97,98"
    queueSizes "32"
    type "origin_urllc"
    reservation 3590300.0
  ]
  node [
    id 42
    label "42"
    schedulingPolicy "FIFO"
    levelsQoS "1"
    schedulingWeights "-"
    tosToQoSqueue "0,1,2,3,4,5,6,7,8,9,10,11,12,13,14,15,16,17,18,19,20,21,22,23,24,25,26,27,28,29,30,31,32,33,34,35,36,37,38,39,40,41,42,43,44,45,46,47,48,49,50,51,52,53,54,55,56,57,58,59,60,61,62,63,64,65,66,67,68,69,70,71,72,73,74,75,76,77,78,79,80,81,82,83,84,85,86,87,88,89,90,91,92,93,94,95,96,97,98"
    queueSizes "32"
    type "origin_mmtc"
    reservation 212000.0
  ]
  node [
    id 43
    label "43"
    schedulingPolicy "FIFO"
    levelsQoS "1"
    schedulingWeights "-"
    tosToQoSqueue "0,1,2,3,4,5,6,7,8,9,10,11,12,13,14,15,16,17,18,19,20,21,22,23,24,25,26,27,28,29,30,31,32,33,34,35,36,37,38,39,40,41,42,43,44,45,46,47,48,49,50,51,52,53,54,55,56,57,58,59,60,61,62,63,64,65,66,67,68,69,70,71,72,73,74,75,76,77,78,79,80,81,82,83,84,85,86,87,88,89,90,91,92,93,94,95,96,97,98"
    queueSizes "32"
    type "origin_urllc"
    reservation 3590300.0
  ]
  node [
    id 44
    label "44"
    schedulingPolicy "FIFO"
    levelsQoS "1"
    schedulingWeights "-"
    tosToQoSqueue "0,1,2,3,4,5,6,7,8,9,10,11,12,13,14,15,16,17,18,19,20,21,22,23,24,25,26,27,28,29,30,31,32,33,34,35,36,37,38,39,40,41,42,43,44,45,46,47,48,49,50,51,52,53,54,55,56,57,58,59,60,61,62,63,64,65,66,67,68,69,70,71,72,73,74,75,76,77,78,79,80,81,82,83,84,85,86,87,88,89,90,91,92,93,94,95,96,97,98"
    queueSizes "32"
    type "origin_urllc"
    reservation 3414950.0
  ]
  node [
    id 45
    label "45"
    schedulingPolicy "FIFO"
    levelsQoS "1"
    schedulingWeights "-"
    tosToQoSqueue "0,1,2,3,4,5,6,7,8,9,10,11,12,13,14,15,16,17,18,19,20,21,22,23,24,25,26,27,28,29,30,31,32,33,34,35,36,37,38,39,40,41,42,43,44,45,46,47,48,49,50,51,52,53,54,55,56,57,58,59,60,61,62,63,64,65,66,67,68,69,70,71,72,73,74,75,76,77,78,79,80,81,82,83,84,85,86,87,88,89,90,91,92,93,94,95,96,97,98"
    queueSizes "32"
    type "origin_urllc"
    reservation 3015950.0
  ]
  node [
    id 46
    label "46"
    schedulingPolicy "FIFO"
    levelsQoS "1"
    schedulingWeights "-"
    tosToQoSqueue "0,1,2,3,4,5,6,7,8,9,10,11,12,13,14,15,16,17,18,19,20,21,22,23,24,25,26,27,28,29,30,31,32,33,34,35,36,37,38,39,40,41,42,43,44,45,46,47,48,49,50,51,52,53,54,55,56,57,58,59,60,61,62,63,64,65,66,67,68,69,70,71,72,73,74,75,76,77,78,79,80,81,82,83,84,85,86,87,88,89,90,91,92,93,94,95,96,97,98"
    queueSizes "32"
    type "origin_mmtc"
    reservation 176060.0
  ]
  node [
    id 47
    label "47"
    schedulingPolicy "FIFO"
    levelsQoS "1"
    schedulingWeights "-"
    tosToQoSqueue "0,1,2,3,4,5,6,7,8,9,10,11,12,13,14,15,16,17,18,19,20,21,22,23,24,25,26,27,28,29,30,31,32,33,34,35,36,37,38,39,40,41,42,43,44,45,46,47,48,49,50,51,52,53,54,55,56,57,58,59,60,61,62,63,64,65,66,67,68,69,70,71,72,73,74,75,76,77,78,79,80,81,82,83,84,85,86,87,88,89,90,91,92,93,94,95,96,97,98"
    queueSizes "32"
    type "origin_mmtc"
    reservation 204860.0
  ]
  node [
    id 48
    label "48"
    schedulingPolicy "FIFO"
    levelsQoS "1"
    schedulingWeights "-"
    tosToQoSqueue "0,1,2,3,4,5,6,7,8,9,10,11,12,13,14,15,16,17,18,19,20,21,22,23,24,25,26,27,28,29,30,31,32,33,34,35,36,37,38,39,40,41,42,43,44,45,46,47,48,49,50,51,52,53,54,55,56,57,58,59,60,61,62,63,64,65,66,67,68,69,70,71,72,73,74,75,76,77,78,79,80,81,82,83,84,85,86,87,88,89,90,91,92,93,94,95,96,97,98"
    queueSizes "32"
    type "origin_mmtc"
    reservation 227540.0
  ]
  node [
    id 49
    label "49"
    schedulingPolicy "FIFO"
    levelsQoS "1"
    schedulingWeights "-"
    tosToQoSqueue "0,1,2,3,4,5,6,7,8,9,10,11,12,13,14,15,16,17,18,19,20,21,22,23,24,25,26,27,28,29,30,31,32,33,34,35,36,37,38,39,40,41,42,43,44,45,46,47,48,49,50,51,52,53,54,55,56,57,58,59,60,61,62,63,64,65,66,67,68,69,70,71,72,73,74,75,76,77,78,79,80,81,82,83,84,85,86,87,88,89,90,91,92,93,94,95,96,97,98"
    queueSizes "32"
    type "origin_mmtc"
    reservation 218840.0
  ]
  node [
    id 50
    label "50"
    schedulingPolicy "FIFO"
    levelsQoS "1"
    schedulingWeights "-"
    tosToQoSqueue "0,1,2,3,4,5,6,7,8,9,10,11,12,13,14,15,16,17,18,19,20,21,22,23,24,25,26,27,28,29,30,31,32,33,34,35,36,37,38,39,40,41,42,43,44,45,46,47,48,49,50,51,52,53,54,55,56,57,58,59,60,61,62,63,64,65,66,67,68,69,70,71,72,73,74,75,76,77,78,79,80,81,82,83,84,85,86,87,88,89,90,91,92,93,94,95,96,97,98"
    queueSizes "32"
    type "origin_mmtc"
    reservation 186860.0
  ]
  node [
    id 51
    label "51"
    schedulingPolicy "FIFO"
    levelsQoS "1"
    schedulingWeights "-"
    tosToQoSqueue "0,1,2,3,4,5,6,7,8,9,10,11,12,13,14,15,16,17,18,19,20,21,22,23,24,25,26,27,28,29,30,31,32,33,34,35,36,37,38,39,40,41,42,43,44,45,46,47,48,49,50,51,52,53,54,55,56,57,58,59,60,61,62,63,64,65,66,67,68,69,70,71,72,73,74,75,76,77,78,79,80,81,82,83,84,85,86,87,88,89,90,91,92,93,94,95,96,97,98"
    queueSizes "32"
    type "origin_mmtc"
    reservation 194540.0
  ]
  node [
    id 52
    label "52"
    schedulingPolicy "FIFO"
    levelsQoS "1"
    schedulingWeights "-"
    tosToQoSqueue "0,1,2,3,4,5,6,7,8,9,10,11,12,13,14,15,16,17,18,19,20,21,22,23,24,25,26,27,28,29,30,31,32,33,34,35,36,37,38,39,40,41,42,43,44,45,46,47,48,49,50,51,52,53,54,55,56,57,58,59,60,61,62,63,64,65,66,67,68,69,70,71,72,73,74,75,76,77,78,79,80,81,82,83,84,85,86,87,88,89,90,91,92,93,94,95,96,97,98"
    queueSizes "32"
    type "origin_mmtc"
    reservation 218840.0
  ]
  node [
    id 53
    label "53"
    schedulingPolicy "FIFO"
    levelsQoS "1"
    schedulingWeights "-"
    tosToQoSqueue "0,1,2,3,4,5,6,7,8,9,10,11,12,13,14,15,16,17,18,19,20,21,22,23,24,25,26,27,28,29,30,31,32,33,34,35,36,37,38,39,40,41,42,43,44,45,46,47,48,49,50,51,52,53,54,55,56,57,58,59,60,61,62,63,64,65,66,67,68,69,70,71,72,73,74,75,76,77,78,79,80,81,82,83,84,85,86,87,88,89,90,91,92,93,94,95,96,97,98"
    queueSizes "32"
    type "origin_urllc"
    reservation 3895850.0
  ]
  node [
    id 54
    label "54"
    schedulingPolicy "FIFO"
    levelsQoS "1"
    schedulingWeights "-"
    tosToQoSqueue "0,1,2,3,4,5,6,7,8,9,10,11,12,13,14,15,16,17,18,19,20,21,22,23,24,25,26,27,28,29,30,31,32,33,34,35,36,37,38,39,40,41,42,43,44,45,46,47,48,49,50,51,52,53,54,55,56,57,58,59,60,61,62,63,64,65,66,67,68,69,70,71,72,73,74,75,76,77,78,79,80,81,82,83,84,85,86,87,88,89,90,91,92,93,94,95,96,97,98"
    queueSizes "32"
    type "origin_urllc"
    reservation 3150350.0
  ]
  node [
    id 55
    label "55"
    schedulingPolicy "FIFO"
    levelsQoS "1"
    schedulingWeights "-"
    tosToQoSqueue "0,1,2,3,4,5,6,7,8,9,10,11,12,13,14,15,16,17,18,19,20,21,22,23,24,25,26,27,28,29,30,31,32,33,34,35,36,37,38,39,40,41,42,43,44,45,46,47,48,49,50,51,52,53,54,55,56,57,58,59,60,61,62,63,64,65,66,67,68,69,70,71,72,73,74,75,76,77,78,79,80,81,82,83,84,85,86,87,88,89,90,91,92,93,94,95,96,97,98"
    queueSizes "32"
    type "origin_urllc"
    reservation 3414950.0
  ]
  node [
    id 56
    label "56"
    schedulingPolicy "FIFO"
    levelsQoS "1"
    schedulingWeights "-"
    tosToQoSqueue "0,1,2,3,4,5,6,7,8,9,10,11,12,13,14,15,16,17,18,19,20,21,22,23,24,25,26,27,28,29,30,31,32,33,34,35,36,37,38,39,40,41,42,43,44,45,46,47,48,49,50,51,52,53,54,55,56,57,58,59,60,61,62,63,64,65,66,67,68,69,70,71,72,73,74,75,76,77,78,79,80,81,82,83,84,85,86,87,88,89,90,91,92,93,94,95,96,97,98"
    queueSizes "32"
    type "origin_urllc"
    reservation 3895850.0
  ]
  node [
    id 57
    label "57"
    schedulingPolicy "FIFO"
    levelsQoS "1"
    schedulingWeights "-"
    tosToQoSqueue "0,1,2,3,4,5,6,7,8,9,10,11,12,13,14,15,16,17,18,19,20,21,22,23,24,25,26,27,28,29,30,31,32,33,34,35,36,37,38,39,40,41,42,43,44,45,46,47,48,49,50,51,52,53,54,55,56,57,58,59,60,61,62,63,64,65,66,67,68,69,70,71,72,73,74,75,76,77,78,79,80,81,82,83,84,85,86,87,88,89,90,91,92,93,94,95,96,97,98"
    queueSizes "32"
    type "origin_urllc"
    reservation 3150350.0
  ]
  node [
    id 58
    label "58"
    schedulingPolicy "FIFO"
    levelsQoS "1"
    schedulingWeights "-"
    tosToQoSqueue "0,1,2,3,4,5,6,7,8,9,10,11,12,13,14,15,16,17,18,19,20,21,22,23,24,25,26,27,28,29,30,31,32,33,34,35,36,37,38,39,40,41,42,43,44,45,46,47,48,49,50,51,52,53,54,55,56,57,58,59,60,61,62,63,64,65,66,67,68,69,70,71,72,73,74,75,76,77,78,79,80,81,82,83,84,85,86,87,88,89,90,91,92,93,94,95,96,97,98"
    queueSizes "32"
    type "origin_urllc"
    reservation 3590300.0
  ]
  node [
    id 59
    label "59"
    schedulingPolicy "FIFO"
    levelsQoS "1"
    schedulingWeights "-"
    tosToQoSqueue "0,1,2,3,4,5,6,7,8,9,10,11,12,13,14,15,16,17,18,19,20,21,22,23,24,25,26,27,28,29,30,31,32,33,34,35,36,37,38,39,40,41,42,43,44,45,46,47,48,49,50,51,52,53,54,55,56,57,58,59,60,61,62,63,64,65,66,67,68,69,70,71,72,73,74,75,76,77,78,79,80,81,82,83,84,85,86,87,88,89,90,91,92,93,94,95,96,97,98"
    queueSizes "32"
    type "origin_urllc"
    reservation 3737300.0
  ]
  node [
    id 60
    label "60"
    schedulingPolicy "FIFO"
    levelsQoS "1"
    schedulingWeights "-"
    tosToQoSqueue "0,1,2,3,4,5,6,7,8,9,10,11,12,13,14,15,16,17,18,19,20,21,22,23,24,25,26,27,28,29,30,31,32,33,34,35,36,37,38,39,40,41,42,43,44,45,46,47,48,49,50,51,52,53,54,55,56,57,58,59,60,61,62,63,64,65,66,67,68,69,70,71,72,73,74,75,76,77,78,79,80,81,82,83,84,85,86,87,88,89,90,91,92,93,94,95,96,97,98"
    queueSizes "32"
    type "origin_urllc"
    reservation 3414950.0
  ]
  node [
    id 61
    label "61"
    schedulingPolicy "FIFO"
    levelsQoS "1"
    schedulingWeights "-"
    tosToQoSqueue "0,1,2,3,4,5,6,7,8,9,10,11,12,13,14,15,16,17,18,19,20,21,22,23,24,25,26,27,28,29,30,31,32,33,34,35,36,37,38,39,40,41,42,43,44,45,46,47,48,49,50,51,52,53,54,55,56,57,58,59,60,61,62,63,64,65,66,67,68,69,70,71,72,73,74,75,76,77,78,79,80,81,82,83,84,85,86,87,88,89,90,91,92,93,94,95,96,97,98"
    queueSizes "32"
    type "origin_mmtc"
    reservation 204860.0
  ]
  node [
    id 62
    label "62"
    schedulingPolicy "FIFO"
    levelsQoS "1"
    schedulingWeights "-"
    tosToQoSqueue "0,1,2,3,4,5,6,7,8,9,10,11,12,13,14,15,16,17,18,19,20,21,22,23,24,25,26,27,28,29,30,31,32,33,34,35,36,37,38,39,40,41,42,43,44,45,46,47,48,49,50,51,52,53,54,55,56,57,58,59,60,61,62,63,64,65,66,67,68,69,70,71,72,73,74,75,76,77,78,79,80,81,82,83,84,85,86,87,88,89,90,91,92,93,94,95,96,97,98"
    queueSizes "32"
    type "origin_urllc"
    reservation 3590300.0
  ]
  node [
    id 63
    label "63"
    schedulingPolicy "FIFO"
    levelsQoS "1"
    schedulingWeights "-"
    tosToQoSqueue "0,1,2,3,4,5,6,7,8,9,10,11,12,13,14,15,16,17,18,19,20,21,22,23,24,25,26,27,28,29,30,31,32,33,34,35,36,37,38,39,40,41,42,43,44,45,46,47,48,49,50,51,52,53,54,55,56,57,58,59,60,61,62,63,64,65,66,67,68,69,70,71,72,73,74,75,76,77,78,79,80,81,82,83,84,85,86,87,88,89,90,91,92,93,94,95,96,97,98"
    queueSizes "32"
    type "origin_urllc"
    reservation 3895850.0
  ]
  node [
    id 64
    label "64"
    schedulingPolicy "FIFO"
    levelsQoS "1"
    schedulingWeights "-"
    tosToQoSqueue "0,1,2,3,4,5,6,7,8,9,10,11,12,13,14,15,16,17,18,19,20,21,22,23,24,25,26,27,28,29,30,31,32,33,34,35,36,37,38,39,40,41,42,43,44,45,46,47,48,49,50,51,52,53,54,55,56,57,58,59,60,61,62,63,64,65,66,67,68,69,70,71,72,73,74,75,76,77,78,79,80,81,82,83,84,85,86,87,88,89,90,91,92,93,94,95,96,97,98"
    queueSizes "32"
    type "origin_urllc"
    reservation 3414950.0
  ]
  node [
    id 65
    label "65"
    schedulingPolicy "FIFO"
    levelsQoS "1"
    schedulingWeights "-"
    tosToQoSqueue "0,1,2,3,4,5,6,7,8,9,10,11,12,13,14,15,16,17,18,19,20,21,22,23,24,25,26,27,28,29,30,31,32,33,34,35,36,37,38,39,40,41,42,43,44,45,46,47,48,49,50,51,52,53,54,55,56,57,58,59,60,61,62,63,64,65,66,67,68,69,70,71,72,73,74,75,76,77,78,79,80,81,82,83,84,85,86,87,88,89,90,91,92,93,94,95,96,97,98"
    queueSizes "32"
    type "origin_mmtc"
    reservation 208280.0
  ]
  node [
    id 66
    label "66"
    schedulingPolicy "FIFO"
    levelsQoS "1"
    schedulingWeights "-"
    tosToQoSqueue "0,1,2,3,4,5,6,7,8,9,10,11,12,13,14,15,16,17,18,19,20,21,22,23,24,25,26,27,28,29,30,31,32,33,34,35,36,37,38,39,40,41,42,43,44,45,46,47,48,49,50,51,52,53,54,55,56,57,58,59,60,61,62,63,64,65,66,67,68,69,70,71,72,73,74,75,76,77,78,79,80,81,82,83,84,85,86,87,88,89,90,91,92,93,94,95,96,97,98"
    queueSizes "32"
    type "origin_urllc"
    reservation 3737300.0
  ]
  node [
    id 67
    label "67"
    schedulingPolicy "FIFO"
    levelsQoS "1"
    schedulingWeights "-"
    tosToQoSqueue "0,1,2,3,4,5,6,7,8,9,10,11,12,13,14,15,16,17,18,19,20,21,22,23,24,25,26,27,28,29,30,31,32,33,34,35,36,37,38,39,40,41,42,43,44,45,46,47,48,49,50,51,52,53,54,55,56,57,58,59,60,61,62,63,64,65,66,67,68,69,70,71,72,73,74,75,76,77,78,79,80,81,82,83,84,85,86,87,88,89,90,91,92,93,94,95,96,97,98"
    queueSizes "32"
    type "origin_urllc"
    reservation 3590300.0
  ]
  node [
    id 68
    label "68"
    schedulingPolicy "FIFO"
    levelsQoS "1"
    schedulingWeights "-"
    tosToQoSqueue "0,1,2,3,4,5,6,7,8,9,10,11,12,13,14,15,16,17,18,19,20,21,22,23,24,25,26,27,28,29,30,31,32,33,34,35,36,37,38,39,40,41,42,43,44,45,46,47,48,49,50,51,52,53,54,55,56,57,58,59,60,61,62,63,64,65,66,67,68,69,70,71,72,73,74,75,76,77,78,79,80,81,82,83,84,85,86,87,88,89,90,91,92,93,94,95,96,97,98"
    queueSizes "32"
    type "origin_urllc"
    reservation 3590300.0
  ]
  node [
    id 69
    label "69"
    schedulingPolicy "FIFO"
    levelsQoS "1"
    schedulingWeights "-"
    tosToQoSqueue "0,1,2,3,4,5,6,7,8,9,10,11,12,13,14,15,16,17,18,19,20,21,22,23,24,25,26,27,28,29,30,31,32,33,34,35,36,37,38,39,40,41,42,43,44,45,46,47,48,49,50,51,52,53,54,55,56,57,58,59,60,61,62,63,64,65,66,67,68,69,70,71,72,73,74,75,76,77,78,79,80,81,82,83,84,85,86,87,88,89,90,91,92,93,94,95,96,97,98"
    queueSizes "32"
    type "origin_urllc"
    reservation 3590300.0
  ]
  node [
    id 70
    label "70"
    schedulingPolicy "FIFO"
    levelsQoS "1"
    schedulingWeights "-"
    tosToQoSqueue "0,1,2,3,4,5,6,7,8,9,10,11,12,13,14,15,16,17,18,19,20,21,22,23,24,25,26,27,28,29,30,31,32,33,34,35,36,37,38,39,40,41,42,43,44,45,46,47,48,49,50,51,52,53,54,55,56,57,58,59,60,61,62,63,64,65,66,67,68,69,70,71,72,73,74,75,76,77,78,79,80,81,82,83,84,85,86,87,88,89,90,91,92,93,94,95,96,97,98"
    queueSizes "32"
    type "origin_mmtc"
    reservation 212000.0
  ]
  node [
    id 71
    label "71"
    schedulingPolicy "FIFO"
    levelsQoS "1"
    schedulingWeights "-"
    tosToQoSqueue "0,1,2,3,4,5,6,7,8,9,10,11,12,13,14,15,16,17,18,19,20,21,22,23,24,25,26,27,28,29,30,31,32,33,34,35,36,37,38,39,40,41,42,43,44,45,46,47,48,49,50,51,52,53,54,55,56,57,58,59,60,61,62,63,64,65,66,67,68,69,70,71,72,73,74,75,76,77,78,79,80,81,82,83,84,85,86,87,88,89,90,91,92,93,94,95,96,97,98"
    queueSizes "32"
    type "origin_mmtc"
    reservation 188480.0
  ]
  node [
    id 72
    label "72"
    schedulingPolicy "FIFO"
    levelsQoS "1"
    schedulingWeights "-"
    tosToQoSqueue "0,1,2,3,4,5,6,7,8,9,10,11,12,13,14,15,16,17,18,19,20,21,22,23,24,25,26,27,28,29,30,31,32,33,34,35,36,37,38,39,40,41,42,43,44,45,46,47,48,49,50,51,52,53,54,55,56,57,58,59,60,61,62,63,64,65,66,67,68,69,70,71,72,73,74,75,76,77,78,79,80,81,82,83,84,85,86,87,88,89,90,91,92,93,94,95,96,97,98"
    queueSizes "32"
    type "origin_mmtc"
    reservation 176060.0
  ]
  node [
    id 73
    label "73"
    schedulingPolicy "FIFO"
    levelsQoS "1"
    schedulingWeights "-"
    tosToQoSqueue "0,1,2,3,4,5,6,7,8,9,10,11,12,13,14,15,16,17,18,19,20,21,22,23,24,25,26,27,28,29,30,31,32,33,34,35,36,37,38,39,40,41,42,43,44,45,46,47,48,49,50,51,52,53,54,55,56,57,58,59,60,61,62,63,64,65,66,67,68,69,70,71,72,73,74,75,76,77,78,79,80,81,82,83,84,85,86,87,88,89,90,91,92,93,94,95,96,97,98"
    queueSizes "32"
    type "origin_mmtc"
    reservation 204860.0
  ]
  node [
    id 74
    label "74"
    schedulingPolicy "FIFO"
    levelsQoS "1"
    schedulingWeights "-"
    tosToQoSqueue "0,1,2,3,4,5,6,7,8,9,10,11,12,13,14,15,16,17,18,19,20,21,22,23,24,25,26,27,28,29,30,31,32,33,34,35,36,37,38,39,40,41,42,43,44,45,46,47,48,49,50,51,52,53,54,55,56,57,58,59,60,61,62,63,64,65,66,67,68,69,70,71,72,73,74,75,76,77,78,79,80,81,82,83,84,85,86,87,88,89,90,91,92,93,94,95,96,97,98"
    queueSizes "32"
    type "origin_mmtc"
    reservation 176060.0
  ]
  node [
    id 75
    label "75"
    schedulingPolicy "FIFO"
    levelsQoS "1"
    schedulingWeights "-"
    tosToQoSqueue "0,1,2,3,4,5,6,7,8,9,10,11,12,13,14,15,16,17,18,19,20,21,22,23,24,25,26,27,28,29,30,31,32,33,34,35,36,37,38,39,40,41,42,43,44,45,46,47,48,49,50,51,52,53,54,55,56,57,58,59,60,61,62,63,64,65,66,67,68,69,70,71,72,73,74,75,76,77,78,79,80,81,82,83,84,85,86,87,88,89,90,91,92,93,94,95,96,97,98"
    queueSizes "32"
    type "origin_mmtc"
    reservation 204860.0
  ]
  node [
    id 76
    label "76"
    schedulingPolicy "FIFO"
    levelsQoS "1"
    schedulingWeights "-"
    tosToQoSqueue "0,1,2,3,4,5,6,7,8,9,10,11,12,13,14,15,16,17,18,19,20,21,22,23,24,25,26,27,28,29,30,31,32,33,34,35,36,37,38,39,40,41,42,43,44,45,46,47,48,49,50,51,52,53,54,55,56,57,58,59,60,61,62,63,64,65,66,67,68,69,70,71,72,73,74,75,76,77,78,79,80,81,82,83,84,85,86,87,88,89,90,91,92,93,94,95,96,97,98"
    queueSizes "32"
    type "origin_mmtc"
    reservation 201020.0
  ]
  node [
    id 77
    label "77"
    schedulingPolicy "FIFO"
    levelsQoS "1"
    schedulingWeights "-"
    tosToQoSqueue "0,1,2,3,4,5,6,7,8,9,10,11,12,13,14,15,16,17,18,19,20,21,22,23,24,25,26,27,28,29,30,31,32,33,34,35,36,37,38,39,40,41,42,43,44,45,46,47,48,49,50,51,52,53,54,55,56,57,58,59,60,61,62,63,64,65,66,67,68,69,70,71,72,73,74,75,76,77,78,79,80,81,82,83,84,85,86,87,88,89,90,91,92,93,94,95,96,97,98"
    queueSizes "32"
    type "origin_mmtc"
    reservation 228800.0
  ]
  node [
    id 78
    label "78"
    schedulingPolicy "FIFO"
    levelsQoS "1"
    schedulingWeights "-"
    tosToQoSqueue "0,1,2,3,4,5,6,7,8,9,10,11,12,13,14,15,16,17,18,19,20,21,22,23,24,25,26,27,28,29,30,31,32,33,34,35,36,37,38,39,40,41,42,43,44,45,46,47,48,49,50,51,52,53,54,55,56,57,58,59,60,61,62,63,64,65,66,67,68,69,70,71,72,73,74,75,76,77,78,79,80,81,82,83,84,85,86,87,88,89,90,91,92,93,94,95,96,97,98"
    queueSizes "32"
    type "origin_mmtc"
    reservation 227540.0
  ]
  node [
    id 79
    label "79"
    schedulingPolicy "FIFO"
    levelsQoS "1"
    schedulingWeights "-"
    tosToQoSqueue "0,1,2,3,4,5,6,7,8,9,10,11,12,13,14,15,16,17,18,19,20,21,22,23,24,25,26,27,28,29,30,31,32,33,34,35,36,37,38,39,40,41,42,43,44,45,46,47,48,49,50,51,52,53,54,55,56,57,58,59,60,61,62,63,64,65,66,67,68,69,70,71,72,73,74,75,76,77,78,79,80,81,82,83,84,85,86,87,88,89,90,91,92,93,94,95,96,97,98"
    queueSizes "32"
    type "origin_mmtc"
    reservation 188480.0
  ]
  node [
    id 80
    label "80"
    schedulingPolicy "FIFO"
    levelsQoS "1"
    schedulingWeights "-"
    tosToQoSqueue "0,1,2,3,4,5,6,7,8,9,10,11,12,13,14,15,16,17,18,19,20,21,22,23,24,25,26,27,28,29,30,31,32,33,34,35,36,37,38,39,40,41,42,43,44,45,46,47,48,49,50,51,52,53,54,55,56,57,58,59,60,61,62,63,64,65,66,67,68,69,70,71,72,73,74,75,76,77,78,79,80,81,82,83,84,85,86,87,88,89,90,91,92,93,94,95,96,97,98"
    queueSizes "32"
    type "origin_mmtc"
    reservation 204860.0
  ]
  node [
    id 81
    label "81"
    schedulingPolicy "FIFO"
    levelsQoS "1"
    schedulingWeights "-"
    tosToQoSqueue "0,1,2,3,4,5,6,7,8,9,10,11,12,13,14,15,16,17,18,19,20,21,22,23,24,25,26,27,28,29,30,31,32,33,34,35,36,37,38,39,40,41,42,43,44,45,46,47,48,49,50,51,52,53,54,55,56,57,58,59,60,61,62,63,64,65,66,67,68,69,70,71,72,73,74,75,76,77,78,79,80,81,82,83,84,85,86,87,88,89,90,91,92,93,94,95,96,97,98"
    queueSizes "32"
    type "origin_mmtc"
    reservation 228800.0
  ]
  node [
    id 82
    label "82"
    schedulingPolicy "FIFO"
    levelsQoS "1"
    schedulingWeights "-"
    tosToQoSqueue "0,1,2,3,4,5,6,7,8,9,10,11,12,13,14,15,16,17,18,19,20,21,22,23,24,25,26,27,28,29,30,31,32,33,34,35,36,37,38,39,40,41,42,43,44,45,46,47,48,49,50,51,52,53,54,55,56,57,58,59,60,61,62,63,64,65,66,67,68,69,70,71,72,73,74,75,76,77,78,79,80,81,82,83,84,85,86,87,88,89,90,91,92,93,94,95,96,97,98"
    queueSizes "32"
    type "origin_mmtc"
    reservation 203180.0
  ]
  node [
    id 83
    label "83"
    schedulingPolicy "FIFO"
    levelsQoS "1"
    schedulingWeights "-"
    tosToQoSqueue "0,1,2,3,4,5,6,7,8,9,10,11,12,13,14,15,16,17,18,19,20,21,22,23,24,25,26,27,28,29,30,31,32,33,34,35,36,37,38,39,40,41,42,43,44,45,46,47,48,49,50,51,52,53,54,55,56,57,58,59,60,61,62,63,64,65,66,67,68,69,70,71,72,73,74,75,76,77,78,79,80,81,82,83,84,85,86,87,88,89,90,91,92,93,94,95,96,97,98"
    queueSizes "32"
    type "origin_mmtc"
    reservation 184100.0
  ]
  node [
    id 84
    label "84"
    schedulingPolicy "FIFO"
    levelsQoS "1"
    schedulingWeights "-"
    tosToQoSqueue "0,1,2,3,4,5,6,7,8,9,10,11,12,13,14,15,16,17,18,19,20,21,22,23,24,25,26,27,28,29,30,31,32,33,34,35,36,37,38,39,40,41,42,43,44,45,46,47,48,49,50,51,52,53,54,55,56,57,58,59,60,61,62,63,64,65,66,67,68,69,70,71,72,73,74,75,76,77,78,79,80,81,82,83,84,85,86,87,88,89,90,91,92,93,94,95,96,97,98"
    queueSizes "32"
    type "origin_mmtc"
    reservation 203180.0
  ]
  node [
    id 85
    label "85"
    schedulingPolicy "FIFO"
    levelsQoS "1"
    schedulingWeights "-"
    tosToQoSqueue "0,1,2,3,4,5,6,7,8,9,10,11,12,13,14,15,16,17,18,19,20,21,22,23,24,25,26,27,28,29,30,31,32,33,34,35,36,37,38,39,40,41,42,43,44,45,46,47,48,49,50,51,52,53,54,55,56,57,58,59,60,61,62,63,64,65,66,67,68,69,70,71,72,73,74,75,76,77,78,79,80,81,82,83,84,85,86,87,88,89,90,91,92,93,94,95,96,97,98"
    queueSizes "32"
    type "origin_mmtc"
    reservation 201020.0
  ]
  node [
    id 86
    label "86"
    schedulingPolicy "FIFO"
    levelsQoS "1"
    schedulingWeights "-"
    tosToQoSqueue "0,1,2,3,4,5,6,7,8,9,10,11,12,13,14,15,16,17,18,19,20,21,22,23,24,25,26,27,28,29,30,31,32,33,34,35,36,37,38,39,40,41,42,43,44,45,46,47,48,49,50,51,52,53,54,55,56,57,58,59,60,61,62,63,64,65,66,67,68,69,70,71,72,73,74,75,76,77,78,79,80,81,82,83,84,85,86,87,88,89,90,91,92,93,94,95,96,97,98"
    queueSizes "32"
    type "origin_mmtc"
    reservation 204860.0
  ]
  node [
    id 87
    label "87"
    schedulingPolicy "FIFO"
    levelsQoS "1"
    schedulingWeights "-"
    tosToQoSqueue "0,1,2,3,4,5,6,7,8,9,10,11,12,13,14,15,16,17,18,19,20,21,22,23,24,25,26,27,28,29,30,31,32,33,34,35,36,37,38,39,40,41,42,43,44,45,46,47,48,49,50,51,52,53,54,55,56,57,58,59,60,61,62,63,64,65,66,67,68,69,70,71,72,73,74,75,76,77,78,79,80,81,82,83,84,85,86,87,88,89,90,91,92,93,94,95,96,97,98"
    queueSizes "32"
    type "origin_mmtc"
    reservation 194540.0
  ]
  node [
    id 88
    label "88"
    schedulingPolicy "FIFO"
    levelsQoS "1"
    schedulingWeights "-"
    tosToQoSqueue "0,1,2,3,4,5,6,7,8,9,10,11,12,13,14,15,16,17,18,19,20,21,22,23,24,25,26,27,28,29,30,31,32,33,34,35,36,37,38,39,40,41,42,43,44,45,46,47,48,49,50,51,52,53,54,55,56,57,58,59,60,61,62,63,64,65,66,67,68,69,70,71,72,73,74,75,76,77,78,79,80,81,82,83,84,85,86,87,88,89,90,91,92,93,94,95,96,97,98"
    queueSizes "32"
    type "origin_mmtc"
    reservation 228800.0
  ]
  node [
    id 89
    label "89"
    schedulingPolicy "FIFO"
    levelsQoS "1"
    schedulingWeights "-"
    tosToQoSqueue "0,1,2,3,4,5,6,7,8,9,10,11,12,13,14,15,16,17,18,19,20,21,22,23,24,25,26,27,28,29,30,31,32,33,34,35,36,37,38,39,40,41,42,43,44,45,46,47,48,49,50,51,52,53,54,55,56,57,58,59,60,61,62,63,64,65,66,67,68,69,70,71,72,73,74,75,76,77,78,79,80,81,82,83,84,85,86,87,88,89,90,91,92,93,94,95,96,97,98"
    queueSizes "32"
    type "origin_mmtc"
    reservation 208280.0
  ]
  node [
    id 90
    label "90"
    schedulingPolicy "FIFO"
    levelsQoS "1"
    schedulingWeights "-"
    tosToQoSqueue "0,1,2,3,4,5,6,7,8,9,10,11,12,13,14,15,16,17,18,19,20,21,22,23,24,25,26,27,28,29,30,31,32,33,34,35,36,37,38,39,40,41,42,43,44,45,46,47,48,49,50,51,52,53,54,55,56,57,58,59,60,61,62,63,64,65,66,67,68,69,70,71,72,73,74,75,76,77,78,79,80,81,82,83,84,85,86,87,88,89,90,91,92,93,94,95,96,97,98"
    queueSizes "32"
    type "origin_mmtc"
    reservation 208280.0
  ]
  node [
    id 91
    label "91"
    schedulingPolicy "FIFO"
    levelsQoS "1"
    schedulingWeights "-"
    tosToQoSqueue "0,1,2,3,4,5,6,7,8,9,10,11,12,13,14,15,16,17,18,19,20,21,22,23,24,25,26,27,28,29,30,31,32,33,34,35,36,37,38,39,40,41,42,43,44,45,46,47,48,49,50,51,52,53,54,55,56,57,58,59,60,61,62,63,64,65,66,67,68,69,70,71,72,73,74,75,76,77,78,79,80,81,82,83,84,85,86,87,88,89,90,91,92,93,94,95,96,97,98"
    queueSizes "32"
    type "origin_mmtc"
    reservation 188480.0
  ]
  node [
    id 92
    label "92"
    schedulingPolicy "FIFO"
    levelsQoS "1"
    schedulingWeights "-"
    tosToQoSqueue "0,1,2,3,4,5,6,7,8,9,10,11,12,13,14,15,16,17,18,19,20,21,22,23,24,25,26,27,28,29,30,31,32,33,34,35,36,37,38,39,40,41,42,43,44,45,46,47,48,49,50,51,52,53,54,55,56,57,58,59,60,61,62,63,64,65,66,67,68,69,70,71,72,73,74,75,76,77,78,79,80,81,82,83,84,85,86,87,88,89,90,91,92,93,94,95,96,97,98"
    queueSizes "32"
    type "origin_mmtc"
    reservation 176780.0
  ]
  node [
    id 93
    label "93"
    schedulingPolicy "FIFO"
    levelsQoS "1"
    schedulingWeights "-"
    tosToQoSqueue "0,1,2,3,4,5,6,7,8,9,10,11,12,13,14,15,16,17,18,19,20,21,22,23,24,25,26,27,28,29,30,31,32,33,34,35,36,37,38,39,40,41,42,43,44,45,46,47,48,49,50,51,52,53,54,55,56,57,58,59,60,61,62,63,64,65,66,67,68,69,70,71,72,73,74,75,76,77,78,79,80,81,82,83,84,85,86,87,88,89,90,91,92,93,94,95,96,97,98"
    queueSizes "32"
    type "origin_mmtc"
    reservation 176780.0
  ]
  node [
    id 94
    label "94"
    schedulingPolicy "FIFO"
    levelsQoS "1"
    schedulingWeights "-"
    tosToQoSqueue "0,1,2,3,4,5,6,7,8,9,10,11,12,13,14,15,16,17,18,19,20,21,22,23,24,25,26,27,28,29,30,31,32,33,34,35,36,37,38,39,40,41,42,43,44,45,46,47,48,49,50,51,52,53,54,55,56,57,58,59,60,61,62,63,64,65,66,67,68,69,70,71,72,73,74,75,76,77,78,79,80,81,82,83,84,85,86,87,88,89,90,91,92,93,94,95,96,97,98"
    queueSizes "32"
    type "origin_mmtc"
    reservation 228800.0
  ]
  node [
    id 95
    label "95"
    schedulingPolicy "FIFO"
    levelsQoS "1"
    schedulingWeights "-"
    tosToQoSqueue "0,1,2,3,4,5,6,7,8,9,10,11,12,13,14,15,16,17,18,19,20,21,22,23,24,25,26,27,28,29,30,31,32,33,34,35,36,37,38,39,40,41,42,43,44,45,46,47,48,49,50,51,52,53,54,55,56,57,58,59,60,61,62,63,64,65,66,67,68,69,70,71,72,73,74,75,76,77,78,79,80,81,82,83,84,85,86,87,88,89,90,91,92,93,94,95,96,97,98"
    queueSizes "32"
    type "origin_mmtc"
    reservation 228800.0
  ]
  node [
    id 96
    label "96"
    schedulingPolicy "FIFO"
    levelsQoS "1"
    schedulingWeights "-"
    tosToQoSqueue "0,1,2,3,4,5,6,7,8,9,10,11,12,13,14,15,16,17,18,19,20,21,22,23,24,25,26,27,28,29,30,31,32,33,34,35,36,37,38,39,40,41,42,43,44,45,46,47,48,49,50,51,52,53,54,55,56,57,58,59,60,61,62,63,64,65,66,67,68,69,70,71,72,73,74,75,76,77,78,79,80,81,82,83,84,85,86,87,88,89,90,91,92,93,94,95,96,97,98"
    queueSizes "32"
    type "origin_mmtc"
    reservation 227540.0
  ]
  node [
    id 97
    label "97"
    schedulingPolicy "FIFO"
    levelsQoS "1"
    schedulingWeights "-"
    tosToQoSqueue "0,1,2,3,4,5,6,7,8,9,10,11,12,13,14,15,16,17,18,19,20,21,22,23,24,25,26,27,28,29,30,31,32,33,34,35,36,37,38,39,40,41,42,43,44,45,46,47,48,49,50,51,52,53,54,55,56,57,58,59,60,61,62,63,64,65,66,67,68,69,70,71,72,73,74,75,76,77,78,79,80,81,82,83,84,85,86,87,88,89,90,91,92,93,94,95,96,97,98"
    queueSizes "32"
    type "origin_mmtc"
    reservation 184100.0
  ]
  node [
    id 98
    label "98"
    schedulingPolicy "FIFO"
    levelsQoS "1"
    schedulingWeights "-"
    tosToQoSqueue "0,1,2,3,4,5,6,7,8,9,10,11,12,13,14,15,16,17,18,19,20,21,22,23,24,25,26,27,28,29,30,31,32,33,34,35,36,37,38,39,40,41,42,43,44,45,46,47,48,49,50,51,52,53,54,55,56,57,58,59,60,61,62,63,64,65,66,67,68,69,70,71,72,73,74,75,76,77,78,79,80,81,82,83,84,85,86,87,88,89,90,91,92,93,94,95,96,97,98"
    queueSizes "32"
    type "origin_mmtc"
    reservation 194540.0
  ]
  edge [
    source 0
    target 15
    key 0
    LinkType "SDH"
    LinkSpeed "155"
    LinkLabel "155 Mbps SDH"
    LinkSpeedUnits "M"
    LinkSpeedRaw 155000000.0
    bandwidth 100000000
    traffic ""
    reservation ""
    port 0
  ]
  edge [
    source 1
    target 11
    key 0
    LinkType "SDH"
    LinkSpeed "155"
    LinkLabel "155 Mbps SDH"
    LinkSpeedUnits "M"
    LinkSpeedRaw 155000000.0
    bandwidth 100000000
    traffic ""
    reservation ""
    port 0
  ]
  edge [
    source 1
    target 6
    key 0
    LinkType "SDH"
    LinkSpeed "155"
    LinkLabel "155 Mbps SDH"
    LinkSpeedUnits "M"
    LinkSpeedRaw 155000000.0
    bandwidth 100000000
    traffic ""
    reservation ""
    port 1
  ]
  edge [
    source 2
    target 11
    key 0
    LinkType "SDH"
    LinkSpeed "155"
    LinkLabel "155 Mbps SDH"
    LinkSpeedUnits "M"
    LinkSpeedRaw 155000000.0
    bandwidth 100000000
    traffic ""
    reservation ""
    port 0
  ]
  edge [
    source 2
    target 15
    key 0
    LinkType "SDH"
    LinkSpeed "155"
    LinkLabel "155 Mbps SDH"
    LinkSpeedUnits "M"
    LinkSpeedRaw 155000000.0
    bandwidth 100000000
    traffic "3500000,3500000,3500000,3500000,3500000,3500000,3500000,3500000,3500000,3500000,3500000,3500000,3500000,3500000,3500000,3500000,3500000,3500000,3500000,3500000,3500000,3500000,3500000,3500000,3500000,3500000,3500000,3500000"
    reservation "3414950.0,3015950.0,3858050.0,3590300.0,3015950.0,3590300.0,3858050.0,3590300.0,3590300.0,3590300.0,3590300.0,3414950.0,3015950.0,3895850.0,3150350.0,3414950.0,3895850.0,3150350.0,3590300.0,3737300.0,3414950.0,3590300.0,3895850.0,3414950.0,3737300.0,3590300.0,3590300.0,3590300.0"
    port 1
  ]
  edge [
    source 3
    target 15
    key 0
    LinkSpeed "34"
    LinkNote "  PDH"
    LinkLabel "34 Mbps PDH"
    LinkSpeedUnits "M"
    LinkSpeedRaw 34000000.0
    bandwidth 100000000
    traffic ""
    reservation ""
    port 0
  ]
  edge [
    source 4
    target 11
    key 0
    LinkType "SDH"
    LinkSpeed "155"
    LinkLabel "155 Mbps SDH"
    LinkSpeedUnits "M"
    LinkSpeedRaw 155000000.0
    bandwidth 100000000
    traffic ""
    reservation ""
    port 0
  ]
  edge [
    source 4
    target 5
    key 0
    LinkSpeed "34"
    LinkNote "  PDH"
    LinkLabel "34 Mbps PDH"
    LinkSpeedUnits "M"
    LinkSpeedRaw 34000000.0
    bandwidth 100000000
    traffic ""
    reservation ""
    port 1
  ]
  edge [
    source 5
    target 4
    key 0
    LinkSpeed "34"
    LinkNote "  PDH"
    LinkLabel "34 Mbps PDH"
    LinkSpeedUnits "M"
    LinkSpeedRaw 34000000.0
    bandwidth 100000000
    traffic ""
    reservation ""
    port 0
  ]
  edge [
    source 6
    target 1
    key 0
    LinkType "SDH"
    LinkSpeed "155"
    LinkLabel "155 Mbps SDH"
    LinkSpeedUnits "M"
    LinkSpeedRaw 155000000.0
    bandwidth 100000000
    traffic ""
    reservation ""
    port 0
  ]
  edge [
    source 7
    target 10
    key 0
    LinkSpeed "34"
    LinkNote "  PDH"
    LinkLabel "34 Mbps PDH"
    LinkSpeedUnits "M"
    LinkSpeedRaw 34000000.0
    bandwidth 100000000
    traffic "18000000,3500000,3500000,3500000,18000000,3500000,3500000,3500000,3500000,3500000,3500000,3500000,200000,3500000,3500000,3500000,200000,200000,200000,200000,200000,200000,200000"
    reservation "16120800.0,3414950.0,3015950.0,3858050.0,17060400.0,3590300.0,3015950.0,3590300.0,3858050.0,3590300.0,3590300.0,3590300.0,212000.0,3590300.0,3414950.0,3015950.0,176060.0,204860.0,227540.0,218840.0,186860.0,194540.0,218840.0"
    port 0
  ]
  edge [
    source 7
    target 27
    key 0
    port 1
    weight 1
    bandwidth 50000000
    traffic ""
    reservation ""
  ]
  edge [
    source 7
    target 31
    key 0
    port 2
    weight 1
    bandwidth 50000000
    traffic ""
    reservation ""
  ]
  edge [
    source 7
    target 32
    key 0
    port 3
    weight 1
    bandwidth 50000000
    traffic ""
    reservation ""
  ]
  edge [
    source 7
    target 33
    key 0
    port 4
    weight 1
    bandwidth 50000000
    traffic ""
    reservation ""
  ]
  edge [
    source 7
    target 34
    key 0
    port 5
    weight 1
    bandwidth 50000000
    traffic ""
    reservation ""
  ]
  edge [
    source 7
    target 35
    key 0
    port 6
    weight 1
    bandwidth 50000000
    traffic ""
    reservation ""
  ]
  edge [
    source 7
    target 36
    key 0
    port 7
    weight 1
    bandwidth 50000000
    traffic ""
    reservation ""
  ]
  edge [
    source 7
    target 37
    key 0
    port 8
    weight 1
    bandwidth 50000000
    traffic ""
    reservation ""
  ]
  edge [
    source 7
    target 38
    key 0
    port 9
    weight 1
    bandwidth 50000000
    traffic ""
    reservation ""
  ]
  edge [
    source 7
    target 39
    key 0
    port 10
    weight 1
    bandwidth 50000000
    traffic ""
    reservation ""
  ]
  edge [
    source 7
    target 40
    key 0
    port 11
    weight 1
    bandwidth 50000000
    traffic ""
    reservation ""
  ]
  edge [
    source 7
    target 41
    key 0
    port 12
    weight 1
    bandwidth 50000000
    traffic ""
    reservation ""
  ]
  edge [
    source 7
    target 42
    key 0
    port 13
    weight 1
    bandwidth 50000000
    traffic ""
    reservation ""
  ]
  edge [
    source 7
    target 43
    key 0
    port 14
    weight 1
    bandwidth 50000000
    traffic ""
    reservation ""
  ]
  edge [
    source 7
    target 44
    key 0
    port 15
    weight 1
    bandwidth 50000000
    traffic ""
    reservation ""
  ]
  edge [
    source 7
    target 45
    key 0
    port 16
    weight 1
    bandwidth 50000000
    traffic ""
    reservation ""
  ]
  edge [
    source 7
    target 46
    key 0
    port 17
    weight 1
    bandwidth 50000000
    traffic ""
    reservation ""
  ]
  edge [
    source 7
    target 47
    key 0
    port 18
    weight 1
    bandwidth 50000000
    traffic ""
    reservation ""
  ]
  edge [
    source 7
    target 48
    key 0
    port 19
    weight 1
    bandwidth 50000000
    traffic ""
    reservation ""
  ]
  edge [
    source 7
    target 49
    key 0
    port 20
    weight 1
    bandwidth 50000000
    traffic ""
    reservation ""
  ]
  edge [
    source 7
    target 50
    key 0
    port 21
    weight 1
    bandwidth 50000000
    traffic ""
    reservation ""
  ]
  edge [
    source 7
    target 51
    key 0
    port 22
    weight 1
    bandwidth 50000000
    traffic ""
    reservation ""
  ]
  edge [
    source 7
    target 52
    key 0
    port 23
    weight 1
    bandwidth 50000000
    traffic ""
    reservation ""
  ]
  edge [
    source 8
    target 10
    key 0
    LinkType "SDH"
    LinkSpeed "155"
    LinkLabel "155 Mbps SDH"
    LinkSpeedUnits "M"
    LinkSpeedRaw 155000000.0
    bandwidth 100000000
    traffic ""
    reservation ""
    port 0
  ]
  edge [
    source 9
    target 12
    key 0
    LinkLabel "4*2 Mbps PDH"
    bandwidth 100000000
    traffic ""
    reservation ""
    port 0
  ]
  edge [
    source 9
    target 13
    key 0
    LinkType "SDH"
    LinkSpeed "155"
    LinkLabel "155 Mbps SDH"
    LinkSpeedUnits "M"
    LinkSpeedRaw 155000000.0
    bandwidth 100000000
    traffic ""
    reservation ""
    port 1
  ]
  edge [
    source 10
    target 7
    key 0
    LinkSpeed "34"
    LinkNote "  PDH"
    LinkLabel "34 Mbps PDH"
    LinkSpeedUnits "M"
    LinkSpeedRaw 34000000.0
    bandwidth 100000000
    traffic ""
    reservation ""
    port 0
  ]
  edge [
    source 10
    target 8
    key 0
    LinkType "SDH"
    LinkSpeed "155"
    LinkLabel "155 Mbps SDH"
    LinkSpeedUnits "M"
    LinkSpeedRaw 155000000.0
    bandwidth 100000000
    traffic ""
    reservation ""
    port 1
  ]
  edge [
    source 10
    target 11
    key 0
    LinkType "SDH"
    LinkSpeed "155"
    LinkLabel "155 Mbps SDH"
    LinkSpeedUnits "M"
    LinkSpeedRaw 155000000.0
    bandwidth 100000000
    traffic "18000000,18000000,3500000,3500000,3500000,18000000,3500000,3500000,3500000,3500000,3500000,3500000,3500000,200000,3500000,3500000,3500000,200000,200000,200000,200000,200000,200000,200000"
    reservation "16120800.0,20041200.0,3414950.0,3015950.0,3858050.0,17060400.0,3590300.0,3015950.0,3590300.0,3858050.0,3590300.0,3590300.0,3590300.0,212000.0,3590300.0,3414950.0,3015950.0,176060.0,204860.0,227540.0,218840.0,186860.0,194540.0,218840.0"
    port 2
  ]
  edge [
    source 10
    target 13
    key 0
    LinkType "SDH"
    LinkSpeed "155"
    LinkLabel "155 Mbps SDH"
    LinkSpeedUnits "M"
    LinkSpeedRaw 155000000.0
    bandwidth 100000000
    traffic ""
    reservation ""
    port 3
  ]
  edge [
    source 10
    target 28
    key 0
    port 4
    weight 1
    bandwidth 50000000
    traffic ""
    reservation ""
  ]
  edge [
    source 11
    target 1
    key 0
    LinkType "SDH"
    LinkSpeed "155"
    LinkLabel "155 Mbps SDH"
    LinkSpeedUnits "M"
    LinkSpeedRaw 155000000.0
    bandwidth 100000000
    traffic ""
    reservation ""
    port 0
  ]
  edge [
    source 11
    target 2
    key 0
    LinkType "SDH"
    LinkSpeed "155"
    LinkLabel "155 Mbps SDH"
    LinkSpeedUnits "M"
    LinkSpeedRaw 155000000.0
    bandwidth 100000000
    traffic "3500000,3500000,3500000,3500000,3500000,3500000,3500000,3500000,3500000,3500000,3500000,3500000,3500000,3500000,3500000,3500000,3500000,3500000,3500000,3500000,3500000,3500000,3500000,3500000,3500000,3500000,3500000,3500000"
    reservation "3414950.0,3015950.0,3858050.0,3590300.0,3015950.0,3590300.0,3858050.0,3590300.0,3590300.0,3590300.0,3590300.0,3414950.0,3015950.0,3895850.0,3150350.0,3414950.0,3895850.0,3150350.0,3590300.0,3737300.0,3414950.0,3590300.0,3895850.0,3414950.0,3737300.0,3590300.0,3590300.0,3590300.0"
    port 1
  ]
  edge [
    source 11
    target 4
    key 0
    LinkType "SDH"
    LinkSpeed "155"
    LinkLabel "155 Mbps SDH"
    LinkSpeedUnits "M"
    LinkSpeedRaw 155000000.0
    bandwidth 100000000
    traffic ""
    reservation ""
    port 2
  ]
  edge [
    source 11
    target 10
    key 0
    LinkType "SDH"
    LinkSpeed "155"
    LinkLabel "155 Mbps SDH"
    LinkSpeedUnits "M"
    LinkSpeedRaw 155000000.0
    bandwidth 100000000
    traffic ""
    reservation ""
    port 3
  ]
  edge [
    source 11
    target 17
    key 0
    LinkType "SDH"
    LinkSpeed "155"
    LinkLabel "155 Mbps SDH"
    LinkSpeedUnits "M"
    LinkSpeedRaw 155000000.0
    bandwidth 100000000
    traffic ""
    reservation ""
    port 4
  ]
  edge [
    source 11
    target 18
    key 0
    LinkSpeed "34"
    LinkNote "  PDH"
    LinkLabel "34 Mbps PDH"
    LinkSpeedUnits "M"
    LinkSpeedRaw 34000000.0
    bandwidth 100000000
    traffic ""
    reservation ""
    port 5
  ]
  edge [
    source 11
    target 19
    key 0
    LinkSpeed "34"
    LinkNote "  PDH"
    LinkLabel "34 Mbps PDH"
    LinkSpeedUnits "M"
    LinkSpeedRaw 34000000.0
    bandwidth 100000000
    traffic ""
    reservation ""
    port 6
  ]
  edge [
    source 11
    target 20
    key 0
    LinkType "SDH"
    LinkSpeed "155"
    LinkLabel "155 Mbps SDH"
    LinkSpeedUnits "M"
    LinkSpeedRaw 155000000.0
    bandwidth 100000000
    traffic ""
    reservation ""
    port 7
  ]
  edge [
    source 11
    target 21
    key 0
    LinkType "SDH"
    LinkSpeed "155"
    LinkLabel "155 Mbps SDH"
    LinkSpeedUnits "M"
    LinkSpeedRaw 155000000.0
    bandwidth 100000000
    traffic "18000000,18000000,18000000,18000000,18000000,200000,200000,200000,200000,200000,200000,200000,200000,200000,200000,200000,200000,200000,200000,200000,200000,200000,200000,200000,200000,200000,200000,200000,200000,200000,200000,200000,200000,200000,200000,200000,200000,200000,200000,200000,200000,200000,200000,200000"
    reservation "16120800.0,20041200.0,20041200.0,18723600.0,17060400.0,212000.0,176060.0,204860.0,227540.0,218840.0,186860.0,194540.0,218840.0,204860.0,208280.0,212000.0,188480.0,176060.0,204860.0,176060.0,204860.0,201020.0,228800.0,227540.0,188480.0,204860.0,228800.0,203180.0,184100.0,203180.0,201020.0,204860.0,194540.0,228800.0,208280.0,208280.0,188480.0,176780.0,176780.0,228800.0,228800.0,227540.0,184100.0,194540.0"
    port 8
  ]
  edge [
    source 11
    target 23
    key 0
    LinkType "SDH"
    LinkSpeed "155"
    LinkLabel "155 Mbps SDH"
    LinkSpeedUnits "M"
    LinkSpeedRaw 155000000.0
    bandwidth 100000000
    traffic ""
    reservation ""
    port 9
  ]
  edge [
    source 12
    target 9
    key 0
    LinkLabel "4*2 Mbps PDH"
    bandwidth 100000000
    traffic ""
    reservation ""
    port 0
  ]
  edge [
    source 13
    target 9
    key 0
    LinkType "SDH"
    LinkSpeed "155"
    LinkLabel "155 Mbps SDH"
    LinkSpeedUnits "M"
    LinkSpeedRaw 155000000.0
    bandwidth 100000000
    traffic ""
    reservation ""
    port 0
  ]
  edge [
    source 13
    target 10
    key 0
    LinkType "SDH"
    LinkSpeed "155"
    LinkLabel "155 Mbps SDH"
    LinkSpeedUnits "M"
    LinkSpeedRaw 155000000.0
    bandwidth 100000000
    traffic ""
    reservation ""
    port 1
  ]
  edge [
    source 14
    target 23
    key 0
    LinkType "SDH"
    LinkSpeed "155"
    LinkLabel "155 Mbps SDH"
    LinkSpeedUnits "M"
    LinkSpeedRaw 155000000.0
    bandwidth 100000000
    traffic ""
    reservation ""
    port 0
  ]
  edge [
    source 15
    target 0
    key 0
    LinkType "SDH"
    LinkSpeed "155"
    LinkLabel "155 Mbps SDH"
    LinkSpeedUnits "M"
    LinkSpeedRaw 155000000.0
    bandwidth 100000000
    traffic ""
    reservation ""
    port 0
  ]
  edge [
    source 15
    target 2
    key 0
    LinkType "SDH"
    LinkSpeed "155"
    LinkLabel "155 Mbps SDH"
    LinkSpeedUnits "M"
    LinkSpeedRaw 155000000.0
    bandwidth 100000000
    traffic ""
    reservation ""
    port 1
  ]
  edge [
    source 15
    target 3
    key 0
    LinkSpeed "34"
    LinkNote "  PDH"
    LinkLabel "34 Mbps PDH"
    LinkSpeedUnits "M"
    LinkSpeedRaw 34000000.0
    bandwidth 100000000
    traffic ""
    reservation ""
    port 2
  ]
  edge [
    source 15
    target 24
    key 0
    port 3
    weight 1
    bandwidth 350000000
    traffic "3500000,3500000,3500000,3500000,3500000,3500000,3500000,3500000,3500000,3500000,3500000,3500000,3500000,3500000,3500000,3500000,3500000,3500000,3500000,3500000,3500000,3500000,3500000,3500000,3500000,3500000,3500000,3500000"
    reservation "3414950.0,3015950.0,3858050.0,3590300.0,3015950.0,3590300.0,3858050.0,3590300.0,3590300.0,3590300.0,3590300.0,3414950.0,3015950.0,3895850.0,3150350.0,3414950.0,3895850.0,3150350.0,3590300.0,3737300.0,3414950.0,3590300.0,3895850.0,3414950.0,3737300.0,3590300.0,3590300.0,3590300.0"
  ]
  edge [
    source 16
    target 17
    key 0
    LinkType "SDH"
    LinkSpeed "155"
    LinkLabel "155 Mbps SDH"
    LinkSpeedUnits "M"
    LinkSpeedRaw 155000000.0
    bandwidth 100000000
    traffic "18000000"
    reservation "18723600.0"
    port 0
  ]
  edge [
    source 16
    target 30
    key 0
    port 1
    weight 1
    bandwidth 50000000
    traffic ""
    reservation ""
  ]
  edge [
    source 17
    target 11
    key 0
    LinkType "SDH"
    LinkSpeed "155"
    LinkLabel "155 Mbps SDH"
    LinkSpeedUnits "M"
    LinkSpeedRaw 155000000.0
    bandwidth 100000000
    traffic "18000000"
    reservation "18723600.0"
    port 0
  ]
  edge [
    source 17
    target 16
    key 0
    LinkType "SDH"
    LinkSpeed "155"
    LinkLabel "155 Mbps SDH"
    LinkSpeedUnits "M"
    LinkSpeedRaw 155000000.0
    bandwidth 100000000
    traffic ""
    reservation ""
    port 1
  ]
  edge [
    source 18
    target 11
    key 0
    LinkSpeed "34"
    LinkNote "  PDH"
    LinkLabel "34 Mbps PDH"
    LinkSpeedUnits "M"
    LinkSpeedRaw 34000000.0
    bandwidth 100000000
    traffic ""
    reservation ""
    port 0
  ]
  edge [
    source 19
    target 11
    key 0
    LinkSpeed "34"
    LinkNote "  PDH"
    LinkLabel "34 Mbps PDH"
    LinkSpeedUnits "M"
    LinkSpeedRaw 34000000.0
    bandwidth 100000000
    traffic ""
    reservation ""
    port 0
  ]
  edge [
    source 20
    target 11
    key 0
    LinkType "SDH"
    LinkSpeed "155"
    LinkLabel "155 Mbps SDH"
    LinkSpeedUnits "M"
    LinkSpeedRaw 155000000.0
    bandwidth 100000000
    traffic ""
    reservation ""
    port 0
  ]
  edge [
    source 21
    target 11
    key 0
    LinkType "SDH"
    LinkSpeed "155"
    LinkLabel "155 Mbps SDH"
    LinkSpeedUnits "M"
    LinkSpeedRaw 155000000.0
    bandwidth 100000000
    traffic ""
    reservation ""
    port 0
  ]
  edge [
    source 21
    target 22
    key 0
    LinkSpeed "34"
    LinkNote "  PDH"
    LinkLabel "34 Mbps PDH"
    LinkSpeedUnits "M"
    LinkSpeedRaw 34000000.0
    bandwidth 100000000
    traffic "200000,200000,200000,200000,200000,200000,200000,200000,200000,200000,200000,200000,200000,200000,200000,200000,200000,200000,200000,200000,200000,200000,200000,200000,200000,200000,200000,200000,200000,200000,200000,200000,200000,200000,200000,200000,200000,200000,200000"
    reservation "212000.0,176060.0,204860.0,227540.0,218840.0,186860.0,194540.0,218840.0,204860.0,208280.0,212000.0,188480.0,176060.0,204860.0,176060.0,204860.0,201020.0,228800.0,227540.0,188480.0,204860.0,228800.0,203180.0,184100.0,203180.0,201020.0,204860.0,194540.0,228800.0,208280.0,208280.0,188480.0,176780.0,176780.0,228800.0,228800.0,227540.0,184100.0,194540.0"
    port 1
  ]
  edge [
    source 21
    target 26
    key 0
    port 2
    weight 1
    bandwidth 350000000
    traffic "18000000,18000000,18000000,18000000,18000000"
    reservation "16120800.0,20041200.0,20041200.0,18723600.0,17060400.0"
  ]
  edge [
    source 22
    target 21
    key 0
    LinkSpeed "34"
    LinkNote "  PDH"
    LinkLabel "34 Mbps PDH"
    LinkSpeedUnits "M"
    LinkSpeedRaw 34000000.0
    bandwidth 100000000
    traffic ""
    reservation ""
    port 0
  ]
  edge [
    source 22
    target 25
    key 0
    port 1
    weight 1
    bandwidth 350000000
    traffic "200000,200000,200000,200000,200000,200000,200000,200000,200000,200000,200000,200000,200000,200000,200000,200000,200000,200000,200000,200000,200000,200000,200000,200000,200000,200000,200000,200000,200000,200000,200000,200000,200000,200000,200000,200000,200000,200000,200000"
    reservation "212000.0,176060.0,204860.0,227540.0,218840.0,186860.0,194540.0,218840.0,204860.0,208280.0,212000.0,188480.0,176060.0,204860.0,176060.0,204860.0,201020.0,228800.0,227540.0,188480.0,204860.0,228800.0,203180.0,184100.0,203180.0,201020.0,204860.0,194540.0,228800.0,208280.0,208280.0,188480.0,176780.0,176780.0,228800.0,228800.0,227540.0,184100.0,194540.0"
  ]
  edge [
    source 23
    target 11
    key 0
    LinkType "SDH"
    LinkSpeed "155"
    LinkLabel "155 Mbps SDH"
    LinkSpeedUnits "M"
    LinkSpeedRaw 155000000.0
    bandwidth 100000000
    traffic "18000000,3500000,3500000,3500000,3500000,3500000,3500000,3500000,3500000,200000,3500000,3500000,3500000,200000,3500000,3500000,3500000,3500000,200000,200000,200000,200000,200000,200000,200000,200000,200000,200000,200000,200000,200000,200000,200000,200000,200000,200000,200000,200000,200000,200000,200000,200000,200000,200000,200000,200000,200000"
    reservation "20041200.0,3895850.0,3150350.0,3414950.0,3895850.0,3150350.0,3590300.0,3737300.0,3414950.0,204860.0,3590300.0,3895850.0,3414950.0,208280.0,3737300.0,3590300.0,3590300.0,3590300.0,212000.0,188480.0,176060.0,204860.0,176060.0,204860.0,201020.0,228800.0,227540.0,188480.0,204860.0,228800.0,203180.0,184100.0,203180.0,201020.0,204860.0,194540.0,228800.0,208280.0,208280.0,188480.0,176780.0,176780.0,228800.0,228800.0,227540.0,184100.0,194540.0"
    port 0
  ]
  edge [
    source 23
    target 14
    key 0
    LinkType "SDH"
    LinkSpeed "155"
    LinkLabel "155 Mbps SDH"
    LinkSpeedUnits "M"
    LinkSpeedRaw 155000000.0
    bandwidth 100000000
    traffic ""
    reservation ""
    port 1
  ]
  edge [
    source 23
    target 29
    key 0
    port 2
    weight 1
    bandwidth 50000000
    traffic ""
    reservation ""
  ]
  edge [
    source 23
    target 53
    key 0
    port 3
    weight 1
    bandwidth 50000000
    traffic ""
    reservation ""
  ]
  edge [
    source 23
    target 54
    key 0
    port 4
    weight 1
    bandwidth 50000000
    traffic ""
    reservation ""
  ]
  edge [
    source 23
    target 55
    key 0
    port 5
    weight 1
    bandwidth 50000000
    traffic ""
    reservation ""
  ]
  edge [
    source 23
    target 56
    key 0
    port 6
    weight 1
    bandwidth 50000000
    traffic ""
    reservation ""
  ]
  edge [
    source 23
    target 57
    key 0
    port 7
    weight 1
    bandwidth 50000000
    traffic ""
    reservation ""
  ]
  edge [
    source 23
    target 58
    key 0
    port 8
    weight 1
    bandwidth 50000000
    traffic ""
    reservation ""
  ]
  edge [
    source 23
    target 59
    key 0
    port 9
    weight 1
    bandwidth 50000000
    traffic ""
    reservation ""
  ]
  edge [
    source 23
    target 60
    key 0
    port 10
    weight 1
    bandwidth 50000000
    traffic ""
    reservation ""
  ]
  edge [
    source 23
    target 61
    key 0
    port 11
    weight 1
    bandwidth 50000000
    traffic ""
    reservation ""
  ]
  edge [
    source 23
    target 62
    key 0
    port 12
    weight 1
    bandwidth 50000000
    traffic ""
    reservation ""
  ]
  edge [
    source 23
    target 63
    key 0
    port 13
    weight 1
    bandwidth 50000000
    traffic ""
    reservation ""
  ]
  edge [
    source 23
    target 64
    key 0
    port 14
    weight 1
    bandwidth 50000000
    traffic ""
    reservation ""
  ]
  edge [
    source 23
    target 65
    key 0
    port 15
    weight 1
    bandwidth 50000000
    traffic ""
    reservation ""
  ]
  edge [
    source 23
    target 66
    key 0
    port 16
    weight 1
    bandwidth 50000000
    traffic ""
    reservation ""
  ]
  edge [
    source 23
    target 67
    key 0
    port 17
    weight 1
    bandwidth 50000000
    traffic ""
    reservation ""
  ]
  edge [
    source 23
    target 68
    key 0
    port 18
    weight 1
    bandwidth 50000000
    traffic ""
    reservation ""
  ]
  edge [
    source 23
    target 69
    key 0
    port 19
    weight 1
    bandwidth 50000000
    traffic ""
    reservation ""
  ]
  edge [
    source 23
    target 70
    key 0
    port 20
    weight 1
    bandwidth 50000000
    traffic ""
    reservation ""
  ]
  edge [
    source 23
    target 71
    key 0
    port 21
    weight 1
    bandwidth 50000000
    traffic ""
    reservation ""
  ]
  edge [
    source 23
    target 72
    key 0
    port 22
    weight 1
    bandwidth 50000000
    traffic ""
    reservation ""
  ]
  edge [
    source 23
    target 73
    key 0
    port 23
    weight 1
    bandwidth 50000000
    traffic ""
    reservation ""
  ]
  edge [
    source 23
    target 74
    key 0
    port 24
    weight 1
    bandwidth 50000000
    traffic ""
    reservation ""
  ]
  edge [
    source 23
    target 75
    key 0
    port 25
    weight 1
    bandwidth 50000000
    traffic ""
    reservation ""
  ]
  edge [
    source 23
    target 76
    key 0
    port 26
    weight 1
    bandwidth 50000000
    traffic ""
    reservation ""
  ]
  edge [
    source 23
    target 77
    key 0
    port 27
    weight 1
    bandwidth 50000000
    traffic ""
    reservation ""
  ]
  edge [
    source 23
    target 78
    key 0
    port 28
    weight 1
    bandwidth 50000000
    traffic ""
    reservation ""
  ]
  edge [
    source 23
    target 79
    key 0
    port 29
    weight 1
    bandwidth 50000000
    traffic ""
    reservation ""
  ]
  edge [
    source 23
    target 80
    key 0
    port 30
    weight 1
    bandwidth 50000000
    traffic ""
    reservation ""
  ]
  edge [
    source 23
    target 81
    key 0
    port 31
    weight 1
    bandwidth 50000000
    traffic ""
    reservation ""
  ]
  edge [
    source 23
    target 82
    key 0
    port 32
    weight 1
    bandwidth 50000000
    traffic ""
    reservation ""
  ]
  edge [
    source 23
    target 83
    key 0
    port 33
    weight 1
    bandwidth 50000000
    traffic ""
    reservation ""
  ]
  edge [
    source 23
    target 84
    key 0
    port 34
    weight 1
    bandwidth 50000000
    traffic ""
    reservation ""
  ]
  edge [
    source 23
    target 85
    key 0
    port 35
    weight 1
    bandwidth 50000000
    traffic ""
    reservation ""
  ]
  edge [
    source 23
    target 86
    key 0
    port 36
    weight 1
    bandwidth 50000000
    traffic ""
    reservation ""
  ]
  edge [
    source 23
    target 87
    key 0
    port 37
    weight 1
    bandwidth 50000000
    traffic ""
    reservation ""
  ]
  edge [
    source 23
    target 88
    key 0
    port 38
    weight 1
    bandwidth 50000000
    traffic ""
    reservation ""
  ]
  edge [
    source 23
    target 89
    key 0
    port 39
    weight 1
    bandwidth 50000000
    traffic ""
    reservation ""
  ]
  edge [
    source 23
    target 90
    key 0
    port 40
    weight 1
    bandwidth 50000000
    traffic ""
    reservation ""
  ]
  edge [
    source 23
    target 91
    key 0
    port 41
    weight 1
    bandwidth 50000000
    traffic ""
    reservation ""
  ]
  edge [
    source 23
    target 92
    key 0
    port 42
    weight 1
    bandwidth 50000000
    traffic ""
    reservation ""
  ]
  edge [
    source 23
    target 93
    key 0
    port 43
    weight 1
    bandwidth 50000000
    traffic ""
    reservation ""
  ]
  edge [
    source 23
    target 94
    key 0
    port 44
    weight 1
    bandwidth 50000000
    traffic ""
    reservation ""
  ]
  edge [
    source 23
    target 95
    key 0
    port 45
    weight 1
    bandwidth 50000000
    traffic ""
    reservation ""
  ]
  edge [
    source 23
    target 96
    key 0
    port 46
    weight 1
    bandwidth 50000000
    traffic ""
    reservation ""
  ]
  edge [
    source 23
    target 97
    key 0
    port 47
    weight 1
    bandwidth 50000000
    traffic ""
    reservation ""
  ]
  edge [
    source 23
    target 98
    key 0
    port 48
    weight 1
    bandwidth 50000000
    traffic ""
    reservation ""
  ]
  edge [
    source 24
    target 15
    key 0
    port 0
    weight 1
    bandwidth 350000000
    traffic ""
    reservation ""
  ]
  edge [
    source 25
    target 22
    key 0
    port 0
    weight 1
    bandwidth 350000000
    traffic ""
    reservation ""
  ]
  edge [
    source 26
    target 21
    key 0
    port 0
    weight 1
    bandwidth 350000000
    traffic ""
    reservation ""
  ]
  edge [
    source 27
    target 7
    key 0
    port 0
    weight 1
    bandwidth 50000000
    traffic "18000000"
    reservation "16120800.0"
  ]
  edge [
    source 28
    target 10
    key 0
    port 0
    weight 1
    bandwidth 50000000
    traffic "18000000"
    reservation "20041200.0"
  ]
  edge [
    source 29
    target 23
    key 0
    port 0
    weight 1
    bandwidth 50000000
    traffic "18000000"
    reservation "20041200.0"
  ]
  edge [
    source 30
    target 16
    key 0
    port 0
    weight 1
    bandwidth 50000000
    traffic "18000000"
    reservation "18723600.0"
  ]
  edge [
    source 31
    target 7
    key 0
    port 0
    weight 1
    bandwidth 50000000
    traffic "3500000"
    reservation "3414950.0"
  ]
  edge [
    source 32
    target 7
    key 0
    port 0
    weight 1
    bandwidth 50000000
    traffic "3500000"
    reservation "3015950.0"
  ]
  edge [
    source 33
    target 7
    key 0
    port 0
    weight 1
    bandwidth 50000000
    traffic "3500000"
    reservation "3858050.0"
  ]
  edge [
    source 34
    target 7
    key 0
    port 0
    weight 1
    bandwidth 50000000
    traffic "18000000"
    reservation "17060400.0"
  ]
  edge [
    source 35
    target 7
    key 0
    port 0
    weight 1
    bandwidth 50000000
    traffic "3500000"
    reservation "3590300.0"
  ]
  edge [
    source 36
    target 7
    key 0
    port 0
    weight 1
    bandwidth 50000000
    traffic "3500000"
    reservation "3015950.0"
  ]
  edge [
    source 37
    target 7
    key 0
    port 0
    weight 1
    bandwidth 50000000
    traffic "3500000"
    reservation "3590300.0"
  ]
  edge [
    source 38
    target 7
    key 0
    port 0
    weight 1
    bandwidth 50000000
    traffic "3500000"
    reservation "3858050.0"
  ]
  edge [
    source 39
    target 7
    key 0
    port 0
    weight 1
    bandwidth 50000000
    traffic "3500000"
    reservation "3590300.0"
  ]
  edge [
    source 40
    target 7
    key 0
    port 0
    weight 1
    bandwidth 50000000
    traffic "3500000"
    reservation "3590300.0"
  ]
  edge [
    source 41
    target 7
    key 0
    port 0
    weight 1
    bandwidth 50000000
    traffic "3500000"
    reservation "3590300.0"
  ]
  edge [
    source 42
    target 7
    key 0
    port 0
    weight 1
    bandwidth 50000000
    traffic "200000"
    reservation "212000.0"
  ]
  edge [
    source 43
    target 7
    key 0
    port 0
    weight 1
    bandwidth 50000000
    traffic "3500000"
    reservation "3590300.0"
  ]
  edge [
    source 44
    target 7
    key 0
    port 0
    weight 1
    bandwidth 50000000
    traffic "3500000"
    reservation "3414950.0"
  ]
  edge [
    source 45
    target 7
    key 0
    port 0
    weight 1
    bandwidth 50000000
    traffic "3500000"
    reservation "3015950.0"
  ]
  edge [
    source 46
    target 7
    key 0
    port 0
    weight 1
    bandwidth 50000000
    traffic "200000"
    reservation "176060.0"
  ]
  edge [
    source 47
    target 7
    key 0
    port 0
    weight 1
    bandwidth 50000000
    traffic "200000"
    reservation "204860.0"
  ]
  edge [
    source 48
    target 7
    key 0
    port 0
    weight 1
    bandwidth 50000000
    traffic "200000"
    reservation "227540.0"
  ]
  edge [
    source 49
    target 7
    key 0
    port 0
    weight 1
    bandwidth 50000000
    traffic "200000"
    reservation "218840.0"
  ]
  edge [
    source 50
    target 7
    key 0
    port 0
    weight 1
    bandwidth 50000000
    traffic "200000"
    reservation "186860.0"
  ]
  edge [
    source 51
    target 7
    key 0
    port 0
    weight 1
    bandwidth 50000000
    traffic "200000"
    reservation "194540.0"
  ]
  edge [
    source 52
    target 7
    key 0
    port 0
    weight 1
    bandwidth 50000000
    traffic "200000"
    reservation "218840.0"
  ]
  edge [
    source 53
    target 23
    key 0
    port 0
    weight 1
    bandwidth 50000000
    traffic "3500000"
    reservation "3895850.0"
  ]
  edge [
    source 54
    target 23
    key 0
    port 0
    weight 1
    bandwidth 50000000
    traffic "3500000"
    reservation "3150350.0"
  ]
  edge [
    source 55
    target 23
    key 0
    port 0
    weight 1
    bandwidth 50000000
    traffic "3500000"
    reservation "3414950.0"
  ]
  edge [
    source 56
    target 23
    key 0
    port 0
    weight 1
    bandwidth 50000000
    traffic "3500000"
    reservation "3895850.0"
  ]
  edge [
    source 57
    target 23
    key 0
    port 0
    weight 1
    bandwidth 50000000
    traffic "3500000"
    reservation "3150350.0"
  ]
  edge [
    source 58
    target 23
    key 0
    port 0
    weight 1
    bandwidth 50000000
    traffic "3500000"
    reservation "3590300.0"
  ]
  edge [
    source 59
    target 23
    key 0
    port 0
    weight 1
    bandwidth 50000000
    traffic "3500000"
    reservation "3737300.0"
  ]
  edge [
    source 60
    target 23
    key 0
    port 0
    weight 1
    bandwidth 50000000
    traffic "3500000"
    reservation "3414950.0"
  ]
  edge [
    source 61
    target 23
    key 0
    port 0
    weight 1
    bandwidth 50000000
    traffic "200000"
    reservation "204860.0"
  ]
  edge [
    source 62
    target 23
    key 0
    port 0
    weight 1
    bandwidth 50000000
    traffic "3500000"
    reservation "3590300.0"
  ]
  edge [
    source 63
    target 23
    key 0
    port 0
    weight 1
    bandwidth 50000000
    traffic "3500000"
    reservation "3895850.0"
  ]
  edge [
    source 64
    target 23
    key 0
    port 0
    weight 1
    bandwidth 50000000
    traffic "3500000"
    reservation "3414950.0"
  ]
  edge [
    source 65
    target 23
    key 0
    port 0
    weight 1
    bandwidth 50000000
    traffic "200000"
    reservation "208280.0"
  ]
  edge [
    source 66
    target 23
    key 0
    port 0
    weight 1
    bandwidth 50000000
    traffic "3500000"
    reservation "3737300.0"
  ]
  edge [
    source 67
    target 23
    key 0
    port 0
    weight 1
    bandwidth 50000000
    traffic "3500000"
    reservation "3590300.0"
  ]
  edge [
    source 68
    target 23
    key 0
    port 0
    weight 1
    bandwidth 50000000
    traffic "3500000"
    reservation "3590300.0"
  ]
  edge [
    source 69
    target 23
    key 0
    port 0
    weight 1
    bandwidth 50000000
    traffic "3500000"
    reservation "3590300.0"
  ]
  edge [
    source 70
    target 23
    key 0
    port 0
    weight 1
    bandwidth 50000000
    traffic "200000"
    reservation "212000.0"
  ]
  edge [
    source 71
    target 23
    key 0
    port 0
    weight 1
    bandwidth 50000000
    traffic "200000"
    reservation "188480.0"
  ]
  edge [
    source 72
    target 23
    key 0
    port 0
    weight 1
    bandwidth 50000000
    traffic "200000"
    reservation "176060.0"
  ]
  edge [
    source 73
    target 23
    key 0
    port 0
    weight 1
    bandwidth 50000000
    traffic "200000"
    reservation "204860.0"
  ]
  edge [
    source 74
    target 23
    key 0
    port 0
    weight 1
    bandwidth 50000000
    traffic "200000"
    reservation "176060.0"
  ]
  edge [
    source 75
    target 23
    key 0
    port 0
    weight 1
    bandwidth 50000000
    traffic "200000"
    reservation "204860.0"
  ]
  edge [
    source 76
    target 23
    key 0
    port 0
    weight 1
    bandwidth 50000000
    traffic "200000"
    reservation "201020.0"
  ]
  edge [
    source 77
    target 23
    key 0
    port 0
    weight 1
    bandwidth 50000000
    traffic "200000"
    reservation "228800.0"
  ]
  edge [
    source 78
    target 23
    key 0
    port 0
    weight 1
    bandwidth 50000000
    traffic "200000"
    reservation "227540.0"
  ]
  edge [
    source 79
    target 23
    key 0
    port 0
    weight 1
    bandwidth 50000000
    traffic "200000"
    reservation "188480.0"
  ]
  edge [
    source 80
    target 23
    key 0
    port 0
    weight 1
    bandwidth 50000000
    traffic "200000"
    reservation "204860.0"
  ]
  edge [
    source 81
    target 23
    key 0
    port 0
    weight 1
    bandwidth 50000000
    traffic "200000"
    reservation "228800.0"
  ]
  edge [
    source 82
    target 23
    key 0
    port 0
    weight 1
    bandwidth 50000000
    traffic "200000"
    reservation "203180.0"
  ]
  edge [
    source 83
    target 23
    key 0
    port 0
    weight 1
    bandwidth 50000000
    traffic "200000"
    reservation "184100.0"
  ]
  edge [
    source 84
    target 23
    key 0
    port 0
    weight 1
    bandwidth 50000000
    traffic "200000"
    reservation "203180.0"
  ]
  edge [
    source 85
    target 23
    key 0
    port 0
    weight 1
    bandwidth 50000000
    traffic "200000"
    reservation "201020.0"
  ]
  edge [
    source 86
    target 23
    key 0
    port 0
    weight 1
    bandwidth 50000000
    traffic "200000"
    reservation "204860.0"
  ]
  edge [
    source 87
    target 23
    key 0
    port 0
    weight 1
    bandwidth 50000000
    traffic "200000"
    reservation "194540.0"
  ]
  edge [
    source 88
    target 23
    key 0
    port 0
    weight 1
    bandwidth 50000000
    traffic "200000"
    reservation "228800.0"
  ]
  edge [
    source 89
    target 23
    key 0
    port 0
    weight 1
    bandwidth 50000000
    traffic "200000"
    reservation "208280.0"
  ]
  edge [
    source 90
    target 23
    key 0
    port 0
    weight 1
    bandwidth 50000000
    traffic "200000"
    reservation "208280.0"
  ]
  edge [
    source 91
    target 23
    key 0
    port 0
    weight 1
    bandwidth 50000000
    traffic "200000"
    reservation "188480.0"
  ]
  edge [
    source 92
    target 23
    key 0
    port 0
    weight 1
    bandwidth 50000000
    traffic "200000"
    reservation "176780.0"
  ]
  edge [
    source 93
    target 23
    key 0
    port 0
    weight 1
    bandwidth 50000000
    traffic "200000"
    reservation "176780.0"
  ]
  edge [
    source 94
    target 23
    key 0
    port 0
    weight 1
    bandwidth 50000000
    traffic "200000"
    reservation "228800.0"
  ]
  edge [
    source 95
    target 23
    key 0
    port 0
    weight 1
    bandwidth 50000000
    traffic "200000"
    reservation "228800.0"
  ]
  edge [
    source 96
    target 23
    key 0
    port 0
    weight 1
    bandwidth 50000000
    traffic "200000"
    reservation "227540.0"
  ]
  edge [
    source 97
    target 23
    key 0
    port 0
    weight 1
    bandwidth 50000000
    traffic "200000"
    reservation "184100.0"
  ]
  edge [
    source 98
    target 23
    key 0
    port 0
    weight 1
    bandwidth 50000000
    traffic "200000"
    reservation "194540.0"
  ]
]
