graph [
  directed 1
  multigraph 1
  GeoLocation "USA"
  GeoExtent "Country"
  Network "GoodNet"
  Provenance "Secondary"
  Note "Now part of deru via WinStar http://www.deru.net/darinbio.html - IP, Frame and ATM but no services known."
  Source "http://www.nthelp.com/images/goodnet.jpg"
  Version "1.0"
  Type "COM"
  DateType "Current"
  Backbone 1
  Commercial 0
  label "Goodnet"
  ToolsetVersion "0.3.34dev-20120328"
  Customer 0
  IX 0
  SourceGitVersion "e278b1b"
  DateModifier "="
  DateMonth "01"
  LastAccess "14/01/11"
  Access 0
  Layer "IP"
  Creator "Topology Zoo Toolset"
  Developed 1
  Transit 0
  NetworkDate "2011_01"
  DateYear "2011"
  LastProcessed "2011_09_01"
  Testbed 0
  levelsToS 78
  node [
    id 0
    label "0"
    Country "United States"
    Longitude -82.45843
    Internal 1
    Latitude 27.94752
    type "inner"
    schedulingPolicy "WFQ"
    tosToQoSqueue "30,44,52;63;40;34;61;28;39;25,43,60;23,29,62,65;26,45,58,64;36,42,51;37,50,55,56;46;27,66;67,72,75,76;57;59,68,69,73;70;71,74,77;33;21;53,54;20,0,1,2,3,4,5,6,7,8,9,10,11,12,13,14,15,16,17,18,19,22,24,31,32,35,38,41,47,48,49"
    schedulingWeights "3.936,3.738,0.001,0.001,3.952,0.001,0.001,3.292,7.92,7.748,3.265,9.681,0.001,3.658,0.776,0.214,0.691,0.226,0.627,0.001,15.818,34.283,0.17;7.871,0.001,3.095,3.085,0.001,3.539,3.378,6.584,7.92,7.748,6.53,3.227,3.548,3.658,0.001,0.001,0.001,0.001,0.001,17.509,0.001,0.001,22.3"
    levelsQoS 23
    queueSizes "32,32,32,32,32,32,32,32,32,32,32,32,32,32,32,32,32,32,32,32,32,32,32"
  ]
  node [
    id 1
    label "1"
    Country "United States"
    Longitude -97.51643
    Internal 1
    Latitude 35.46756
    type "inner"
    schedulingPolicy "WFQ"
    tosToQoSqueue "30,44,52;63;40;34;61;28;39;25,43,60;23,29,62,65;26,45,58,64;36,42,51;37,50,55,56;46;27,66;41;24,32,35;38,49;22;48;31,47;33;21;53,54;20,0,1,2,3,4,5,6,7,8,9,10,11,12,13,14,15,16,17,18,19,57,59,67,68,69,70,71,72,73,74,75,76,77"
    schedulingWeights "7.871,0.001,3.095,3.085,0.001,3.539,3.378,6.584,7.92,7.748,6.53,3.227,3.548,3.658,0.226,0.582,0.428,0.173,0.209,0.391,17.509,0.001,0.001,20.296;3.936,3.738,0.001,0.001,3.952,0.001,0.001,3.292,7.92,7.748,3.265,9.681,0.001,3.658,0.001,0.001,0.001,0.001,0.001,0.001,0.001,15.818,34.283,2.698"
    levelsQoS 24
    queueSizes "32,32,32,32,32,32,32,32,32,32,32,32,32,32,32,32,32,32,32,32,32,32,32,32"
  ]
  node [
    id 2
    label "2"
    Country "United States"
    Longitude -90.07507
    Internal 1
    Latitude 29.95465
    type "inner"
    schedulingPolicy "WFQ"
    tosToQoSqueue "30,44;40;34;28;39;25,43;23,29;26,45;36,42;37;46;27;33;21;53,54;20,0,1,2,3,4,5,6,7,8,9,10,11,12,13,14,15,16,17,18,19,22,24,31,32,35,38,41,47,48,49,50,51,52,55,56,57,58,59,60,61,62,63,64,65,66,67,68,69,70,71,72,73,74,75,76,77"
    schedulingWeights "7.871,3.095,3.085,3.539,3.378,6.584,7.92,7.748,6.53,3.227,3.548,3.658,17.509,0.001,0.001,22.307;0.001,0.001,0.001,0.001,0.001,0.001,0.001,0.001,0.001,0.001,0.001,0.001,0.001,15.818,34.283,49.886;0.001,0.001,0.001,0.001,0.001,0.001,0.001,0.001,0.001,0.001,0.001,0.001,0.001,0.001,0.001,99.985"
    levelsQoS 16
    queueSizes "32,32,32,32,32,32,32,32,32,32,32,32,32,32,32,32"
  ]
  node [
    id 3
    label "3"
    Country "United States"
    Longitude -81.65565
    Internal 1
    Latitude 30.33218
    type "destination_mmtc"
    schedulingPolicy "FIFO"
    levelsQoS "1"
    schedulingWeights "-"
    tosToQoSqueue "0,1,2,3,4,5,6,7,8,9,10,11,12,13,14,15,16,17,18,19,20,21,22,23,24,25,26,27,28,29,30,31,32,33,34,35,36,37,38,39,40,41,42,43,44,45,46,47,48,49,50,51,52,53,54,55,56,57,58,59,60,61,62,63,64,65,66,67,68,69,70,71,72,73,74,75,76,77"
    queueSizes "32"
  ]
  node [
    id 4
    label "4"
    Country "United States"
    Longitude -118.24368
    Internal 1
    Latitude 34.05223
    type "destination_urllc"
    schedulingPolicy "FIFO"
    levelsQoS "1"
    schedulingWeights "-"
    tosToQoSqueue "0,1,2,3,4,5,6,7,8,9,10,11,12,13,14,15,16,17,18,19,20,21,22,23,24,25,26,27,28,29,30,31,32,33,34,35,36,37,38,39,40,41,42,43,44,45,46,47,48,49,50,51,52,53,54,55,56,57,58,59,60,61,62,63,64,65,66,67,68,69,70,71,72,73,74,75,76,77"
    queueSizes "32"
  ]
  node [
    id 5
    label "5"
    Country "United States"
    Longitude -112.07404
    Internal 1
    Latitude 33.44838
    type "inner"
    schedulingPolicy "WFQ"
    tosToQoSqueue "33;21;53,54;20,0,1,2,3,4,5,6,7,8,9,10,11,12,13,14,15,16,17,18,19,22,23,24,25,26,27,28,29,30,31,32,34,35,36,37,38,39,40,41,42,43,44,45,46,47,48,49,50,51,52,55,56,57,58,59,60,61,62,63,64,65,66,67,68,69,70,71,72,73,74,75,76,77"
    schedulingWeights "0.001,0.001,0.001,99.997;0.001,0.001,0.001,99.997;0.001,0.001,0.001,99.997;17.509,15.818,34.283,32.39;0.001,0.001,0.001,99.997"
    levelsQoS 4
    queueSizes "32,32,32,32"
  ]
  node [
    id 6
    label "6"
    Country "United States"
    Longitude -110.92648
    Internal 1
    Latitude 32.22174
    type "destination_embb"
    schedulingPolicy "FIFO"
    levelsQoS "1"
    schedulingWeights "-"
    tosToQoSqueue "0,1,2,3,4,5,6,7,8,9,10,11,12,13,14,15,16,17,18,19,20,21,22,23,24,25,26,27,28,29,30,31,32,33,34,35,36,37,38,39,40,41,42,43,44,45,46,47,48,49,50,51,52,53,54,55,56,57,58,59,60,61,62,63,64,65,66,67,68,69,70,71,72,73,74,75,76,77"
    queueSizes "32"
  ]
  node [
    id 7
    label "7"
    Country "United States"
    Longitude -84.38798
    Internal 1
    Latitude 33.749
    type "inner"
    schedulingPolicy "WFQ"
    tosToQoSqueue "30,44,52;63;40;34;61;28;39;25,43,60;23,29,62,65;26,45,58,64;36,42,51;37,50,55,56;46;27,66;67,72,75,76;57;59,68,69,73;70;71,74,77;33;21;53,54;20,0,1,2,3,4,5,6,7,8,9,10,11,12,13,14,15,16,17,18,19,22,24,31,32,35,38,41,47,48,49"
    schedulingWeights "3.936,3.738,0.001,0.001,3.952,0.001,0.001,3.292,7.92,7.748,3.265,9.681,0.001,3.658,0.776,0.214,0.691,0.226,0.627,0.001,15.818,34.283,0.17;7.871,0.001,3.095,3.085,0.001,3.539,3.378,6.584,7.92,7.748,6.53,3.227,3.548,3.658,0.001,0.001,0.001,0.001,0.001,17.509,0.001,0.001,22.3;0.001,0.001,0.001,0.001,0.001,0.001,0.001,0.001,0.001,0.001,0.001,0.001,0.001,0.001,0.001,0.001,0.001,0.001,0.001,0.001,0.001,0.001,99.978;0.001,0.001,0.001,0.001,0.001,0.001,0.001,0.001,0.001,0.001,0.001,0.001,0.001,0.001,0.001,0.001,0.001,0.001,0.001,0.001,0.001,0.001,99.978;0.001,0.001,0.001,0.001,0.001,0.001,0.001,0.001,0.001,0.001,0.001,0.001,0.001,0.001,0.001,0.001,0.001,0.001,0.001,0.001,0.001,0.001,99.978"
    levelsQoS 23
    queueSizes "32,32,32,32,32,32,32,32,32,32,32,32,32,32,32,32,32,32,32,32,32,32,32"
  ]
  node [
    id 8
    label "8"
    Country "United States"
    Longitude -86.80249
    Internal 1
    Latitude 33.52066
    type "antenna"
    schedulingPolicy "WFQ"
    tosToQoSqueue "52;63;61;60;62,65;58,64;51;50,55,56;66;67,72,75,76;57;59,68,69,73;70;71,74,77;21;53,54,0,1,2,3,4,5,6,7,8,9,10,11,12,13,14,15,16,17,18,19,20,22,23,24,25,26,27,28,29,30,31,32,33,34,35,36,37,38,39,40,41,42,43,44,45,46,47,48,49"
    schedulingWeights "3.936,3.738,3.952,3.292,7.92,7.748,3.265,9.681,3.658,0.776,0.214,0.691,0.226,0.627,15.818,34.459;0.001,0.001,0.001,0.001,0.001,0.001,0.001,0.001,0.001,0.001,0.001,0.001,0.001,0.001,0.001,99.985;0.001,0.001,0.001,0.001,0.001,0.001,0.001,0.001,0.001,0.001,0.001,0.001,0.001,0.001,0.001,99.985;0.001,0.001,0.001,0.001,0.001,0.001,0.001,0.001,0.001,0.001,0.001,0.001,0.001,0.001,0.001,99.985;0.001,0.001,0.001,0.001,0.001,0.001,0.001,0.001,0.001,0.001,0.001,0.001,0.001,0.001,0.001,99.985;0.001,0.001,0.001,0.001,0.001,0.001,0.001,0.001,0.001,0.001,0.001,0.001,0.001,0.001,0.001,99.985;0.001,0.001,0.001,0.001,0.001,0.001,0.001,0.001,0.001,0.001,0.001,0.001,0.001,0.001,0.001,99.985;0.001,0.001,0.001,0.001,0.001,0.001,0.001,0.001,0.001,0.001,0.001,0.001,0.001,0.001,0.001,99.985;0.001,0.001,0.001,0.001,0.001,0.001,0.001,0.001,0.001,0.001,0.001,0.001,0.001,0.001,0.001,99.985;0.001,0.001,0.001,0.001,0.001,0.001,0.001,0.001,0.001,0.001,0.001,0.001,0.001,0.001,0.001,99.985;0.001,0.001,0.001,0.001,0.001,0.001,0.001,0.001,0.001,0.001,0.001,0.001,0.001,0.001,0.001,99.985;0.001,0.001,0.001,0.001,0.001,0.001,0.001,0.001,0.001,0.001,0.001,0.001,0.001,0.001,0.001,99.985;0.001,0.001,0.001,0.001,0.001,0.001,0.001,0.001,0.001,0.001,0.001,0.001,0.001,0.001,0.001,99.985;0.001,0.001,0.001,0.001,0.001,0.001,0.001,0.001,0.001,0.001,0.001,0.001,0.001,0.001,0.001,99.985;0.001,0.001,0.001,0.001,0.001,0.001,0.001,0.001,0.001,0.001,0.001,0.001,0.001,0.001,0.001,99.985;0.001,0.001,0.001,0.001,0.001,0.001,0.001,0.001,0.001,0.001,0.001,0.001,0.001,0.001,0.001,99.985;0.001,0.001,0.001,0.001,0.001,0.001,0.001,0.001,0.001,0.001,0.001,0.001,0.001,0.001,0.001,99.985;0.001,0.001,0.001,0.001,0.001,0.001,0.001,0.001,0.001,0.001,0.001,0.001,0.001,0.001,0.001,99.985;0.001,0.001,0.001,0.001,0.001,0.001,0.001,0.001,0.001,0.001,0.001,0.001,0.001,0.001,0.001,99.985;0.001,0.001,0.001,0.001,0.001,0.001,0.001,0.001,0.001,0.001,0.001,0.001,0.001,0.001,0.001,99.985;0.001,0.001,0.001,0.001,0.001,0.001,0.001,0.001,0.001,0.001,0.001,0.001,0.001,0.001,0.001,99.985;0.001,0.001,0.001,0.001,0.001,0.001,0.001,0.001,0.001,0.001,0.001,0.001,0.001,0.001,0.001,99.985;0.001,0.001,0.001,0.001,0.001,0.001,0.001,0.001,0.001,0.001,0.001,0.001,0.001,0.001,0.001,99.985;0.001,0.001,0.001,0.001,0.001,0.001,0.001,0.001,0.001,0.001,0.001,0.001,0.001,0.001,0.001,99.985;0.001,0.001,0.001,0.001,0.001,0.001,0.001,0.001,0.001,0.001,0.001,0.001,0.001,0.001,0.001,99.985;0.001,0.001,0.001,0.001,0.001,0.001,0.001,0.001,0.001,0.001,0.001,0.001,0.001,0.001,0.001,99.985;0.001,0.001,0.001,0.001,0.001,0.001,0.001,0.001,0.001,0.001,0.001,0.001,0.001,0.001,0.001,99.985;0.001,0.001,0.001,0.001,0.001,0.001,0.001,0.001,0.001,0.001,0.001,0.001,0.001,0.001,0.001,99.985;0.001,0.001,0.001,0.001,0.001,0.001,0.001,0.001,0.001,0.001,0.001,0.001,0.001,0.001,0.001,99.985;0.001,0.001,0.001,0.001,0.001,0.001,0.001,0.001,0.001,0.001,0.001,0.001,0.001,0.001,0.001,99.985"
    levelsQoS 16
    queueSizes "32,32,32,32,32,32,32,32,32,32,32,32,32,32,32,32"
  ]
  node [
    id 9
    label "9"
    Country "United States"
    Longitude -121.89496
    Internal 1
    Latitude 37.33939
    type "inner"
    schedulingPolicy "WFQ"
    tosToQoSqueue "30,44,52;63;40;34;61;28;39;25,43,60;23,29,62,65;26,45,58,64;36,42,51;37,50,55,56;46;27,66;41;24,32,35;38,49;22;48;31,47;33;21;53,54;20,0,1,2,3,4,5,6,7,8,9,10,11,12,13,14,15,16,17,18,19,57,59,67,68,69,70,71,72,73,74,75,76,77"
    schedulingWeights "3.936,3.738,0.001,0.001,3.952,0.001,0.001,3.292,7.92,7.748,3.265,9.681,0.001,3.658,0.001,0.001,0.001,0.001,0.001,0.001,0.001,15.818,34.283,2.698;7.871,0.001,3.095,3.085,0.001,3.539,3.378,6.584,7.92,7.748,6.53,3.227,3.548,3.658,0.226,0.582,0.428,0.173,0.209,0.391,17.509,0.001,0.001,20.296;0.001,0.001,0.001,0.001,0.001,0.001,0.001,0.001,0.001,0.001,0.001,0.001,0.001,0.001,0.001,0.001,0.001,0.001,0.001,0.001,0.001,0.001,0.001,99.977;0.001,0.001,0.001,0.001,0.001,0.001,0.001,0.001,0.001,0.001,0.001,0.001,0.001,0.001,0.001,0.001,0.001,0.001,0.001,0.001,0.001,0.001,0.001,99.977;0.001,0.001,0.001,0.001,0.001,0.001,0.001,0.001,0.001,0.001,0.001,0.001,0.001,0.001,0.001,0.001,0.001,0.001,0.001,0.001,0.001,0.001,0.001,99.977;0.001,0.001,0.001,0.001,0.001,0.001,0.001,0.001,0.001,0.001,0.001,0.001,0.001,0.001,0.001,0.001,0.001,0.001,0.001,0.001,0.001,0.001,0.001,99.977;0.001,0.001,0.001,0.001,0.001,0.001,0.001,0.001,0.001,0.001,0.001,0.001,0.001,0.001,0.001,0.001,0.001,0.001,0.001,0.001,0.001,0.001,0.001,99.977;0.001,0.001,0.001,0.001,0.001,0.001,0.001,0.001,0.001,0.001,0.001,0.001,0.001,0.001,0.001,0.001,0.001,0.001,0.001,0.001,0.001,0.001,0.001,99.977;0.001,0.001,0.001,0.001,0.001,0.001,0.001,0.001,0.001,0.001,0.001,0.001,0.001,0.001,0.001,0.001,0.001,0.001,0.001,0.001,0.001,0.001,0.001,99.977"
    levelsQoS 24
    queueSizes "32,32,32,32,32,32,32,32,32,32,32,32,32,32,32,32,32,32,32,32,32,32,32,32"
  ]
  node [
    id 10
    label "10"
    Country "United States"
    Longitude -111.89105
    Internal 1
    Latitude 40.76078
    type "inner"
    schedulingPolicy "WFQ"
    tosToQoSqueue "0,1,2,3,4,5,6,7,8,9,10,11,12,13,14,15,16,17,18,19,20,21,22,23,24,25,26,27,28,29,30,31,32,33,34,35,36,37,38,39,40,41,42,43,44,45,46,47,48,49,50,51,52,53,54,55,56,57,58,59,60,61,62,63,64,65,66,67,68,69,70,71,72,73,74,75,76,77"
    schedulingWeights "100;100"
    levelsQoS 1
    queueSizes "32"
  ]
  node [
    id 11
    label "11"
    Country "United States"
    Longitude -104.9847
    Internal 1
    Latitude 39.73915
    type "inner"
    schedulingPolicy "WFQ"
    tosToQoSqueue "0,1,2,3,4,5,6,7,8,9,10,11,12,13,14,15,16,17,18,19,20,21,22,23,24,25,26,27,28,29,30,31,32,33,34,35,36,37,38,39,40,41,42,43,44,45,46,47,48,49,50,51,52,53,54,55,56,57,58,59,60,61,62,63,64,65,66,67,68,69,70,71,72,73,74,75,76,77"
    schedulingWeights "100;100"
    levelsQoS 1
    queueSizes "32"
  ]
  node [
    id 12
    label "12"
    Country "United States"
    Longitude -87.65005
    Internal 1
    Latitude 41.85003
    type "inner"
    schedulingPolicy "WFQ"
    tosToQoSqueue "30,44;40;34;28;39;25,43;23,29;26,45;36,42;37;46;27;33;21;53,54;20,0,1,2,3,4,5,6,7,8,9,10,11,12,13,14,15,16,17,18,19,22,24,31,32,35,38,41,47,48,49,50,51,52,55,56,57,58,59,60,61,62,63,64,65,66,67,68,69,70,71,72,73,74,75,76,77"
    schedulingWeights "0.001,0.001,0.001,0.001,0.001,0.001,0.001,0.001,0.001,0.001,0.001,0.001,0.001,15.818,34.283,49.886;7.871,3.095,3.085,3.539,3.378,6.584,7.92,7.748,6.53,3.227,3.548,3.658,0.001,0.001,0.001,39.815;0.001,0.001,0.001,0.001,0.001,0.001,0.001,0.001,0.001,0.001,0.001,0.001,17.509,0.001,0.001,82.477;0.001,0.001,0.001,0.001,0.001,0.001,0.001,0.001,0.001,0.001,0.001,0.001,0.001,0.001,0.001,99.985;0.001,0.001,0.001,0.001,0.001,0.001,0.001,0.001,0.001,0.001,0.001,0.001,0.001,0.001,0.001,99.985;0.001,0.001,0.001,0.001,0.001,0.001,0.001,0.001,0.001,0.001,0.001,0.001,0.001,0.001,0.001,99.985;0.001,0.001,0.001,0.001,0.001,0.001,0.001,0.001,0.001,0.001,0.001,0.001,0.001,0.001,0.001,99.985;0.001,0.001,0.001,0.001,0.001,0.001,0.001,0.001,0.001,0.001,0.001,0.001,0.001,0.001,0.001,99.985;0.001,0.001,0.001,0.001,0.001,0.001,0.001,0.001,0.001,0.001,0.001,0.001,0.001,0.001,0.001,99.985"
    levelsQoS 16
    queueSizes "32,32,32,32,32,32,32,32,32,32,32,32,32,32,32,32"
  ]
  node [
    id 13
    label "13"
    Country "United States"
    Longitude -72.68509
    Internal 1
    Latitude 41.76371
    type "inner"
    schedulingPolicy "WFQ"
    tosToQoSqueue "0,1,2,3,4,5,6,7,8,9,10,11,12,13,14,15,16,17,18,19,20,21,22,23,24,25,26,27,28,29,30,31,32,33,34,35,36,37,38,39,40,41,42,43,44,45,46,47,48,49,50,51,52,53,54,55,56,57,58,59,60,61,62,63,64,65,66,67,68,69,70,71,72,73,74,75,76,77"
    schedulingWeights "100"
    levelsQoS 1
    queueSizes "32"
  ]
  node [
    id 14
    label "14"
    Country "United States"
    Longitude -74.00597
    Internal 1
    Latitude 40.71427
    type "inner"
    schedulingPolicy "WFQ"
    tosToQoSqueue "0,1,2,3,4,5,6,7,8,9,10,11,12,13,14,15,16,17,18,19,20,21,22,23,24,25,26,27,28,29,30,31,32,33,34,35,36,37,38,39,40,41,42,43,44,45,46,47,48,49,50,51,52,53,54,55,56,57,58,59,60,61,62,63,64,65,66,67,68,69,70,71,72,73,74,75,76,77"
    schedulingWeights "100;100;100;100"
    levelsQoS 1
    queueSizes "32"
  ]
  node [
    id 15
    label "15"
    Country "United States"
    Longitude -77.03637
    Internal 1
    Latitude 38.89511
    type "inner"
    schedulingPolicy "WFQ"
    tosToQoSqueue "30,44,52;63;40;34;61;28;39;25,43,60;23,29,62,65;26,45,58,64;36,42,51;37,50,55,56;46;27,66;41;24,32,35;38,49;22;48;31,47;33;21;53,54;20,0,1,2,3,4,5,6,7,8,9,10,11,12,13,14,15,16,17,18,19,57,59,67,68,69,70,71,72,73,74,75,76,77"
    schedulingWeights "7.871,0.001,3.095,3.085,0.001,3.539,3.378,6.584,7.92,7.748,6.53,3.227,3.548,3.658,0.226,0.582,0.428,0.173,0.209,0.391,17.509,0.001,0.001,20.296;0.001,0.001,0.001,0.001,0.001,0.001,0.001,0.001,0.001,0.001,0.001,0.001,0.001,0.001,0.001,0.001,0.001,0.001,0.001,0.001,0.001,0.001,0.001,99.977;3.936,3.738,0.001,0.001,3.952,0.001,0.001,3.292,7.92,7.748,3.265,9.681,0.001,3.658,0.001,0.001,0.001,0.001,0.001,0.001,0.001,15.818,34.283,2.698;0.001,0.001,0.001,0.001,0.001,0.001,0.001,0.001,0.001,0.001,0.001,0.001,0.001,0.001,0.001,0.001,0.001,0.001,0.001,0.001,0.001,0.001,0.001,99.977;0.001,0.001,0.001,0.001,0.001,0.001,0.001,0.001,0.001,0.001,0.001,0.001,0.001,0.001,0.001,0.001,0.001,0.001,0.001,0.001,0.001,0.001,0.001,99.977;0.001,0.001,0.001,0.001,0.001,0.001,0.001,0.001,0.001,0.001,0.001,0.001,0.001,0.001,0.001,0.001,0.001,0.001,0.001,0.001,0.001,0.001,0.001,99.977;0.001,0.001,0.001,0.001,0.001,0.001,0.001,0.001,0.001,0.001,0.001,0.001,0.001,0.001,0.001,0.001,0.001,0.001,0.001,0.001,0.001,0.001,0.001,99.977;0.001,0.001,0.001,0.001,0.001,0.001,0.001,0.001,0.001,0.001,0.001,0.001,0.001,0.001,0.001,0.001,0.001,0.001,0.001,0.001,0.001,0.001,0.001,99.977;0.001,0.001,0.001,0.001,0.001,0.001,0.001,0.001,0.001,0.001,0.001,0.001,0.001,0.001,0.001,0.001,0.001,0.001,0.001,0.001,0.001,0.001,0.001,99.977"
    levelsQoS 24
    queueSizes "32,32,32,32,32,32,32,32,32,32,32,32,32,32,32,32,32,32,32,32,32,32,32,32"
  ]
  node [
    id 16
    label "16"
    Country "United States"
    Longitude -85.30968
    Internal 1
    Latitude 35.04563
    type "antenna"
    schedulingPolicy "WFQ"
    tosToQoSqueue "30,44;40;34;28;39;25,43;23,29;26,45;36,42;37;46;27;41;24,32,35;38,49;22;48;31,47;33;20,0,1,2,3,4,5,6,7,8,9,10,11,12,13,14,15,16,17,18,19,21,50,51,52,53,54,55,56,57,58,59,60,61,62,63,64,65,66,67,68,69,70,71,72,73,74,75,76,77"
    schedulingWeights "7.871,3.095,3.085,3.539,3.378,6.584,7.92,7.748,6.53,3.227,3.548,3.658,0.226,0.582,0.428,0.173,0.209,0.391,17.509,20.3;0.001,0.001,0.001,0.001,0.001,0.001,0.001,0.001,0.001,0.001,0.001,0.001,0.001,0.001,0.001,0.001,0.001,0.001,0.001,99.981;0.001,0.001,0.001,0.001,0.001,0.001,0.001,0.001,0.001,0.001,0.001,0.001,0.001,0.001,0.001,0.001,0.001,0.001,0.001,99.981;0.001,0.001,0.001,0.001,0.001,0.001,0.001,0.001,0.001,0.001,0.001,0.001,0.001,0.001,0.001,0.001,0.001,0.001,0.001,99.981;0.001,0.001,0.001,0.001,0.001,0.001,0.001,0.001,0.001,0.001,0.001,0.001,0.001,0.001,0.001,0.001,0.001,0.001,0.001,99.981;0.001,0.001,0.001,0.001,0.001,0.001,0.001,0.001,0.001,0.001,0.001,0.001,0.001,0.001,0.001,0.001,0.001,0.001,0.001,99.981;0.001,0.001,0.001,0.001,0.001,0.001,0.001,0.001,0.001,0.001,0.001,0.001,0.001,0.001,0.001,0.001,0.001,0.001,0.001,99.981;0.001,0.001,0.001,0.001,0.001,0.001,0.001,0.001,0.001,0.001,0.001,0.001,0.001,0.001,0.001,0.001,0.001,0.001,0.001,99.981;0.001,0.001,0.001,0.001,0.001,0.001,0.001,0.001,0.001,0.001,0.001,0.001,0.001,0.001,0.001,0.001,0.001,0.001,0.001,99.981;0.001,0.001,0.001,0.001,0.001,0.001,0.001,0.001,0.001,0.001,0.001,0.001,0.001,0.001,0.001,0.001,0.001,0.001,0.001,99.981;0.001,0.001,0.001,0.001,0.001,0.001,0.001,0.001,0.001,0.001,0.001,0.001,0.001,0.001,0.001,0.001,0.001,0.001,0.001,99.981;0.001,0.001,0.001,0.001,0.001,0.001,0.001,0.001,0.001,0.001,0.001,0.001,0.001,0.001,0.001,0.001,0.001,0.001,0.001,99.981;0.001,0.001,0.001,0.001,0.001,0.001,0.001,0.001,0.001,0.001,0.001,0.001,0.001,0.001,0.001,0.001,0.001,0.001,0.001,99.981;0.001,0.001,0.001,0.001,0.001,0.001,0.001,0.001,0.001,0.001,0.001,0.001,0.001,0.001,0.001,0.001,0.001,0.001,0.001,99.981;0.001,0.001,0.001,0.001,0.001,0.001,0.001,0.001,0.001,0.001,0.001,0.001,0.001,0.001,0.001,0.001,0.001,0.001,0.001,99.981;0.001,0.001,0.001,0.001,0.001,0.001,0.001,0.001,0.001,0.001,0.001,0.001,0.001,0.001,0.001,0.001,0.001,0.001,0.001,99.981;0.001,0.001,0.001,0.001,0.001,0.001,0.001,0.001,0.001,0.001,0.001,0.001,0.001,0.001,0.001,0.001,0.001,0.001,0.001,99.981;0.001,0.001,0.001,0.001,0.001,0.001,0.001,0.001,0.001,0.001,0.001,0.001,0.001,0.001,0.001,0.001,0.001,0.001,0.001,99.981;0.001,0.001,0.001,0.001,0.001,0.001,0.001,0.001,0.001,0.001,0.001,0.001,0.001,0.001,0.001,0.001,0.001,0.001,0.001,99.981;0.001,0.001,0.001,0.001,0.001,0.001,0.001,0.001,0.001,0.001,0.001,0.001,0.001,0.001,0.001,0.001,0.001,0.001,0.001,99.981;0.001,0.001,0.001,0.001,0.001,0.001,0.001,0.001,0.001,0.001,0.001,0.001,0.001,0.001,0.001,0.001,0.001,0.001,0.001,99.981;0.001,0.001,0.001,0.001,0.001,0.001,0.001,0.001,0.001,0.001,0.001,0.001,0.001,0.001,0.001,0.001,0.001,0.001,0.001,99.981;0.001,0.001,0.001,0.001,0.001,0.001,0.001,0.001,0.001,0.001,0.001,0.001,0.001,0.001,0.001,0.001,0.001,0.001,0.001,99.981;0.001,0.001,0.001,0.001,0.001,0.001,0.001,0.001,0.001,0.001,0.001,0.001,0.001,0.001,0.001,0.001,0.001,0.001,0.001,99.981;0.001,0.001,0.001,0.001,0.001,0.001,0.001,0.001,0.001,0.001,0.001,0.001,0.001,0.001,0.001,0.001,0.001,0.001,0.001,99.981;0.001,0.001,0.001,0.001,0.001,0.001,0.001,0.001,0.001,0.001,0.001,0.001,0.001,0.001,0.001,0.001,0.001,0.001,0.001,99.981;0.001,0.001,0.001,0.001,0.001,0.001,0.001,0.001,0.001,0.001,0.001,0.001,0.001,0.001,0.001,0.001,0.001,0.001,0.001,99.981;0.001,0.001,0.001,0.001,0.001,0.001,0.001,0.001,0.001,0.001,0.001,0.001,0.001,0.001,0.001,0.001,0.001,0.001,0.001,99.981;0.001,0.001,0.001,0.001,0.001,0.001,0.001,0.001,0.001,0.001,0.001,0.001,0.001,0.001,0.001,0.001,0.001,0.001,0.001,99.981;0.001,0.001,0.001,0.001,0.001,0.001,0.001,0.001,0.001,0.001,0.001,0.001,0.001,0.001,0.001,0.001,0.001,0.001,0.001,99.981"
    levelsQoS 20
    queueSizes "32,32,32,32,32,32,32,32,32,32,32,32,32,32,32,32,32,32,32,32"
  ]
  node [
    id 17
    label "17"
    schedulingPolicy "FIFO"
    levelsQoS "1"
    schedulingWeights "-"
    tosToQoSqueue "0,1,2,3,4,5,6,7,8,9,10,11,12,13,14,15,16,17,18,19,20,21,22,23,24,25,26,27,28,29,30,31,32,33,34,35,36,37,38,39,40,41,42,43,44,45,46,47,48,49,50,51,52,53,54,55,56,57,58,59,60,61,62,63,64,65,66,67,68,69,70,71,72,73,74,75,76,77"
    queueSizes "32"
    type "destination_urllc"
  ]
  node [
    id 18
    label "18"
    schedulingPolicy "FIFO"
    levelsQoS "1"
    schedulingWeights "-"
    tosToQoSqueue "0,1,2,3,4,5,6,7,8,9,10,11,12,13,14,15,16,17,18,19,20,21,22,23,24,25,26,27,28,29,30,31,32,33,34,35,36,37,38,39,40,41,42,43,44,45,46,47,48,49,50,51,52,53,54,55,56,57,58,59,60,61,62,63,64,65,66,67,68,69,70,71,72,73,74,75,76,77"
    queueSizes "32"
    type "destination_mmtc"
  ]
  node [
    id 19
    label "19"
    schedulingPolicy "FIFO"
    levelsQoS "1"
    schedulingWeights "-"
    tosToQoSqueue "0,1,2,3,4,5,6,7,8,9,10,11,12,13,14,15,16,17,18,19,20,21,22,23,24,25,26,27,28,29,30,31,32,33,34,35,36,37,38,39,40,41,42,43,44,45,46,47,48,49,50,51,52,53,54,55,56,57,58,59,60,61,62,63,64,65,66,67,68,69,70,71,72,73,74,75,76,77"
    queueSizes "32"
    type "destination_embb"
  ]
  node [
    id 20
    label "20"
    schedulingPolicy "FIFO"
    levelsQoS "1"
    schedulingWeights "-"
    tosToQoSqueue "0,1,2,3,4,5,6,7,8,9,10,11,12,13,14,15,16,17,18,19,20,21,22,23,24,25,26,27,28,29,30,31,32,33,34,35,36,37,38,39,40,41,42,43,44,45,46,47,48,49,50,51,52,53,54,55,56,57,58,59,60,61,62,63,64,65,66,67,68,69,70,71,72,73,74,75,76,77"
    queueSizes "32"
    type "origin_embb"
    reservation 20284200.0
  ]
  node [
    id 21
    label "21"
    schedulingPolicy "FIFO"
    levelsQoS "1"
    schedulingWeights "-"
    tosToQoSqueue "0,1,2,3,4,5,6,7,8,9,10,11,12,13,14,15,16,17,18,19,20,21,22,23,24,25,26,27,28,29,30,31,32,33,34,35,36,37,38,39,40,41,42,43,44,45,46,47,48,49,50,51,52,53,54,55,56,57,58,59,60,61,62,63,64,65,66,67,68,69,70,71,72,73,74,75,76,77"
    queueSizes "32"
    type "origin_embb"
    reservation 15818400.0
  ]
  node [
    id 22
    label "22"
    schedulingPolicy "FIFO"
    levelsQoS "1"
    schedulingWeights "-"
    tosToQoSqueue "0,1,2,3,4,5,6,7,8,9,10,11,12,13,14,15,16,17,18,19,20,21,22,23,24,25,26,27,28,29,30,31,32,33,34,35,36,37,38,39,40,41,42,43,44,45,46,47,48,49,50,51,52,53,54,55,56,57,58,59,60,61,62,63,64,65,66,67,68,69,70,71,72,73,74,75,76,77"
    queueSizes "32"
    type "origin_mmtc"
    reservation 172640.0
  ]
  node [
    id 23
    label "23"
    schedulingPolicy "FIFO"
    levelsQoS "1"
    schedulingWeights "-"
    tosToQoSqueue "0,1,2,3,4,5,6,7,8,9,10,11,12,13,14,15,16,17,18,19,20,21,22,23,24,25,26,27,28,29,30,31,32,33,34,35,36,37,38,39,40,41,42,43,44,45,46,47,48,49,50,51,52,53,54,55,56,57,58,59,60,61,62,63,64,65,66,67,68,69,70,71,72,73,74,75,76,77"
    queueSizes "32"
    type "origin_urllc"
    reservation 3959900.0
  ]
  node [
    id 24
    label "24"
    schedulingPolicy "FIFO"
    levelsQoS "1"
    schedulingWeights "-"
    tosToQoSqueue "0,1,2,3,4,5,6,7,8,9,10,11,12,13,14,15,16,17,18,19,20,21,22,23,24,25,26,27,28,29,30,31,32,33,34,35,36,37,38,39,40,41,42,43,44,45,46,47,48,49,50,51,52,53,54,55,56,57,58,59,60,61,62,63,64,65,66,67,68,69,70,71,72,73,74,75,76,77"
    queueSizes "32"
    type "origin_mmtc"
    reservation 194120.0
  ]
  node [
    id 25
    label "25"
    schedulingPolicy "FIFO"
    levelsQoS "1"
    schedulingWeights "-"
    tosToQoSqueue "0,1,2,3,4,5,6,7,8,9,10,11,12,13,14,15,16,17,18,19,20,21,22,23,24,25,26,27,28,29,30,31,32,33,34,35,36,37,38,39,40,41,42,43,44,45,46,47,48,49,50,51,52,53,54,55,56,57,58,59,60,61,62,63,64,65,66,67,68,69,70,71,72,73,74,75,76,77"
    queueSizes "32"
    type "origin_urllc"
    reservation 3292100.0
  ]
  node [
    id 26
    label "26"
    schedulingPolicy "FIFO"
    levelsQoS "1"
    schedulingWeights "-"
    tosToQoSqueue "0,1,2,3,4,5,6,7,8,9,10,11,12,13,14,15,16,17,18,19,20,21,22,23,24,25,26,27,28,29,30,31,32,33,34,35,36,37,38,39,40,41,42,43,44,45,46,47,48,49,50,51,52,53,54,55,56,57,58,59,60,61,62,63,64,65,66,67,68,69,70,71,72,73,74,75,76,77"
    queueSizes "32"
    type "origin_urllc"
    reservation 3873800.0
  ]
  node [
    id 27
    label "27"
    schedulingPolicy "FIFO"
    levelsQoS "1"
    schedulingWeights "-"
    tosToQoSqueue "0,1,2,3,4,5,6,7,8,9,10,11,12,13,14,15,16,17,18,19,20,21,22,23,24,25,26,27,28,29,30,31,32,33,34,35,36,37,38,39,40,41,42,43,44,45,46,47,48,49,50,51,52,53,54,55,56,57,58,59,60,61,62,63,64,65,66,67,68,69,70,71,72,73,74,75,76,77"
    queueSizes "32"
    type "origin_urllc"
    reservation 3657500.0
  ]
  node [
    id 28
    label "28"
    schedulingPolicy "FIFO"
    levelsQoS "1"
    schedulingWeights "-"
    tosToQoSqueue "0,1,2,3,4,5,6,7,8,9,10,11,12,13,14,15,16,17,18,19,20,21,22,23,24,25,26,27,28,29,30,31,32,33,34,35,36,37,38,39,40,41,42,43,44,45,46,47,48,49,50,51,52,53,54,55,56,57,58,59,60,61,62,63,64,65,66,67,68,69,70,71,72,73,74,75,76,77"
    queueSizes "32"
    type "origin_urllc"
    reservation 3538850.0
  ]
  node [
    id 29
    label "29"
    schedulingPolicy "FIFO"
    levelsQoS "1"
    schedulingWeights "-"
    tosToQoSqueue "0,1,2,3,4,5,6,7,8,9,10,11,12,13,14,15,16,17,18,19,20,21,22,23,24,25,26,27,28,29,30,31,32,33,34,35,36,37,38,39,40,41,42,43,44,45,46,47,48,49,50,51,52,53,54,55,56,57,58,59,60,61,62,63,64,65,66,67,68,69,70,71,72,73,74,75,76,77"
    queueSizes "32"
    type "origin_urllc"
    reservation 3959900.0
  ]
  node [
    id 30
    label "30"
    schedulingPolicy "FIFO"
    levelsQoS "1"
    schedulingWeights "-"
    tosToQoSqueue "0,1,2,3,4,5,6,7,8,9,10,11,12,13,14,15,16,17,18,19,20,21,22,23,24,25,26,27,28,29,30,31,32,33,34,35,36,37,38,39,40,41,42,43,44,45,46,47,48,49,50,51,52,53,54,55,56,57,58,59,60,61,62,63,64,65,66,67,68,69,70,71,72,73,74,75,76,77"
    queueSizes "32"
    type "origin_urllc"
    reservation 3935750.0
  ]
  node [
    id 31
    label "31"
    schedulingPolicy "FIFO"
    levelsQoS "1"
    schedulingWeights "-"
    tosToQoSqueue "0,1,2,3,4,5,6,7,8,9,10,11,12,13,14,15,16,17,18,19,20,21,22,23,24,25,26,27,28,29,30,31,32,33,34,35,36,37,38,39,40,41,42,43,44,45,46,47,48,49,50,51,52,53,54,55,56,57,58,59,60,61,62,63,64,65,66,67,68,69,70,71,72,73,74,75,76,77"
    queueSizes "32"
    type "origin_mmtc"
    reservation 195380.0
  ]
  node [
    id 32
    label "32"
    schedulingPolicy "FIFO"
    levelsQoS "1"
    schedulingWeights "-"
    tosToQoSqueue "0,1,2,3,4,5,6,7,8,9,10,11,12,13,14,15,16,17,18,19,20,21,22,23,24,25,26,27,28,29,30,31,32,33,34,35,36,37,38,39,40,41,42,43,44,45,46,47,48,49,50,51,52,53,54,55,56,57,58,59,60,61,62,63,64,65,66,67,68,69,70,71,72,73,74,75,76,77"
    queueSizes "32"
    type "origin_mmtc"
    reservation 194120.0
  ]
  node [
    id 33
    label "33"
    schedulingPolicy "FIFO"
    levelsQoS "1"
    schedulingWeights "-"
    tosToQoSqueue "0,1,2,3,4,5,6,7,8,9,10,11,12,13,14,15,16,17,18,19,20,21,22,23,24,25,26,27,28,29,30,31,32,33,34,35,36,37,38,39,40,41,42,43,44,45,46,47,48,49,50,51,52,53,54,55,56,57,58,59,60,61,62,63,64,65,66,67,68,69,70,71,72,73,74,75,76,77"
    queueSizes "32"
    type "origin_embb"
    reservation 17508600.0
  ]
  node [
    id 34
    label "34"
    schedulingPolicy "FIFO"
    levelsQoS "1"
    schedulingWeights "-"
    tosToQoSqueue "0,1,2,3,4,5,6,7,8,9,10,11,12,13,14,15,16,17,18,19,20,21,22,23,24,25,26,27,28,29,30,31,32,33,34,35,36,37,38,39,40,41,42,43,44,45,46,47,48,49,50,51,52,53,54,55,56,57,58,59,60,61,62,63,64,65,66,67,68,69,70,71,72,73,74,75,76,77"
    queueSizes "32"
    type "origin_urllc"
    reservation 3085250.0
  ]
  node [
    id 35
    label "35"
    schedulingPolicy "FIFO"
    levelsQoS "1"
    schedulingWeights "-"
    tosToQoSqueue "0,1,2,3,4,5,6,7,8,9,10,11,12,13,14,15,16,17,18,19,20,21,22,23,24,25,26,27,28,29,30,31,32,33,34,35,36,37,38,39,40,41,42,43,44,45,46,47,48,49,50,51,52,53,54,55,56,57,58,59,60,61,62,63,64,65,66,67,68,69,70,71,72,73,74,75,76,77"
    queueSizes "32"
    type "origin_mmtc"
    reservation 194120.0
  ]
  node [
    id 36
    label "36"
    schedulingPolicy "FIFO"
    levelsQoS "1"
    schedulingWeights "-"
    tosToQoSqueue "0,1,2,3,4,5,6,7,8,9,10,11,12,13,14,15,16,17,18,19,20,21,22,23,24,25,26,27,28,29,30,31,32,33,34,35,36,37,38,39,40,41,42,43,44,45,46,47,48,49,50,51,52,53,54,55,56,57,58,59,60,61,62,63,64,65,66,67,68,69,70,71,72,73,74,75,76,77"
    queueSizes "32"
    type "origin_urllc"
    reservation 3264800.0
  ]
  node [
    id 37
    label "37"
    schedulingPolicy "FIFO"
    levelsQoS "1"
    schedulingWeights "-"
    tosToQoSqueue "0,1,2,3,4,5,6,7,8,9,10,11,12,13,14,15,16,17,18,19,20,21,22,23,24,25,26,27,28,29,30,31,32,33,34,35,36,37,38,39,40,41,42,43,44,45,46,47,48,49,50,51,52,53,54,55,56,57,58,59,60,61,62,63,64,65,66,67,68,69,70,71,72,73,74,75,76,77"
    queueSizes "32"
    type "origin_urllc"
    reservation 3227000.0
  ]
  node [
    id 38
    label "38"
    schedulingPolicy "FIFO"
    levelsQoS "1"
    schedulingWeights "-"
    tosToQoSqueue "0,1,2,3,4,5,6,7,8,9,10,11,12,13,14,15,16,17,18,19,20,21,22,23,24,25,26,27,28,29,30,31,32,33,34,35,36,37,38,39,40,41,42,43,44,45,46,47,48,49,50,51,52,53,54,55,56,57,58,59,60,61,62,63,64,65,66,67,68,69,70,71,72,73,74,75,76,77"
    queueSizes "32"
    type "origin_mmtc"
    reservation 214040.0
  ]
  node [
    id 39
    label "39"
    schedulingPolicy "FIFO"
    levelsQoS "1"
    schedulingWeights "-"
    tosToQoSqueue "0,1,2,3,4,5,6,7,8,9,10,11,12,13,14,15,16,17,18,19,20,21,22,23,24,25,26,27,28,29,30,31,32,33,34,35,36,37,38,39,40,41,42,43,44,45,46,47,48,49,50,51,52,53,54,55,56,57,58,59,60,61,62,63,64,65,66,67,68,69,70,71,72,73,74,75,76,77"
    queueSizes "32"
    type "origin_urllc"
    reservation 3378200.0
  ]
  node [
    id 40
    label "40"
    schedulingPolicy "FIFO"
    levelsQoS "1"
    schedulingWeights "-"
    tosToQoSqueue "0,1,2,3,4,5,6,7,8,9,10,11,12,13,14,15,16,17,18,19,20,21,22,23,24,25,26,27,28,29,30,31,32,33,34,35,36,37,38,39,40,41,42,43,44,45,46,47,48,49,50,51,52,53,54,55,56,57,58,59,60,61,62,63,64,65,66,67,68,69,70,71,72,73,74,75,76,77"
    queueSizes "32"
    type "origin_urllc"
    reservation 3094700.0
  ]
  node [
    id 41
    label "41"
    schedulingPolicy "FIFO"
    levelsQoS "1"
    schedulingWeights "-"
    tosToQoSqueue "0,1,2,3,4,5,6,7,8,9,10,11,12,13,14,15,16,17,18,19,20,21,22,23,24,25,26,27,28,29,30,31,32,33,34,35,36,37,38,39,40,41,42,43,44,45,46,47,48,49,50,51,52,53,54,55,56,57,58,59,60,61,62,63,64,65,66,67,68,69,70,71,72,73,74,75,76,77"
    queueSizes "32"
    type "origin_mmtc"
    reservation 225560.0
  ]
  node [
    id 42
    label "42"
    schedulingPolicy "FIFO"
    levelsQoS "1"
    schedulingWeights "-"
    tosToQoSqueue "0,1,2,3,4,5,6,7,8,9,10,11,12,13,14,15,16,17,18,19,20,21,22,23,24,25,26,27,28,29,30,31,32,33,34,35,36,37,38,39,40,41,42,43,44,45,46,47,48,49,50,51,52,53,54,55,56,57,58,59,60,61,62,63,64,65,66,67,68,69,70,71,72,73,74,75,76,77"
    queueSizes "32"
    type "origin_urllc"
    reservation 3264800.0
  ]
  node [
    id 43
    label "43"
    schedulingPolicy "FIFO"
    levelsQoS "1"
    schedulingWeights "-"
    tosToQoSqueue "0,1,2,3,4,5,6,7,8,9,10,11,12,13,14,15,16,17,18,19,20,21,22,23,24,25,26,27,28,29,30,31,32,33,34,35,36,37,38,39,40,41,42,43,44,45,46,47,48,49,50,51,52,53,54,55,56,57,58,59,60,61,62,63,64,65,66,67,68,69,70,71,72,73,74,75,76,77"
    queueSizes "32"
    type "origin_urllc"
    reservation 3292100.0
  ]
  node [
    id 44
    label "44"
    schedulingPolicy "FIFO"
    levelsQoS "1"
    schedulingWeights "-"
    tosToQoSqueue "0,1,2,3,4,5,6,7,8,9,10,11,12,13,14,15,16,17,18,19,20,21,22,23,24,25,26,27,28,29,30,31,32,33,34,35,36,37,38,39,40,41,42,43,44,45,46,47,48,49,50,51,52,53,54,55,56,57,58,59,60,61,62,63,64,65,66,67,68,69,70,71,72,73,74,75,76,77"
    queueSizes "32"
    type "origin_urllc"
    reservation 3935750.0
  ]
  node [
    id 45
    label "45"
    schedulingPolicy "FIFO"
    levelsQoS "1"
    schedulingWeights "-"
    tosToQoSqueue "0,1,2,3,4,5,6,7,8,9,10,11,12,13,14,15,16,17,18,19,20,21,22,23,24,25,26,27,28,29,30,31,32,33,34,35,36,37,38,39,40,41,42,43,44,45,46,47,48,49,50,51,52,53,54,55,56,57,58,59,60,61,62,63,64,65,66,67,68,69,70,71,72,73,74,75,76,77"
    queueSizes "32"
    type "origin_urllc"
    reservation 3873800.0
  ]
  node [
    id 46
    label "46"
    schedulingPolicy "FIFO"
    levelsQoS "1"
    schedulingWeights "-"
    tosToQoSqueue "0,1,2,3,4,5,6,7,8,9,10,11,12,13,14,15,16,17,18,19,20,21,22,23,24,25,26,27,28,29,30,31,32,33,34,35,36,37,38,39,40,41,42,43,44,45,46,47,48,49,50,51,52,53,54,55,56,57,58,59,60,61,62,63,64,65,66,67,68,69,70,71,72,73,74,75,76,77"
    queueSizes "32"
    type "origin_urllc"
    reservation 3548300.0
  ]
  node [
    id 47
    label "47"
    schedulingPolicy "FIFO"
    levelsQoS "1"
    schedulingWeights "-"
    tosToQoSqueue "0,1,2,3,4,5,6,7,8,9,10,11,12,13,14,15,16,17,18,19,20,21,22,23,24,25,26,27,28,29,30,31,32,33,34,35,36,37,38,39,40,41,42,43,44,45,46,47,48,49,50,51,52,53,54,55,56,57,58,59,60,61,62,63,64,65,66,67,68,69,70,71,72,73,74,75,76,77"
    queueSizes "32"
    type "origin_mmtc"
    reservation 195380.0
  ]
  node [
    id 48
    label "48"
    schedulingPolicy "FIFO"
    levelsQoS "1"
    schedulingWeights "-"
    tosToQoSqueue "0,1,2,3,4,5,6,7,8,9,10,11,12,13,14,15,16,17,18,19,20,21,22,23,24,25,26,27,28,29,30,31,32,33,34,35,36,37,38,39,40,41,42,43,44,45,46,47,48,49,50,51,52,53,54,55,56,57,58,59,60,61,62,63,64,65,66,67,68,69,70,71,72,73,74,75,76,77"
    queueSizes "32"
    type "origin_mmtc"
    reservation 209120.0
  ]
  node [
    id 49
    label "49"
    schedulingPolicy "FIFO"
    levelsQoS "1"
    schedulingWeights "-"
    tosToQoSqueue "0,1,2,3,4,5,6,7,8,9,10,11,12,13,14,15,16,17,18,19,20,21,22,23,24,25,26,27,28,29,30,31,32,33,34,35,36,37,38,39,40,41,42,43,44,45,46,47,48,49,50,51,52,53,54,55,56,57,58,59,60,61,62,63,64,65,66,67,68,69,70,71,72,73,74,75,76,77"
    queueSizes "32"
    type "origin_mmtc"
    reservation 214040.0
  ]
  node [
    id 50
    label "50"
    schedulingPolicy "FIFO"
    levelsQoS "1"
    schedulingWeights "-"
    tosToQoSqueue "0,1,2,3,4,5,6,7,8,9,10,11,12,13,14,15,16,17,18,19,20,21,22,23,24,25,26,27,28,29,30,31,32,33,34,35,36,37,38,39,40,41,42,43,44,45,46,47,48,49,50,51,52,53,54,55,56,57,58,59,60,61,62,63,64,65,66,67,68,69,70,71,72,73,74,75,76,77"
    queueSizes "32"
    type "origin_urllc"
    reservation 3227000.0
  ]
  node [
    id 51
    label "51"
    schedulingPolicy "FIFO"
    levelsQoS "1"
    schedulingWeights "-"
    tosToQoSqueue "0,1,2,3,4,5,6,7,8,9,10,11,12,13,14,15,16,17,18,19,20,21,22,23,24,25,26,27,28,29,30,31,32,33,34,35,36,37,38,39,40,41,42,43,44,45,46,47,48,49,50,51,52,53,54,55,56,57,58,59,60,61,62,63,64,65,66,67,68,69,70,71,72,73,74,75,76,77"
    queueSizes "32"
    type "origin_urllc"
    reservation 3264800.0
  ]
  node [
    id 52
    label "52"
    schedulingPolicy "FIFO"
    levelsQoS "1"
    schedulingWeights "-"
    tosToQoSqueue "0,1,2,3,4,5,6,7,8,9,10,11,12,13,14,15,16,17,18,19,20,21,22,23,24,25,26,27,28,29,30,31,32,33,34,35,36,37,38,39,40,41,42,43,44,45,46,47,48,49,50,51,52,53,54,55,56,57,58,59,60,61,62,63,64,65,66,67,68,69,70,71,72,73,74,75,76,77"
    queueSizes "32"
    type "origin_urllc"
    reservation 3935750.0
  ]
  node [
    id 53
    label "53"
    schedulingPolicy "FIFO"
    levelsQoS "1"
    schedulingWeights "-"
    tosToQoSqueue "0,1,2,3,4,5,6,7,8,9,10,11,12,13,14,15,16,17,18,19,20,21,22,23,24,25,26,27,28,29,30,31,32,33,34,35,36,37,38,39,40,41,42,43,44,45,46,47,48,49,50,51,52,53,54,55,56,57,58,59,60,61,62,63,64,65,66,67,68,69,70,71,72,73,74,75,76,77"
    queueSizes "32"
    type "origin_embb"
    reservation 17141400.0
  ]
  node [
    id 54
    label "54"
    schedulingPolicy "FIFO"
    levelsQoS "1"
    schedulingWeights "-"
    tosToQoSqueue "0,1,2,3,4,5,6,7,8,9,10,11,12,13,14,15,16,17,18,19,20,21,22,23,24,25,26,27,28,29,30,31,32,33,34,35,36,37,38,39,40,41,42,43,44,45,46,47,48,49,50,51,52,53,54,55,56,57,58,59,60,61,62,63,64,65,66,67,68,69,70,71,72,73,74,75,76,77"
    queueSizes "32"
    type "origin_embb"
    reservation 17141400.0
  ]
  node [
    id 55
    label "55"
    schedulingPolicy "FIFO"
    levelsQoS "1"
    schedulingWeights "-"
    tosToQoSqueue "0,1,2,3,4,5,6,7,8,9,10,11,12,13,14,15,16,17,18,19,20,21,22,23,24,25,26,27,28,29,30,31,32,33,34,35,36,37,38,39,40,41,42,43,44,45,46,47,48,49,50,51,52,53,54,55,56,57,58,59,60,61,62,63,64,65,66,67,68,69,70,71,72,73,74,75,76,77"
    queueSizes "32"
    type "origin_urllc"
    reservation 3227000.0
  ]
  node [
    id 56
    label "56"
    schedulingPolicy "FIFO"
    levelsQoS "1"
    schedulingWeights "-"
    tosToQoSqueue "0,1,2,3,4,5,6,7,8,9,10,11,12,13,14,15,16,17,18,19,20,21,22,23,24,25,26,27,28,29,30,31,32,33,34,35,36,37,38,39,40,41,42,43,44,45,46,47,48,49,50,51,52,53,54,55,56,57,58,59,60,61,62,63,64,65,66,67,68,69,70,71,72,73,74,75,76,77"
    queueSizes "32"
    type "origin_urllc"
    reservation 3227000.0
  ]
  node [
    id 57
    label "57"
    schedulingPolicy "FIFO"
    levelsQoS "1"
    schedulingWeights "-"
    tosToQoSqueue "0,1,2,3,4,5,6,7,8,9,10,11,12,13,14,15,16,17,18,19,20,21,22,23,24,25,26,27,28,29,30,31,32,33,34,35,36,37,38,39,40,41,42,43,44,45,46,47,48,49,50,51,52,53,54,55,56,57,58,59,60,61,62,63,64,65,66,67,68,69,70,71,72,73,74,75,76,77"
    queueSizes "32"
    type "origin_mmtc"
    reservation 214040.0
  ]
  node [
    id 58
    label "58"
    schedulingPolicy "FIFO"
    levelsQoS "1"
    schedulingWeights "-"
    tosToQoSqueue "0,1,2,3,4,5,6,7,8,9,10,11,12,13,14,15,16,17,18,19,20,21,22,23,24,25,26,27,28,29,30,31,32,33,34,35,36,37,38,39,40,41,42,43,44,45,46,47,48,49,50,51,52,53,54,55,56,57,58,59,60,61,62,63,64,65,66,67,68,69,70,71,72,73,74,75,76,77"
    queueSizes "32"
    type "origin_urllc"
    reservation 3873800.0
  ]
  node [
    id 59
    label "59"
    schedulingPolicy "FIFO"
    levelsQoS "1"
    schedulingWeights "-"
    tosToQoSqueue "0,1,2,3,4,5,6,7,8,9,10,11,12,13,14,15,16,17,18,19,20,21,22,23,24,25,26,27,28,29,30,31,32,33,34,35,36,37,38,39,40,41,42,43,44,45,46,47,48,49,50,51,52,53,54,55,56,57,58,59,60,61,62,63,64,65,66,67,68,69,70,71,72,73,74,75,76,77"
    queueSizes "32"
    type "origin_mmtc"
    reservation 172640.0
  ]
  node [
    id 60
    label "60"
    schedulingPolicy "FIFO"
    levelsQoS "1"
    schedulingWeights "-"
    tosToQoSqueue "0,1,2,3,4,5,6,7,8,9,10,11,12,13,14,15,16,17,18,19,20,21,22,23,24,25,26,27,28,29,30,31,32,33,34,35,36,37,38,39,40,41,42,43,44,45,46,47,48,49,50,51,52,53,54,55,56,57,58,59,60,61,62,63,64,65,66,67,68,69,70,71,72,73,74,75,76,77"
    queueSizes "32"
    type "origin_urllc"
    reservation 3292100.0
  ]
  node [
    id 61
    label "61"
    schedulingPolicy "FIFO"
    levelsQoS "1"
    schedulingWeights "-"
    tosToQoSqueue "0,1,2,3,4,5,6,7,8,9,10,11,12,13,14,15,16,17,18,19,20,21,22,23,24,25,26,27,28,29,30,31,32,33,34,35,36,37,38,39,40,41,42,43,44,45,46,47,48,49,50,51,52,53,54,55,56,57,58,59,60,61,62,63,64,65,66,67,68,69,70,71,72,73,74,75,76,77"
    queueSizes "32"
    type "origin_urllc"
    reservation 3951500.0
  ]
  node [
    id 62
    label "62"
    schedulingPolicy "FIFO"
    levelsQoS "1"
    schedulingWeights "-"
    tosToQoSqueue "0,1,2,3,4,5,6,7,8,9,10,11,12,13,14,15,16,17,18,19,20,21,22,23,24,25,26,27,28,29,30,31,32,33,34,35,36,37,38,39,40,41,42,43,44,45,46,47,48,49,50,51,52,53,54,55,56,57,58,59,60,61,62,63,64,65,66,67,68,69,70,71,72,73,74,75,76,77"
    queueSizes "32"
    type "origin_urllc"
    reservation 3959900.0
  ]
  node [
    id 63
    label "63"
    schedulingPolicy "FIFO"
    levelsQoS "1"
    schedulingWeights "-"
    tosToQoSqueue "0,1,2,3,4,5,6,7,8,9,10,11,12,13,14,15,16,17,18,19,20,21,22,23,24,25,26,27,28,29,30,31,32,33,34,35,36,37,38,39,40,41,42,43,44,45,46,47,48,49,50,51,52,53,54,55,56,57,58,59,60,61,62,63,64,65,66,67,68,69,70,71,72,73,74,75,76,77"
    queueSizes "32"
    type "origin_urllc"
    reservation 3738350.0
  ]
  node [
    id 64
    label "64"
    schedulingPolicy "FIFO"
    levelsQoS "1"
    schedulingWeights "-"
    tosToQoSqueue "0,1,2,3,4,5,6,7,8,9,10,11,12,13,14,15,16,17,18,19,20,21,22,23,24,25,26,27,28,29,30,31,32,33,34,35,36,37,38,39,40,41,42,43,44,45,46,47,48,49,50,51,52,53,54,55,56,57,58,59,60,61,62,63,64,65,66,67,68,69,70,71,72,73,74,75,76,77"
    queueSizes "32"
    type "origin_urllc"
    reservation 3873800.0
  ]
  node [
    id 65
    label "65"
    schedulingPolicy "FIFO"
    levelsQoS "1"
    schedulingWeights "-"
    tosToQoSqueue "0,1,2,3,4,5,6,7,8,9,10,11,12,13,14,15,16,17,18,19,20,21,22,23,24,25,26,27,28,29,30,31,32,33,34,35,36,37,38,39,40,41,42,43,44,45,46,47,48,49,50,51,52,53,54,55,56,57,58,59,60,61,62,63,64,65,66,67,68,69,70,71,72,73,74,75,76,77"
    queueSizes "32"
    type "origin_urllc"
    reservation 3959900.0
  ]
  node [
    id 66
    label "66"
    schedulingPolicy "FIFO"
    levelsQoS "1"
    schedulingWeights "-"
    tosToQoSqueue "0,1,2,3,4,5,6,7,8,9,10,11,12,13,14,15,16,17,18,19,20,21,22,23,24,25,26,27,28,29,30,31,32,33,34,35,36,37,38,39,40,41,42,43,44,45,46,47,48,49,50,51,52,53,54,55,56,57,58,59,60,61,62,63,64,65,66,67,68,69,70,71,72,73,74,75,76,77"
    queueSizes "32"
    type "origin_urllc"
    reservation 3657500.0
  ]
  node [
    id 67
    label "67"
    schedulingPolicy "FIFO"
    levelsQoS "1"
    schedulingWeights "-"
    tosToQoSqueue "0,1,2,3,4,5,6,7,8,9,10,11,12,13,14,15,16,17,18,19,20,21,22,23,24,25,26,27,28,29,30,31,32,33,34,35,36,37,38,39,40,41,42,43,44,45,46,47,48,49,50,51,52,53,54,55,56,57,58,59,60,61,62,63,64,65,66,67,68,69,70,71,72,73,74,75,76,77"
    queueSizes "32"
    type "origin_mmtc"
    reservation 194120.0
  ]
  node [
    id 68
    label "68"
    schedulingPolicy "FIFO"
    levelsQoS "1"
    schedulingWeights "-"
    tosToQoSqueue "0,1,2,3,4,5,6,7,8,9,10,11,12,13,14,15,16,17,18,19,20,21,22,23,24,25,26,27,28,29,30,31,32,33,34,35,36,37,38,39,40,41,42,43,44,45,46,47,48,49,50,51,52,53,54,55,56,57,58,59,60,61,62,63,64,65,66,67,68,69,70,71,72,73,74,75,76,77"
    queueSizes "32"
    type "origin_mmtc"
    reservation 172640.0
  ]
  node [
    id 69
    label "69"
    schedulingPolicy "FIFO"
    levelsQoS "1"
    schedulingWeights "-"
    tosToQoSqueue "0,1,2,3,4,5,6,7,8,9,10,11,12,13,14,15,16,17,18,19,20,21,22,23,24,25,26,27,28,29,30,31,32,33,34,35,36,37,38,39,40,41,42,43,44,45,46,47,48,49,50,51,52,53,54,55,56,57,58,59,60,61,62,63,64,65,66,67,68,69,70,71,72,73,74,75,76,77"
    queueSizes "32"
    type "origin_mmtc"
    reservation 172640.0
  ]
  node [
    id 70
    label "70"
    schedulingPolicy "FIFO"
    levelsQoS "1"
    schedulingWeights "-"
    tosToQoSqueue "0,1,2,3,4,5,6,7,8,9,10,11,12,13,14,15,16,17,18,19,20,21,22,23,24,25,26,27,28,29,30,31,32,33,34,35,36,37,38,39,40,41,42,43,44,45,46,47,48,49,50,51,52,53,54,55,56,57,58,59,60,61,62,63,64,65,66,67,68,69,70,71,72,73,74,75,76,77"
    queueSizes "32"
    type "origin_mmtc"
    reservation 226160.0
  ]
  node [
    id 71
    label "71"
    schedulingPolicy "FIFO"
    levelsQoS "1"
    schedulingWeights "-"
    tosToQoSqueue "0,1,2,3,4,5,6,7,8,9,10,11,12,13,14,15,16,17,18,19,20,21,22,23,24,25,26,27,28,29,30,31,32,33,34,35,36,37,38,39,40,41,42,43,44,45,46,47,48,49,50,51,52,53,54,55,56,57,58,59,60,61,62,63,64,65,66,67,68,69,70,71,72,73,74,75,76,77"
    queueSizes "32"
    type "origin_mmtc"
    reservation 209120.0
  ]
  node [
    id 72
    label "72"
    schedulingPolicy "FIFO"
    levelsQoS "1"
    schedulingWeights "-"
    tosToQoSqueue "0,1,2,3,4,5,6,7,8,9,10,11,12,13,14,15,16,17,18,19,20,21,22,23,24,25,26,27,28,29,30,31,32,33,34,35,36,37,38,39,40,41,42,43,44,45,46,47,48,49,50,51,52,53,54,55,56,57,58,59,60,61,62,63,64,65,66,67,68,69,70,71,72,73,74,75,76,77"
    queueSizes "32"
    type "origin_mmtc"
    reservation 194120.0
  ]
  node [
    id 73
    label "73"
    schedulingPolicy "FIFO"
    levelsQoS "1"
    schedulingWeights "-"
    tosToQoSqueue "0,1,2,3,4,5,6,7,8,9,10,11,12,13,14,15,16,17,18,19,20,21,22,23,24,25,26,27,28,29,30,31,32,33,34,35,36,37,38,39,40,41,42,43,44,45,46,47,48,49,50,51,52,53,54,55,56,57,58,59,60,61,62,63,64,65,66,67,68,69,70,71,72,73,74,75,76,77"
    queueSizes "32"
    type "origin_mmtc"
    reservation 172640.0
  ]
  node [
    id 74
    label "74"
    schedulingPolicy "FIFO"
    levelsQoS "1"
    schedulingWeights "-"
    tosToQoSqueue "0,1,2,3,4,5,6,7,8,9,10,11,12,13,14,15,16,17,18,19,20,21,22,23,24,25,26,27,28,29,30,31,32,33,34,35,36,37,38,39,40,41,42,43,44,45,46,47,48,49,50,51,52,53,54,55,56,57,58,59,60,61,62,63,64,65,66,67,68,69,70,71,72,73,74,75,76,77"
    queueSizes "32"
    type "origin_mmtc"
    reservation 209120.0
  ]
  node [
    id 75
    label "75"
    schedulingPolicy "FIFO"
    levelsQoS "1"
    schedulingWeights "-"
    tosToQoSqueue "0,1,2,3,4,5,6,7,8,9,10,11,12,13,14,15,16,17,18,19,20,21,22,23,24,25,26,27,28,29,30,31,32,33,34,35,36,37,38,39,40,41,42,43,44,45,46,47,48,49,50,51,52,53,54,55,56,57,58,59,60,61,62,63,64,65,66,67,68,69,70,71,72,73,74,75,76,77"
    queueSizes "32"
    type "origin_mmtc"
    reservation 194120.0
  ]
  node [
    id 76
    label "76"
    schedulingPolicy "FIFO"
    levelsQoS "1"
    schedulingWeights "-"
    tosToQoSqueue "0,1,2,3,4,5,6,7,8,9,10,11,12,13,14,15,16,17,18,19,20,21,22,23,24,25,26,27,28,29,30,31,32,33,34,35,36,37,38,39,40,41,42,43,44,45,46,47,48,49,50,51,52,53,54,55,56,57,58,59,60,61,62,63,64,65,66,67,68,69,70,71,72,73,74,75,76,77"
    queueSizes "32"
    type "origin_mmtc"
    reservation 194120.0
  ]
  node [
    id 77
    label "77"
    schedulingPolicy "FIFO"
    levelsQoS "1"
    schedulingWeights "-"
    tosToQoSqueue "0,1,2,3,4,5,6,7,8,9,10,11,12,13,14,15,16,17,18,19,20,21,22,23,24,25,26,27,28,29,30,31,32,33,34,35,36,37,38,39,40,41,42,43,44,45,46,47,48,49,50,51,52,53,54,55,56,57,58,59,60,61,62,63,64,65,66,67,68,69,70,71,72,73,74,75,76,77"
    queueSizes "32"
    type "origin_mmtc"
    reservation 209120.0
  ]
  edge [
    source 0
    target 3
    key 0
    LinkType "DS-3"
    LinkLabel "45 Mbps DS-3"
    LinkNote "45 Mbps "
    bandwidth 100000000
    traffic "18000000,3500000,3500000,3500000,18000000,18000000,3500000,3500000,200000,3500000,200000,3500000,3500000,3500000,3500000,3500000,3500000,3500000,200000,200000,200000,200000,200000,200000,200000,200000,200000,200000,200000"
    reservation "15818400.0,3227000.0,3264800.0,3935750.0,17141400.0,17141400.0,3227000.0,3227000.0,214040.0,3873800.0,172640.0,3292100.0,3951500.0,3959900.0,3738350.0,3873800.0,3959900.0,3657500.0,194120.0,172640.0,172640.0,226160.0,209120.0,194120.0,172640.0,209120.0,194120.0,194120.0,209120.0"
    port 0
  ]
  edge [
    source 0
    target 7
    key 0
    LinkType "DS-3"
    LinkLabel "45 Mbps DS-3"
    LinkNote "45 Mbps "
    bandwidth 100000000
    traffic "18000000,3500000,3500000,3500000,3500000,3500000,3500000,3500000,18000000,3500000,3500000,3500000,3500000,3500000,3500000,3500000,3500000,3500000,3500000"
    reservation "20284200.0,3959900.0,3292100.0,3873800.0,3657500.0,3538850.0,3959900.0,3935750.0,17508600.0,3085250.0,3264800.0,3227000.0,3378200.0,3094700.0,3264800.0,3292100.0,3935750.0,3873800.0,3548300.0"
    port 1
  ]
  edge [
    source 1
    target 9
    key 0
    LinkType "DS-3"
    LinkLabel "45 Mbps DS-3"
    LinkNote "45 Mbps "
    bandwidth 100000000
    traffic "18000000,200000,3500000,200000,3500000,3500000,3500000,3500000,3500000,3500000,200000,200000,18000000,3500000,200000,3500000,3500000,200000,3500000,3500000,200000,3500000,3500000,3500000,3500000,3500000,200000,200000,200000"
    reservation "20284200.0,172640.0,3959900.0,194120.0,3292100.0,3873800.0,3657500.0,3538850.0,3959900.0,3935750.0,195380.0,194120.0,17508600.0,3085250.0,194120.0,3264800.0,3227000.0,214040.0,3378200.0,3094700.0,225560.0,3264800.0,3292100.0,3935750.0,3873800.0,3548300.0,195380.0,209120.0,214040.0"
    port 0
  ]
  edge [
    source 1
    target 15
    key 0
    LinkType "DS-3"
    LinkLabel "45 Mbps DS-3"
    LinkNote "45 Mbps "
    bandwidth 100000000
    traffic "18000000,3500000,3500000,3500000,18000000,18000000,3500000,3500000,3500000,3500000,3500000,3500000,3500000,3500000,3500000,3500000"
    reservation "15818400.0,3227000.0,3264800.0,3935750.0,17141400.0,17141400.0,3227000.0,3227000.0,3873800.0,3292100.0,3951500.0,3959900.0,3738350.0,3873800.0,3959900.0,3657500.0"
    port 1
  ]
  edge [
    source 2
    target 12
    key 0
    LinkType "DS-3"
    LinkLabel "45 Mbps DS-3"
    LinkNote "45 Mbps "
    bandwidth 100000000
    traffic "18000000,3500000,3500000,3500000,3500000,3500000,3500000,3500000,18000000,3500000,3500000,3500000,3500000,3500000,3500000,3500000,3500000,3500000,3500000"
    reservation "20284200.0,3959900.0,3292100.0,3873800.0,3657500.0,3538850.0,3959900.0,3935750.0,17508600.0,3085250.0,3264800.0,3227000.0,3378200.0,3094700.0,3264800.0,3292100.0,3935750.0,3873800.0,3548300.0"
    port 0
  ]
  edge [
    source 2
    target 5
    key 0
    LinkType "DS-3"
    LinkLabel "45 Mbps DS-3"
    LinkNote "45 Mbps "
    bandwidth 100000000
    traffic "18000000,18000000,18000000"
    reservation "15818400.0,17141400.0,17141400.0"
    port 1
  ]
  edge [
    source 2
    target 7
    key 0
    LinkType "DS-3"
    LinkLabel "45 Mbps DS-3"
    LinkNote "45 Mbps "
    bandwidth 100000000
    traffic ""
    reservation ""
    port 2
  ]
  edge [
    source 3
    target 0
    key 0
    LinkType "DS-3"
    LinkLabel "45 Mbps DS-3"
    LinkNote "45 Mbps "
    bandwidth 100000000
    traffic "18000000,3500000,3500000,3500000,3500000,3500000,3500000,3500000,18000000,3500000,3500000,3500000,3500000,3500000,3500000,3500000,3500000,3500000,3500000"
    reservation "20284200.0,3959900.0,3292100.0,3873800.0,3657500.0,3538850.0,3959900.0,3935750.0,17508600.0,3085250.0,3264800.0,3227000.0,3378200.0,3094700.0,3264800.0,3292100.0,3935750.0,3873800.0,3548300.0"
    port 0
  ]
  edge [
    source 3
    target 9
    key 0
    LinkType "DS-3"
    LinkLabel "45 Mbps DS-3"
    LinkNote "45 Mbps "
    bandwidth 100000000
    traffic "18000000,3500000,3500000,3500000,18000000,18000000,3500000,3500000,3500000,3500000,3500000,3500000,3500000,3500000,3500000,3500000"
    reservation "15818400.0,3227000.0,3264800.0,3935750.0,17141400.0,17141400.0,3227000.0,3227000.0,3873800.0,3292100.0,3951500.0,3959900.0,3738350.0,3873800.0,3959900.0,3657500.0"
    port 1
  ]
  edge [
    source 3
    target 15
    key 0
    LinkType "DS-3"
    LinkLabel "45 Mbps DS-3"
    LinkNote "45 Mbps "
    bandwidth 100000000
    traffic ""
    reservation ""
    port 2
  ]
  edge [
    source 3
    target 18
    key 0
    port 3
    weight 1
    bandwidth 350000000
    traffic "200000,200000,200000,200000,200000,200000,200000,200000,200000,200000,200000,200000,200000,200000,200000,200000,200000,200000,200000,200000,200000,200000,200000"
    reservation "172640.0,194120.0,195380.0,194120.0,194120.0,214040.0,225560.0,195380.0,209120.0,214040.0,214040.0,172640.0,194120.0,172640.0,172640.0,226160.0,209120.0,194120.0,172640.0,209120.0,194120.0,194120.0,209120.0"
  ]
  edge [
    source 4
    target 9
    key 0
    LinkType "DS-3"
    LinkLabel "45 Mbps DS-3"
    LinkNote "45 Mbps "
    bandwidth 100000000
    traffic ""
    reservation ""
    port 0
  ]
  edge [
    source 4
    target 12
    key 0
    LinkType "DS-3"
    LinkLabel "45 Mbps DS-3"
    LinkNote "45 Mbps "
    bandwidth 100000000
    traffic "18000000,18000000,18000000"
    reservation "15818400.0,17141400.0,17141400.0"
    port 1
  ]
  edge [
    source 4
    target 15
    key 0
    LinkType "DS-3"
    LinkLabel "45 Mbps DS-3"
    LinkNote "45 Mbps "
    bandwidth 100000000
    traffic ""
    reservation ""
    port 2
  ]
  edge [
    source 4
    target 17
    key 0
    port 3
    weight 1
    bandwidth 350000000
    traffic "3500000,3500000,3500000,3500000,3500000,3500000,3500000,3500000,3500000,3500000,3500000,3500000,3500000,3500000,3500000,3500000,3500000,3500000,3500000,3500000,3500000,3500000,3500000,3500000,3500000,3500000,3500000,3500000,3500000,3500000"
    reservation "3959900.0,3292100.0,3873800.0,3657500.0,3538850.0,3959900.0,3935750.0,3085250.0,3264800.0,3227000.0,3378200.0,3094700.0,3264800.0,3292100.0,3935750.0,3873800.0,3548300.0,3227000.0,3264800.0,3935750.0,3227000.0,3227000.0,3873800.0,3292100.0,3951500.0,3959900.0,3738350.0,3873800.0,3959900.0,3657500.0"
  ]
  edge [
    source 5
    target 2
    key 0
    LinkType "DS-3"
    LinkLabel "45 Mbps DS-3"
    LinkNote "45 Mbps "
    bandwidth 100000000
    traffic ""
    reservation ""
    port 0
  ]
  edge [
    source 5
    target 9
    key 0
    LinkType "DS-3"
    LinkLabel "45 Mbps DS-3"
    LinkNote "45 Mbps "
    bandwidth 100000000
    traffic ""
    reservation ""
    port 1
  ]
  edge [
    source 5
    target 12
    key 0
    LinkType "DS-3"
    LinkLabel "45 Mbps DS-3"
    LinkNote "45 Mbps "
    bandwidth 100000000
    traffic ""
    reservation ""
    port 2
  ]
  edge [
    source 5
    target 6
    key 0
    LinkType "DS-3"
    LinkLabel "45 Mbps DS-3"
    LinkNote "45 Mbps "
    bandwidth 100000000
    traffic "18000000,18000000,18000000,18000000,18000000"
    reservation "20284200.0,15818400.0,17508600.0,17141400.0,17141400.0"
    port 3
  ]
  edge [
    source 5
    target 15
    key 0
    LinkType "DS-3"
    LinkLabel "45 Mbps DS-3"
    LinkNote "45 Mbps "
    bandwidth 100000000
    traffic ""
    reservation ""
    port 4
  ]
  edge [
    source 6
    target 5
    key 0
    LinkType "DS-3"
    LinkLabel "45 Mbps DS-3"
    LinkNote "45 Mbps "
    bandwidth 100000000
    traffic ""
    reservation ""
    port 0
  ]
  edge [
    source 6
    target 19
    key 0
    port 1
    weight 1
    bandwidth 350000000
    traffic "18000000,18000000,18000000,18000000,18000000"
    reservation "20284200.0,15818400.0,17508600.0,17141400.0,17141400.0"
  ]
  edge [
    source 7
    target 0
    key 0
    LinkType "DS-3"
    LinkLabel "45 Mbps DS-3"
    LinkNote "45 Mbps "
    bandwidth 100000000
    traffic "18000000,3500000,3500000,3500000,18000000,18000000,3500000,3500000,200000,3500000,200000,3500000,3500000,3500000,3500000,3500000,3500000,3500000,200000,200000,200000,200000,200000,200000,200000,200000,200000,200000,200000"
    reservation "15818400.0,3227000.0,3264800.0,3935750.0,17141400.0,17141400.0,3227000.0,3227000.0,214040.0,3873800.0,172640.0,3292100.0,3951500.0,3959900.0,3738350.0,3873800.0,3959900.0,3657500.0,194120.0,172640.0,172640.0,226160.0,209120.0,194120.0,172640.0,209120.0,194120.0,194120.0,209120.0"
    port 0
  ]
  edge [
    source 7
    target 2
    key 0
    LinkType "DS-3"
    LinkLabel "45 Mbps DS-3"
    LinkNote "45 Mbps "
    bandwidth 100000000
    traffic "18000000,3500000,3500000,3500000,3500000,3500000,3500000,3500000,18000000,3500000,3500000,3500000,3500000,3500000,3500000,3500000,3500000,3500000,3500000"
    reservation "20284200.0,3959900.0,3292100.0,3873800.0,3657500.0,3538850.0,3959900.0,3935750.0,17508600.0,3085250.0,3264800.0,3227000.0,3378200.0,3094700.0,3264800.0,3292100.0,3935750.0,3873800.0,3548300.0"
    port 1
  ]
  edge [
    source 7
    target 8
    key 0
    LinkType "DS-3"
    LinkLabel "45 Mbps DS-3"
    LinkNote "45 Mbps "
    bandwidth 100000000
    traffic ""
    reservation ""
    port 2
  ]
  edge [
    source 7
    target 12
    key 0
    LinkType "DS-3"
    LinkLabel "45 Mbps DS-3"
    LinkNote "45 Mbps "
    bandwidth 100000000
    traffic ""
    reservation ""
    port 3
  ]
  edge [
    source 7
    target 15
    key 0
    LinkType "DS-3"
    LinkLabel "45 Mbps DS-3"
    LinkNote "45 Mbps "
    bandwidth 100000000
    traffic ""
    reservation ""
    port 4
  ]
  edge [
    source 8
    target 7
    key 0
    LinkType "DS-3"
    LinkLabel "45 Mbps DS-3"
    LinkNote "45 Mbps "
    bandwidth 100000000
    traffic "18000000,3500000,3500000,3500000,18000000,18000000,3500000,3500000,200000,3500000,200000,3500000,3500000,3500000,3500000,3500000,3500000,3500000,200000,200000,200000,200000,200000,200000,200000,200000,200000,200000,200000"
    reservation "15818400.0,3227000.0,3264800.0,3935750.0,17141400.0,17141400.0,3227000.0,3227000.0,214040.0,3873800.0,172640.0,3292100.0,3951500.0,3959900.0,3738350.0,3873800.0,3959900.0,3657500.0,194120.0,172640.0,172640.0,226160.0,209120.0,194120.0,172640.0,209120.0,194120.0,194120.0,209120.0"
    port 0
  ]
  edge [
    source 8
    target 21
    key 0
    port 1
    weight 1
    bandwidth 50000000
    traffic ""
    reservation ""
  ]
  edge [
    source 8
    target 50
    key 0
    port 2
    weight 1
    bandwidth 50000000
    traffic ""
    reservation ""
  ]
  edge [
    source 8
    target 51
    key 0
    port 3
    weight 1
    bandwidth 50000000
    traffic ""
    reservation ""
  ]
  edge [
    source 8
    target 52
    key 0
    port 4
    weight 1
    bandwidth 50000000
    traffic ""
    reservation ""
  ]
  edge [
    source 8
    target 53
    key 0
    port 5
    weight 1
    bandwidth 50000000
    traffic ""
    reservation ""
  ]
  edge [
    source 8
    target 54
    key 0
    port 6
    weight 1
    bandwidth 50000000
    traffic ""
    reservation ""
  ]
  edge [
    source 8
    target 55
    key 0
    port 7
    weight 1
    bandwidth 50000000
    traffic ""
    reservation ""
  ]
  edge [
    source 8
    target 56
    key 0
    port 8
    weight 1
    bandwidth 50000000
    traffic ""
    reservation ""
  ]
  edge [
    source 8
    target 57
    key 0
    port 9
    weight 1
    bandwidth 50000000
    traffic ""
    reservation ""
  ]
  edge [
    source 8
    target 58
    key 0
    port 10
    weight 1
    bandwidth 50000000
    traffic ""
    reservation ""
  ]
  edge [
    source 8
    target 59
    key 0
    port 11
    weight 1
    bandwidth 50000000
    traffic ""
    reservation ""
  ]
  edge [
    source 8
    target 60
    key 0
    port 12
    weight 1
    bandwidth 50000000
    traffic ""
    reservation ""
  ]
  edge [
    source 8
    target 61
    key 0
    port 13
    weight 1
    bandwidth 50000000
    traffic ""
    reservation ""
  ]
  edge [
    source 8
    target 62
    key 0
    port 14
    weight 1
    bandwidth 50000000
    traffic ""
    reservation ""
  ]
  edge [
    source 8
    target 63
    key 0
    port 15
    weight 1
    bandwidth 50000000
    traffic ""
    reservation ""
  ]
  edge [
    source 8
    target 64
    key 0
    port 16
    weight 1
    bandwidth 50000000
    traffic ""
    reservation ""
  ]
  edge [
    source 8
    target 65
    key 0
    port 17
    weight 1
    bandwidth 50000000
    traffic ""
    reservation ""
  ]
  edge [
    source 8
    target 66
    key 0
    port 18
    weight 1
    bandwidth 50000000
    traffic ""
    reservation ""
  ]
  edge [
    source 8
    target 67
    key 0
    port 19
    weight 1
    bandwidth 50000000
    traffic ""
    reservation ""
  ]
  edge [
    source 8
    target 68
    key 0
    port 20
    weight 1
    bandwidth 50000000
    traffic ""
    reservation ""
  ]
  edge [
    source 8
    target 69
    key 0
    port 21
    weight 1
    bandwidth 50000000
    traffic ""
    reservation ""
  ]
  edge [
    source 8
    target 70
    key 0
    port 22
    weight 1
    bandwidth 50000000
    traffic ""
    reservation ""
  ]
  edge [
    source 8
    target 71
    key 0
    port 23
    weight 1
    bandwidth 50000000
    traffic ""
    reservation ""
  ]
  edge [
    source 8
    target 72
    key 0
    port 24
    weight 1
    bandwidth 50000000
    traffic ""
    reservation ""
  ]
  edge [
    source 8
    target 73
    key 0
    port 25
    weight 1
    bandwidth 50000000
    traffic ""
    reservation ""
  ]
  edge [
    source 8
    target 74
    key 0
    port 26
    weight 1
    bandwidth 50000000
    traffic ""
    reservation ""
  ]
  edge [
    source 8
    target 75
    key 0
    port 27
    weight 1
    bandwidth 50000000
    traffic ""
    reservation ""
  ]
  edge [
    source 8
    target 76
    key 0
    port 28
    weight 1
    bandwidth 50000000
    traffic ""
    reservation ""
  ]
  edge [
    source 8
    target 77
    key 0
    port 29
    weight 1
    bandwidth 50000000
    traffic ""
    reservation ""
  ]
  edge [
    source 9
    target 1
    key 0
    LinkType "DS-3"
    LinkLabel "45 Mbps DS-3"
    LinkNote "45 Mbps "
    bandwidth 100000000
    traffic "18000000,3500000,3500000,3500000,18000000,18000000,3500000,3500000,3500000,3500000,3500000,3500000,3500000,3500000,3500000,3500000"
    reservation "15818400.0,3227000.0,3264800.0,3935750.0,17141400.0,17141400.0,3227000.0,3227000.0,3873800.0,3292100.0,3951500.0,3959900.0,3738350.0,3873800.0,3959900.0,3657500.0"
    port 0
  ]
  edge [
    source 9
    target 3
    key 0
    LinkType "DS-3"
    LinkLabel "45 Mbps DS-3"
    LinkNote "45 Mbps "
    bandwidth 100000000
    traffic "18000000,200000,3500000,200000,3500000,3500000,3500000,3500000,3500000,3500000,200000,200000,18000000,3500000,200000,3500000,3500000,200000,3500000,3500000,200000,3500000,3500000,3500000,3500000,3500000,200000,200000,200000"
    reservation "20284200.0,172640.0,3959900.0,194120.0,3292100.0,3873800.0,3657500.0,3538850.0,3959900.0,3935750.0,195380.0,194120.0,17508600.0,3085250.0,194120.0,3264800.0,3227000.0,214040.0,3378200.0,3094700.0,225560.0,3264800.0,3292100.0,3935750.0,3873800.0,3548300.0,195380.0,209120.0,214040.0"
    port 1
  ]
  edge [
    source 9
    target 4
    key 0
    LinkType "DS-3"
    LinkLabel "45 Mbps DS-3"
    LinkNote "45 Mbps "
    bandwidth 100000000
    traffic ""
    reservation ""
    port 2
  ]
  edge [
    source 9
    target 5
    key 0
    LinkType "DS-3"
    LinkLabel "45 Mbps DS-3"
    LinkNote "45 Mbps "
    bandwidth 100000000
    traffic ""
    reservation ""
    port 3
  ]
  edge [
    source 9
    target 10
    key 0
    LinkType "DS-3"
    LinkLabel "45 Mbps DS-3"
    LinkNote "45 Mbps "
    bandwidth 100000000
    traffic ""
    reservation ""
    port 4
  ]
  edge [
    source 9
    target 11
    key 0
    LinkType "DS-3"
    LinkLabel "45 Mbps DS-3"
    LinkNote "45 Mbps "
    bandwidth 100000000
    traffic ""
    reservation ""
    port 5
  ]
  edge [
    source 9
    target 12
    key 0
    LinkType "DS-3"
    LinkLabel "45 Mbps DS-3"
    LinkNote "45 Mbps "
    bandwidth 100000000
    traffic ""
    reservation ""
    port 6
  ]
  edge [
    source 9
    target 14
    key 0
    LinkType "DS-3"
    LinkLabel "45 Mbps DS-3"
    LinkNote "45 Mbps "
    bandwidth 100000000
    traffic ""
    reservation ""
    port 7
  ]
  edge [
    source 9
    target 15
    key 0
    LinkType "DS-3"
    LinkLabel "45 Mbps DS-3"
    LinkNote "45 Mbps "
    bandwidth 100000000
    traffic ""
    reservation ""
    port 8
  ]
  edge [
    source 10
    target 9
    key 0
    LinkType "DS-3"
    LinkLabel "45 Mbps DS-3"
    LinkNote "45 Mbps "
    bandwidth 100000000
    traffic ""
    reservation ""
    port 0
  ]
  edge [
    source 10
    target 12
    key 0
    LinkType "DS-3"
    LinkLabel "45 Mbps DS-3"
    LinkNote "45 Mbps "
    bandwidth 100000000
    traffic ""
    reservation ""
    port 1
  ]
  edge [
    source 11
    target 9
    key 0
    LinkType "DS-3"
    LinkLabel "45 Mbps DS-3"
    LinkNote "45 Mbps "
    bandwidth 100000000
    traffic ""
    reservation ""
    port 0
  ]
  edge [
    source 11
    target 12
    key 0
    LinkType "DS-3"
    LinkLabel "45 Mbps DS-3"
    LinkNote "45 Mbps "
    bandwidth 100000000
    traffic ""
    reservation ""
    port 1
  ]
  edge [
    source 12
    target 2
    key 0
    LinkType "DS-3"
    LinkLabel "45 Mbps DS-3"
    LinkNote "45 Mbps "
    bandwidth 100000000
    traffic "18000000,18000000,18000000"
    reservation "15818400.0,17141400.0,17141400.0"
    port 0
  ]
  edge [
    source 12
    target 4
    key 0
    LinkType "DS-3"
    LinkLabel "45 Mbps DS-3"
    LinkNote "45 Mbps "
    bandwidth 100000000
    traffic "3500000,3500000,3500000,3500000,3500000,3500000,3500000,3500000,3500000,3500000,3500000,3500000,3500000,3500000,3500000,3500000,3500000"
    reservation "3959900.0,3292100.0,3873800.0,3657500.0,3538850.0,3959900.0,3935750.0,3085250.0,3264800.0,3227000.0,3378200.0,3094700.0,3264800.0,3292100.0,3935750.0,3873800.0,3548300.0"
    port 1
  ]
  edge [
    source 12
    target 5
    key 0
    LinkType "DS-3"
    LinkLabel "45 Mbps DS-3"
    LinkNote "45 Mbps "
    bandwidth 100000000
    traffic "18000000,18000000"
    reservation "20284200.0,17508600.0"
    port 2
  ]
  edge [
    source 12
    target 7
    key 0
    LinkType "DS-3"
    LinkLabel "45 Mbps DS-3"
    LinkNote "45 Mbps "
    bandwidth 100000000
    traffic ""
    reservation ""
    port 3
  ]
  edge [
    source 12
    target 9
    key 0
    LinkType "DS-3"
    LinkLabel "45 Mbps DS-3"
    LinkNote "45 Mbps "
    bandwidth 100000000
    traffic ""
    reservation ""
    port 4
  ]
  edge [
    source 12
    target 10
    key 0
    LinkType "DS-3"
    LinkLabel "45 Mbps DS-3"
    LinkNote "45 Mbps "
    bandwidth 100000000
    traffic ""
    reservation ""
    port 5
  ]
  edge [
    source 12
    target 11
    key 0
    LinkType "DS-3"
    LinkLabel "45 Mbps DS-3"
    LinkNote "45 Mbps "
    bandwidth 100000000
    traffic ""
    reservation ""
    port 6
  ]
  edge [
    source 12
    target 14
    key 0
    LinkType "DS-3"
    LinkLabel "45 Mbps DS-3"
    LinkNote "45 Mbps "
    bandwidth 100000000
    traffic ""
    reservation ""
    port 7
  ]
  edge [
    source 12
    target 15
    key 0
    LinkType "DS-3"
    LinkLabel "45 Mbps DS-3"
    LinkNote "45 Mbps "
    bandwidth 100000000
    traffic ""
    reservation ""
    port 8
  ]
  edge [
    source 13
    target 14
    key 0
    LinkType "DS-3"
    LinkLabel "45 Mbps DS-3"
    LinkNote "45 Mbps "
    bandwidth 100000000
    traffic ""
    reservation ""
    port 0
  ]
  edge [
    source 14
    target 9
    key 0
    LinkType "DS-3"
    LinkLabel "45 Mbps DS-3"
    LinkNote "45 Mbps "
    bandwidth 100000000
    traffic ""
    reservation ""
    port 0
  ]
  edge [
    source 14
    target 12
    key 0
    LinkType "DS-3"
    LinkLabel "45 Mbps DS-3"
    LinkNote "45 Mbps "
    bandwidth 100000000
    traffic ""
    reservation ""
    port 1
  ]
  edge [
    source 14
    target 13
    key 0
    LinkType "DS-3"
    LinkLabel "45 Mbps DS-3"
    LinkNote "45 Mbps "
    bandwidth 100000000
    traffic ""
    reservation ""
    port 2
  ]
  edge [
    source 14
    target 15
    key 0
    LinkType "DS-3"
    LinkLabel "45 Mbps DS-3"
    LinkNote "45 Mbps "
    bandwidth 100000000
    traffic ""
    reservation ""
    port 3
  ]
  edge [
    source 15
    target 1
    key 0
    LinkType "DS-3"
    LinkLabel "45 Mbps DS-3"
    LinkNote "45 Mbps "
    bandwidth 100000000
    traffic "18000000,200000,3500000,200000,3500000,3500000,3500000,3500000,3500000,3500000,200000,200000,18000000,3500000,200000,3500000,3500000,200000,3500000,3500000,200000,3500000,3500000,3500000,3500000,3500000,200000,200000,200000"
    reservation "20284200.0,172640.0,3959900.0,194120.0,3292100.0,3873800.0,3657500.0,3538850.0,3959900.0,3935750.0,195380.0,194120.0,17508600.0,3085250.0,194120.0,3264800.0,3227000.0,214040.0,3378200.0,3094700.0,225560.0,3264800.0,3292100.0,3935750.0,3873800.0,3548300.0,195380.0,209120.0,214040.0"
    port 0
  ]
  edge [
    source 15
    target 3
    key 0
    LinkType "DS-3"
    LinkLabel "45 Mbps DS-3"
    LinkNote "45 Mbps "
    bandwidth 100000000
    traffic ""
    reservation ""
    port 1
  ]
  edge [
    source 15
    target 4
    key 0
    LinkType "DS-3"
    LinkLabel "45 Mbps DS-3"
    LinkNote "45 Mbps "
    bandwidth 100000000
    traffic "18000000,3500000,3500000,3500000,18000000,18000000,3500000,3500000,3500000,3500000,3500000,3500000,3500000,3500000,3500000,3500000"
    reservation "15818400.0,3227000.0,3264800.0,3935750.0,17141400.0,17141400.0,3227000.0,3227000.0,3873800.0,3292100.0,3951500.0,3959900.0,3738350.0,3873800.0,3959900.0,3657500.0"
    port 2
  ]
  edge [
    source 15
    target 5
    key 0
    LinkType "DS-3"
    LinkLabel "45 Mbps DS-3"
    LinkNote "45 Mbps "
    bandwidth 100000000
    traffic ""
    reservation ""
    port 3
  ]
  edge [
    source 15
    target 7
    key 0
    LinkType "DS-3"
    LinkLabel "45 Mbps DS-3"
    LinkNote "45 Mbps "
    bandwidth 100000000
    traffic ""
    reservation ""
    port 4
  ]
  edge [
    source 15
    target 9
    key 0
    LinkType "DS-3"
    LinkLabel "45 Mbps DS-3"
    LinkNote "45 Mbps "
    bandwidth 100000000
    traffic ""
    reservation ""
    port 5
  ]
  edge [
    source 15
    target 12
    key 0
    LinkType "DS-3"
    LinkLabel "45 Mbps DS-3"
    LinkNote "45 Mbps "
    bandwidth 100000000
    traffic ""
    reservation ""
    port 6
  ]
  edge [
    source 15
    target 14
    key 0
    LinkType "DS-3"
    LinkLabel "45 Mbps DS-3"
    LinkNote "45 Mbps "
    bandwidth 100000000
    traffic ""
    reservation ""
    port 7
  ]
  edge [
    source 15
    target 16
    key 0
    LinkType "DS-3"
    LinkLabel "45 Mbps DS-3"
    LinkNote "45 Mbps "
    bandwidth 100000000
    traffic ""
    reservation ""
    port 8
  ]
  edge [
    source 16
    target 15
    key 0
    LinkType "DS-3"
    LinkLabel "45 Mbps DS-3"
    LinkNote "45 Mbps "
    bandwidth 100000000
    traffic "18000000,200000,3500000,200000,3500000,3500000,3500000,3500000,3500000,3500000,200000,200000,18000000,3500000,200000,3500000,3500000,200000,3500000,3500000,200000,3500000,3500000,3500000,3500000,3500000,200000,200000,200000"
    reservation "20284200.0,172640.0,3959900.0,194120.0,3292100.0,3873800.0,3657500.0,3538850.0,3959900.0,3935750.0,195380.0,194120.0,17508600.0,3085250.0,194120.0,3264800.0,3227000.0,214040.0,3378200.0,3094700.0,225560.0,3264800.0,3292100.0,3935750.0,3873800.0,3548300.0,195380.0,209120.0,214040.0"
    port 0
  ]
  edge [
    source 16
    target 20
    key 0
    port 1
    weight 1
    bandwidth 50000000
    traffic ""
    reservation ""
  ]
  edge [
    source 16
    target 22
    key 0
    port 2
    weight 1
    bandwidth 50000000
    traffic ""
    reservation ""
  ]
  edge [
    source 16
    target 23
    key 0
    port 3
    weight 1
    bandwidth 50000000
    traffic ""
    reservation ""
  ]
  edge [
    source 16
    target 24
    key 0
    port 4
    weight 1
    bandwidth 50000000
    traffic ""
    reservation ""
  ]
  edge [
    source 16
    target 25
    key 0
    port 5
    weight 1
    bandwidth 50000000
    traffic ""
    reservation ""
  ]
  edge [
    source 16
    target 26
    key 0
    port 6
    weight 1
    bandwidth 50000000
    traffic ""
    reservation ""
  ]
  edge [
    source 16
    target 27
    key 0
    port 7
    weight 1
    bandwidth 50000000
    traffic ""
    reservation ""
  ]
  edge [
    source 16
    target 28
    key 0
    port 8
    weight 1
    bandwidth 50000000
    traffic ""
    reservation ""
  ]
  edge [
    source 16
    target 29
    key 0
    port 9
    weight 1
    bandwidth 50000000
    traffic ""
    reservation ""
  ]
  edge [
    source 16
    target 30
    key 0
    port 10
    weight 1
    bandwidth 50000000
    traffic ""
    reservation ""
  ]
  edge [
    source 16
    target 31
    key 0
    port 11
    weight 1
    bandwidth 50000000
    traffic ""
    reservation ""
  ]
  edge [
    source 16
    target 32
    key 0
    port 12
    weight 1
    bandwidth 50000000
    traffic ""
    reservation ""
  ]
  edge [
    source 16
    target 33
    key 0
    port 13
    weight 1
    bandwidth 50000000
    traffic ""
    reservation ""
  ]
  edge [
    source 16
    target 34
    key 0
    port 14
    weight 1
    bandwidth 50000000
    traffic ""
    reservation ""
  ]
  edge [
    source 16
    target 35
    key 0
    port 15
    weight 1
    bandwidth 50000000
    traffic ""
    reservation ""
  ]
  edge [
    source 16
    target 36
    key 0
    port 16
    weight 1
    bandwidth 50000000
    traffic ""
    reservation ""
  ]
  edge [
    source 16
    target 37
    key 0
    port 17
    weight 1
    bandwidth 50000000
    traffic ""
    reservation ""
  ]
  edge [
    source 16
    target 38
    key 0
    port 18
    weight 1
    bandwidth 50000000
    traffic ""
    reservation ""
  ]
  edge [
    source 16
    target 39
    key 0
    port 19
    weight 1
    bandwidth 50000000
    traffic ""
    reservation ""
  ]
  edge [
    source 16
    target 40
    key 0
    port 20
    weight 1
    bandwidth 50000000
    traffic ""
    reservation ""
  ]
  edge [
    source 16
    target 41
    key 0
    port 21
    weight 1
    bandwidth 50000000
    traffic ""
    reservation ""
  ]
  edge [
    source 16
    target 42
    key 0
    port 22
    weight 1
    bandwidth 50000000
    traffic ""
    reservation ""
  ]
  edge [
    source 16
    target 43
    key 0
    port 23
    weight 1
    bandwidth 50000000
    traffic ""
    reservation ""
  ]
  edge [
    source 16
    target 44
    key 0
    port 24
    weight 1
    bandwidth 50000000
    traffic ""
    reservation ""
  ]
  edge [
    source 16
    target 45
    key 0
    port 25
    weight 1
    bandwidth 50000000
    traffic ""
    reservation ""
  ]
  edge [
    source 16
    target 46
    key 0
    port 26
    weight 1
    bandwidth 50000000
    traffic ""
    reservation ""
  ]
  edge [
    source 16
    target 47
    key 0
    port 27
    weight 1
    bandwidth 50000000
    traffic ""
    reservation ""
  ]
  edge [
    source 16
    target 48
    key 0
    port 28
    weight 1
    bandwidth 50000000
    traffic ""
    reservation ""
  ]
  edge [
    source 16
    target 49
    key 0
    port 29
    weight 1
    bandwidth 50000000
    traffic ""
    reservation ""
  ]
  edge [
    source 17
    target 4
    key 0
    port 0
    weight 1
    bandwidth 350000000
    traffic ""
    reservation ""
  ]
  edge [
    source 18
    target 3
    key 0
    port 0
    weight 1
    bandwidth 350000000
    traffic ""
    reservation ""
  ]
  edge [
    source 19
    target 6
    key 0
    port 0
    weight 1
    bandwidth 350000000
    traffic ""
    reservation ""
  ]
  edge [
    source 20
    target 16
    key 0
    port 0
    weight 1
    bandwidth 50000000
    traffic "18000000"
    reservation "20284200.0"
  ]
  edge [
    source 21
    target 8
    key 0
    port 0
    weight 1
    bandwidth 50000000
    traffic "18000000"
    reservation "15818400.0"
  ]
  edge [
    source 22
    target 16
    key 0
    port 0
    weight 1
    bandwidth 50000000
    traffic "200000"
    reservation "172640.0"
  ]
  edge [
    source 23
    target 16
    key 0
    port 0
    weight 1
    bandwidth 50000000
    traffic "3500000"
    reservation "3959900.0"
  ]
  edge [
    source 24
    target 16
    key 0
    port 0
    weight 1
    bandwidth 50000000
    traffic "200000"
    reservation "194120.0"
  ]
  edge [
    source 25
    target 16
    key 0
    port 0
    weight 1
    bandwidth 50000000
    traffic "3500000"
    reservation "3292100.0"
  ]
  edge [
    source 26
    target 16
    key 0
    port 0
    weight 1
    bandwidth 50000000
    traffic "3500000"
    reservation "3873800.0"
  ]
  edge [
    source 27
    target 16
    key 0
    port 0
    weight 1
    bandwidth 50000000
    traffic "3500000"
    reservation "3657500.0"
  ]
  edge [
    source 28
    target 16
    key 0
    port 0
    weight 1
    bandwidth 50000000
    traffic "3500000"
    reservation "3538850.0"
  ]
  edge [
    source 29
    target 16
    key 0
    port 0
    weight 1
    bandwidth 50000000
    traffic "3500000"
    reservation "3959900.0"
  ]
  edge [
    source 30
    target 16
    key 0
    port 0
    weight 1
    bandwidth 50000000
    traffic "3500000"
    reservation "3935750.0"
  ]
  edge [
    source 31
    target 16
    key 0
    port 0
    weight 1
    bandwidth 50000000
    traffic "200000"
    reservation "195380.0"
  ]
  edge [
    source 32
    target 16
    key 0
    port 0
    weight 1
    bandwidth 50000000
    traffic "200000"
    reservation "194120.0"
  ]
  edge [
    source 33
    target 16
    key 0
    port 0
    weight 1
    bandwidth 50000000
    traffic "18000000"
    reservation "17508600.0"
  ]
  edge [
    source 34
    target 16
    key 0
    port 0
    weight 1
    bandwidth 50000000
    traffic "3500000"
    reservation "3085250.0"
  ]
  edge [
    source 35
    target 16
    key 0
    port 0
    weight 1
    bandwidth 50000000
    traffic "200000"
    reservation "194120.0"
  ]
  edge [
    source 36
    target 16
    key 0
    port 0
    weight 1
    bandwidth 50000000
    traffic "3500000"
    reservation "3264800.0"
  ]
  edge [
    source 37
    target 16
    key 0
    port 0
    weight 1
    bandwidth 50000000
    traffic "3500000"
    reservation "3227000.0"
  ]
  edge [
    source 38
    target 16
    key 0
    port 0
    weight 1
    bandwidth 50000000
    traffic "200000"
    reservation "214040.0"
  ]
  edge [
    source 39
    target 16
    key 0
    port 0
    weight 1
    bandwidth 50000000
    traffic "3500000"
    reservation "3378200.0"
  ]
  edge [
    source 40
    target 16
    key 0
    port 0
    weight 1
    bandwidth 50000000
    traffic "3500000"
    reservation "3094700.0"
  ]
  edge [
    source 41
    target 16
    key 0
    port 0
    weight 1
    bandwidth 50000000
    traffic "200000"
    reservation "225560.0"
  ]
  edge [
    source 42
    target 16
    key 0
    port 0
    weight 1
    bandwidth 50000000
    traffic "3500000"
    reservation "3264800.0"
  ]
  edge [
    source 43
    target 16
    key 0
    port 0
    weight 1
    bandwidth 50000000
    traffic "3500000"
    reservation "3292100.0"
  ]
  edge [
    source 44
    target 16
    key 0
    port 0
    weight 1
    bandwidth 50000000
    traffic "3500000"
    reservation "3935750.0"
  ]
  edge [
    source 45
    target 16
    key 0
    port 0
    weight 1
    bandwidth 50000000
    traffic "3500000"
    reservation "3873800.0"
  ]
  edge [
    source 46
    target 16
    key 0
    port 0
    weight 1
    bandwidth 50000000
    traffic "3500000"
    reservation "3548300.0"
  ]
  edge [
    source 47
    target 16
    key 0
    port 0
    weight 1
    bandwidth 50000000
    traffic "200000"
    reservation "195380.0"
  ]
  edge [
    source 48
    target 16
    key 0
    port 0
    weight 1
    bandwidth 50000000
    traffic "200000"
    reservation "209120.0"
  ]
  edge [
    source 49
    target 16
    key 0
    port 0
    weight 1
    bandwidth 50000000
    traffic "200000"
    reservation "214040.0"
  ]
  edge [
    source 50
    target 8
    key 0
    port 0
    weight 1
    bandwidth 50000000
    traffic "3500000"
    reservation "3227000.0"
  ]
  edge [
    source 51
    target 8
    key 0
    port 0
    weight 1
    bandwidth 50000000
    traffic "3500000"
    reservation "3264800.0"
  ]
  edge [
    source 52
    target 8
    key 0
    port 0
    weight 1
    bandwidth 50000000
    traffic "3500000"
    reservation "3935750.0"
  ]
  edge [
    source 53
    target 8
    key 0
    port 0
    weight 1
    bandwidth 50000000
    traffic "18000000"
    reservation "17141400.0"
  ]
  edge [
    source 54
    target 8
    key 0
    port 0
    weight 1
    bandwidth 50000000
    traffic "18000000"
    reservation "17141400.0"
  ]
  edge [
    source 55
    target 8
    key 0
    port 0
    weight 1
    bandwidth 50000000
    traffic "3500000"
    reservation "3227000.0"
  ]
  edge [
    source 56
    target 8
    key 0
    port 0
    weight 1
    bandwidth 50000000
    traffic "3500000"
    reservation "3227000.0"
  ]
  edge [
    source 57
    target 8
    key 0
    port 0
    weight 1
    bandwidth 50000000
    traffic "200000"
    reservation "214040.0"
  ]
  edge [
    source 58
    target 8
    key 0
    port 0
    weight 1
    bandwidth 50000000
    traffic "3500000"
    reservation "3873800.0"
  ]
  edge [
    source 59
    target 8
    key 0
    port 0
    weight 1
    bandwidth 50000000
    traffic "200000"
    reservation "172640.0"
  ]
  edge [
    source 60
    target 8
    key 0
    port 0
    weight 1
    bandwidth 50000000
    traffic "3500000"
    reservation "3292100.0"
  ]
  edge [
    source 61
    target 8
    key 0
    port 0
    weight 1
    bandwidth 50000000
    traffic "3500000"
    reservation "3951500.0"
  ]
  edge [
    source 62
    target 8
    key 0
    port 0
    weight 1
    bandwidth 50000000
    traffic "3500000"
    reservation "3959900.0"
  ]
  edge [
    source 63
    target 8
    key 0
    port 0
    weight 1
    bandwidth 50000000
    traffic "3500000"
    reservation "3738350.0"
  ]
  edge [
    source 64
    target 8
    key 0
    port 0
    weight 1
    bandwidth 50000000
    traffic "3500000"
    reservation "3873800.0"
  ]
  edge [
    source 65
    target 8
    key 0
    port 0
    weight 1
    bandwidth 50000000
    traffic "3500000"
    reservation "3959900.0"
  ]
  edge [
    source 66
    target 8
    key 0
    port 0
    weight 1
    bandwidth 50000000
    traffic "3500000"
    reservation "3657500.0"
  ]
  edge [
    source 67
    target 8
    key 0
    port 0
    weight 1
    bandwidth 50000000
    traffic "200000"
    reservation "194120.0"
  ]
  edge [
    source 68
    target 8
    key 0
    port 0
    weight 1
    bandwidth 50000000
    traffic "200000"
    reservation "172640.0"
  ]
  edge [
    source 69
    target 8
    key 0
    port 0
    weight 1
    bandwidth 50000000
    traffic "200000"
    reservation "172640.0"
  ]
  edge [
    source 70
    target 8
    key 0
    port 0
    weight 1
    bandwidth 50000000
    traffic "200000"
    reservation "226160.0"
  ]
  edge [
    source 71
    target 8
    key 0
    port 0
    weight 1
    bandwidth 50000000
    traffic "200000"
    reservation "209120.0"
  ]
  edge [
    source 72
    target 8
    key 0
    port 0
    weight 1
    bandwidth 50000000
    traffic "200000"
    reservation "194120.0"
  ]
  edge [
    source 73
    target 8
    key 0
    port 0
    weight 1
    bandwidth 50000000
    traffic "200000"
    reservation "172640.0"
  ]
  edge [
    source 74
    target 8
    key 0
    port 0
    weight 1
    bandwidth 50000000
    traffic "200000"
    reservation "209120.0"
  ]
  edge [
    source 75
    target 8
    key 0
    port 0
    weight 1
    bandwidth 50000000
    traffic "200000"
    reservation "194120.0"
  ]
  edge [
    source 76
    target 8
    key 0
    port 0
    weight 1
    bandwidth 50000000
    traffic "200000"
    reservation "194120.0"
  ]
  edge [
    source 77
    target 8
    key 0
    port 0
    weight 1
    bandwidth 50000000
    traffic "200000"
    reservation "209120.0"
  ]
]
