graph [
  directed 1
  multigraph 1
  GeoLocation "Kent, UK"
  GeoExtent "Region"
  Network "KentMan"
  Provenance "Secondary"
  Note "JANET local provider, Geolocation for Beacon Hill approximated"
  Source "http://replay.waybackmachine.org/20050206124154/http://www.kentman.ac.uk/kman/map.html"
  Version "1.0"
  Type "REN"
  DateType "Historic"
  Backbone 1
  Commercial 0
  label "KentmanJul2005"
  ToolsetVersion "0.3.34dev-20120328"
  Customer 0
  IX 0
  SourceGitVersion "e278b1b"
  DateModifier "="
  DateMonth "07"
  LastAccess "31/01/11"
  Access 0
  Layer "IP"
  Creator "Topology Zoo Toolset"
  Developed 1
  Transit 0
  NetworkDate "2005_07"
  DateYear "2005"
  LastProcessed "2011_09_01"
  Testbed 0
  levelsToS 80
  node [
    id 0
    label "0"
    Country "United Kingdom"
    Longitude 0.5046
    Internal 1
    Latitude 51.33265
    type "inner"
    schedulingPolicy "WFQ"
    tosToQoSqueue "22;26;51;24,48;23;31,34,50,53,57,60,74,75,76;29,32,36,66,71,73,78;44,49,52,56,58,59,61,65,77;21,27,28,30,37,54,55,62,63,64,67,68,69,70,72,79;20;25;40;41,0,1,2,3,4,5,6,7,8,9,10,11,12,13,14,15,16,17,18,19,33,35,38,39,42,43,45,46,47"
    schedulingWeights "6.389,7.391,0.001,6.546,6.88,0.001,0.001,0.001,0.001,37.037,32.803,0.001,2.948;0.001,0.001,0.001,0.001,0.001,3.223,3.206,3.649,5.496,0.001,0.001,0.001,84.419;0.001,0.001,0.001,0.001,0.001,0.001,0.001,0.001,0.001,0.001,0.001,0.001,99.988;0.001,0.001,6.261,6.546,0.001,0.001,0.001,0.001,0.001,0.001,0.001,37.231,49.953;0.001,0.001,0.001,0.001,0.001,0.001,0.001,0.001,0.001,0.001,0.001,0.001,99.988;0.001,0.001,0.001,0.001,0.001,0.001,0.001,0.001,0.001,0.001,0.001,0.001,99.988"
    levelsQoS 13
    queueSizes "32,32,32,32,32,32,32,32,32,32,32,32,32"
  ]
  node [
    id 1
    label "1"
    Country "United Kingdom"
    Longitude 0.93678
    Internal 1
    Latitude 51.18249
    type "inner"
    schedulingPolicy "WFQ"
    tosToQoSqueue "39;35,43;45;33,47;46;38;42;34,50,53;36;44,49,52,56;37,54,55;19,0,1,2,3,4,5,6,7,8,9,10,11,12,13,14,15,16,17,18,20,21,22,23,24,25,26,27,28,29,30,31,32,40,41,48,51,57,58,59,60,61,62,63,64,65,66,67,68,69,70,71,72,73,74,75,76,77,78,79"
    schedulingWeights "6.149,12.921,7.391,12.522,7.134,7.153,6.677,1.074,0.458,1.622,1.03,35.869;0.001,0.001,0.001,0.001,0.001,0.001,0.001,0.001,0.001,0.001,0.001,99.989"
    levelsQoS 12
    queueSizes "32,32,32,32,32,32,32,32,32,32,32,32"
  ]
  node [
    id 2
    label "2"
    Country "United Kingdom"
    Longitude 0.97929
    Internal 1
    Latitude 51.29169
    type "inner"
    schedulingPolicy "WFQ"
    tosToQoSqueue "39;35,43;45;33,47;46;38;42;34,50,53;36;44,49,52,56;37,54,55;19,0,1,2,3,4,5,6,7,8,9,10,11,12,13,14,15,16,17,18,20,21,22,23,24,25,26,27,28,29,30,31,32,40,41,48,51,57,58,59,60,61,62,63,64,65,66,67,68,69,70,71,72,73,74,75,76,77,78,79"
    schedulingWeights "6.149,12.921,7.391,12.522,7.134,7.153,6.677,1.074,0.458,1.622,1.03,35.869;0.001,0.001,0.001,0.001,0.001,0.001,0.001,0.001,0.001,0.001,0.001,99.989"
    levelsQoS 12
    queueSizes "32,32,32,32,32,32,32,32,32,32,32,32"
  ]
  node [
    id 3
    label "3"
    Country "United Kingdom"
    Longitude 0.43333
    Internal 1
    Latitude 51.4
    type "destination_embb"
    schedulingPolicy "FIFO"
    levelsQoS "1"
    schedulingWeights "-"
    tosToQoSqueue "0,1,2,3,4,5,6,7,8,9,10,11,12,13,14,15,16,17,18,19,20,21,22,23,24,25,26,27,28,29,30,31,32,33,34,35,36,37,38,39,40,41,42,43,44,45,46,47,48,49,50,51,52,53,54,55,56,57,58,59,60,61,62,63,64,65,66,67,68,69,70,71,72,73,74,75,76,77,78,79"
    queueSizes "32"
  ]
  node [
    id 4
    label "4"
    Country "United Kingdom"
    Longitude 1.07992
    Internal 1
    Latitude 51.27904
    type "inner"
    schedulingPolicy "WFQ"
    tosToQoSqueue "39;35,43;45;33,47;46;38;42;34,50,53;36;44,49,52,56;37,54,55;19,0,1,2,3,4,5,6,7,8,9,10,11,12,13,14,15,16,17,18,20,21,22,23,24,25,26,27,28,29,30,31,32,40,41,48,51,57,58,59,60,61,62,63,64,65,66,67,68,69,70,71,72,73,74,75,76,77,78,79"
    schedulingWeights "0.001,0.001,0.001,0.001,0.001,0.001,0.001,0.001,0.001,0.001,0.001,99.989;6.149,12.921,7.391,12.522,7.134,7.153,6.677,1.074,0.458,1.622,1.03,35.869;0.001,0.001,0.001,0.001,0.001,0.001,0.001,0.001,0.001,0.001,0.001,99.989;0.001,0.001,0.001,0.001,0.001,0.001,0.001,0.001,0.001,0.001,0.001,99.989;0.001,0.001,0.001,0.001,0.001,0.001,0.001,0.001,0.001,0.001,0.001,99.989"
    levelsQoS 12
    queueSizes "32,32,32,32,32,32,32,32,32,32,32,32"
  ]
  node [
    id 5
    label "5"
    Country "United Kingdom"
    Longitude 0.52786
    Internal 1
    Latitude 51.37891
    type "destination_mmtc"
    schedulingPolicy "FIFO"
    levelsQoS "1"
    schedulingWeights "-"
    tosToQoSqueue "0,1,2,3,4,5,6,7,8,9,10,11,12,13,14,15,16,17,18,19,20,21,22,23,24,25,26,27,28,29,30,31,32,33,34,35,36,37,38,39,40,41,42,43,44,45,46,47,48,49,50,51,52,53,54,55,56,57,58,59,60,61,62,63,64,65,66,67,68,69,70,71,72,73,74,75,76,77,78,79"
    queueSizes "32"
  ]
  node [
    id 6
    label "6"
    Country "United Kingdom"
    Longitude 0.53333
    Internal 1
    Latitude 51.08333
    type "inner"
    schedulingPolicy "WFQ"
    tosToQoSqueue "51;48;57,60,74,75,76;66,71,73,78;58,59,61,65,77;62,63,64,67,68,69,70,72,79;40;41,0,1,2,3,4,5,6,7,8,9,10,11,12,13,14,15,16,17,18,19,20,21,22,23,24,25,26,27,28,29,30,31,32,33,34,35,36,37,38,39,42,43,44,45,46,47,49,50,52,53,54,55,56"
    schedulingWeights "6.261,6.546,1.791,1.832,2.027,3.091,37.231,41.221;0.001,0.001,0.001,0.001,0.001,0.001,0.001,99.993"
    levelsQoS 8
    queueSizes "32,32,32,32,32,32,32,32"
  ]
  node [
    id 7
    label "7"
    Country "United Kingdom"
    Longitude 0.93678
    Internal 1
    Latitude 51.18249
    type "antenna"
    schedulingPolicy "WFQ"
    tosToQoSqueue "39;35,43;45;33,47,51;48;46;38;42;34,50,53,57,60,74,75,76;36,66,71,73,78;44,49,52,56,58,59,61,65,77;37,54,55,62,63,64,67,68,69,70,72,79;40;19;41,0,1,2,3,4,5,6,7,8,9,10,11,12,13,14,15,16,17,18,20,21,22,23,24,25,26,27,28,29,30,31,32"
    schedulingWeights "6.149,12.921,7.391,12.522,0.001,7.134,7.153,6.677,1.074,0.458,1.622,1.03,0.001,35.806,0.061;0.001,0.001,0.001,6.261,6.546,0.001,0.001,0.001,1.791,1.832,2.027,3.091,37.231,0.001,41.214;0.001,0.001,0.001,0.001,0.001,0.001,0.001,0.001,0.001,0.001,0.001,0.001,0.001,0.001,99.986;0.001,0.001,0.001,0.001,0.001,0.001,0.001,0.001,0.001,0.001,0.001,0.001,0.001,0.001,99.986;0.001,0.001,0.001,0.001,0.001,0.001,0.001,0.001,0.001,0.001,0.001,0.001,0.001,0.001,99.986;0.001,0.001,0.001,0.001,0.001,0.001,0.001,0.001,0.001,0.001,0.001,0.001,0.001,0.001,99.986;0.001,0.001,0.001,0.001,0.001,0.001,0.001,0.001,0.001,0.001,0.001,0.001,0.001,0.001,99.986;0.001,0.001,0.001,0.001,0.001,0.001,0.001,0.001,0.001,0.001,0.001,0.001,0.001,0.001,99.986;0.001,0.001,0.001,0.001,0.001,0.001,0.001,0.001,0.001,0.001,0.001,0.001,0.001,0.001,99.986;0.001,0.001,0.001,0.001,0.001,0.001,0.001,0.001,0.001,0.001,0.001,0.001,0.001,0.001,99.986;0.001,0.001,0.001,0.001,0.001,0.001,0.001,0.001,0.001,0.001,0.001,0.001,0.001,0.001,99.986;0.001,0.001,0.001,0.001,0.001,0.001,0.001,0.001,0.001,0.001,0.001,0.001,0.001,0.001,99.986;0.001,0.001,0.001,0.001,0.001,0.001,0.001,0.001,0.001,0.001,0.001,0.001,0.001,0.001,99.986;0.001,0.001,0.001,0.001,0.001,0.001,0.001,0.001,0.001,0.001,0.001,0.001,0.001,0.001,99.986;0.001,0.001,0.001,0.001,0.001,0.001,0.001,0.001,0.001,0.001,0.001,0.001,0.001,0.001,99.986;0.001,0.001,0.001,0.001,0.001,0.001,0.001,0.001,0.001,0.001,0.001,0.001,0.001,0.001,99.986;0.001,0.001,0.001,0.001,0.001,0.001,0.001,0.001,0.001,0.001,0.001,0.001,0.001,0.001,99.986;0.001,0.001,0.001,0.001,0.001,0.001,0.001,0.001,0.001,0.001,0.001,0.001,0.001,0.001,99.986;0.001,0.001,0.001,0.001,0.001,0.001,0.001,0.001,0.001,0.001,0.001,0.001,0.001,0.001,99.986;0.001,0.001,0.001,0.001,0.001,0.001,0.001,0.001,0.001,0.001,0.001,0.001,0.001,0.001,99.986;0.001,0.001,0.001,0.001,0.001,0.001,0.001,0.001,0.001,0.001,0.001,0.001,0.001,0.001,99.986;0.001,0.001,0.001,0.001,0.001,0.001,0.001,0.001,0.001,0.001,0.001,0.001,0.001,0.001,99.986;0.001,0.001,0.001,0.001,0.001,0.001,0.001,0.001,0.001,0.001,0.001,0.001,0.001,0.001,99.986;0.001,0.001,0.001,0.001,0.001,0.001,0.001,0.001,0.001,0.001,0.001,0.001,0.001,0.001,99.986;0.001,0.001,0.001,0.001,0.001,0.001,0.001,0.001,0.001,0.001,0.001,0.001,0.001,0.001,99.986;0.001,0.001,0.001,0.001,0.001,0.001,0.001,0.001,0.001,0.001,0.001,0.001,0.001,0.001,99.986;0.001,0.001,0.001,0.001,0.001,0.001,0.001,0.001,0.001,0.001,0.001,0.001,0.001,0.001,99.986;0.001,0.001,0.001,0.001,0.001,0.001,0.001,0.001,0.001,0.001,0.001,0.001,0.001,0.001,99.986;0.001,0.001,0.001,0.001,0.001,0.001,0.001,0.001,0.001,0.001,0.001,0.001,0.001,0.001,99.986;0.001,0.001,0.001,0.001,0.001,0.001,0.001,0.001,0.001,0.001,0.001,0.001,0.001,0.001,99.986;0.001,0.001,0.001,0.001,0.001,0.001,0.001,0.001,0.001,0.001,0.001,0.001,0.001,0.001,99.986;0.001,0.001,0.001,0.001,0.001,0.001,0.001,0.001,0.001,0.001,0.001,0.001,0.001,0.001,99.986;0.001,0.001,0.001,0.001,0.001,0.001,0.001,0.001,0.001,0.001,0.001,0.001,0.001,0.001,99.986;0.001,0.001,0.001,0.001,0.001,0.001,0.001,0.001,0.001,0.001,0.001,0.001,0.001,0.001,99.986;0.001,0.001,0.001,0.001,0.001,0.001,0.001,0.001,0.001,0.001,0.001,0.001,0.001,0.001,99.986;0.001,0.001,0.001,0.001,0.001,0.001,0.001,0.001,0.001,0.001,0.001,0.001,0.001,0.001,99.986;0.001,0.001,0.001,0.001,0.001,0.001,0.001,0.001,0.001,0.001,0.001,0.001,0.001,0.001,99.986;0.001,0.001,0.001,0.001,0.001,0.001,0.001,0.001,0.001,0.001,0.001,0.001,0.001,0.001,99.986;0.001,0.001,0.001,0.001,0.001,0.001,0.001,0.001,0.001,0.001,0.001,0.001,0.001,0.001,99.986;0.001,0.001,0.001,0.001,0.001,0.001,0.001,0.001,0.001,0.001,0.001,0.001,0.001,0.001,99.986;0.001,0.001,0.001,0.001,0.001,0.001,0.001,0.001,0.001,0.001,0.001,0.001,0.001,0.001,99.986;0.001,0.001,0.001,0.001,0.001,0.001,0.001,0.001,0.001,0.001,0.001,0.001,0.001,0.001,99.986;0.001,0.001,0.001,0.001,0.001,0.001,0.001,0.001,0.001,0.001,0.001,0.001,0.001,0.001,99.986;0.001,0.001,0.001,0.001,0.001,0.001,0.001,0.001,0.001,0.001,0.001,0.001,0.001,0.001,99.986;0.001,0.001,0.001,0.001,0.001,0.001,0.001,0.001,0.001,0.001,0.001,0.001,0.001,0.001,99.986;0.001,0.001,0.001,0.001,0.001,0.001,0.001,0.001,0.001,0.001,0.001,0.001,0.001,0.001,99.986;0.001,0.001,0.001,0.001,0.001,0.001,0.001,0.001,0.001,0.001,0.001,0.001,0.001,0.001,99.986;0.001,0.001,0.001,0.001,0.001,0.001,0.001,0.001,0.001,0.001,0.001,0.001,0.001,0.001,99.986;0.001,0.001,0.001,0.001,0.001,0.001,0.001,0.001,0.001,0.001,0.001,0.001,0.001,0.001,99.986;0.001,0.001,0.001,0.001,0.001,0.001,0.001,0.001,0.001,0.001,0.001,0.001,0.001,0.001,99.986"
    levelsQoS 15
    queueSizes "32,32,32,32,32,32,32,32,32,32,32,32,32,32,32"
  ]
  node [
    id 8
    label "8"
    geocode_append "Medway"
    Country "United Kingdom"
    Longitude 0.07703
    Internal 1
    Latitude 51.44628
    type "inner"
    schedulingPolicy "WFQ"
    tosToQoSqueue "51;48;40;41,0,1,2,3,4,5,6,7,8,9,10,11,12,13,14,15,16,17,18,19,20,21,22,23,24,25,26,27,28,29,30,31,32,33,34,35,36,37,38,39,42,43,44,45,46,47,49,50,52,53,54,55,56,57,58,59,60,61,62,63,64,65,66,67,68,69,70,71,72,73,74,75,76,77,78,79"
    schedulingWeights "0.001,0.001,0.001,99.997;6.261,6.546,37.231,49.962"
    levelsQoS 4
    queueSizes "32,32,32,32"
  ]
  node [
    id 9
    label "9"
    Country "United Kingdom"
    Longitude 1.08936
    Internal 1
    Latitude 51.27934
    type "inner"
    schedulingPolicy "WFQ"
    tosToQoSqueue "0,1,2,3,4,5,6,7,8,9,10,11,12,13,14,15,16,17,18,19,20,21,22,23,24,25,26,27,28,29,30,31,32,33,34,35,36,37,38,39,40,41,42,43,44,45,46,47,48,49,50,51,52,53,54,55,56,57,58,59,60,61,62,63,64,65,66,67,68,69,70,71,72,73,74,75,76,77,78,79"
    schedulingWeights "100"
    levelsQoS 1
    queueSizes "32"
  ]
  node [
    id 10
    label "10"
    Country "United Kingdom"
    Longitude 0.24307
    Internal 1
    Latitude 51.15222
    type "inner"
    schedulingPolicy "WFQ"
    tosToQoSqueue "0,1,2,3,4,5,6,7,8,9,10,11,12,13,14,15,16,17,18,19,20,21,22,23,24,25,26,27,28,29,30,31,32,33,34,35,36,37,38,39,40,41,42,43,44,45,46,47,48,49,50,51,52,53,54,55,56,57,58,59,60,61,62,63,64,65,66,67,68,69,70,71,72,73,74,75,76,77,78,79"
    schedulingWeights "100"
    levelsQoS 1
    queueSizes "32"
  ]
  node [
    id 11
    label "11"
    Country "United Kingdom"
    Longitude 1.40616
    Internal 1
    Latitude 51.35895
    type "inner"
    schedulingPolicy "WFQ"
    tosToQoSqueue "0,1,2,3,4,5,6,7,8,9,10,11,12,13,14,15,16,17,18,19,20,21,22,23,24,25,26,27,28,29,30,31,32,33,34,35,36,37,38,39,40,41,42,43,44,45,46,47,48,49,50,51,52,53,54,55,56,57,58,59,60,61,62,63,64,65,66,67,68,69,70,71,72,73,74,75,76,77,78,79"
    schedulingWeights "100"
    levelsQoS 1
    queueSizes "32"
  ]
  node [
    id 12
    label "12"
    Country "United Kingdom"
    Longitude 0.51438
    Internal 1
    Latitude 51.37992
    type "destination_urllc"
    schedulingPolicy "FIFO"
    levelsQoS "1"
    schedulingWeights "-"
    tosToQoSqueue "0,1,2,3,4,5,6,7,8,9,10,11,12,13,14,15,16,17,18,19,20,21,22,23,24,25,26,27,28,29,30,31,32,33,34,35,36,37,38,39,40,41,42,43,44,45,46,47,48,49,50,51,52,53,54,55,56,57,58,59,60,61,62,63,64,65,66,67,68,69,70,71,72,73,74,75,76,77,78,79"
    queueSizes "32"
  ]
  node [
    id 13
    label "13"
    Country "United Kingdom"
    Longitude 1.09078
    Internal 1
    Latitude 51.27537
    type "inner"
    schedulingPolicy "WFQ"
    tosToQoSqueue "0,1,2,3,4,5,6,7,8,9,10,11,12,13,14,15,16,17,18,19,20,21,22,23,24,25,26,27,28,29,30,31,32,33,34,35,36,37,38,39,40,41,42,43,44,45,46,47,48,49,50,51,52,53,54,55,56,57,58,59,60,61,62,63,64,65,66,67,68,69,70,71,72,73,74,75,76,77,78,79"
    schedulingWeights "100"
    levelsQoS 1
    queueSizes "32"
  ]
  node [
    id 14
    label "14"
    Country "United Kingdom"
    Longitude 0.49799
    Internal 1
    Latitude 51.27115
    type "antenna"
    schedulingPolicy "WFQ"
    tosToQoSqueue "22;26;24;23;31;29,32;21,27,28,30;20;25,0,1,2,3,4,5,6,7,8,9,10,11,12,13,14,15,16,17,18,19,33,34,35,36,37,38,39,40,41,42,43,44,45,46,47,48,49,50,51,52,53,54,55,56,57,58,59,60,61,62,63,64,65,66,67,68,69,70,71,72,73,74,75,76,77,78,79"
    schedulingWeights "6.389,7.391,6.546,6.88,0.358,0.916,1.374,37.037,33.109;0.001,0.001,0.001,0.001,0.001,0.001,0.001,0.001,99.992;0.001,0.001,0.001,0.001,0.001,0.001,0.001,0.001,99.992;0.001,0.001,0.001,0.001,0.001,0.001,0.001,0.001,99.992;0.001,0.001,0.001,0.001,0.001,0.001,0.001,0.001,99.992;0.001,0.001,0.001,0.001,0.001,0.001,0.001,0.001,99.992;0.001,0.001,0.001,0.001,0.001,0.001,0.001,0.001,99.992;0.001,0.001,0.001,0.001,0.001,0.001,0.001,0.001,99.992;0.001,0.001,0.001,0.001,0.001,0.001,0.001,0.001,99.992;0.001,0.001,0.001,0.001,0.001,0.001,0.001,0.001,99.992;0.001,0.001,0.001,0.001,0.001,0.001,0.001,0.001,99.992;0.001,0.001,0.001,0.001,0.001,0.001,0.001,0.001,99.992;0.001,0.001,0.001,0.001,0.001,0.001,0.001,0.001,99.992;0.001,0.001,0.001,0.001,0.001,0.001,0.001,0.001,99.992"
    levelsQoS 9
    queueSizes "32,32,32,32,32,32,32,32,32"
  ]
  node [
    id 15
    label "15"
    Country "United Kingdom"
    Longitude 0.28333
    Internal 1
    Latitude 51.18333
    type "inner"
    schedulingPolicy "WFQ"
    tosToQoSqueue "0,1,2,3,4,5,6,7,8,9,10,11,12,13,14,15,16,17,18,19,20,21,22,23,24,25,26,27,28,29,30,31,32,33,34,35,36,37,38,39,40,41,42,43,44,45,46,47,48,49,50,51,52,53,54,55,56,57,58,59,60,61,62,63,64,65,66,67,68,69,70,71,72,73,74,75,76,77,78,79"
    schedulingWeights "100;100"
    levelsQoS 1
    queueSizes "32"
  ]
  node [
    id 16
    label "16"
    schedulingPolicy "FIFO"
    levelsQoS "1"
    schedulingWeights "-"
    tosToQoSqueue "0,1,2,3,4,5,6,7,8,9,10,11,12,13,14,15,16,17,18,19,20,21,22,23,24,25,26,27,28,29,30,31,32,33,34,35,36,37,38,39,40,41,42,43,44,45,46,47,48,49,50,51,52,53,54,55,56,57,58,59,60,61,62,63,64,65,66,67,68,69,70,71,72,73,74,75,76,77,78,79"
    queueSizes "32"
    type "destination_urllc"
  ]
  node [
    id 17
    label "17"
    schedulingPolicy "FIFO"
    levelsQoS "1"
    schedulingWeights "-"
    tosToQoSqueue "0,1,2,3,4,5,6,7,8,9,10,11,12,13,14,15,16,17,18,19,20,21,22,23,24,25,26,27,28,29,30,31,32,33,34,35,36,37,38,39,40,41,42,43,44,45,46,47,48,49,50,51,52,53,54,55,56,57,58,59,60,61,62,63,64,65,66,67,68,69,70,71,72,73,74,75,76,77,78,79"
    queueSizes "32"
    type "destination_mmtc"
  ]
  node [
    id 18
    label "18"
    schedulingPolicy "FIFO"
    levelsQoS "1"
    schedulingWeights "-"
    tosToQoSqueue "0,1,2,3,4,5,6,7,8,9,10,11,12,13,14,15,16,17,18,19,20,21,22,23,24,25,26,27,28,29,30,31,32,33,34,35,36,37,38,39,40,41,42,43,44,45,46,47,48,49,50,51,52,53,54,55,56,57,58,59,60,61,62,63,64,65,66,67,68,69,70,71,72,73,74,75,76,77,78,79"
    queueSizes "32"
    type "destination_embb"
  ]
  node [
    id 19
    label "19"
    schedulingPolicy "FIFO"
    levelsQoS "1"
    schedulingWeights "-"
    tosToQoSqueue "0,1,2,3,4,5,6,7,8,9,10,11,12,13,14,15,16,17,18,19,20,21,22,23,24,25,26,27,28,29,30,31,32,33,34,35,36,37,38,39,40,41,42,43,44,45,46,47,48,49,50,51,52,53,54,55,56,57,58,59,60,61,62,63,64,65,66,67,68,69,70,71,72,73,74,75,76,77,78,79"
    queueSizes "32"
    type "origin_embb"
    reservation 17902800.0
  ]
  node [
    id 20
    label "20"
    schedulingPolicy "FIFO"
    levelsQoS "1"
    schedulingWeights "-"
    tosToQoSqueue "0,1,2,3,4,5,6,7,8,9,10,11,12,13,14,15,16,17,18,19,20,21,22,23,24,25,26,27,28,29,30,31,32,33,34,35,36,37,38,39,40,41,42,43,44,45,46,47,48,49,50,51,52,53,54,55,56,57,58,59,60,61,62,63,64,65,66,67,68,69,70,71,72,73,74,75,76,77,78,79"
    queueSizes "32"
    type "origin_embb"
    reservation 18518400.0
  ]
  node [
    id 21
    label "21"
    schedulingPolicy "FIFO"
    levelsQoS "1"
    schedulingWeights "-"
    tosToQoSqueue "0,1,2,3,4,5,6,7,8,9,10,11,12,13,14,15,16,17,18,19,20,21,22,23,24,25,26,27,28,29,30,31,32,33,34,35,36,37,38,39,40,41,42,43,44,45,46,47,48,49,50,51,52,53,54,55,56,57,58,59,60,61,62,63,64,65,66,67,68,69,70,71,72,73,74,75,76,77,78,79"
    queueSizes "32"
    type "origin_mmtc"
    reservation 171740.0
  ]
  node [
    id 22
    label "22"
    schedulingPolicy "FIFO"
    levelsQoS "1"
    schedulingWeights "-"
    tosToQoSqueue "0,1,2,3,4,5,6,7,8,9,10,11,12,13,14,15,16,17,18,19,20,21,22,23,24,25,26,27,28,29,30,31,32,33,34,35,36,37,38,39,40,41,42,43,44,45,46,47,48,49,50,51,52,53,54,55,56,57,58,59,60,61,62,63,64,65,66,67,68,69,70,71,72,73,74,75,76,77,78,79"
    queueSizes "32"
    type "origin_urllc"
    reservation 3194450.0
  ]
  node [
    id 23
    label "23"
    schedulingPolicy "FIFO"
    levelsQoS "1"
    schedulingWeights "-"
    tosToQoSqueue "0,1,2,3,4,5,6,7,8,9,10,11,12,13,14,15,16,17,18,19,20,21,22,23,24,25,26,27,28,29,30,31,32,33,34,35,36,37,38,39,40,41,42,43,44,45,46,47,48,49,50,51,52,53,54,55,56,57,58,59,60,61,62,63,64,65,66,67,68,69,70,71,72,73,74,75,76,77,78,79"
    queueSizes "32"
    type "origin_urllc"
    reservation 3440150.0
  ]
  node [
    id 24
    label "24"
    schedulingPolicy "FIFO"
    levelsQoS "1"
    schedulingWeights "-"
    tosToQoSqueue "0,1,2,3,4,5,6,7,8,9,10,11,12,13,14,15,16,17,18,19,20,21,22,23,24,25,26,27,28,29,30,31,32,33,34,35,36,37,38,39,40,41,42,43,44,45,46,47,48,49,50,51,52,53,54,55,56,57,58,59,60,61,62,63,64,65,66,67,68,69,70,71,72,73,74,75,76,77,78,79"
    queueSizes "32"
    type "origin_urllc"
    reservation 3273200.0
  ]
  node [
    id 25
    label "25"
    schedulingPolicy "FIFO"
    levelsQoS "1"
    schedulingWeights "-"
    tosToQoSqueue "0,1,2,3,4,5,6,7,8,9,10,11,12,13,14,15,16,17,18,19,20,21,22,23,24,25,26,27,28,29,30,31,32,33,34,35,36,37,38,39,40,41,42,43,44,45,46,47,48,49,50,51,52,53,54,55,56,57,58,59,60,61,62,63,64,65,66,67,68,69,70,71,72,73,74,75,76,77,78,79"
    queueSizes "32"
    type "origin_embb"
    reservation 16401600.0
  ]
  node [
    id 26
    label "26"
    schedulingPolicy "FIFO"
    levelsQoS "1"
    schedulingWeights "-"
    tosToQoSqueue "0,1,2,3,4,5,6,7,8,9,10,11,12,13,14,15,16,17,18,19,20,21,22,23,24,25,26,27,28,29,30,31,32,33,34,35,36,37,38,39,40,41,42,43,44,45,46,47,48,49,50,51,52,53,54,55,56,57,58,59,60,61,62,63,64,65,66,67,68,69,70,71,72,73,74,75,76,77,78,79"
    queueSizes "32"
    type "origin_urllc"
    reservation 3695300.0
  ]
  node [
    id 27
    label "27"
    schedulingPolicy "FIFO"
    levelsQoS "1"
    schedulingWeights "-"
    tosToQoSqueue "0,1,2,3,4,5,6,7,8,9,10,11,12,13,14,15,16,17,18,19,20,21,22,23,24,25,26,27,28,29,30,31,32,33,34,35,36,37,38,39,40,41,42,43,44,45,46,47,48,49,50,51,52,53,54,55,56,57,58,59,60,61,62,63,64,65,66,67,68,69,70,71,72,73,74,75,76,77,78,79"
    queueSizes "32"
    type "origin_mmtc"
    reservation 171740.0
  ]
  node [
    id 28
    label "28"
    schedulingPolicy "FIFO"
    levelsQoS "1"
    schedulingWeights "-"
    tosToQoSqueue "0,1,2,3,4,5,6,7,8,9,10,11,12,13,14,15,16,17,18,19,20,21,22,23,24,25,26,27,28,29,30,31,32,33,34,35,36,37,38,39,40,41,42,43,44,45,46,47,48,49,50,51,52,53,54,55,56,57,58,59,60,61,62,63,64,65,66,67,68,69,70,71,72,73,74,75,76,77,78,79"
    queueSizes "32"
    type "origin_mmtc"
    reservation 171740.0
  ]
  node [
    id 29
    label "29"
    schedulingPolicy "FIFO"
    levelsQoS "1"
    schedulingWeights "-"
    tosToQoSqueue "0,1,2,3,4,5,6,7,8,9,10,11,12,13,14,15,16,17,18,19,20,21,22,23,24,25,26,27,28,29,30,31,32,33,34,35,36,37,38,39,40,41,42,43,44,45,46,47,48,49,50,51,52,53,54,55,56,57,58,59,60,61,62,63,64,65,66,67,68,69,70,71,72,73,74,75,76,77,78,79"
    queueSizes "32"
    type "origin_mmtc"
    reservation 228980.0
  ]
  node [
    id 30
    label "30"
    schedulingPolicy "FIFO"
    levelsQoS "1"
    schedulingWeights "-"
    tosToQoSqueue "0,1,2,3,4,5,6,7,8,9,10,11,12,13,14,15,16,17,18,19,20,21,22,23,24,25,26,27,28,29,30,31,32,33,34,35,36,37,38,39,40,41,42,43,44,45,46,47,48,49,50,51,52,53,54,55,56,57,58,59,60,61,62,63,64,65,66,67,68,69,70,71,72,73,74,75,76,77,78,79"
    queueSizes "32"
    type "origin_mmtc"
    reservation 171740.0
  ]
  node [
    id 31
    label "31"
    schedulingPolicy "FIFO"
    levelsQoS "1"
    schedulingWeights "-"
    tosToQoSqueue "0,1,2,3,4,5,6,7,8,9,10,11,12,13,14,15,16,17,18,19,20,21,22,23,24,25,26,27,28,29,30,31,32,33,34,35,36,37,38,39,40,41,42,43,44,45,46,47,48,49,50,51,52,53,54,55,56,57,58,59,60,61,62,63,64,65,66,67,68,69,70,71,72,73,74,75,76,77,78,79"
    queueSizes "32"
    type "origin_mmtc"
    reservation 179060.0
  ]
  node [
    id 32
    label "32"
    schedulingPolicy "FIFO"
    levelsQoS "1"
    schedulingWeights "-"
    tosToQoSqueue "0,1,2,3,4,5,6,7,8,9,10,11,12,13,14,15,16,17,18,19,20,21,22,23,24,25,26,27,28,29,30,31,32,33,34,35,36,37,38,39,40,41,42,43,44,45,46,47,48,49,50,51,52,53,54,55,56,57,58,59,60,61,62,63,64,65,66,67,68,69,70,71,72,73,74,75,76,77,78,79"
    queueSizes "32"
    type "origin_mmtc"
    reservation 228980.0
  ]
  node [
    id 33
    label "33"
    schedulingPolicy "FIFO"
    levelsQoS "1"
    schedulingWeights "-"
    tosToQoSqueue "0,1,2,3,4,5,6,7,8,9,10,11,12,13,14,15,16,17,18,19,20,21,22,23,24,25,26,27,28,29,30,31,32,33,34,35,36,37,38,39,40,41,42,43,44,45,46,47,48,49,50,51,52,53,54,55,56,57,58,59,60,61,62,63,64,65,66,67,68,69,70,71,72,73,74,75,76,77,78,79"
    queueSizes "32"
    type "origin_urllc"
    reservation 3130400.0
  ]
  node [
    id 34
    label "34"
    schedulingPolicy "FIFO"
    levelsQoS "1"
    schedulingWeights "-"
    tosToQoSqueue "0,1,2,3,4,5,6,7,8,9,10,11,12,13,14,15,16,17,18,19,20,21,22,23,24,25,26,27,28,29,30,31,32,33,34,35,36,37,38,39,40,41,42,43,44,45,46,47,48,49,50,51,52,53,54,55,56,57,58,59,60,61,62,63,64,65,66,67,68,69,70,71,72,73,74,75,76,77,78,79"
    queueSizes "32"
    type "origin_mmtc"
    reservation 179060.0
  ]
  node [
    id 35
    label "35"
    schedulingPolicy "FIFO"
    levelsQoS "1"
    schedulingWeights "-"
    tosToQoSqueue "0,1,2,3,4,5,6,7,8,9,10,11,12,13,14,15,16,17,18,19,20,21,22,23,24,25,26,27,28,29,30,31,32,33,34,35,36,37,38,39,40,41,42,43,44,45,46,47,48,49,50,51,52,53,54,55,56,57,58,59,60,61,62,63,64,65,66,67,68,69,70,71,72,73,74,75,76,77,78,79"
    queueSizes "32"
    type "origin_urllc"
    reservation 3230150.0
  ]
  node [
    id 36
    label "36"
    schedulingPolicy "FIFO"
    levelsQoS "1"
    schedulingWeights "-"
    tosToQoSqueue "0,1,2,3,4,5,6,7,8,9,10,11,12,13,14,15,16,17,18,19,20,21,22,23,24,25,26,27,28,29,30,31,32,33,34,35,36,37,38,39,40,41,42,43,44,45,46,47,48,49,50,51,52,53,54,55,56,57,58,59,60,61,62,63,64,65,66,67,68,69,70,71,72,73,74,75,76,77,78,79"
    queueSizes "32"
    type "origin_mmtc"
    reservation 228980.0
  ]
  node [
    id 37
    label "37"
    schedulingPolicy "FIFO"
    levelsQoS "1"
    schedulingWeights "-"
    tosToQoSqueue "0,1,2,3,4,5,6,7,8,9,10,11,12,13,14,15,16,17,18,19,20,21,22,23,24,25,26,27,28,29,30,31,32,33,34,35,36,37,38,39,40,41,42,43,44,45,46,47,48,49,50,51,52,53,54,55,56,57,58,59,60,61,62,63,64,65,66,67,68,69,70,71,72,73,74,75,76,77,78,79"
    queueSizes "32"
    type "origin_mmtc"
    reservation 171740.0
  ]
  node [
    id 38
    label "38"
    schedulingPolicy "FIFO"
    levelsQoS "1"
    schedulingWeights "-"
    tosToQoSqueue "0,1,2,3,4,5,6,7,8,9,10,11,12,13,14,15,16,17,18,19,20,21,22,23,24,25,26,27,28,29,30,31,32,33,34,35,36,37,38,39,40,41,42,43,44,45,46,47,48,49,50,51,52,53,54,55,56,57,58,59,60,61,62,63,64,65,66,67,68,69,70,71,72,73,74,75,76,77,78,79"
    queueSizes "32"
    type "origin_urllc"
    reservation 3576650.0
  ]
  node [
    id 39
    label "39"
    schedulingPolicy "FIFO"
    levelsQoS "1"
    schedulingWeights "-"
    tosToQoSqueue "0,1,2,3,4,5,6,7,8,9,10,11,12,13,14,15,16,17,18,19,20,21,22,23,24,25,26,27,28,29,30,31,32,33,34,35,36,37,38,39,40,41,42,43,44,45,46,47,48,49,50,51,52,53,54,55,56,57,58,59,60,61,62,63,64,65,66,67,68,69,70,71,72,73,74,75,76,77,78,79"
    queueSizes "32"
    type "origin_urllc"
    reservation 3074750.0
  ]
  node [
    id 40
    label "40"
    schedulingPolicy "FIFO"
    levelsQoS "1"
    schedulingWeights "-"
    tosToQoSqueue "0,1,2,3,4,5,6,7,8,9,10,11,12,13,14,15,16,17,18,19,20,21,22,23,24,25,26,27,28,29,30,31,32,33,34,35,36,37,38,39,40,41,42,43,44,45,46,47,48,49,50,51,52,53,54,55,56,57,58,59,60,61,62,63,64,65,66,67,68,69,70,71,72,73,74,75,76,77,78,79"
    queueSizes "32"
    type "origin_embb"
    reservation 18615600.0
  ]
  node [
    id 41
    label "41"
    schedulingPolicy "FIFO"
    levelsQoS "1"
    schedulingWeights "-"
    tosToQoSqueue "0,1,2,3,4,5,6,7,8,9,10,11,12,13,14,15,16,17,18,19,20,21,22,23,24,25,26,27,28,29,30,31,32,33,34,35,36,37,38,39,40,41,42,43,44,45,46,47,48,49,50,51,52,53,54,55,56,57,58,59,60,61,62,63,64,65,66,67,68,69,70,71,72,73,74,75,76,77,78,79"
    queueSizes "32"
    type "origin_embb"
    reservation 20419200.0
  ]
  node [
    id 42
    label "42"
    schedulingPolicy "FIFO"
    levelsQoS "1"
    schedulingWeights "-"
    tosToQoSqueue "0,1,2,3,4,5,6,7,8,9,10,11,12,13,14,15,16,17,18,19,20,21,22,23,24,25,26,27,28,29,30,31,32,33,34,35,36,37,38,39,40,41,42,43,44,45,46,47,48,49,50,51,52,53,54,55,56,57,58,59,60,61,62,63,64,65,66,67,68,69,70,71,72,73,74,75,76,77,78,79"
    queueSizes "32"
    type "origin_urllc"
    reservation 3338300.0
  ]
  node [
    id 43
    label "43"
    schedulingPolicy "FIFO"
    levelsQoS "1"
    schedulingWeights "-"
    tosToQoSqueue "0,1,2,3,4,5,6,7,8,9,10,11,12,13,14,15,16,17,18,19,20,21,22,23,24,25,26,27,28,29,30,31,32,33,34,35,36,37,38,39,40,41,42,43,44,45,46,47,48,49,50,51,52,53,54,55,56,57,58,59,60,61,62,63,64,65,66,67,68,69,70,71,72,73,74,75,76,77,78,79"
    queueSizes "32"
    type "origin_urllc"
    reservation 3230150.0
  ]
  node [
    id 44
    label "44"
    schedulingPolicy "FIFO"
    levelsQoS "1"
    schedulingWeights "-"
    tosToQoSqueue "0,1,2,3,4,5,6,7,8,9,10,11,12,13,14,15,16,17,18,19,20,21,22,23,24,25,26,27,28,29,30,31,32,33,34,35,36,37,38,39,40,41,42,43,44,45,46,47,48,49,50,51,52,53,54,55,56,57,58,59,60,61,62,63,64,65,66,67,68,69,70,71,72,73,74,75,76,77,78,79"
    queueSizes "32"
    type "origin_mmtc"
    reservation 202700.0
  ]
  node [
    id 45
    label "45"
    schedulingPolicy "FIFO"
    levelsQoS "1"
    schedulingWeights "-"
    tosToQoSqueue "0,1,2,3,4,5,6,7,8,9,10,11,12,13,14,15,16,17,18,19,20,21,22,23,24,25,26,27,28,29,30,31,32,33,34,35,36,37,38,39,40,41,42,43,44,45,46,47,48,49,50,51,52,53,54,55,56,57,58,59,60,61,62,63,64,65,66,67,68,69,70,71,72,73,74,75,76,77,78,79"
    queueSizes "32"
    type "origin_urllc"
    reservation 3695300.0
  ]
  node [
    id 46
    label "46"
    schedulingPolicy "FIFO"
    levelsQoS "1"
    schedulingWeights "-"
    tosToQoSqueue "0,1,2,3,4,5,6,7,8,9,10,11,12,13,14,15,16,17,18,19,20,21,22,23,24,25,26,27,28,29,30,31,32,33,34,35,36,37,38,39,40,41,42,43,44,45,46,47,48,49,50,51,52,53,54,55,56,57,58,59,60,61,62,63,64,65,66,67,68,69,70,71,72,73,74,75,76,77,78,79"
    queueSizes "32"
    type "origin_urllc"
    reservation 3567200.0
  ]
  node [
    id 47
    label "47"
    schedulingPolicy "FIFO"
    levelsQoS "1"
    schedulingWeights "-"
    tosToQoSqueue "0,1,2,3,4,5,6,7,8,9,10,11,12,13,14,15,16,17,18,19,20,21,22,23,24,25,26,27,28,29,30,31,32,33,34,35,36,37,38,39,40,41,42,43,44,45,46,47,48,49,50,51,52,53,54,55,56,57,58,59,60,61,62,63,64,65,66,67,68,69,70,71,72,73,74,75,76,77,78,79"
    queueSizes "32"
    type "origin_urllc"
    reservation 3130400.0
  ]
  node [
    id 48
    label "48"
    schedulingPolicy "FIFO"
    levelsQoS "1"
    schedulingWeights "-"
    tosToQoSqueue "0,1,2,3,4,5,6,7,8,9,10,11,12,13,14,15,16,17,18,19,20,21,22,23,24,25,26,27,28,29,30,31,32,33,34,35,36,37,38,39,40,41,42,43,44,45,46,47,48,49,50,51,52,53,54,55,56,57,58,59,60,61,62,63,64,65,66,67,68,69,70,71,72,73,74,75,76,77,78,79"
    queueSizes "32"
    type "origin_urllc"
    reservation 3273200.0
  ]
  node [
    id 49
    label "49"
    schedulingPolicy "FIFO"
    levelsQoS "1"
    schedulingWeights "-"
    tosToQoSqueue "0,1,2,3,4,5,6,7,8,9,10,11,12,13,14,15,16,17,18,19,20,21,22,23,24,25,26,27,28,29,30,31,32,33,34,35,36,37,38,39,40,41,42,43,44,45,46,47,48,49,50,51,52,53,54,55,56,57,58,59,60,61,62,63,64,65,66,67,68,69,70,71,72,73,74,75,76,77,78,79"
    queueSizes "32"
    type "origin_mmtc"
    reservation 202700.0
  ]
  node [
    id 50
    label "50"
    schedulingPolicy "FIFO"
    levelsQoS "1"
    schedulingWeights "-"
    tosToQoSqueue "0,1,2,3,4,5,6,7,8,9,10,11,12,13,14,15,16,17,18,19,20,21,22,23,24,25,26,27,28,29,30,31,32,33,34,35,36,37,38,39,40,41,42,43,44,45,46,47,48,49,50,51,52,53,54,55,56,57,58,59,60,61,62,63,64,65,66,67,68,69,70,71,72,73,74,75,76,77,78,79"
    queueSizes "32"
    type "origin_mmtc"
    reservation 179060.0
  ]
  node [
    id 51
    label "51"
    schedulingPolicy "FIFO"
    levelsQoS "1"
    schedulingWeights "-"
    tosToQoSqueue "0,1,2,3,4,5,6,7,8,9,10,11,12,13,14,15,16,17,18,19,20,21,22,23,24,25,26,27,28,29,30,31,32,33,34,35,36,37,38,39,40,41,42,43,44,45,46,47,48,49,50,51,52,53,54,55,56,57,58,59,60,61,62,63,64,65,66,67,68,69,70,71,72,73,74,75,76,77,78,79"
    queueSizes "32"
    type "origin_urllc"
    reservation 3130400.0
  ]
  node [
    id 52
    label "52"
    schedulingPolicy "FIFO"
    levelsQoS "1"
    schedulingWeights "-"
    tosToQoSqueue "0,1,2,3,4,5,6,7,8,9,10,11,12,13,14,15,16,17,18,19,20,21,22,23,24,25,26,27,28,29,30,31,32,33,34,35,36,37,38,39,40,41,42,43,44,45,46,47,48,49,50,51,52,53,54,55,56,57,58,59,60,61,62,63,64,65,66,67,68,69,70,71,72,73,74,75,76,77,78,79"
    queueSizes "32"
    type "origin_mmtc"
    reservation 202700.0
  ]
  node [
    id 53
    label "53"
    schedulingPolicy "FIFO"
    levelsQoS "1"
    schedulingWeights "-"
    tosToQoSqueue "0,1,2,3,4,5,6,7,8,9,10,11,12,13,14,15,16,17,18,19,20,21,22,23,24,25,26,27,28,29,30,31,32,33,34,35,36,37,38,39,40,41,42,43,44,45,46,47,48,49,50,51,52,53,54,55,56,57,58,59,60,61,62,63,64,65,66,67,68,69,70,71,72,73,74,75,76,77,78,79"
    queueSizes "32"
    type "origin_mmtc"
    reservation 179060.0
  ]
  node [
    id 54
    label "54"
    schedulingPolicy "FIFO"
    levelsQoS "1"
    schedulingWeights "-"
    tosToQoSqueue "0,1,2,3,4,5,6,7,8,9,10,11,12,13,14,15,16,17,18,19,20,21,22,23,24,25,26,27,28,29,30,31,32,33,34,35,36,37,38,39,40,41,42,43,44,45,46,47,48,49,50,51,52,53,54,55,56,57,58,59,60,61,62,63,64,65,66,67,68,69,70,71,72,73,74,75,76,77,78,79"
    queueSizes "32"
    type "origin_mmtc"
    reservation 171740.0
  ]
  node [
    id 55
    label "55"
    schedulingPolicy "FIFO"
    levelsQoS "1"
    schedulingWeights "-"
    tosToQoSqueue "0,1,2,3,4,5,6,7,8,9,10,11,12,13,14,15,16,17,18,19,20,21,22,23,24,25,26,27,28,29,30,31,32,33,34,35,36,37,38,39,40,41,42,43,44,45,46,47,48,49,50,51,52,53,54,55,56,57,58,59,60,61,62,63,64,65,66,67,68,69,70,71,72,73,74,75,76,77,78,79"
    queueSizes "32"
    type "origin_mmtc"
    reservation 171740.0
  ]
  node [
    id 56
    label "56"
    schedulingPolicy "FIFO"
    levelsQoS "1"
    schedulingWeights "-"
    tosToQoSqueue "0,1,2,3,4,5,6,7,8,9,10,11,12,13,14,15,16,17,18,19,20,21,22,23,24,25,26,27,28,29,30,31,32,33,34,35,36,37,38,39,40,41,42,43,44,45,46,47,48,49,50,51,52,53,54,55,56,57,58,59,60,61,62,63,64,65,66,67,68,69,70,71,72,73,74,75,76,77,78,79"
    queueSizes "32"
    type "origin_mmtc"
    reservation 202700.0
  ]
  node [
    id 57
    label "57"
    schedulingPolicy "FIFO"
    levelsQoS "1"
    schedulingWeights "-"
    tosToQoSqueue "0,1,2,3,4,5,6,7,8,9,10,11,12,13,14,15,16,17,18,19,20,21,22,23,24,25,26,27,28,29,30,31,32,33,34,35,36,37,38,39,40,41,42,43,44,45,46,47,48,49,50,51,52,53,54,55,56,57,58,59,60,61,62,63,64,65,66,67,68,69,70,71,72,73,74,75,76,77,78,79"
    queueSizes "32"
    type "origin_mmtc"
    reservation 179060.0
  ]
  node [
    id 58
    label "58"
    schedulingPolicy "FIFO"
    levelsQoS "1"
    schedulingWeights "-"
    tosToQoSqueue "0,1,2,3,4,5,6,7,8,9,10,11,12,13,14,15,16,17,18,19,20,21,22,23,24,25,26,27,28,29,30,31,32,33,34,35,36,37,38,39,40,41,42,43,44,45,46,47,48,49,50,51,52,53,54,55,56,57,58,59,60,61,62,63,64,65,66,67,68,69,70,71,72,73,74,75,76,77,78,79"
    queueSizes "32"
    type "origin_mmtc"
    reservation 202700.0
  ]
  node [
    id 59
    label "59"
    schedulingPolicy "FIFO"
    levelsQoS "1"
    schedulingWeights "-"
    tosToQoSqueue "0,1,2,3,4,5,6,7,8,9,10,11,12,13,14,15,16,17,18,19,20,21,22,23,24,25,26,27,28,29,30,31,32,33,34,35,36,37,38,39,40,41,42,43,44,45,46,47,48,49,50,51,52,53,54,55,56,57,58,59,60,61,62,63,64,65,66,67,68,69,70,71,72,73,74,75,76,77,78,79"
    queueSizes "32"
    type "origin_mmtc"
    reservation 202700.0
  ]
  node [
    id 60
    label "60"
    schedulingPolicy "FIFO"
    levelsQoS "1"
    schedulingWeights "-"
    tosToQoSqueue "0,1,2,3,4,5,6,7,8,9,10,11,12,13,14,15,16,17,18,19,20,21,22,23,24,25,26,27,28,29,30,31,32,33,34,35,36,37,38,39,40,41,42,43,44,45,46,47,48,49,50,51,52,53,54,55,56,57,58,59,60,61,62,63,64,65,66,67,68,69,70,71,72,73,74,75,76,77,78,79"
    queueSizes "32"
    type "origin_mmtc"
    reservation 179060.0
  ]
  node [
    id 61
    label "61"
    schedulingPolicy "FIFO"
    levelsQoS "1"
    schedulingWeights "-"
    tosToQoSqueue "0,1,2,3,4,5,6,7,8,9,10,11,12,13,14,15,16,17,18,19,20,21,22,23,24,25,26,27,28,29,30,31,32,33,34,35,36,37,38,39,40,41,42,43,44,45,46,47,48,49,50,51,52,53,54,55,56,57,58,59,60,61,62,63,64,65,66,67,68,69,70,71,72,73,74,75,76,77,78,79"
    queueSizes "32"
    type "origin_mmtc"
    reservation 202700.0
  ]
  node [
    id 62
    label "62"
    schedulingPolicy "FIFO"
    levelsQoS "1"
    schedulingWeights "-"
    tosToQoSqueue "0,1,2,3,4,5,6,7,8,9,10,11,12,13,14,15,16,17,18,19,20,21,22,23,24,25,26,27,28,29,30,31,32,33,34,35,36,37,38,39,40,41,42,43,44,45,46,47,48,49,50,51,52,53,54,55,56,57,58,59,60,61,62,63,64,65,66,67,68,69,70,71,72,73,74,75,76,77,78,79"
    queueSizes "32"
    type "origin_mmtc"
    reservation 171740.0
  ]
  node [
    id 63
    label "63"
    schedulingPolicy "FIFO"
    levelsQoS "1"
    schedulingWeights "-"
    tosToQoSqueue "0,1,2,3,4,5,6,7,8,9,10,11,12,13,14,15,16,17,18,19,20,21,22,23,24,25,26,27,28,29,30,31,32,33,34,35,36,37,38,39,40,41,42,43,44,45,46,47,48,49,50,51,52,53,54,55,56,57,58,59,60,61,62,63,64,65,66,67,68,69,70,71,72,73,74,75,76,77,78,79"
    queueSizes "32"
    type "origin_mmtc"
    reservation 171740.0
  ]
  node [
    id 64
    label "64"
    schedulingPolicy "FIFO"
    levelsQoS "1"
    schedulingWeights "-"
    tosToQoSqueue "0,1,2,3,4,5,6,7,8,9,10,11,12,13,14,15,16,17,18,19,20,21,22,23,24,25,26,27,28,29,30,31,32,33,34,35,36,37,38,39,40,41,42,43,44,45,46,47,48,49,50,51,52,53,54,55,56,57,58,59,60,61,62,63,64,65,66,67,68,69,70,71,72,73,74,75,76,77,78,79"
    queueSizes "32"
    type "origin_mmtc"
    reservation 171740.0
  ]
  node [
    id 65
    label "65"
    schedulingPolicy "FIFO"
    levelsQoS "1"
    schedulingWeights "-"
    tosToQoSqueue "0,1,2,3,4,5,6,7,8,9,10,11,12,13,14,15,16,17,18,19,20,21,22,23,24,25,26,27,28,29,30,31,32,33,34,35,36,37,38,39,40,41,42,43,44,45,46,47,48,49,50,51,52,53,54,55,56,57,58,59,60,61,62,63,64,65,66,67,68,69,70,71,72,73,74,75,76,77,78,79"
    queueSizes "32"
    type "origin_mmtc"
    reservation 202700.0
  ]
  node [
    id 66
    label "66"
    schedulingPolicy "FIFO"
    levelsQoS "1"
    schedulingWeights "-"
    tosToQoSqueue "0,1,2,3,4,5,6,7,8,9,10,11,12,13,14,15,16,17,18,19,20,21,22,23,24,25,26,27,28,29,30,31,32,33,34,35,36,37,38,39,40,41,42,43,44,45,46,47,48,49,50,51,52,53,54,55,56,57,58,59,60,61,62,63,64,65,66,67,68,69,70,71,72,73,74,75,76,77,78,79"
    queueSizes "32"
    type "origin_mmtc"
    reservation 228980.0
  ]
  node [
    id 67
    label "67"
    schedulingPolicy "FIFO"
    levelsQoS "1"
    schedulingWeights "-"
    tosToQoSqueue "0,1,2,3,4,5,6,7,8,9,10,11,12,13,14,15,16,17,18,19,20,21,22,23,24,25,26,27,28,29,30,31,32,33,34,35,36,37,38,39,40,41,42,43,44,45,46,47,48,49,50,51,52,53,54,55,56,57,58,59,60,61,62,63,64,65,66,67,68,69,70,71,72,73,74,75,76,77,78,79"
    queueSizes "32"
    type "origin_mmtc"
    reservation 171740.0
  ]
  node [
    id 68
    label "68"
    schedulingPolicy "FIFO"
    levelsQoS "1"
    schedulingWeights "-"
    tosToQoSqueue "0,1,2,3,4,5,6,7,8,9,10,11,12,13,14,15,16,17,18,19,20,21,22,23,24,25,26,27,28,29,30,31,32,33,34,35,36,37,38,39,40,41,42,43,44,45,46,47,48,49,50,51,52,53,54,55,56,57,58,59,60,61,62,63,64,65,66,67,68,69,70,71,72,73,74,75,76,77,78,79"
    queueSizes "32"
    type "origin_mmtc"
    reservation 171740.0
  ]
  node [
    id 69
    label "69"
    schedulingPolicy "FIFO"
    levelsQoS "1"
    schedulingWeights "-"
    tosToQoSqueue "0,1,2,3,4,5,6,7,8,9,10,11,12,13,14,15,16,17,18,19,20,21,22,23,24,25,26,27,28,29,30,31,32,33,34,35,36,37,38,39,40,41,42,43,44,45,46,47,48,49,50,51,52,53,54,55,56,57,58,59,60,61,62,63,64,65,66,67,68,69,70,71,72,73,74,75,76,77,78,79"
    queueSizes "32"
    type "origin_mmtc"
    reservation 171740.0
  ]
  node [
    id 70
    label "70"
    schedulingPolicy "FIFO"
    levelsQoS "1"
    schedulingWeights "-"
    tosToQoSqueue "0,1,2,3,4,5,6,7,8,9,10,11,12,13,14,15,16,17,18,19,20,21,22,23,24,25,26,27,28,29,30,31,32,33,34,35,36,37,38,39,40,41,42,43,44,45,46,47,48,49,50,51,52,53,54,55,56,57,58,59,60,61,62,63,64,65,66,67,68,69,70,71,72,73,74,75,76,77,78,79"
    queueSizes "32"
    type "origin_mmtc"
    reservation 171740.0
  ]
  node [
    id 71
    label "71"
    schedulingPolicy "FIFO"
    levelsQoS "1"
    schedulingWeights "-"
    tosToQoSqueue "0,1,2,3,4,5,6,7,8,9,10,11,12,13,14,15,16,17,18,19,20,21,22,23,24,25,26,27,28,29,30,31,32,33,34,35,36,37,38,39,40,41,42,43,44,45,46,47,48,49,50,51,52,53,54,55,56,57,58,59,60,61,62,63,64,65,66,67,68,69,70,71,72,73,74,75,76,77,78,79"
    queueSizes "32"
    type "origin_mmtc"
    reservation 228980.0
  ]
  node [
    id 72
    label "72"
    schedulingPolicy "FIFO"
    levelsQoS "1"
    schedulingWeights "-"
    tosToQoSqueue "0,1,2,3,4,5,6,7,8,9,10,11,12,13,14,15,16,17,18,19,20,21,22,23,24,25,26,27,28,29,30,31,32,33,34,35,36,37,38,39,40,41,42,43,44,45,46,47,48,49,50,51,52,53,54,55,56,57,58,59,60,61,62,63,64,65,66,67,68,69,70,71,72,73,74,75,76,77,78,79"
    queueSizes "32"
    type "origin_mmtc"
    reservation 171740.0
  ]
  node [
    id 73
    label "73"
    schedulingPolicy "FIFO"
    levelsQoS "1"
    schedulingWeights "-"
    tosToQoSqueue "0,1,2,3,4,5,6,7,8,9,10,11,12,13,14,15,16,17,18,19,20,21,22,23,24,25,26,27,28,29,30,31,32,33,34,35,36,37,38,39,40,41,42,43,44,45,46,47,48,49,50,51,52,53,54,55,56,57,58,59,60,61,62,63,64,65,66,67,68,69,70,71,72,73,74,75,76,77,78,79"
    queueSizes "32"
    type "origin_mmtc"
    reservation 228980.0
  ]
  node [
    id 74
    label "74"
    schedulingPolicy "FIFO"
    levelsQoS "1"
    schedulingWeights "-"
    tosToQoSqueue "0,1,2,3,4,5,6,7,8,9,10,11,12,13,14,15,16,17,18,19,20,21,22,23,24,25,26,27,28,29,30,31,32,33,34,35,36,37,38,39,40,41,42,43,44,45,46,47,48,49,50,51,52,53,54,55,56,57,58,59,60,61,62,63,64,65,66,67,68,69,70,71,72,73,74,75,76,77,78,79"
    queueSizes "32"
    type "origin_mmtc"
    reservation 179060.0
  ]
  node [
    id 75
    label "75"
    schedulingPolicy "FIFO"
    levelsQoS "1"
    schedulingWeights "-"
    tosToQoSqueue "0,1,2,3,4,5,6,7,8,9,10,11,12,13,14,15,16,17,18,19,20,21,22,23,24,25,26,27,28,29,30,31,32,33,34,35,36,37,38,39,40,41,42,43,44,45,46,47,48,49,50,51,52,53,54,55,56,57,58,59,60,61,62,63,64,65,66,67,68,69,70,71,72,73,74,75,76,77,78,79"
    queueSizes "32"
    type "origin_mmtc"
    reservation 179060.0
  ]
  node [
    id 76
    label "76"
    schedulingPolicy "FIFO"
    levelsQoS "1"
    schedulingWeights "-"
    tosToQoSqueue "0,1,2,3,4,5,6,7,8,9,10,11,12,13,14,15,16,17,18,19,20,21,22,23,24,25,26,27,28,29,30,31,32,33,34,35,36,37,38,39,40,41,42,43,44,45,46,47,48,49,50,51,52,53,54,55,56,57,58,59,60,61,62,63,64,65,66,67,68,69,70,71,72,73,74,75,76,77,78,79"
    queueSizes "32"
    type "origin_mmtc"
    reservation 179060.0
  ]
  node [
    id 77
    label "77"
    schedulingPolicy "FIFO"
    levelsQoS "1"
    schedulingWeights "-"
    tosToQoSqueue "0,1,2,3,4,5,6,7,8,9,10,11,12,13,14,15,16,17,18,19,20,21,22,23,24,25,26,27,28,29,30,31,32,33,34,35,36,37,38,39,40,41,42,43,44,45,46,47,48,49,50,51,52,53,54,55,56,57,58,59,60,61,62,63,64,65,66,67,68,69,70,71,72,73,74,75,76,77,78,79"
    queueSizes "32"
    type "origin_mmtc"
    reservation 202700.0
  ]
  node [
    id 78
    label "78"
    schedulingPolicy "FIFO"
    levelsQoS "1"
    schedulingWeights "-"
    tosToQoSqueue "0,1,2,3,4,5,6,7,8,9,10,11,12,13,14,15,16,17,18,19,20,21,22,23,24,25,26,27,28,29,30,31,32,33,34,35,36,37,38,39,40,41,42,43,44,45,46,47,48,49,50,51,52,53,54,55,56,57,58,59,60,61,62,63,64,65,66,67,68,69,70,71,72,73,74,75,76,77,78,79"
    queueSizes "32"
    type "origin_mmtc"
    reservation 228980.0
  ]
  node [
    id 79
    label "79"
    schedulingPolicy "FIFO"
    levelsQoS "1"
    schedulingWeights "-"
    tosToQoSqueue "0,1,2,3,4,5,6,7,8,9,10,11,12,13,14,15,16,17,18,19,20,21,22,23,24,25,26,27,28,29,30,31,32,33,34,35,36,37,38,39,40,41,42,43,44,45,46,47,48,49,50,51,52,53,54,55,56,57,58,59,60,61,62,63,64,65,66,67,68,69,70,71,72,73,74,75,76,77,78,79"
    queueSizes "32"
    type "origin_mmtc"
    reservation 171740.0
  ]
  edge [
    source 0
    target 3
    key 0
    LinkSpeed "155"
    LinkNote "  radio"
    LinkLabel "155 Mbps radio"
    LinkSpeedUnits "M"
    LinkSpeedRaw 155000000.0
    bandwidth 50000000
    traffic "18000000,3500000,3500000,3500000,18000000,3500000"
    reservation "18518400.0,3194450.0,3440150.0,3273200.0,16401600.0,3695300.0"
    port 0
  ]
  edge [
    source 0
    target 5
    key 0
    LinkSpeed "34"
    LinkNote "  Radio"
    LinkLabel "34 Mbps Radio"
    LinkSpeedUnits "M"
    LinkSpeedRaw 34000000.0
    bandwidth 50000000
    traffic "200000,200000,200000,200000,200000,200000,200000,200000,200000,200000,200000,200000,200000,200000,200000,200000,200000,200000,200000,200000,200000,200000,200000,200000,200000,200000,200000,200000,200000,200000,200000,200000,200000,200000,200000,200000,200000,200000,200000,200000,200000"
    reservation "171740.0,171740.0,171740.0,228980.0,171740.0,179060.0,228980.0,179060.0,228980.0,171740.0,202700.0,202700.0,179060.0,202700.0,179060.0,171740.0,171740.0,202700.0,179060.0,202700.0,202700.0,179060.0,202700.0,171740.0,171740.0,171740.0,202700.0,228980.0,171740.0,171740.0,171740.0,171740.0,228980.0,171740.0,228980.0,179060.0,179060.0,179060.0,202700.0,228980.0,171740.0"
    port 1
  ]
  edge [
    source 0
    target 6
    key 0
    LinkSpeed "155"
    LinkNote "  radio"
    LinkLabel "155 Mbps radio"
    LinkSpeedUnits "M"
    LinkSpeedRaw 155000000.0
    bandwidth 50000000
    traffic ""
    reservation ""
    port 2
  ]
  edge [
    source 0
    target 8
    key 0
    LinkSpeed "155"
    LinkNote "  LES"
    LinkLabel "155 Mbps LES"
    LinkSpeedUnits "M"
    LinkSpeedRaw 155000000.0
    bandwidth 50000000
    traffic "18000000,18000000,3500000,3500000"
    reservation "18615600.0,20419200.0,3273200.0,3130400.0"
    port 3
  ]
  edge [
    source 0
    target 14
    key 0
    LinkSpeed "34"
    LinkNote "  Radio"
    LinkLabel "34 Mbps Radio"
    LinkSpeedUnits "M"
    LinkSpeedRaw 34000000.0
    bandwidth 50000000
    traffic ""
    reservation ""
    port 4
  ]
  edge [
    source 0
    target 15
    key 0
    LinkSpeed "34"
    LinkNote "  Radio"
    LinkLabel "34 Mbps Radio"
    LinkSpeedUnits "M"
    LinkSpeedRaw 34000000.0
    bandwidth 50000000
    traffic ""
    reservation ""
    port 5
  ]
  edge [
    source 1
    target 4
    key 0
    LinkSpeed "155"
    LinkNote "  LES"
    LinkLabel "155 Mbps LES"
    LinkSpeedUnits "M"
    LinkSpeedRaw 155000000.0
    bandwidth 50000000
    traffic "18000000,3500000,200000,3500000,200000,200000,3500000,3500000,3500000,3500000,200000,3500000,3500000,3500000,200000,200000,200000,200000,200000,200000,200000"
    reservation "17902800.0,3130400.0,179060.0,3230150.0,228980.0,171740.0,3576650.0,3074750.0,3338300.0,3230150.0,202700.0,3695300.0,3567200.0,3130400.0,202700.0,179060.0,202700.0,179060.0,171740.0,171740.0,202700.0"
    port 0
  ]
  edge [
    source 1
    target 7
    key 0
    LinkSpeed "155"
    LinkNote "  radio"
    LinkLabel "155 Mbps radio"
    LinkSpeedUnits "M"
    LinkSpeedRaw 155000000.0
    bandwidth 50000000
    traffic ""
    reservation ""
    port 1
  ]
  edge [
    source 2
    target 3
    key 0
    LinkSpeed "155"
    LinkNote "  radio"
    LinkLabel "155 Mbps radio"
    LinkSpeedUnits "M"
    LinkSpeedRaw 155000000.0
    bandwidth 50000000
    traffic "18000000,3500000,200000,3500000,200000,200000,3500000,3500000,3500000,3500000,200000,3500000,3500000,3500000,200000,200000,200000,200000,200000,200000,200000"
    reservation "17902800.0,3130400.0,179060.0,3230150.0,228980.0,171740.0,3576650.0,3074750.0,3338300.0,3230150.0,202700.0,3695300.0,3567200.0,3130400.0,202700.0,179060.0,202700.0,179060.0,171740.0,171740.0,202700.0"
    port 0
  ]
  edge [
    source 2
    target 4
    key 0
    LinkSpeed "155"
    LinkNote "  radio"
    LinkLabel "155 Mbps radio"
    LinkSpeedUnits "M"
    LinkSpeedRaw 155000000.0
    bandwidth 50000000
    traffic ""
    reservation ""
    port 1
  ]
  edge [
    source 3
    target 0
    key 0
    LinkSpeed "155"
    LinkNote "  radio"
    LinkLabel "155 Mbps radio"
    LinkSpeedUnits "M"
    LinkSpeedRaw 155000000.0
    bandwidth 50000000
    traffic "200000,200000,200000,200000,200000,200000,200000,200000,200000,200000,200000"
    reservation "179060.0,228980.0,171740.0,202700.0,202700.0,179060.0,202700.0,179060.0,171740.0,171740.0,202700.0"
    port 0
  ]
  edge [
    source 3
    target 2
    key 0
    LinkSpeed "155"
    LinkNote "  radio"
    LinkLabel "155 Mbps radio"
    LinkSpeedUnits "M"
    LinkSpeedRaw 155000000.0
    bandwidth 50000000
    traffic ""
    reservation ""
    port 1
  ]
  edge [
    source 3
    target 8
    key 0
    LinkSpeed "155"
    LinkNote "  radio"
    LinkLabel "155 Mbps radio"
    LinkSpeedUnits "M"
    LinkSpeedRaw 155000000.0
    bandwidth 50000000
    traffic ""
    reservation ""
    port 2
  ]
  edge [
    source 3
    target 12
    key 0
    LinkSpeed "34"
    LinkNote "  Radio"
    LinkLabel "34 Mbps Radio"
    LinkSpeedUnits "M"
    LinkSpeedRaw 34000000.0
    bandwidth 50000000
    traffic "3500000,3500000,3500000,3500000,3500000,3500000,3500000,3500000,3500000,3500000,3500000,3500000,3500000,3500000,3500000"
    reservation "3194450.0,3440150.0,3273200.0,3695300.0,3130400.0,3230150.0,3576650.0,3074750.0,3338300.0,3230150.0,3695300.0,3567200.0,3130400.0,3273200.0,3130400.0"
    port 3
  ]
  edge [
    source 3
    target 18
    key 0
    port 4
    weight 1
    bandwidth 350000000
    traffic "18000000,18000000,18000000,18000000,18000000"
    reservation "17902800.0,18518400.0,16401600.0,18615600.0,20419200.0"
  ]
  edge [
    source 4
    target 1
    key 0
    LinkSpeed "155"
    LinkNote "  LES"
    LinkLabel "155 Mbps LES"
    LinkSpeedUnits "M"
    LinkSpeedRaw 155000000.0
    bandwidth 50000000
    traffic ""
    reservation ""
    port 0
  ]
  edge [
    source 4
    target 2
    key 0
    LinkSpeed "155"
    LinkNote "  radio"
    LinkLabel "155 Mbps radio"
    LinkSpeedUnits "M"
    LinkSpeedRaw 155000000.0
    bandwidth 50000000
    traffic "18000000,3500000,200000,3500000,200000,200000,3500000,3500000,3500000,3500000,200000,3500000,3500000,3500000,200000,200000,200000,200000,200000,200000,200000"
    reservation "17902800.0,3130400.0,179060.0,3230150.0,228980.0,171740.0,3576650.0,3074750.0,3338300.0,3230150.0,202700.0,3695300.0,3567200.0,3130400.0,202700.0,179060.0,202700.0,179060.0,171740.0,171740.0,202700.0"
    port 1
  ]
  edge [
    source 4
    target 11
    key 0
    LinkSpeed "34"
    LinkNote "  Radio"
    LinkLabel "34 Mbps Radio"
    LinkSpeedUnits "M"
    LinkSpeedRaw 34000000.0
    bandwidth 50000000
    traffic ""
    reservation ""
    port 2
  ]
  edge [
    source 4
    target 13
    key 0
    LinkSpeed "34"
    LinkNote "  Radio"
    LinkLabel "34 Mbps Radio"
    LinkSpeedUnits "M"
    LinkSpeedRaw 34000000.0
    bandwidth 50000000
    traffic ""
    reservation ""
    port 3
  ]
  edge [
    source 4
    target 9
    key 0
    LinkSpeed "155"
    LinkNote "  radio"
    LinkLabel "155 Mbps radio"
    LinkSpeedUnits "M"
    LinkSpeedRaw 155000000.0
    bandwidth 50000000
    traffic ""
    reservation ""
    port 4
  ]
  edge [
    source 5
    target 0
    key 0
    LinkSpeed "34"
    LinkNote "  Radio"
    LinkLabel "34 Mbps Radio"
    LinkSpeedUnits "M"
    LinkSpeedRaw 34000000.0
    bandwidth 50000000
    traffic ""
    reservation ""
    port 0
  ]
  edge [
    source 5
    target 17
    key 0
    port 1
    weight 1
    bandwidth 350000000
    traffic "200000,200000,200000,200000,200000,200000,200000,200000,200000,200000,200000,200000,200000,200000,200000,200000,200000,200000,200000,200000,200000,200000,200000,200000,200000,200000,200000,200000,200000,200000,200000,200000,200000,200000,200000,200000,200000,200000,200000,200000,200000"
    reservation "171740.0,171740.0,171740.0,228980.0,171740.0,179060.0,228980.0,179060.0,228980.0,171740.0,202700.0,202700.0,179060.0,202700.0,179060.0,171740.0,171740.0,202700.0,179060.0,202700.0,202700.0,179060.0,202700.0,171740.0,171740.0,171740.0,202700.0,228980.0,171740.0,171740.0,171740.0,171740.0,228980.0,171740.0,228980.0,179060.0,179060.0,179060.0,202700.0,228980.0,171740.0"
  ]
  edge [
    source 6
    target 0
    key 0
    LinkSpeed "155"
    LinkNote "  radio"
    LinkLabel "155 Mbps radio"
    LinkSpeedUnits "M"
    LinkSpeedRaw 155000000.0
    bandwidth 50000000
    traffic "18000000,18000000,3500000,3500000,200000,200000,200000,200000,200000,200000,200000,200000,200000,200000,200000,200000,200000,200000,200000,200000,200000,200000,200000,200000,200000,200000,200000"
    reservation "18615600.0,20419200.0,3273200.0,3130400.0,179060.0,202700.0,202700.0,179060.0,202700.0,171740.0,171740.0,171740.0,202700.0,228980.0,171740.0,171740.0,171740.0,171740.0,228980.0,171740.0,228980.0,179060.0,179060.0,179060.0,202700.0,228980.0,171740.0"
    port 0
  ]
  edge [
    source 6
    target 7
    key 0
    LinkSpeed "155"
    LinkNote "  radio"
    LinkLabel "155 Mbps radio"
    LinkSpeedUnits "M"
    LinkSpeedRaw 155000000.0
    bandwidth 50000000
    traffic ""
    reservation ""
    port 1
  ]
  edge [
    source 7
    target 1
    key 0
    LinkSpeed "155"
    LinkNote "  radio"
    LinkLabel "155 Mbps radio"
    LinkSpeedUnits "M"
    LinkSpeedRaw 155000000.0
    bandwidth 50000000
    traffic "18000000,3500000,200000,3500000,200000,200000,3500000,3500000,3500000,3500000,200000,3500000,3500000,3500000,200000,200000,200000,200000,200000,200000,200000"
    reservation "17902800.0,3130400.0,179060.0,3230150.0,228980.0,171740.0,3576650.0,3074750.0,3338300.0,3230150.0,202700.0,3695300.0,3567200.0,3130400.0,202700.0,179060.0,202700.0,179060.0,171740.0,171740.0,202700.0"
    port 0
  ]
  edge [
    source 7
    target 6
    key 0
    LinkSpeed "155"
    LinkNote "  radio"
    LinkLabel "155 Mbps radio"
    LinkSpeedUnits "M"
    LinkSpeedRaw 155000000.0
    bandwidth 50000000
    traffic "18000000,18000000,3500000,3500000,200000,200000,200000,200000,200000,200000,200000,200000,200000,200000,200000,200000,200000,200000,200000,200000,200000,200000,200000,200000,200000,200000,200000"
    reservation "18615600.0,20419200.0,3273200.0,3130400.0,179060.0,202700.0,202700.0,179060.0,202700.0,171740.0,171740.0,171740.0,202700.0,228980.0,171740.0,171740.0,171740.0,171740.0,228980.0,171740.0,228980.0,179060.0,179060.0,179060.0,202700.0,228980.0,171740.0"
    port 1
  ]
  edge [
    source 7
    target 19
    key 0
    port 2
    weight 1
    bandwidth 50000000
    traffic ""
    reservation ""
  ]
  edge [
    source 7
    target 33
    key 0
    port 3
    weight 1
    bandwidth 50000000
    traffic ""
    reservation ""
  ]
  edge [
    source 7
    target 34
    key 0
    port 4
    weight 1
    bandwidth 50000000
    traffic ""
    reservation ""
  ]
  edge [
    source 7
    target 35
    key 0
    port 5
    weight 1
    bandwidth 50000000
    traffic ""
    reservation ""
  ]
  edge [
    source 7
    target 36
    key 0
    port 6
    weight 1
    bandwidth 50000000
    traffic ""
    reservation ""
  ]
  edge [
    source 7
    target 37
    key 0
    port 7
    weight 1
    bandwidth 50000000
    traffic ""
    reservation ""
  ]
  edge [
    source 7
    target 38
    key 0
    port 8
    weight 1
    bandwidth 50000000
    traffic ""
    reservation ""
  ]
  edge [
    source 7
    target 39
    key 0
    port 9
    weight 1
    bandwidth 50000000
    traffic ""
    reservation ""
  ]
  edge [
    source 7
    target 40
    key 0
    port 10
    weight 1
    bandwidth 50000000
    traffic ""
    reservation ""
  ]
  edge [
    source 7
    target 41
    key 0
    port 11
    weight 1
    bandwidth 50000000
    traffic ""
    reservation ""
  ]
  edge [
    source 7
    target 42
    key 0
    port 12
    weight 1
    bandwidth 50000000
    traffic ""
    reservation ""
  ]
  edge [
    source 7
    target 43
    key 0
    port 13
    weight 1
    bandwidth 50000000
    traffic ""
    reservation ""
  ]
  edge [
    source 7
    target 44
    key 0
    port 14
    weight 1
    bandwidth 50000000
    traffic ""
    reservation ""
  ]
  edge [
    source 7
    target 45
    key 0
    port 15
    weight 1
    bandwidth 50000000
    traffic ""
    reservation ""
  ]
  edge [
    source 7
    target 46
    key 0
    port 16
    weight 1
    bandwidth 50000000
    traffic ""
    reservation ""
  ]
  edge [
    source 7
    target 47
    key 0
    port 17
    weight 1
    bandwidth 50000000
    traffic ""
    reservation ""
  ]
  edge [
    source 7
    target 48
    key 0
    port 18
    weight 1
    bandwidth 50000000
    traffic ""
    reservation ""
  ]
  edge [
    source 7
    target 49
    key 0
    port 19
    weight 1
    bandwidth 50000000
    traffic ""
    reservation ""
  ]
  edge [
    source 7
    target 50
    key 0
    port 20
    weight 1
    bandwidth 50000000
    traffic ""
    reservation ""
  ]
  edge [
    source 7
    target 51
    key 0
    port 21
    weight 1
    bandwidth 50000000
    traffic ""
    reservation ""
  ]
  edge [
    source 7
    target 52
    key 0
    port 22
    weight 1
    bandwidth 50000000
    traffic ""
    reservation ""
  ]
  edge [
    source 7
    target 53
    key 0
    port 23
    weight 1
    bandwidth 50000000
    traffic ""
    reservation ""
  ]
  edge [
    source 7
    target 54
    key 0
    port 24
    weight 1
    bandwidth 50000000
    traffic ""
    reservation ""
  ]
  edge [
    source 7
    target 55
    key 0
    port 25
    weight 1
    bandwidth 50000000
    traffic ""
    reservation ""
  ]
  edge [
    source 7
    target 56
    key 0
    port 26
    weight 1
    bandwidth 50000000
    traffic ""
    reservation ""
  ]
  edge [
    source 7
    target 57
    key 0
    port 27
    weight 1
    bandwidth 50000000
    traffic ""
    reservation ""
  ]
  edge [
    source 7
    target 58
    key 0
    port 28
    weight 1
    bandwidth 50000000
    traffic ""
    reservation ""
  ]
  edge [
    source 7
    target 59
    key 0
    port 29
    weight 1
    bandwidth 50000000
    traffic ""
    reservation ""
  ]
  edge [
    source 7
    target 60
    key 0
    port 30
    weight 1
    bandwidth 50000000
    traffic ""
    reservation ""
  ]
  edge [
    source 7
    target 61
    key 0
    port 31
    weight 1
    bandwidth 50000000
    traffic ""
    reservation ""
  ]
  edge [
    source 7
    target 62
    key 0
    port 32
    weight 1
    bandwidth 50000000
    traffic ""
    reservation ""
  ]
  edge [
    source 7
    target 63
    key 0
    port 33
    weight 1
    bandwidth 50000000
    traffic ""
    reservation ""
  ]
  edge [
    source 7
    target 64
    key 0
    port 34
    weight 1
    bandwidth 50000000
    traffic ""
    reservation ""
  ]
  edge [
    source 7
    target 65
    key 0
    port 35
    weight 1
    bandwidth 50000000
    traffic ""
    reservation ""
  ]
  edge [
    source 7
    target 66
    key 0
    port 36
    weight 1
    bandwidth 50000000
    traffic ""
    reservation ""
  ]
  edge [
    source 7
    target 67
    key 0
    port 37
    weight 1
    bandwidth 50000000
    traffic ""
    reservation ""
  ]
  edge [
    source 7
    target 68
    key 0
    port 38
    weight 1
    bandwidth 50000000
    traffic ""
    reservation ""
  ]
  edge [
    source 7
    target 69
    key 0
    port 39
    weight 1
    bandwidth 50000000
    traffic ""
    reservation ""
  ]
  edge [
    source 7
    target 70
    key 0
    port 40
    weight 1
    bandwidth 50000000
    traffic ""
    reservation ""
  ]
  edge [
    source 7
    target 71
    key 0
    port 41
    weight 1
    bandwidth 50000000
    traffic ""
    reservation ""
  ]
  edge [
    source 7
    target 72
    key 0
    port 42
    weight 1
    bandwidth 50000000
    traffic ""
    reservation ""
  ]
  edge [
    source 7
    target 73
    key 0
    port 43
    weight 1
    bandwidth 50000000
    traffic ""
    reservation ""
  ]
  edge [
    source 7
    target 74
    key 0
    port 44
    weight 1
    bandwidth 50000000
    traffic ""
    reservation ""
  ]
  edge [
    source 7
    target 75
    key 0
    port 45
    weight 1
    bandwidth 50000000
    traffic ""
    reservation ""
  ]
  edge [
    source 7
    target 76
    key 0
    port 46
    weight 1
    bandwidth 50000000
    traffic ""
    reservation ""
  ]
  edge [
    source 7
    target 77
    key 0
    port 47
    weight 1
    bandwidth 50000000
    traffic ""
    reservation ""
  ]
  edge [
    source 7
    target 78
    key 0
    port 48
    weight 1
    bandwidth 50000000
    traffic ""
    reservation ""
  ]
  edge [
    source 7
    target 79
    key 0
    port 49
    weight 1
    bandwidth 50000000
    traffic ""
    reservation ""
  ]
  edge [
    source 8
    target 0
    key 0
    LinkSpeed "155"
    LinkNote "  LES"
    LinkLabel "155 Mbps LES"
    LinkSpeedUnits "M"
    LinkSpeedRaw 155000000.0
    bandwidth 50000000
    traffic ""
    reservation ""
    port 0
  ]
  edge [
    source 8
    target 3
    key 0
    LinkSpeed "155"
    LinkNote "  radio"
    LinkLabel "155 Mbps radio"
    LinkSpeedUnits "M"
    LinkSpeedRaw 155000000.0
    bandwidth 50000000
    traffic "18000000,18000000,3500000,3500000"
    reservation "18615600.0,20419200.0,3273200.0,3130400.0"
    port 1
  ]
  edge [
    source 9
    target 4
    key 0
    LinkSpeed "155"
    LinkNote "  radio"
    LinkLabel "155 Mbps radio"
    LinkSpeedUnits "M"
    LinkSpeedRaw 155000000.0
    bandwidth 50000000
    traffic ""
    reservation ""
    port 0
  ]
  edge [
    source 10
    target 15
    key 0
    LinkSpeed "34"
    LinkNote "  Radio"
    LinkLabel "34 Mbps Radio"
    LinkSpeedUnits "M"
    LinkSpeedRaw 34000000.0
    bandwidth 50000000
    traffic ""
    reservation ""
    port 0
  ]
  edge [
    source 11
    target 4
    key 0
    LinkSpeed "34"
    LinkNote "  Radio"
    LinkLabel "34 Mbps Radio"
    LinkSpeedUnits "M"
    LinkSpeedRaw 34000000.0
    bandwidth 50000000
    traffic ""
    reservation ""
    port 0
  ]
  edge [
    source 12
    target 3
    key 0
    LinkSpeed "34"
    LinkNote "  Radio"
    LinkLabel "34 Mbps Radio"
    LinkSpeedUnits "M"
    LinkSpeedRaw 34000000.0
    bandwidth 50000000
    traffic ""
    reservation ""
    port 0
  ]
  edge [
    source 12
    target 16
    key 0
    port 1
    weight 1
    bandwidth 350000000
    traffic "3500000,3500000,3500000,3500000,3500000,3500000,3500000,3500000,3500000,3500000,3500000,3500000,3500000,3500000,3500000"
    reservation "3194450.0,3440150.0,3273200.0,3695300.0,3130400.0,3230150.0,3576650.0,3074750.0,3338300.0,3230150.0,3695300.0,3567200.0,3130400.0,3273200.0,3130400.0"
  ]
  edge [
    source 13
    target 4
    key 0
    LinkSpeed "34"
    LinkNote "  Radio"
    LinkLabel "34 Mbps Radio"
    LinkSpeedUnits "M"
    LinkSpeedRaw 34000000.0
    bandwidth 50000000
    traffic ""
    reservation ""
    port 0
  ]
  edge [
    source 14
    target 0
    key 0
    LinkSpeed "34"
    LinkNote "  Radio"
    LinkLabel "34 Mbps Radio"
    LinkSpeedUnits "M"
    LinkSpeedRaw 34000000.0
    bandwidth 50000000
    traffic "18000000,200000,3500000,3500000,3500000,18000000,3500000,200000,200000,200000,200000,200000,200000"
    reservation "18518400.0,171740.0,3194450.0,3440150.0,3273200.0,16401600.0,3695300.0,171740.0,171740.0,228980.0,171740.0,179060.0,228980.0"
    port 0
  ]
  edge [
    source 14
    target 20
    key 0
    port 1
    weight 1
    bandwidth 50000000
    traffic ""
    reservation ""
  ]
  edge [
    source 14
    target 21
    key 0
    port 2
    weight 1
    bandwidth 50000000
    traffic ""
    reservation ""
  ]
  edge [
    source 14
    target 22
    key 0
    port 3
    weight 1
    bandwidth 50000000
    traffic ""
    reservation ""
  ]
  edge [
    source 14
    target 23
    key 0
    port 4
    weight 1
    bandwidth 50000000
    traffic ""
    reservation ""
  ]
  edge [
    source 14
    target 24
    key 0
    port 5
    weight 1
    bandwidth 50000000
    traffic ""
    reservation ""
  ]
  edge [
    source 14
    target 25
    key 0
    port 6
    weight 1
    bandwidth 50000000
    traffic ""
    reservation ""
  ]
  edge [
    source 14
    target 26
    key 0
    port 7
    weight 1
    bandwidth 50000000
    traffic ""
    reservation ""
  ]
  edge [
    source 14
    target 27
    key 0
    port 8
    weight 1
    bandwidth 50000000
    traffic ""
    reservation ""
  ]
  edge [
    source 14
    target 28
    key 0
    port 9
    weight 1
    bandwidth 50000000
    traffic ""
    reservation ""
  ]
  edge [
    source 14
    target 29
    key 0
    port 10
    weight 1
    bandwidth 50000000
    traffic ""
    reservation ""
  ]
  edge [
    source 14
    target 30
    key 0
    port 11
    weight 1
    bandwidth 50000000
    traffic ""
    reservation ""
  ]
  edge [
    source 14
    target 31
    key 0
    port 12
    weight 1
    bandwidth 50000000
    traffic ""
    reservation ""
  ]
  edge [
    source 14
    target 32
    key 0
    port 13
    weight 1
    bandwidth 50000000
    traffic ""
    reservation ""
  ]
  edge [
    source 15
    target 0
    key 0
    LinkSpeed "34"
    LinkNote "  Radio"
    LinkLabel "34 Mbps Radio"
    LinkSpeedUnits "M"
    LinkSpeedRaw 34000000.0
    bandwidth 50000000
    traffic ""
    reservation ""
    port 0
  ]
  edge [
    source 15
    target 10
    key 0
    LinkSpeed "34"
    LinkNote "  Radio"
    LinkLabel "34 Mbps Radio"
    LinkSpeedUnits "M"
    LinkSpeedRaw 34000000.0
    bandwidth 50000000
    traffic ""
    reservation ""
    port 1
  ]
  edge [
    source 16
    target 12
    key 0
    port 0
    weight 1
    bandwidth 350000000
    traffic ""
    reservation ""
  ]
  edge [
    source 17
    target 5
    key 0
    port 0
    weight 1
    bandwidth 350000000
    traffic ""
    reservation ""
  ]
  edge [
    source 18
    target 3
    key 0
    port 0
    weight 1
    bandwidth 350000000
    traffic ""
    reservation ""
  ]
  edge [
    source 19
    target 7
    key 0
    port 0
    weight 1
    bandwidth 50000000
    traffic "18000000"
    reservation "17902800.0"
  ]
  edge [
    source 20
    target 14
    key 0
    port 0
    weight 1
    bandwidth 50000000
    traffic "18000000"
    reservation "18518400.0"
  ]
  edge [
    source 21
    target 14
    key 0
    port 0
    weight 1
    bandwidth 50000000
    traffic "200000"
    reservation "171740.0"
  ]
  edge [
    source 22
    target 14
    key 0
    port 0
    weight 1
    bandwidth 50000000
    traffic "3500000"
    reservation "3194450.0"
  ]
  edge [
    source 23
    target 14
    key 0
    port 0
    weight 1
    bandwidth 50000000
    traffic "3500000"
    reservation "3440150.0"
  ]
  edge [
    source 24
    target 14
    key 0
    port 0
    weight 1
    bandwidth 50000000
    traffic "3500000"
    reservation "3273200.0"
  ]
  edge [
    source 25
    target 14
    key 0
    port 0
    weight 1
    bandwidth 50000000
    traffic "18000000"
    reservation "16401600.0"
  ]
  edge [
    source 26
    target 14
    key 0
    port 0
    weight 1
    bandwidth 50000000
    traffic "3500000"
    reservation "3695300.0"
  ]
  edge [
    source 27
    target 14
    key 0
    port 0
    weight 1
    bandwidth 50000000
    traffic "200000"
    reservation "171740.0"
  ]
  edge [
    source 28
    target 14
    key 0
    port 0
    weight 1
    bandwidth 50000000
    traffic "200000"
    reservation "171740.0"
  ]
  edge [
    source 29
    target 14
    key 0
    port 0
    weight 1
    bandwidth 50000000
    traffic "200000"
    reservation "228980.0"
  ]
  edge [
    source 30
    target 14
    key 0
    port 0
    weight 1
    bandwidth 50000000
    traffic "200000"
    reservation "171740.0"
  ]
  edge [
    source 31
    target 14
    key 0
    port 0
    weight 1
    bandwidth 50000000
    traffic "200000"
    reservation "179060.0"
  ]
  edge [
    source 32
    target 14
    key 0
    port 0
    weight 1
    bandwidth 50000000
    traffic "200000"
    reservation "228980.0"
  ]
  edge [
    source 33
    target 7
    key 0
    port 0
    weight 1
    bandwidth 50000000
    traffic "3500000"
    reservation "3130400.0"
  ]
  edge [
    source 34
    target 7
    key 0
    port 0
    weight 1
    bandwidth 50000000
    traffic "200000"
    reservation "179060.0"
  ]
  edge [
    source 35
    target 7
    key 0
    port 0
    weight 1
    bandwidth 50000000
    traffic "3500000"
    reservation "3230150.0"
  ]
  edge [
    source 36
    target 7
    key 0
    port 0
    weight 1
    bandwidth 50000000
    traffic "200000"
    reservation "228980.0"
  ]
  edge [
    source 37
    target 7
    key 0
    port 0
    weight 1
    bandwidth 50000000
    traffic "200000"
    reservation "171740.0"
  ]
  edge [
    source 38
    target 7
    key 0
    port 0
    weight 1
    bandwidth 50000000
    traffic "3500000"
    reservation "3576650.0"
  ]
  edge [
    source 39
    target 7
    key 0
    port 0
    weight 1
    bandwidth 50000000
    traffic "3500000"
    reservation "3074750.0"
  ]
  edge [
    source 40
    target 7
    key 0
    port 0
    weight 1
    bandwidth 50000000
    traffic "18000000"
    reservation "18615600.0"
  ]
  edge [
    source 41
    target 7
    key 0
    port 0
    weight 1
    bandwidth 50000000
    traffic "18000000"
    reservation "20419200.0"
  ]
  edge [
    source 42
    target 7
    key 0
    port 0
    weight 1
    bandwidth 50000000
    traffic "3500000"
    reservation "3338300.0"
  ]
  edge [
    source 43
    target 7
    key 0
    port 0
    weight 1
    bandwidth 50000000
    traffic "3500000"
    reservation "3230150.0"
  ]
  edge [
    source 44
    target 7
    key 0
    port 0
    weight 1
    bandwidth 50000000
    traffic "200000"
    reservation "202700.0"
  ]
  edge [
    source 45
    target 7
    key 0
    port 0
    weight 1
    bandwidth 50000000
    traffic "3500000"
    reservation "3695300.0"
  ]
  edge [
    source 46
    target 7
    key 0
    port 0
    weight 1
    bandwidth 50000000
    traffic "3500000"
    reservation "3567200.0"
  ]
  edge [
    source 47
    target 7
    key 0
    port 0
    weight 1
    bandwidth 50000000
    traffic "3500000"
    reservation "3130400.0"
  ]
  edge [
    source 48
    target 7
    key 0
    port 0
    weight 1
    bandwidth 50000000
    traffic "3500000"
    reservation "3273200.0"
  ]
  edge [
    source 49
    target 7
    key 0
    port 0
    weight 1
    bandwidth 50000000
    traffic "200000"
    reservation "202700.0"
  ]
  edge [
    source 50
    target 7
    key 0
    port 0
    weight 1
    bandwidth 50000000
    traffic "200000"
    reservation "179060.0"
  ]
  edge [
    source 51
    target 7
    key 0
    port 0
    weight 1
    bandwidth 50000000
    traffic "3500000"
    reservation "3130400.0"
  ]
  edge [
    source 52
    target 7
    key 0
    port 0
    weight 1
    bandwidth 50000000
    traffic "200000"
    reservation "202700.0"
  ]
  edge [
    source 53
    target 7
    key 0
    port 0
    weight 1
    bandwidth 50000000
    traffic "200000"
    reservation "179060.0"
  ]
  edge [
    source 54
    target 7
    key 0
    port 0
    weight 1
    bandwidth 50000000
    traffic "200000"
    reservation "171740.0"
  ]
  edge [
    source 55
    target 7
    key 0
    port 0
    weight 1
    bandwidth 50000000
    traffic "200000"
    reservation "171740.0"
  ]
  edge [
    source 56
    target 7
    key 0
    port 0
    weight 1
    bandwidth 50000000
    traffic "200000"
    reservation "202700.0"
  ]
  edge [
    source 57
    target 7
    key 0
    port 0
    weight 1
    bandwidth 50000000
    traffic "200000"
    reservation "179060.0"
  ]
  edge [
    source 58
    target 7
    key 0
    port 0
    weight 1
    bandwidth 50000000
    traffic "200000"
    reservation "202700.0"
  ]
  edge [
    source 59
    target 7
    key 0
    port 0
    weight 1
    bandwidth 50000000
    traffic "200000"
    reservation "202700.0"
  ]
  edge [
    source 60
    target 7
    key 0
    port 0
    weight 1
    bandwidth 50000000
    traffic "200000"
    reservation "179060.0"
  ]
  edge [
    source 61
    target 7
    key 0
    port 0
    weight 1
    bandwidth 50000000
    traffic "200000"
    reservation "202700.0"
  ]
  edge [
    source 62
    target 7
    key 0
    port 0
    weight 1
    bandwidth 50000000
    traffic "200000"
    reservation "171740.0"
  ]
  edge [
    source 63
    target 7
    key 0
    port 0
    weight 1
    bandwidth 50000000
    traffic "200000"
    reservation "171740.0"
  ]
  edge [
    source 64
    target 7
    key 0
    port 0
    weight 1
    bandwidth 50000000
    traffic "200000"
    reservation "171740.0"
  ]
  edge [
    source 65
    target 7
    key 0
    port 0
    weight 1
    bandwidth 50000000
    traffic "200000"
    reservation "202700.0"
  ]
  edge [
    source 66
    target 7
    key 0
    port 0
    weight 1
    bandwidth 50000000
    traffic "200000"
    reservation "228980.0"
  ]
  edge [
    source 67
    target 7
    key 0
    port 0
    weight 1
    bandwidth 50000000
    traffic "200000"
    reservation "171740.0"
  ]
  edge [
    source 68
    target 7
    key 0
    port 0
    weight 1
    bandwidth 50000000
    traffic "200000"
    reservation "171740.0"
  ]
  edge [
    source 69
    target 7
    key 0
    port 0
    weight 1
    bandwidth 50000000
    traffic "200000"
    reservation "171740.0"
  ]
  edge [
    source 70
    target 7
    key 0
    port 0
    weight 1
    bandwidth 50000000
    traffic "200000"
    reservation "171740.0"
  ]
  edge [
    source 71
    target 7
    key 0
    port 0
    weight 1
    bandwidth 50000000
    traffic "200000"
    reservation "228980.0"
  ]
  edge [
    source 72
    target 7
    key 0
    port 0
    weight 1
    bandwidth 50000000
    traffic "200000"
    reservation "171740.0"
  ]
  edge [
    source 73
    target 7
    key 0
    port 0
    weight 1
    bandwidth 50000000
    traffic "200000"
    reservation "228980.0"
  ]
  edge [
    source 74
    target 7
    key 0
    port 0
    weight 1
    bandwidth 50000000
    traffic "200000"
    reservation "179060.0"
  ]
  edge [
    source 75
    target 7
    key 0
    port 0
    weight 1
    bandwidth 50000000
    traffic "200000"
    reservation "179060.0"
  ]
  edge [
    source 76
    target 7
    key 0
    port 0
    weight 1
    bandwidth 50000000
    traffic "200000"
    reservation "179060.0"
  ]
  edge [
    source 77
    target 7
    key 0
    port 0
    weight 1
    bandwidth 50000000
    traffic "200000"
    reservation "202700.0"
  ]
  edge [
    source 78
    target 7
    key 0
    port 0
    weight 1
    bandwidth 50000000
    traffic "200000"
    reservation "228980.0"
  ]
  edge [
    source 79
    target 7
    key 0
    port 0
    weight 1
    bandwidth 50000000
    traffic "200000"
    reservation "171740.0"
  ]
]
