graph [
  directed 1
  multigraph 1
  GeoLocation "Louisiana, Texas, USA"
  GeoExtent "Region"
  Network "Network USA "
  Provenance "Primary"
  Access 0
  Source "http://www.networkusa.com/network.html"
  Version "1.0"
  Type "COM"
  DateType "Current"
  Backbone 1
  Commercial 0
  label "NetworkUsa"
  ToolsetVersion "0.3.34dev-20120328"
  Customer 0
  IX 0
  SourceGitVersion "e278b1b"
  DateModifier "="
  DateMonth "08"
  LastAccess "3/08/10"
  Layer "Fibre"
  Creator "Topology Zoo Toolset"
  Developed 1
  Transit 0
  NetworkDate "2010_08"
  DateYear "2010"
  LastProcessed "2011_09_01"
  Testbed 0
  levelsToS 77
  node [
    id 0
    label "0"
    Country "United States"
    Longitude -90.07507
    Internal 1
    Latitude 29.95465
    type "inner"
    schedulingPolicy "WFQ"
    tosToQoSqueue "47;38;40,0,1,2,3,4,5,6,7,8,9,10,11,12,13,14,15,16,17,18,19,20,21,22,23,24,25,26,27,28,29,30,31,32,33,34,35,36,37,39,41,42,43,44,45,46,48,49,50,51,52,53,54,55,56,57,58,59,60,61,62,63,64,65,66,67,68,69,70,71,72,73,74,75,76"
    schedulingWeights "0.001,0.001,99.998;0.001,35.816,64.183;30.978,0.001,69.021"
    levelsQoS 3
    queueSizes "32,32,32"
  ]
  node [
    id 1
    label "1"
    Country "United States"
    Longitude -90.82287
    Internal 1
    Latitude 29.79576
    type "inner"
    schedulingPolicy "WFQ"
    tosToQoSqueue "47,0,1,2,3,4,5,6,7,8,9,10,11,12,13,14,15,16,17,18,19,20,21,22,23,24,25,26,27,28,29,30,31,32,33,34,35,36,37,38,39,40,41,42,43,44,45,46,48,49,50,51,52,53,54,55,56,57,58,59,60,61,62,63,64,65,66,67,68,69,70,71,72,73,74,75,76"
    schedulingWeights "100;100"
    levelsQoS 1
    queueSizes "32"
  ]
  node [
    id 2
    label "2"
    Country "United States"
    Longitude -90.10091
    Internal 1
    Latitude 30.47547
    type "antenna"
    schedulingPolicy "WFQ"
    tosToQoSqueue "47;39,0,1,2,3,4,5,6,7,8,9,10,11,12,13,14,15,16,17,18,19,20,21,22,23,24,25,26,27,28,29,30,31,32,33,34,35,36,37,38,40,41,42,43,44,45,46,48,49,50,51,52,53,54,55,56,57,58,59,60,61,62,63,64,65,66,67,68,69,70,71,72,73,74,75,76"
    schedulingWeights "30.978,69.022;0.001,99.999;0.001,99.999"
    levelsQoS 2
    queueSizes "32,32"
  ]
  node [
    id 3
    label "3"
    Country "United States"
    Longitude -89.09282
    Internal 1
    Latitude 30.36742
    type "destination_embb"
    schedulingPolicy "FIFO"
    levelsQoS "1"
    schedulingWeights "-"
    tosToQoSqueue "0,1,2,3,4,5,6,7,8,9,10,11,12,13,14,15,16,17,18,19,20,21,22,23,24,25,26,27,28,29,30,31,32,33,34,35,36,37,38,39,40,41,42,43,44,45,46,47,48,49,50,51,52,53,54,55,56,57,58,59,60,61,62,63,64,65,66,67,68,69,70,71,72,73,74,75,76"
    queueSizes "32"
  ]
  node [
    id 4
    label "4"
    Country "United States"
    Longitude -91.15455
    Internal 1
    Latitude 30.45075
    type "inner"
    schedulingPolicy "WFQ"
    tosToQoSqueue "43;41,42;53;38;40,0,1,2,3,4,5,6,7,8,9,10,11,12,13,14,15,16,17,18,19,20,21,22,23,24,25,26,27,28,29,30,31,32,33,34,35,36,37,39,44,45,46,47,48,49,50,51,52,54,55,56,57,58,59,60,61,62,63,64,65,66,67,68,69,70,71,72,73,74,75,76"
    schedulingWeights "0.001,0.001,0.001,0.001,99.996;7.29,15.117,0.394,35.816,41.383"
    levelsQoS 5
    queueSizes "32,32,32,32,32"
  ]
  node [
    id 5
    label "5"
    Country "United States"
    Longitude -92.01984
    Internal 1
    Latitude 30.22409
    type "inner"
    schedulingPolicy "WFQ"
    tosToQoSqueue "43,44,46,48;41,42,45,49;53;47;38;40,0,1,2,3,4,5,6,7,8,9,10,11,12,13,14,15,16,17,18,19,20,21,22,23,24,25,26,27,28,29,30,31,32,33,34,35,36,37,39,50,51,52,54,55,56,57,58,59,60,61,62,63,64,65,66,67,68,69,70,71,72,73,74,75,76"
    schedulingWeights "7.29,15.117,0.394,0.001,35.816,41.382;21.869,15.117,0.001,0.001,0.001,63.01;0.001,0.001,0.001,30.978,0.001,69.018;0.001,0.001,0.001,0.001,0.001,99.995"
    levelsQoS 6
    queueSizes "32,32,32,32,32,32"
  ]
  node [
    id 6
    label "6"
    Country "United States"
    Longitude -91.20677
    Internal 1
    Latitude 29.69937
    type "inner"
    schedulingPolicy "WFQ"
    tosToQoSqueue "47,0,1,2,3,4,5,6,7,8,9,10,11,12,13,14,15,16,17,18,19,20,21,22,23,24,25,26,27,28,29,30,31,32,33,34,35,36,37,38,39,40,41,42,43,44,45,46,48,49,50,51,52,53,54,55,56,57,58,59,60,61,62,63,64,65,66,67,68,69,70,71,72,73,74,75,76"
    schedulingWeights "100;100"
    levelsQoS 1
    queueSizes "32"
  ]
  node [
    id 7
    label "7"
    Country "United States"
    Longitude -90.4612
    Internal 1
    Latitude 30.50436
    type "inner"
    schedulingPolicy "WFQ"
    tosToQoSqueue "43;41,42;53;47;38;40,0,1,2,3,4,5,6,7,8,9,10,11,12,13,14,15,16,17,18,19,20,21,22,23,24,25,26,27,28,29,30,31,32,33,34,35,36,37,39,44,45,46,48,49,50,51,52,54,55,56,57,58,59,60,61,62,63,64,65,66,67,68,69,70,71,72,73,74,75,76"
    schedulingWeights "0.001,0.001,0.001,0.001,35.816,64.18;0.001,0.001,0.001,30.978,0.001,69.018;0.001,0.001,0.001,0.001,0.001,99.995;7.29,15.117,0.394,0.001,0.001,77.197"
    levelsQoS 6
    queueSizes "32,32,32,32,32,32"
  ]
  node [
    id 8
    label "8"
    Country "United States"
    Longitude -92.44514
    Internal 1
    Latitude 31.31129
    type "inner"
    schedulingPolicy "WFQ"
    tosToQoSqueue "44,46,48;45,49;47;38,0,1,2,3,4,5,6,7,8,9,10,11,12,13,14,15,16,17,18,19,20,21,22,23,24,25,26,27,28,29,30,31,32,33,34,35,36,37,39,40,41,42,43,50,51,52,53,54,55,56,57,58,59,60,61,62,63,64,65,66,67,68,69,70,71,72,73,74,75,76"
    schedulingWeights "21.869,15.117,0.001,63.012;0.001,0.001,30.978,69.02"
    levelsQoS 4
    queueSizes "32,32,32,32"
  ]
  node [
    id 9
    label "9"
    Country "United States"
    Longitude -92.94766
    Internal 1
    Latitude 31.53406
    type "inner"
    schedulingPolicy "WFQ"
    tosToQoSqueue "44,46,48;45,49;47;38,0,1,2,3,4,5,6,7,8,9,10,11,12,13,14,15,16,17,18,19,20,21,22,23,24,25,26,27,28,29,30,31,32,33,34,35,36,37,39,40,41,42,43,50,51,52,53,54,55,56,57,58,59,60,61,62,63,64,65,66,67,68,69,70,71,72,73,74,75,76"
    schedulingWeights "0.001,0.001,30.978,69.02;21.869,15.117,0.001,63.012"
    levelsQoS 4
    queueSizes "32,32,32,32"
  ]
  node [
    id 10
    label "10"
    Country "United States"
    Longitude -98.49363
    Internal 1
    Latitude 29.42412
    type "inner"
    schedulingPolicy "WFQ"
    tosToQoSqueue "50,52,57,58;51,54,56,59,60;61;62;55;63,64;47,0,1,2,3,4,5,6,7,8,9,10,11,12,13,14,15,16,17,18,19,20,21,22,23,24,25,26,27,28,29,30,31,32,33,34,35,36,37,38,39,40,41,42,43,44,45,46,48,49,53,65,66,67,68,69,70,71,72,73,74,75,76"
    schedulingWeights "29.159,37.793,0.406,0.394,0.417,0.709,31.122;0.001,0.001,0.001,0.001,0.001,0.001,99.994"
    levelsQoS 7
    queueSizes "32,32,32,32,32,32,32"
  ]
  node [
    id 11
    label "11"
    Country "United States"
    Longitude -97.74306
    Internal 1
    Latitude 30.26715
    type "destination_mmtc"
    schedulingPolicy "FIFO"
    levelsQoS "1"
    schedulingWeights "-"
    tosToQoSqueue "0,1,2,3,4,5,6,7,8,9,10,11,12,13,14,15,16,17,18,19,20,21,22,23,24,25,26,27,28,29,30,31,32,33,34,35,36,37,38,39,40,41,42,43,44,45,46,47,48,49,50,51,52,53,54,55,56,57,58,59,60,61,62,63,64,65,66,67,68,69,70,71,72,73,74,75,76"
    queueSizes "32"
  ]
  node [
    id 12
    label "12"
    Country "United States"
    Longitude -96.33441
    Internal 1
    Latitude 30.62798
    type "inner"
    schedulingPolicy "WFQ"
    tosToQoSqueue "50,52,57,58;51,54,56,59,60;74;53,71,73;75;70,72,76;47,0,1,2,3,4,5,6,7,8,9,10,11,12,13,14,15,16,17,18,19,20,21,22,23,24,25,26,27,28,29,30,31,32,33,34,35,36,37,38,39,40,41,42,43,44,45,46,48,49,55,61,62,63,64,65,66,67,68,69"
    schedulingWeights "0.001,0.001,0.424,1.181,0.392,1.063,96.937;29.159,37.793,0.001,0.001,0.001,0.001,33.044"
    levelsQoS 7
    queueSizes "32,32,32,32,32,32,32"
  ]
  node [
    id 13
    label "13"
    Country "United States"
    Longitude -97.14667
    Internal 1
    Latitude 31.54933
    type "inner"
    schedulingPolicy "WFQ"
    tosToQoSqueue "50,52,57,58;51,54,56,59,60;74;53,71,73;75;70,72,76;47,0,1,2,3,4,5,6,7,8,9,10,11,12,13,14,15,16,17,18,19,20,21,22,23,24,25,26,27,28,29,30,31,32,33,34,35,36,37,38,39,40,41,42,43,44,45,46,48,49,55,61,62,63,64,65,66,67,68,69"
    schedulingWeights "0.001,0.001,0.424,1.181,0.392,1.063,96.937;29.159,37.793,0.001,0.001,0.001,0.001,33.044"
    levelsQoS 7
    queueSizes "32,32,32,32,32,32,32"
  ]
  node [
    id 14
    label "14"
    Country "United States"
    Longitude -93.08627
    Internal 1
    Latitude 31.76072
    type "inner"
    schedulingPolicy "WFQ"
    tosToQoSqueue "44,46,48;45,49;47;38,0,1,2,3,4,5,6,7,8,9,10,11,12,13,14,15,16,17,18,19,20,21,22,23,24,25,26,27,28,29,30,31,32,33,34,35,36,37,39,40,41,42,43,50,51,52,53,54,55,56,57,58,59,60,61,62,63,64,65,66,67,68,69,70,71,72,73,74,75,76"
    schedulingWeights "0.001,0.001,30.978,69.02;21.869,15.117,0.001,63.012"
    levelsQoS 4
    queueSizes "32,32,32,32"
  ]
  node [
    id 15
    label "15"
    Country "United States"
    Longitude -95.36327
    Internal 1
    Latitude 29.76328
    type "inner"
    schedulingPolicy "WFQ"
    tosToQoSqueue "50,52,57,58;51,54,56,59,60;61;62;55;63,64;47,0,1,2,3,4,5,6,7,8,9,10,11,12,13,14,15,16,17,18,19,20,21,22,23,24,25,26,27,28,29,30,31,32,33,34,35,36,37,38,39,40,41,42,43,44,45,46,48,49,53,65,66,67,68,69,70,71,72,73,74,75,76"
    schedulingWeights "29.159,37.793,0.406,0.394,0.417,0.709,31.122;0.001,0.001,0.001,0.001,0.001,0.001,99.994"
    levelsQoS 7
    queueSizes "32,32,32,32,32,32,32"
  ]
  node [
    id 16
    label "16"
    Country "United States"
    Longitude -94.79548
    Internal 1
    Latitude 30.05799
    type "inner"
    schedulingPolicy "WFQ"
    tosToQoSqueue "50,52,57,58;51,54,56,59,60;61;62;55;63,64;47,0,1,2,3,4,5,6,7,8,9,10,11,12,13,14,15,16,17,18,19,20,21,22,23,24,25,26,27,28,29,30,31,32,33,34,35,36,37,38,39,40,41,42,43,44,45,46,48,49,53,65,66,67,68,69,70,71,72,73,74,75,76"
    schedulingWeights "29.159,37.793,0.406,0.394,0.417,0.709,31.122;0.001,0.001,0.001,0.001,0.001,0.001,99.994"
    levelsQoS 7
    queueSizes "32,32,32,32,32,32,32"
  ]
  node [
    id 17
    label "17"
    Country "United States"
    Longitude -92.08151
    Internal 1
    Latitude 30.53353
    type "inner"
    schedulingPolicy "WFQ"
    tosToQoSqueue "44,46,48;45,49;47;38,0,1,2,3,4,5,6,7,8,9,10,11,12,13,14,15,16,17,18,19,20,21,22,23,24,25,26,27,28,29,30,31,32,33,34,35,36,37,39,40,41,42,43,50,51,52,53,54,55,56,57,58,59,60,61,62,63,64,65,66,67,68,69,70,71,72,73,74,75,76"
    schedulingWeights "0.001,0.001,30.978,69.02;21.869,15.117,0.001,63.012"
    levelsQoS 4
    queueSizes "32,32,32,32"
  ]
  node [
    id 18
    label "18"
    Country "United States"
    Longitude -92.2579
    Internal 1
    Latitude 30.84436
    type "inner"
    schedulingPolicy "WFQ"
    tosToQoSqueue "44,46,48;45,49;47;38,0,1,2,3,4,5,6,7,8,9,10,11,12,13,14,15,16,17,18,19,20,21,22,23,24,25,26,27,28,29,30,31,32,33,34,35,36,37,39,40,41,42,43,50,51,52,53,54,55,56,57,58,59,60,61,62,63,64,65,66,67,68,69,70,71,72,73,74,75,76"
    schedulingWeights "21.869,15.117,0.001,63.012;0.001,0.001,30.978,69.02"
    levelsQoS 4
    queueSizes "32,32,32,32"
  ]
  node [
    id 19
    label "19"
    Country "United States"
    Longitude -93.20544
    Internal 1
    Latitude 31.04658
    type "inner"
    schedulingPolicy "WFQ"
    tosToQoSqueue "0,1,2,3,4,5,6,7,8,9,10,11,12,13,14,15,16,17,18,19,20,21,22,23,24,25,26,27,28,29,30,31,32,33,34,35,36,37,38,39,40,41,42,43,44,45,46,47,48,49,50,51,52,53,54,55,56,57,58,59,60,61,62,63,64,65,66,67,68,69,70,71,72,73,74,75,76"
    schedulingWeights "100"
    levelsQoS 1
    queueSizes "32"
  ]
  node [
    id 20
    label "20"
    Country "United States"
    Longitude -93.34212
    Internal 1
    Latitude 32.01488
    type "inner"
    schedulingPolicy "WFQ"
    tosToQoSqueue "44,46,48;45,49;47;38,0,1,2,3,4,5,6,7,8,9,10,11,12,13,14,15,16,17,18,19,20,21,22,23,24,25,26,27,28,29,30,31,32,33,34,35,36,37,39,40,41,42,43,50,51,52,53,54,55,56,57,58,59,60,61,62,63,64,65,66,67,68,69,70,71,72,73,74,75,76"
    schedulingWeights "0.001,0.001,30.978,69.02;21.869,15.117,0.001,63.012"
    levelsQoS 4
    queueSizes "32,32,32,32"
  ]
  node [
    id 21
    label "21"
    Country "United States"
    Longitude -94.42436
    Internal 1
    Latitude 30.03577
    type "inner"
    schedulingPolicy "WFQ"
    tosToQoSqueue "50,52,57,58;51,54,56,59,60;61;62;55;63,64;47,0,1,2,3,4,5,6,7,8,9,10,11,12,13,14,15,16,17,18,19,20,21,22,23,24,25,26,27,28,29,30,31,32,33,34,35,36,37,38,39,40,41,42,43,44,45,46,48,49,53,65,66,67,68,69,70,71,72,73,74,75,76"
    schedulingWeights "29.159,37.793,0.406,0.394,0.417,0.709,31.122;0.001,0.001,0.001,0.001,0.001,0.001,99.994"
    levelsQoS 7
    queueSizes "32,32,32,32,32,32,32"
  ]
  node [
    id 22
    label "22"
    Country "United States"
    Longitude -94.10185
    Internal 1
    Latitude 30.08605
    type "inner"
    schedulingPolicy "WFQ"
    tosToQoSqueue "50,52,57,58;51,54,56,59,60;61;62;55;63,64;47,0,1,2,3,4,5,6,7,8,9,10,11,12,13,14,15,16,17,18,19,20,21,22,23,24,25,26,27,28,29,30,31,32,33,34,35,36,37,38,39,40,41,42,43,44,45,46,48,49,53,65,66,67,68,69,70,71,72,73,74,75,76"
    schedulingWeights "29.159,37.793,0.406,0.394,0.417,0.709,31.122;0.001,0.001,0.001,0.001,0.001,0.001,99.994"
    levelsQoS 7
    queueSizes "32,32,32,32,32,32,32"
  ]
  node [
    id 23
    label "23"
    Country "United States"
    Longitude -93.2044
    Internal 1
    Latitude 30.21309
    type "antenna"
    schedulingPolicy "WFQ"
    tosToQoSqueue "43,44,46,48,50,52,57,58;41,42,45,49,51,54,56,59,60;61;53,62;55;63,64;47;40,0,1,2,3,4,5,6,7,8,9,10,11,12,13,14,15,16,17,18,19,20,21,22,23,24,25,26,27,28,29,30,31,32,33,34,35,36,37,38,39,65,66,67,68,69,70,71,72,73,74,75,76"
    schedulingWeights "29.159,30.234,0.001,0.394,0.001,0.001,0.001,40.209;29.159,37.793,0.406,0.394,0.417,0.709,30.978,0.144;0.001,0.001,0.001,0.001,0.001,0.001,0.001,99.993;0.001,0.001,0.001,0.001,0.001,0.001,0.001,99.993;0.001,0.001,0.001,0.001,0.001,0.001,0.001,99.993;0.001,0.001,0.001,0.001,0.001,0.001,0.001,99.993;0.001,0.001,0.001,0.001,0.001,0.001,0.001,99.993;0.001,0.001,0.001,0.001,0.001,0.001,0.001,99.993;0.001,0.001,0.001,0.001,0.001,0.001,0.001,99.993;0.001,0.001,0.001,0.001,0.001,0.001,0.001,99.993;0.001,0.001,0.001,0.001,0.001,0.001,0.001,99.993;0.001,0.001,0.001,0.001,0.001,0.001,0.001,99.993;0.001,0.001,0.001,0.001,0.001,0.001,0.001,99.993;0.001,0.001,0.001,0.001,0.001,0.001,0.001,99.993;0.001,0.001,0.001,0.001,0.001,0.001,0.001,99.993;0.001,0.001,0.001,0.001,0.001,0.001,0.001,99.993;0.001,0.001,0.001,0.001,0.001,0.001,0.001,99.993;0.001,0.001,0.001,0.001,0.001,0.001,0.001,99.993;0.001,0.001,0.001,0.001,0.001,0.001,0.001,99.993;0.001,0.001,0.001,0.001,0.001,0.001,0.001,99.993;0.001,0.001,0.001,0.001,0.001,0.001,0.001,99.993;0.001,0.001,0.001,0.001,0.001,0.001,0.001,99.993;0.001,0.001,0.001,0.001,0.001,0.001,0.001,99.993;0.001,0.001,0.001,0.001,0.001,0.001,0.001,99.993;0.001,0.001,0.001,0.001,0.001,0.001,0.001,99.993;0.001,0.001,0.001,0.001,0.001,0.001,0.001,99.993;0.001,0.001,0.001,0.001,0.001,0.001,0.001,99.993;0.001,0.001,0.001,0.001,0.001,0.001,0.001,99.993"
    levelsQoS 8
    queueSizes "32,32,32,32,32,32,32,32"
  ]
  node [
    id 24
    label "24"
    Country "United States"
    Longitude -93.28905
    Internal 1
    Latitude 30.84631
    type "inner"
    schedulingPolicy "WFQ"
    tosToQoSqueue "0,1,2,3,4,5,6,7,8,9,10,11,12,13,14,15,16,17,18,19,20,21,22,23,24,25,26,27,28,29,30,31,32,33,34,35,36,37,38,39,40,41,42,43,44,45,46,47,48,49,50,51,52,53,54,55,56,57,58,59,60,61,62,63,64,65,66,67,68,69,70,71,72,73,74,75,76"
    schedulingWeights "100;100"
    levelsQoS 1
    queueSizes "32"
  ]
  node [
    id 25
    label "25"
    Country "United States"
    Longitude -90.18481
    Internal 1
    Latitude 32.29876
    type "inner"
    schedulingPolicy "WFQ"
    tosToQoSqueue "43;41,42;53,0,1,2,3,4,5,6,7,8,9,10,11,12,13,14,15,16,17,18,19,20,21,22,23,24,25,26,27,28,29,30,31,32,33,34,35,36,37,38,39,40,44,45,46,47,48,49,50,51,52,54,55,56,57,58,59,60,61,62,63,64,65,66,67,68,69,70,71,72,73,74,75,76"
    schedulingWeights "0.001,0.001,99.998;7.29,15.117,77.593"
    levelsQoS 3
    queueSizes "32,32,32"
  ]
  node [
    id 26
    label "26"
    Country "United States"
    Longitude -89.78117
    Internal 1
    Latitude 30.27519
    type "inner"
    schedulingPolicy "WFQ"
    tosToQoSqueue "47;39,0,1,2,3,4,5,6,7,8,9,10,11,12,13,14,15,16,17,18,19,20,21,22,23,24,25,26,27,28,29,30,31,32,33,34,35,36,37,38,40,41,42,43,44,45,46,48,49,50,51,52,53,54,55,56,57,58,59,60,61,62,63,64,65,66,67,68,69,70,71,72,73,74,75,76"
    schedulingWeights "0.001,99.999;30.978,69.022"
    levelsQoS 2
    queueSizes "32,32"
  ]
  node [
    id 27
    label "27"
    Country "United States"
    Longitude -96.80667
    Internal 1
    Latitude 32.78306
    type "inner"
    schedulingPolicy "WFQ"
    tosToQoSqueue "50,52,57,58;51,54,56,59,60;74;53,71,73;75;70,72,76;47,0,1,2,3,4,5,6,7,8,9,10,11,12,13,14,15,16,17,18,19,20,21,22,23,24,25,26,27,28,29,30,31,32,33,34,35,36,37,38,39,40,41,42,43,44,45,46,48,49,55,61,62,63,64,65,66,67,68,69"
    schedulingWeights "0.001,0.001,0.424,1.181,0.392,1.063,96.937;29.159,37.793,0.001,0.001,0.001,0.001,33.044"
    levelsQoS 7
    queueSizes "32,32,32,32,32,32,32"
  ]
  node [
    id 28
    label "28"
    Country "United States"
    Longitude -95.30106
    Internal 1
    Latitude 32.35126
    type "inner"
    schedulingPolicy "WFQ"
    tosToQoSqueue "50,52,57,58;51,54,56,59,60;74;53,71,73;75;70,72,76;47,0,1,2,3,4,5,6,7,8,9,10,11,12,13,14,15,16,17,18,19,20,21,22,23,24,25,26,27,28,29,30,31,32,33,34,35,36,37,38,39,40,41,42,43,44,45,46,48,49,55,61,62,63,64,65,66,67,68,69"
    schedulingWeights "0.001,0.001,0.424,1.181,0.392,1.063,96.937;29.159,37.793,0.001,0.001,0.001,0.001,33.044"
    levelsQoS 7
    queueSizes "32,32,32,32,32,32,32"
  ]
  node [
    id 29
    label "29"
    Country "United States"
    Longitude -94.74049
    Internal 1
    Latitude 32.5007
    type "destination_urllc"
    schedulingPolicy "FIFO"
    levelsQoS "1"
    schedulingWeights "-"
    tosToQoSqueue "0,1,2,3,4,5,6,7,8,9,10,11,12,13,14,15,16,17,18,19,20,21,22,23,24,25,26,27,28,29,30,31,32,33,34,35,36,37,38,39,40,41,42,43,44,45,46,47,48,49,50,51,52,53,54,55,56,57,58,59,60,61,62,63,64,65,66,67,68,69,70,71,72,73,74,75,76"
    queueSizes "32"
  ]
  node [
    id 30
    label "30"
    Country "United States"
    Longitude -93.75018
    Internal 1
    Latitude 32.52515
    type "antenna"
    schedulingPolicy "WFQ"
    tosToQoSqueue "43,44,46,48,66,69;41,42,45,49,65,67,68;74;53,71,73;75;70,72,76;47;38,0,1,2,3,4,5,6,7,8,9,10,11,12,13,14,15,16,17,18,19,20,21,22,23,24,25,26,27,28,29,30,31,32,33,34,35,36,37,39,40,50,51,52,54,55,56,57,58,59,60,61,62,63,64"
    schedulingWeights "0.001,0.001,0.001,0.001,0.001,0.001,30.978,69.016;0.001,0.001,0.001,0.001,0.001,0.001,0.001,99.993;43.739,52.91,0.424,1.181,0.392,1.063,0.001,0.289;0.001,0.001,0.001,0.001,0.001,0.001,0.001,99.993;0.001,0.001,0.001,0.001,0.001,0.001,0.001,99.993;0.001,0.001,0.001,0.001,0.001,0.001,0.001,99.993;0.001,0.001,0.001,0.001,0.001,0.001,0.001,99.993;0.001,0.001,0.001,0.001,0.001,0.001,0.001,99.993;0.001,0.001,0.001,0.001,0.001,0.001,0.001,99.993;0.001,0.001,0.001,0.001,0.001,0.001,0.001,99.993;0.001,0.001,0.001,0.001,0.001,0.001,0.001,99.993;0.001,0.001,0.001,0.001,0.001,0.001,0.001,99.993;0.001,0.001,0.001,0.001,0.001,0.001,0.001,99.993;0.001,0.001,0.001,0.001,0.001,0.001,0.001,99.993;0.001,0.001,0.001,0.001,0.001,0.001,0.001,99.993;0.001,0.001,0.001,0.001,0.001,0.001,0.001,99.993;0.001,0.001,0.001,0.001,0.001,0.001,0.001,99.993;0.001,0.001,0.001,0.001,0.001,0.001,0.001,99.993"
    levelsQoS 8
    queueSizes "32,32,32,32,32,32,32,32"
  ]
  node [
    id 31
    label "31"
    Country "United States"
    Longitude -93.73212
    Internal 1
    Latitude 32.51599
    type "inner"
    schedulingPolicy "WFQ"
    tosToQoSqueue "0,1,2,3,4,5,6,7,8,9,10,11,12,13,14,15,16,17,18,19,20,21,22,23,24,25,26,27,28,29,30,31,32,33,34,35,36,37,38,39,40,41,42,43,44,45,46,47,48,49,50,51,52,53,54,55,56,57,58,59,60,61,62,63,64,65,66,67,68,69,70,71,72,73,74,75,76"
    schedulingWeights "100;100"
    levelsQoS 1
    queueSizes "32"
  ]
  node [
    id 32
    label "32"
    Country "United States"
    Longitude -93.28684
    Internal 1
    Latitude 32.61543
    type "inner"
    schedulingPolicy "WFQ"
    tosToQoSqueue "0,1,2,3,4,5,6,7,8,9,10,11,12,13,14,15,16,17,18,19,20,21,22,23,24,25,26,27,28,29,30,31,32,33,34,35,36,37,38,39,40,41,42,43,44,45,46,47,48,49,50,51,52,53,54,55,56,57,58,59,60,61,62,63,64,65,66,67,68,69,70,71,72,73,74,75,76"
    schedulingWeights "100;100"
    levelsQoS 1
    queueSizes "32"
  ]
  node [
    id 33
    label "33"
    Country "United States"
    Longitude -92.63793
    Internal 1
    Latitude 32.52321
    type "inner"
    schedulingPolicy "WFQ"
    tosToQoSqueue "0,1,2,3,4,5,6,7,8,9,10,11,12,13,14,15,16,17,18,19,20,21,22,23,24,25,26,27,28,29,30,31,32,33,34,35,36,37,38,39,40,41,42,43,44,45,46,47,48,49,50,51,52,53,54,55,56,57,58,59,60,61,62,63,64,65,66,67,68,69,70,71,72,73,74,75,76"
    schedulingWeights "100;100"
    levelsQoS 1
    queueSizes "32"
  ]
  node [
    id 34
    label "34"
    Country "United States"
    Longitude -92.1193
    Internal 1
    Latitude 32.50931
    type "inner"
    schedulingPolicy "WFQ"
    tosToQoSqueue "0,1,2,3,4,5,6,7,8,9,10,11,12,13,14,15,16,17,18,19,20,21,22,23,24,25,26,27,28,29,30,31,32,33,34,35,36,37,38,39,40,41,42,43,44,45,46,47,48,49,50,51,52,53,54,55,56,57,58,59,60,61,62,63,64,65,66,67,68,69,70,71,72,73,74,75,76"
    schedulingWeights "100;100"
    levelsQoS 1
    queueSizes "32"
  ]
  node [
    id 35
    label "35"
    schedulingPolicy "FIFO"
    levelsQoS "1"
    schedulingWeights "-"
    tosToQoSqueue "0,1,2,3,4,5,6,7,8,9,10,11,12,13,14,15,16,17,18,19,20,21,22,23,24,25,26,27,28,29,30,31,32,33,34,35,36,37,38,39,40,41,42,43,44,45,46,47,48,49,50,51,52,53,54,55,56,57,58,59,60,61,62,63,64,65,66,67,68,69,70,71,72,73,74,75,76"
    queueSizes "32"
    type "destination_urllc"
  ]
  node [
    id 36
    label "36"
    schedulingPolicy "FIFO"
    levelsQoS "1"
    schedulingWeights "-"
    tosToQoSqueue "0,1,2,3,4,5,6,7,8,9,10,11,12,13,14,15,16,17,18,19,20,21,22,23,24,25,26,27,28,29,30,31,32,33,34,35,36,37,38,39,40,41,42,43,44,45,46,47,48,49,50,51,52,53,54,55,56,57,58,59,60,61,62,63,64,65,66,67,68,69,70,71,72,73,74,75,76"
    queueSizes "32"
    type "destination_mmtc"
  ]
  node [
    id 37
    label "37"
    schedulingPolicy "FIFO"
    levelsQoS "1"
    schedulingWeights "-"
    tosToQoSqueue "0,1,2,3,4,5,6,7,8,9,10,11,12,13,14,15,16,17,18,19,20,21,22,23,24,25,26,27,28,29,30,31,32,33,34,35,36,37,38,39,40,41,42,43,44,45,46,47,48,49,50,51,52,53,54,55,56,57,58,59,60,61,62,63,64,65,66,67,68,69,70,71,72,73,74,75,76"
    queueSizes "32"
    type "destination_embb"
  ]
  node [
    id 38
    label "38"
    schedulingPolicy "FIFO"
    levelsQoS "1"
    schedulingWeights "-"
    tosToQoSqueue "0,1,2,3,4,5,6,7,8,9,10,11,12,13,14,15,16,17,18,19,20,21,22,23,24,25,26,27,28,29,30,31,32,33,34,35,36,37,38,39,40,41,42,43,44,45,46,47,48,49,50,51,52,53,54,55,56,57,58,59,60,61,62,63,64,65,66,67,68,69,70,71,72,73,74,75,76"
    queueSizes "32"
    type "origin_embb"
    reservation 17908200.0
  ]
  node [
    id 39
    label "39"
    schedulingPolicy "FIFO"
    levelsQoS "1"
    schedulingWeights "-"
    tosToQoSqueue "0,1,2,3,4,5,6,7,8,9,10,11,12,13,14,15,16,17,18,19,20,21,22,23,24,25,26,27,28,29,30,31,32,33,34,35,36,37,38,39,40,41,42,43,44,45,46,47,48,49,50,51,52,53,54,55,56,57,58,59,60,61,62,63,64,65,66,67,68,69,70,71,72,73,74,75,76"
    queueSizes "32"
    type "origin_embb"
    reservation 19755000.0
  ]
  node [
    id 40
    label "40"
    schedulingPolicy "FIFO"
    levelsQoS "1"
    schedulingWeights "-"
    tosToQoSqueue "0,1,2,3,4,5,6,7,8,9,10,11,12,13,14,15,16,17,18,19,20,21,22,23,24,25,26,27,28,29,30,31,32,33,34,35,36,37,38,39,40,41,42,43,44,45,46,47,48,49,50,51,52,53,54,55,56,57,58,59,60,61,62,63,64,65,66,67,68,69,70,71,72,73,74,75,76"
    queueSizes "32"
    type "origin_embb"
    reservation 19987200.0
  ]
  node [
    id 41
    label "41"
    schedulingPolicy "FIFO"
    levelsQoS "1"
    schedulingWeights "-"
    tosToQoSqueue "0,1,2,3,4,5,6,7,8,9,10,11,12,13,14,15,16,17,18,19,20,21,22,23,24,25,26,27,28,29,30,31,32,33,34,35,36,37,38,39,40,41,42,43,44,45,46,47,48,49,50,51,52,53,54,55,56,57,58,59,60,61,62,63,64,65,66,67,68,69,70,71,72,73,74,75,76"
    queueSizes "32"
    type "origin_urllc"
    reservation 3779300.0
  ]
  node [
    id 42
    label "42"
    schedulingPolicy "FIFO"
    levelsQoS "1"
    schedulingWeights "-"
    tosToQoSqueue "0,1,2,3,4,5,6,7,8,9,10,11,12,13,14,15,16,17,18,19,20,21,22,23,24,25,26,27,28,29,30,31,32,33,34,35,36,37,38,39,40,41,42,43,44,45,46,47,48,49,50,51,52,53,54,55,56,57,58,59,60,61,62,63,64,65,66,67,68,69,70,71,72,73,74,75,76"
    queueSizes "32"
    type "origin_urllc"
    reservation 3779300.0
  ]
  node [
    id 43
    label "43"
    schedulingPolicy "FIFO"
    levelsQoS "1"
    schedulingWeights "-"
    tosToQoSqueue "0,1,2,3,4,5,6,7,8,9,10,11,12,13,14,15,16,17,18,19,20,21,22,23,24,25,26,27,28,29,30,31,32,33,34,35,36,37,38,39,40,41,42,43,44,45,46,47,48,49,50,51,52,53,54,55,56,57,58,59,60,61,62,63,64,65,66,67,68,69,70,71,72,73,74,75,76"
    queueSizes "32"
    type "origin_urllc"
    reservation 3644900.0
  ]
  node [
    id 44
    label "44"
    schedulingPolicy "FIFO"
    levelsQoS "1"
    schedulingWeights "-"
    tosToQoSqueue "0,1,2,3,4,5,6,7,8,9,10,11,12,13,14,15,16,17,18,19,20,21,22,23,24,25,26,27,28,29,30,31,32,33,34,35,36,37,38,39,40,41,42,43,44,45,46,47,48,49,50,51,52,53,54,55,56,57,58,59,60,61,62,63,64,65,66,67,68,69,70,71,72,73,74,75,76"
    queueSizes "32"
    type "origin_urllc"
    reservation 3644900.0
  ]
  node [
    id 45
    label "45"
    schedulingPolicy "FIFO"
    levelsQoS "1"
    schedulingWeights "-"
    tosToQoSqueue "0,1,2,3,4,5,6,7,8,9,10,11,12,13,14,15,16,17,18,19,20,21,22,23,24,25,26,27,28,29,30,31,32,33,34,35,36,37,38,39,40,41,42,43,44,45,46,47,48,49,50,51,52,53,54,55,56,57,58,59,60,61,62,63,64,65,66,67,68,69,70,71,72,73,74,75,76"
    queueSizes "32"
    type "origin_urllc"
    reservation 3779300.0
  ]
  node [
    id 46
    label "46"
    schedulingPolicy "FIFO"
    levelsQoS "1"
    schedulingWeights "-"
    tosToQoSqueue "0,1,2,3,4,5,6,7,8,9,10,11,12,13,14,15,16,17,18,19,20,21,22,23,24,25,26,27,28,29,30,31,32,33,34,35,36,37,38,39,40,41,42,43,44,45,46,47,48,49,50,51,52,53,54,55,56,57,58,59,60,61,62,63,64,65,66,67,68,69,70,71,72,73,74,75,76"
    queueSizes "32"
    type "origin_urllc"
    reservation 3644900.0
  ]
  node [
    id 47
    label "47"
    schedulingPolicy "FIFO"
    levelsQoS "1"
    schedulingWeights "-"
    tosToQoSqueue "0,1,2,3,4,5,6,7,8,9,10,11,12,13,14,15,16,17,18,19,20,21,22,23,24,25,26,27,28,29,30,31,32,33,34,35,36,37,38,39,40,41,42,43,44,45,46,47,48,49,50,51,52,53,54,55,56,57,58,59,60,61,62,63,64,65,66,67,68,69,70,71,72,73,74,75,76"
    queueSizes "32"
    type "origin_embb"
    reservation 15489000.0
  ]
  node [
    id 48
    label "48"
    schedulingPolicy "FIFO"
    levelsQoS "1"
    schedulingWeights "-"
    tosToQoSqueue "0,1,2,3,4,5,6,7,8,9,10,11,12,13,14,15,16,17,18,19,20,21,22,23,24,25,26,27,28,29,30,31,32,33,34,35,36,37,38,39,40,41,42,43,44,45,46,47,48,49,50,51,52,53,54,55,56,57,58,59,60,61,62,63,64,65,66,67,68,69,70,71,72,73,74,75,76"
    queueSizes "32"
    type "origin_urllc"
    reservation 3644900.0
  ]
  node [
    id 49
    label "49"
    schedulingPolicy "FIFO"
    levelsQoS "1"
    schedulingWeights "-"
    tosToQoSqueue "0,1,2,3,4,5,6,7,8,9,10,11,12,13,14,15,16,17,18,19,20,21,22,23,24,25,26,27,28,29,30,31,32,33,34,35,36,37,38,39,40,41,42,43,44,45,46,47,48,49,50,51,52,53,54,55,56,57,58,59,60,61,62,63,64,65,66,67,68,69,70,71,72,73,74,75,76"
    queueSizes "32"
    type "origin_urllc"
    reservation 3779300.0
  ]
  node [
    id 50
    label "50"
    schedulingPolicy "FIFO"
    levelsQoS "1"
    schedulingWeights "-"
    tosToQoSqueue "0,1,2,3,4,5,6,7,8,9,10,11,12,13,14,15,16,17,18,19,20,21,22,23,24,25,26,27,28,29,30,31,32,33,34,35,36,37,38,39,40,41,42,43,44,45,46,47,48,49,50,51,52,53,54,55,56,57,58,59,60,61,62,63,64,65,66,67,68,69,70,71,72,73,74,75,76"
    queueSizes "32"
    type "origin_urllc"
    reservation 3644900.0
  ]
  node [
    id 51
    label "51"
    schedulingPolicy "FIFO"
    levelsQoS "1"
    schedulingWeights "-"
    tosToQoSqueue "0,1,2,3,4,5,6,7,8,9,10,11,12,13,14,15,16,17,18,19,20,21,22,23,24,25,26,27,28,29,30,31,32,33,34,35,36,37,38,39,40,41,42,43,44,45,46,47,48,49,50,51,52,53,54,55,56,57,58,59,60,61,62,63,64,65,66,67,68,69,70,71,72,73,74,75,76"
    queueSizes "32"
    type "origin_urllc"
    reservation 3779300.0
  ]
  node [
    id 52
    label "52"
    schedulingPolicy "FIFO"
    levelsQoS "1"
    schedulingWeights "-"
    tosToQoSqueue "0,1,2,3,4,5,6,7,8,9,10,11,12,13,14,15,16,17,18,19,20,21,22,23,24,25,26,27,28,29,30,31,32,33,34,35,36,37,38,39,40,41,42,43,44,45,46,47,48,49,50,51,52,53,54,55,56,57,58,59,60,61,62,63,64,65,66,67,68,69,70,71,72,73,74,75,76"
    queueSizes "32"
    type "origin_urllc"
    reservation 3644900.0
  ]
  node [
    id 53
    label "53"
    schedulingPolicy "FIFO"
    levelsQoS "1"
    schedulingWeights "-"
    tosToQoSqueue "0,1,2,3,4,5,6,7,8,9,10,11,12,13,14,15,16,17,18,19,20,21,22,23,24,25,26,27,28,29,30,31,32,33,34,35,36,37,38,39,40,41,42,43,44,45,46,47,48,49,50,51,52,53,54,55,56,57,58,59,60,61,62,63,64,65,66,67,68,69,70,71,72,73,74,75,76"
    queueSizes "32"
    type "origin_mmtc"
    reservation 196880.0
  ]
  node [
    id 54
    label "54"
    schedulingPolicy "FIFO"
    levelsQoS "1"
    schedulingWeights "-"
    tosToQoSqueue "0,1,2,3,4,5,6,7,8,9,10,11,12,13,14,15,16,17,18,19,20,21,22,23,24,25,26,27,28,29,30,31,32,33,34,35,36,37,38,39,40,41,42,43,44,45,46,47,48,49,50,51,52,53,54,55,56,57,58,59,60,61,62,63,64,65,66,67,68,69,70,71,72,73,74,75,76"
    queueSizes "32"
    type "origin_urllc"
    reservation 3779300.0
  ]
  node [
    id 55
    label "55"
    schedulingPolicy "FIFO"
    levelsQoS "1"
    schedulingWeights "-"
    tosToQoSqueue "0,1,2,3,4,5,6,7,8,9,10,11,12,13,14,15,16,17,18,19,20,21,22,23,24,25,26,27,28,29,30,31,32,33,34,35,36,37,38,39,40,41,42,43,44,45,46,47,48,49,50,51,52,53,54,55,56,57,58,59,60,61,62,63,64,65,66,67,68,69,70,71,72,73,74,75,76"
    queueSizes "32"
    type "origin_mmtc"
    reservation 208400.0
  ]
  node [
    id 56
    label "56"
    schedulingPolicy "FIFO"
    levelsQoS "1"
    schedulingWeights "-"
    tosToQoSqueue "0,1,2,3,4,5,6,7,8,9,10,11,12,13,14,15,16,17,18,19,20,21,22,23,24,25,26,27,28,29,30,31,32,33,34,35,36,37,38,39,40,41,42,43,44,45,46,47,48,49,50,51,52,53,54,55,56,57,58,59,60,61,62,63,64,65,66,67,68,69,70,71,72,73,74,75,76"
    queueSizes "32"
    type "origin_urllc"
    reservation 3779300.0
  ]
  node [
    id 57
    label "57"
    schedulingPolicy "FIFO"
    levelsQoS "1"
    schedulingWeights "-"
    tosToQoSqueue "0,1,2,3,4,5,6,7,8,9,10,11,12,13,14,15,16,17,18,19,20,21,22,23,24,25,26,27,28,29,30,31,32,33,34,35,36,37,38,39,40,41,42,43,44,45,46,47,48,49,50,51,52,53,54,55,56,57,58,59,60,61,62,63,64,65,66,67,68,69,70,71,72,73,74,75,76"
    queueSizes "32"
    type "origin_urllc"
    reservation 3644900.0
  ]
  node [
    id 58
    label "58"
    schedulingPolicy "FIFO"
    levelsQoS "1"
    schedulingWeights "-"
    tosToQoSqueue "0,1,2,3,4,5,6,7,8,9,10,11,12,13,14,15,16,17,18,19,20,21,22,23,24,25,26,27,28,29,30,31,32,33,34,35,36,37,38,39,40,41,42,43,44,45,46,47,48,49,50,51,52,53,54,55,56,57,58,59,60,61,62,63,64,65,66,67,68,69,70,71,72,73,74,75,76"
    queueSizes "32"
    type "origin_urllc"
    reservation 3644900.0
  ]
  node [
    id 59
    label "59"
    schedulingPolicy "FIFO"
    levelsQoS "1"
    schedulingWeights "-"
    tosToQoSqueue "0,1,2,3,4,5,6,7,8,9,10,11,12,13,14,15,16,17,18,19,20,21,22,23,24,25,26,27,28,29,30,31,32,33,34,35,36,37,38,39,40,41,42,43,44,45,46,47,48,49,50,51,52,53,54,55,56,57,58,59,60,61,62,63,64,65,66,67,68,69,70,71,72,73,74,75,76"
    queueSizes "32"
    type "origin_urllc"
    reservation 3779300.0
  ]
  node [
    id 60
    label "60"
    schedulingPolicy "FIFO"
    levelsQoS "1"
    schedulingWeights "-"
    tosToQoSqueue "0,1,2,3,4,5,6,7,8,9,10,11,12,13,14,15,16,17,18,19,20,21,22,23,24,25,26,27,28,29,30,31,32,33,34,35,36,37,38,39,40,41,42,43,44,45,46,47,48,49,50,51,52,53,54,55,56,57,58,59,60,61,62,63,64,65,66,67,68,69,70,71,72,73,74,75,76"
    queueSizes "32"
    type "origin_urllc"
    reservation 3779300.0
  ]
  node [
    id 61
    label "61"
    schedulingPolicy "FIFO"
    levelsQoS "1"
    schedulingWeights "-"
    tosToQoSqueue "0,1,2,3,4,5,6,7,8,9,10,11,12,13,14,15,16,17,18,19,20,21,22,23,24,25,26,27,28,29,30,31,32,33,34,35,36,37,38,39,40,41,42,43,44,45,46,47,48,49,50,51,52,53,54,55,56,57,58,59,60,61,62,63,64,65,66,67,68,69,70,71,72,73,74,75,76"
    queueSizes "32"
    type "origin_mmtc"
    reservation 203240.0
  ]
  node [
    id 62
    label "62"
    schedulingPolicy "FIFO"
    levelsQoS "1"
    schedulingWeights "-"
    tosToQoSqueue "0,1,2,3,4,5,6,7,8,9,10,11,12,13,14,15,16,17,18,19,20,21,22,23,24,25,26,27,28,29,30,31,32,33,34,35,36,37,38,39,40,41,42,43,44,45,46,47,48,49,50,51,52,53,54,55,56,57,58,59,60,61,62,63,64,65,66,67,68,69,70,71,72,73,74,75,76"
    queueSizes "32"
    type "origin_mmtc"
    reservation 196880.0
  ]
  node [
    id 63
    label "63"
    schedulingPolicy "FIFO"
    levelsQoS "1"
    schedulingWeights "-"
    tosToQoSqueue "0,1,2,3,4,5,6,7,8,9,10,11,12,13,14,15,16,17,18,19,20,21,22,23,24,25,26,27,28,29,30,31,32,33,34,35,36,37,38,39,40,41,42,43,44,45,46,47,48,49,50,51,52,53,54,55,56,57,58,59,60,61,62,63,64,65,66,67,68,69,70,71,72,73,74,75,76"
    queueSizes "32"
    type "origin_mmtc"
    reservation 177140.0
  ]
  node [
    id 64
    label "64"
    schedulingPolicy "FIFO"
    levelsQoS "1"
    schedulingWeights "-"
    tosToQoSqueue "0,1,2,3,4,5,6,7,8,9,10,11,12,13,14,15,16,17,18,19,20,21,22,23,24,25,26,27,28,29,30,31,32,33,34,35,36,37,38,39,40,41,42,43,44,45,46,47,48,49,50,51,52,53,54,55,56,57,58,59,60,61,62,63,64,65,66,67,68,69,70,71,72,73,74,75,76"
    queueSizes "32"
    type "origin_mmtc"
    reservation 177140.0
  ]
  node [
    id 65
    label "65"
    schedulingPolicy "FIFO"
    levelsQoS "1"
    schedulingWeights "-"
    tosToQoSqueue "0,1,2,3,4,5,6,7,8,9,10,11,12,13,14,15,16,17,18,19,20,21,22,23,24,25,26,27,28,29,30,31,32,33,34,35,36,37,38,39,40,41,42,43,44,45,46,47,48,49,50,51,52,53,54,55,56,57,58,59,60,61,62,63,64,65,66,67,68,69,70,71,72,73,74,75,76"
    queueSizes "32"
    type "origin_urllc"
    reservation 3779300.0
  ]
  node [
    id 66
    label "66"
    schedulingPolicy "FIFO"
    levelsQoS "1"
    schedulingWeights "-"
    tosToQoSqueue "0,1,2,3,4,5,6,7,8,9,10,11,12,13,14,15,16,17,18,19,20,21,22,23,24,25,26,27,28,29,30,31,32,33,34,35,36,37,38,39,40,41,42,43,44,45,46,47,48,49,50,51,52,53,54,55,56,57,58,59,60,61,62,63,64,65,66,67,68,69,70,71,72,73,74,75,76"
    queueSizes "32"
    type "origin_urllc"
    reservation 3644900.0
  ]
  node [
    id 67
    label "67"
    schedulingPolicy "FIFO"
    levelsQoS "1"
    schedulingWeights "-"
    tosToQoSqueue "0,1,2,3,4,5,6,7,8,9,10,11,12,13,14,15,16,17,18,19,20,21,22,23,24,25,26,27,28,29,30,31,32,33,34,35,36,37,38,39,40,41,42,43,44,45,46,47,48,49,50,51,52,53,54,55,56,57,58,59,60,61,62,63,64,65,66,67,68,69,70,71,72,73,74,75,76"
    queueSizes "32"
    type "origin_urllc"
    reservation 3779300.0
  ]
  node [
    id 68
    label "68"
    schedulingPolicy "FIFO"
    levelsQoS "1"
    schedulingWeights "-"
    tosToQoSqueue "0,1,2,3,4,5,6,7,8,9,10,11,12,13,14,15,16,17,18,19,20,21,22,23,24,25,26,27,28,29,30,31,32,33,34,35,36,37,38,39,40,41,42,43,44,45,46,47,48,49,50,51,52,53,54,55,56,57,58,59,60,61,62,63,64,65,66,67,68,69,70,71,72,73,74,75,76"
    queueSizes "32"
    type "origin_urllc"
    reservation 3779300.0
  ]
  node [
    id 69
    label "69"
    schedulingPolicy "FIFO"
    levelsQoS "1"
    schedulingWeights "-"
    tosToQoSqueue "0,1,2,3,4,5,6,7,8,9,10,11,12,13,14,15,16,17,18,19,20,21,22,23,24,25,26,27,28,29,30,31,32,33,34,35,36,37,38,39,40,41,42,43,44,45,46,47,48,49,50,51,52,53,54,55,56,57,58,59,60,61,62,63,64,65,66,67,68,69,70,71,72,73,74,75,76"
    queueSizes "32"
    type "origin_urllc"
    reservation 3644900.0
  ]
  node [
    id 70
    label "70"
    schedulingPolicy "FIFO"
    levelsQoS "1"
    schedulingWeights "-"
    tosToQoSqueue "0,1,2,3,4,5,6,7,8,9,10,11,12,13,14,15,16,17,18,19,20,21,22,23,24,25,26,27,28,29,30,31,32,33,34,35,36,37,38,39,40,41,42,43,44,45,46,47,48,49,50,51,52,53,54,55,56,57,58,59,60,61,62,63,64,65,66,67,68,69,70,71,72,73,74,75,76"
    queueSizes "32"
    type "origin_mmtc"
    reservation 177140.0
  ]
  node [
    id 71
    label "71"
    schedulingPolicy "FIFO"
    levelsQoS "1"
    schedulingWeights "-"
    tosToQoSqueue "0,1,2,3,4,5,6,7,8,9,10,11,12,13,14,15,16,17,18,19,20,21,22,23,24,25,26,27,28,29,30,31,32,33,34,35,36,37,38,39,40,41,42,43,44,45,46,47,48,49,50,51,52,53,54,55,56,57,58,59,60,61,62,63,64,65,66,67,68,69,70,71,72,73,74,75,76"
    queueSizes "32"
    type "origin_mmtc"
    reservation 196880.0
  ]
  node [
    id 72
    label "72"
    schedulingPolicy "FIFO"
    levelsQoS "1"
    schedulingWeights "-"
    tosToQoSqueue "0,1,2,3,4,5,6,7,8,9,10,11,12,13,14,15,16,17,18,19,20,21,22,23,24,25,26,27,28,29,30,31,32,33,34,35,36,37,38,39,40,41,42,43,44,45,46,47,48,49,50,51,52,53,54,55,56,57,58,59,60,61,62,63,64,65,66,67,68,69,70,71,72,73,74,75,76"
    queueSizes "32"
    type "origin_mmtc"
    reservation 177140.0
  ]
  node [
    id 73
    label "73"
    schedulingPolicy "FIFO"
    levelsQoS "1"
    schedulingWeights "-"
    tosToQoSqueue "0,1,2,3,4,5,6,7,8,9,10,11,12,13,14,15,16,17,18,19,20,21,22,23,24,25,26,27,28,29,30,31,32,33,34,35,36,37,38,39,40,41,42,43,44,45,46,47,48,49,50,51,52,53,54,55,56,57,58,59,60,61,62,63,64,65,66,67,68,69,70,71,72,73,74,75,76"
    queueSizes "32"
    type "origin_mmtc"
    reservation 196880.0
  ]
  node [
    id 74
    label "74"
    schedulingPolicy "FIFO"
    levelsQoS "1"
    schedulingWeights "-"
    tosToQoSqueue "0,1,2,3,4,5,6,7,8,9,10,11,12,13,14,15,16,17,18,19,20,21,22,23,24,25,26,27,28,29,30,31,32,33,34,35,36,37,38,39,40,41,42,43,44,45,46,47,48,49,50,51,52,53,54,55,56,57,58,59,60,61,62,63,64,65,66,67,68,69,70,71,72,73,74,75,76"
    queueSizes "32"
    type "origin_mmtc"
    reservation 212240.0
  ]
  node [
    id 75
    label "75"
    schedulingPolicy "FIFO"
    levelsQoS "1"
    schedulingWeights "-"
    tosToQoSqueue "0,1,2,3,4,5,6,7,8,9,10,11,12,13,14,15,16,17,18,19,20,21,22,23,24,25,26,27,28,29,30,31,32,33,34,35,36,37,38,39,40,41,42,43,44,45,46,47,48,49,50,51,52,53,54,55,56,57,58,59,60,61,62,63,64,65,66,67,68,69,70,71,72,73,74,75,76"
    queueSizes "32"
    type "origin_mmtc"
    reservation 196100.0
  ]
  node [
    id 76
    label "76"
    schedulingPolicy "FIFO"
    levelsQoS "1"
    schedulingWeights "-"
    tosToQoSqueue "0,1,2,3,4,5,6,7,8,9,10,11,12,13,14,15,16,17,18,19,20,21,22,23,24,25,26,27,28,29,30,31,32,33,34,35,36,37,38,39,40,41,42,43,44,45,46,47,48,49,50,51,52,53,54,55,56,57,58,59,60,61,62,63,64,65,66,67,68,69,70,71,72,73,74,75,76"
    queueSizes "32"
    type "origin_mmtc"
    reservation 177140.0
  ]
  edge [
    source 0
    target 1
    key 0
    id "e16"
    bandwidth 50000000
    traffic ""
    reservation ""
    port 0
  ]
  edge [
    source 0
    target 3
    key 0
    id "e15"
    bandwidth 50000000
    traffic "18000000,18000000"
    reservation "17908200.0,19987200.0"
    port 1
  ]
  edge [
    source 0
    target 7
    key 0
    id "e17"
    bandwidth 50000000
    traffic "18000000"
    reservation "15489000.0"
    port 2
  ]
  edge [
    source 1
    target 0
    key 0
    id "e16"
    bandwidth 50000000
    traffic "18000000"
    reservation "15489000.0"
    port 0
  ]
  edge [
    source 1
    target 6
    key 0
    id "e18"
    bandwidth 50000000
    traffic ""
    reservation ""
    port 1
  ]
  edge [
    source 2
    target 26
    key 0
    id "e12"
    bandwidth 50000000
    traffic "18000000,18000000"
    reservation "19755000.0,15489000.0"
    port 0
  ]
  edge [
    source 2
    target 7
    key 0
    id "e14"
    bandwidth 50000000
    traffic ""
    reservation ""
    port 1
  ]
  edge [
    source 2
    target 39
    key 0
    port 2
    weight 1
    bandwidth 50000000
    traffic ""
    reservation ""
  ]
  edge [
    source 3
    target 0
    key 0
    id "e15"
    bandwidth 50000000
    traffic ""
    reservation ""
    port 0
  ]
  edge [
    source 3
    target 26
    key 0
    id "e13"
    bandwidth 50000000
    traffic ""
    reservation ""
    port 1
  ]
  edge [
    source 3
    target 37
    key 0
    port 2
    weight 1
    bandwidth 350000000
    traffic "18000000,18000000,18000000,18000000"
    reservation "17908200.0,19755000.0,19987200.0,15489000.0"
  ]
  edge [
    source 4
    target 5
    key 0
    id "e21"
    bandwidth 50000000
    traffic ""
    reservation ""
    port 0
  ]
  edge [
    source 4
    target 7
    key 0
    id "e20"
    bandwidth 50000000
    traffic "18000000,18000000,3500000,3500000,3500000,200000"
    reservation "17908200.0,19987200.0,3779300.0,3779300.0,3644900.0,196880.0"
    port 1
  ]
  edge [
    source 5
    target 4
    key 0
    id "e21"
    bandwidth 50000000
    traffic "18000000,18000000,3500000,3500000,3500000,200000"
    reservation "17908200.0,19987200.0,3779300.0,3779300.0,3644900.0,196880.0"
    port 0
  ]
  edge [
    source 5
    target 17
    key 0
    id "e23"
    bandwidth 50000000
    traffic "3500000,3500000,3500000,3500000,3500000"
    reservation "3644900.0,3779300.0,3644900.0,3644900.0,3779300.0"
    port 1
  ]
  edge [
    source 5
    target 6
    key 0
    id "e19"
    bandwidth 50000000
    traffic "18000000"
    reservation "15489000.0"
    port 2
  ]
  edge [
    source 5
    target 23
    key 0
    id "e22"
    bandwidth 50000000
    traffic ""
    reservation ""
    port 3
  ]
  edge [
    source 6
    target 1
    key 0
    id "e18"
    bandwidth 50000000
    traffic "18000000"
    reservation "15489000.0"
    port 0
  ]
  edge [
    source 6
    target 5
    key 0
    id "e19"
    bandwidth 50000000
    traffic ""
    reservation ""
    port 1
  ]
  edge [
    source 7
    target 0
    key 0
    id "e17"
    bandwidth 50000000
    traffic "18000000,18000000"
    reservation "17908200.0,19987200.0"
    port 0
  ]
  edge [
    source 7
    target 2
    key 0
    id "e14"
    bandwidth 50000000
    traffic "18000000"
    reservation "15489000.0"
    port 1
  ]
  edge [
    source 7
    target 4
    key 0
    id "e20"
    bandwidth 50000000
    traffic ""
    reservation ""
    port 2
  ]
  edge [
    source 7
    target 25
    key 0
    id "e11"
    bandwidth 50000000
    traffic "3500000,3500000,3500000,200000"
    reservation "3779300.0,3779300.0,3644900.0,196880.0"
    port 3
  ]
  edge [
    source 8
    target 9
    key 0
    id "e24"
    bandwidth 50000000
    traffic "3500000,3500000,3500000,3500000,3500000"
    reservation "3644900.0,3779300.0,3644900.0,3644900.0,3779300.0"
    port 0
  ]
  edge [
    source 8
    target 18
    key 0
    id "e25"
    bandwidth 50000000
    traffic "18000000,18000000"
    reservation "17908200.0,15489000.0"
    port 1
  ]
  edge [
    source 9
    target 8
    key 0
    id "e24"
    bandwidth 50000000
    traffic "18000000,18000000"
    reservation "17908200.0,15489000.0"
    port 0
  ]
  edge [
    source 9
    target 14
    key 0
    id "e26"
    bandwidth 50000000
    traffic "3500000,3500000,3500000,3500000,3500000"
    reservation "3644900.0,3779300.0,3644900.0,3644900.0,3779300.0"
    port 1
  ]
  edge [
    source 10
    target 11
    key 0
    id "e36"
    bandwidth 50000000
    traffic "18000000,3500000,3500000,3500000,3500000,200000,3500000,3500000,3500000,3500000,3500000,200000,200000,200000,200000"
    reservation "15489000.0,3644900.0,3779300.0,3644900.0,3779300.0,208400.0,3779300.0,3644900.0,3644900.0,3779300.0,3779300.0,203240.0,196880.0,177140.0,177140.0"
    port 0
  ]
  edge [
    source 10
    target 15
    key 0
    id "e35"
    bandwidth 50000000
    traffic ""
    reservation ""
    port 1
  ]
  edge [
    source 11
    target 10
    key 0
    id "e36"
    bandwidth 50000000
    traffic ""
    reservation ""
    port 0
  ]
  edge [
    source 11
    target 12
    key 0
    id "e37"
    bandwidth 50000000
    traffic "18000000,3500000,3500000,3500000,3500000,3500000,3500000,3500000,3500000,3500000"
    reservation "15489000.0,3644900.0,3779300.0,3644900.0,3779300.0,3779300.0,3644900.0,3644900.0,3779300.0,3779300.0"
    port 1
  ]
  edge [
    source 11
    target 36
    key 0
    port 2
    weight 1
    bandwidth 350000000
    traffic "200000,200000,200000,200000,200000,200000,200000,200000,200000,200000,200000,200000,200000"
    reservation "196880.0,208400.0,203240.0,196880.0,177140.0,177140.0,177140.0,196880.0,177140.0,196880.0,212240.0,196100.0,177140.0"
  ]
  edge [
    source 12
    target 11
    key 0
    id "e37"
    bandwidth 50000000
    traffic "200000,200000,200000,200000,200000,200000,200000,200000"
    reservation "196880.0,177140.0,196880.0,177140.0,196880.0,212240.0,196100.0,177140.0"
    port 0
  ]
  edge [
    source 12
    target 13
    key 0
    id "e38"
    bandwidth 50000000
    traffic "18000000,3500000,3500000,3500000,3500000,3500000,3500000,3500000,3500000,3500000"
    reservation "15489000.0,3644900.0,3779300.0,3644900.0,3779300.0,3779300.0,3644900.0,3644900.0,3779300.0,3779300.0"
    port 1
  ]
  edge [
    source 13
    target 12
    key 0
    id "e38"
    bandwidth 50000000
    traffic "200000,200000,200000,200000,200000,200000,200000,200000"
    reservation "196880.0,177140.0,196880.0,177140.0,196880.0,212240.0,196100.0,177140.0"
    port 0
  ]
  edge [
    source 13
    target 27
    key 0
    id "e1"
    bandwidth 50000000
    traffic "18000000,3500000,3500000,3500000,3500000,3500000,3500000,3500000,3500000,3500000"
    reservation "15489000.0,3644900.0,3779300.0,3644900.0,3779300.0,3779300.0,3644900.0,3644900.0,3779300.0,3779300.0"
    port 1
  ]
  edge [
    source 14
    target 9
    key 0
    id "e26"
    bandwidth 50000000
    traffic "18000000,18000000"
    reservation "17908200.0,15489000.0"
    port 0
  ]
  edge [
    source 14
    target 20
    key 0
    id "e27"
    bandwidth 50000000
    traffic "3500000,3500000,3500000,3500000,3500000"
    reservation "3644900.0,3779300.0,3644900.0,3644900.0,3779300.0"
    port 1
  ]
  edge [
    source 15
    target 10
    key 0
    id "e35"
    bandwidth 50000000
    traffic "18000000,3500000,3500000,3500000,3500000,200000,3500000,3500000,3500000,3500000,3500000,200000,200000,200000,200000"
    reservation "15489000.0,3644900.0,3779300.0,3644900.0,3779300.0,208400.0,3779300.0,3644900.0,3644900.0,3779300.0,3779300.0,203240.0,196880.0,177140.0,177140.0"
    port 0
  ]
  edge [
    source 15
    target 16
    key 0
    id "e34"
    bandwidth 50000000
    traffic ""
    reservation ""
    port 1
  ]
  edge [
    source 16
    target 15
    key 0
    id "e34"
    bandwidth 50000000
    traffic "18000000,3500000,3500000,3500000,3500000,200000,3500000,3500000,3500000,3500000,3500000,200000,200000,200000,200000"
    reservation "15489000.0,3644900.0,3779300.0,3644900.0,3779300.0,208400.0,3779300.0,3644900.0,3644900.0,3779300.0,3779300.0,203240.0,196880.0,177140.0,177140.0"
    port 0
  ]
  edge [
    source 16
    target 21
    key 0
    id "e33"
    bandwidth 50000000
    traffic ""
    reservation ""
    port 1
  ]
  edge [
    source 17
    target 5
    key 0
    id "e23"
    bandwidth 50000000
    traffic "18000000,18000000"
    reservation "17908200.0,15489000.0"
    port 0
  ]
  edge [
    source 17
    target 18
    key 0
    id "e29"
    bandwidth 50000000
    traffic "3500000,3500000,3500000,3500000,3500000"
    reservation "3644900.0,3779300.0,3644900.0,3644900.0,3779300.0"
    port 1
  ]
  edge [
    source 18
    target 8
    key 0
    id "e25"
    bandwidth 50000000
    traffic "3500000,3500000,3500000,3500000,3500000"
    reservation "3644900.0,3779300.0,3644900.0,3644900.0,3779300.0"
    port 0
  ]
  edge [
    source 18
    target 17
    key 0
    id "e29"
    bandwidth 50000000
    traffic "18000000,18000000"
    reservation "17908200.0,15489000.0"
    port 1
  ]
  edge [
    source 19
    target 24
    key 0
    id "e28"
    bandwidth 50000000
    traffic ""
    reservation ""
    port 0
  ]
  edge [
    source 20
    target 14
    key 0
    id "e27"
    bandwidth 50000000
    traffic "18000000,18000000"
    reservation "17908200.0,15489000.0"
    port 0
  ]
  edge [
    source 20
    target 30
    key 0
    id "e5"
    bandwidth 50000000
    traffic "3500000,3500000,3500000,3500000,3500000"
    reservation "3644900.0,3779300.0,3644900.0,3644900.0,3779300.0"
    port 1
  ]
  edge [
    source 21
    target 16
    key 0
    id "e33"
    bandwidth 50000000
    traffic "18000000,3500000,3500000,3500000,3500000,200000,3500000,3500000,3500000,3500000,3500000,200000,200000,200000,200000"
    reservation "15489000.0,3644900.0,3779300.0,3644900.0,3779300.0,208400.0,3779300.0,3644900.0,3644900.0,3779300.0,3779300.0,203240.0,196880.0,177140.0,177140.0"
    port 0
  ]
  edge [
    source 21
    target 22
    key 0
    id "e32"
    bandwidth 50000000
    traffic ""
    reservation ""
    port 1
  ]
  edge [
    source 22
    target 21
    key 0
    id "e32"
    bandwidth 50000000
    traffic "18000000,3500000,3500000,3500000,3500000,200000,3500000,3500000,3500000,3500000,3500000,200000,200000,200000,200000"
    reservation "15489000.0,3644900.0,3779300.0,3644900.0,3779300.0,208400.0,3779300.0,3644900.0,3644900.0,3779300.0,3779300.0,203240.0,196880.0,177140.0,177140.0"
    port 0
  ]
  edge [
    source 22
    target 23
    key 0
    id "e31"
    bandwidth 50000000
    traffic ""
    reservation ""
    port 1
  ]
  edge [
    source 23
    target 5
    key 0
    id "e22"
    bandwidth 50000000
    traffic "18000000,3500000,3500000,3500000,3500000,3500000,3500000,3500000,3500000,200000"
    reservation "19987200.0,3779300.0,3779300.0,3644900.0,3644900.0,3779300.0,3644900.0,3644900.0,3779300.0,196880.0"
    port 0
  ]
  edge [
    source 23
    target 22
    key 0
    id "e31"
    bandwidth 50000000
    traffic "18000000,3500000,3500000,3500000,3500000,200000,3500000,3500000,3500000,3500000,3500000,200000,200000,200000,200000"
    reservation "15489000.0,3644900.0,3779300.0,3644900.0,3779300.0,208400.0,3779300.0,3644900.0,3644900.0,3779300.0,3779300.0,203240.0,196880.0,177140.0,177140.0"
    port 1
  ]
  edge [
    source 23
    target 24
    key 0
    id "e30"
    bandwidth 50000000
    traffic ""
    reservation ""
    port 2
  ]
  edge [
    source 23
    target 40
    key 0
    port 3
    weight 1
    bandwidth 50000000
    traffic ""
    reservation ""
  ]
  edge [
    source 23
    target 41
    key 0
    port 4
    weight 1
    bandwidth 50000000
    traffic ""
    reservation ""
  ]
  edge [
    source 23
    target 42
    key 0
    port 5
    weight 1
    bandwidth 50000000
    traffic ""
    reservation ""
  ]
  edge [
    source 23
    target 43
    key 0
    port 6
    weight 1
    bandwidth 50000000
    traffic ""
    reservation ""
  ]
  edge [
    source 23
    target 44
    key 0
    port 7
    weight 1
    bandwidth 50000000
    traffic ""
    reservation ""
  ]
  edge [
    source 23
    target 45
    key 0
    port 8
    weight 1
    bandwidth 50000000
    traffic ""
    reservation ""
  ]
  edge [
    source 23
    target 46
    key 0
    port 9
    weight 1
    bandwidth 50000000
    traffic ""
    reservation ""
  ]
  edge [
    source 23
    target 47
    key 0
    port 10
    weight 1
    bandwidth 50000000
    traffic ""
    reservation ""
  ]
  edge [
    source 23
    target 48
    key 0
    port 11
    weight 1
    bandwidth 50000000
    traffic ""
    reservation ""
  ]
  edge [
    source 23
    target 49
    key 0
    port 12
    weight 1
    bandwidth 50000000
    traffic ""
    reservation ""
  ]
  edge [
    source 23
    target 50
    key 0
    port 13
    weight 1
    bandwidth 50000000
    traffic ""
    reservation ""
  ]
  edge [
    source 23
    target 51
    key 0
    port 14
    weight 1
    bandwidth 50000000
    traffic ""
    reservation ""
  ]
  edge [
    source 23
    target 52
    key 0
    port 15
    weight 1
    bandwidth 50000000
    traffic ""
    reservation ""
  ]
  edge [
    source 23
    target 53
    key 0
    port 16
    weight 1
    bandwidth 50000000
    traffic ""
    reservation ""
  ]
  edge [
    source 23
    target 54
    key 0
    port 17
    weight 1
    bandwidth 50000000
    traffic ""
    reservation ""
  ]
  edge [
    source 23
    target 55
    key 0
    port 18
    weight 1
    bandwidth 50000000
    traffic ""
    reservation ""
  ]
  edge [
    source 23
    target 56
    key 0
    port 19
    weight 1
    bandwidth 50000000
    traffic ""
    reservation ""
  ]
  edge [
    source 23
    target 57
    key 0
    port 20
    weight 1
    bandwidth 50000000
    traffic ""
    reservation ""
  ]
  edge [
    source 23
    target 58
    key 0
    port 21
    weight 1
    bandwidth 50000000
    traffic ""
    reservation ""
  ]
  edge [
    source 23
    target 59
    key 0
    port 22
    weight 1
    bandwidth 50000000
    traffic ""
    reservation ""
  ]
  edge [
    source 23
    target 60
    key 0
    port 23
    weight 1
    bandwidth 50000000
    traffic ""
    reservation ""
  ]
  edge [
    source 23
    target 61
    key 0
    port 24
    weight 1
    bandwidth 50000000
    traffic ""
    reservation ""
  ]
  edge [
    source 23
    target 62
    key 0
    port 25
    weight 1
    bandwidth 50000000
    traffic ""
    reservation ""
  ]
  edge [
    source 23
    target 63
    key 0
    port 26
    weight 1
    bandwidth 50000000
    traffic ""
    reservation ""
  ]
  edge [
    source 23
    target 64
    key 0
    port 27
    weight 1
    bandwidth 50000000
    traffic ""
    reservation ""
  ]
  edge [
    source 24
    target 19
    key 0
    id "e28"
    bandwidth 50000000
    traffic ""
    reservation ""
    port 0
  ]
  edge [
    source 24
    target 23
    key 0
    id "e30"
    bandwidth 50000000
    traffic ""
    reservation ""
    port 1
  ]
  edge [
    source 25
    target 7
    key 0
    id "e11"
    bandwidth 50000000
    traffic ""
    reservation ""
    port 0
  ]
  edge [
    source 25
    target 30
    key 0
    id "e4"
    bandwidth 50000000
    traffic "3500000,3500000,3500000,200000"
    reservation "3779300.0,3779300.0,3644900.0,196880.0"
    port 1
  ]
  edge [
    source 26
    target 2
    key 0
    id "e12"
    bandwidth 50000000
    traffic ""
    reservation ""
    port 0
  ]
  edge [
    source 26
    target 3
    key 0
    id "e13"
    bandwidth 50000000
    traffic "18000000,18000000"
    reservation "19755000.0,15489000.0"
    port 1
  ]
  edge [
    source 27
    target 13
    key 0
    id "e1"
    bandwidth 50000000
    traffic "200000,200000,200000,200000,200000,200000,200000,200000"
    reservation "196880.0,177140.0,196880.0,177140.0,196880.0,212240.0,196100.0,177140.0"
    port 0
  ]
  edge [
    source 27
    target 28
    key 0
    id "e0"
    bandwidth 50000000
    traffic "18000000,3500000,3500000,3500000,3500000,3500000,3500000,3500000,3500000,3500000"
    reservation "15489000.0,3644900.0,3779300.0,3644900.0,3779300.0,3779300.0,3644900.0,3644900.0,3779300.0,3779300.0"
    port 1
  ]
  edge [
    source 28
    target 27
    key 0
    id "e0"
    bandwidth 50000000
    traffic "200000,200000,200000,200000,200000,200000,200000,200000"
    reservation "196880.0,177140.0,196880.0,177140.0,196880.0,212240.0,196100.0,177140.0"
    port 0
  ]
  edge [
    source 28
    target 29
    key 0
    id "e2"
    bandwidth 50000000
    traffic "18000000,3500000,3500000,3500000,3500000,3500000,3500000,3500000,3500000,3500000"
    reservation "15489000.0,3644900.0,3779300.0,3644900.0,3779300.0,3779300.0,3644900.0,3644900.0,3779300.0,3779300.0"
    port 1
  ]
  edge [
    source 29
    target 28
    key 0
    id "e2"
    bandwidth 50000000
    traffic "200000,200000,200000,200000,200000,200000,200000,200000"
    reservation "196880.0,177140.0,196880.0,177140.0,196880.0,212240.0,196100.0,177140.0"
    port 0
  ]
  edge [
    source 29
    target 30
    key 0
    id "e3"
    bandwidth 50000000
    traffic "18000000"
    reservation "15489000.0"
    port 1
  ]
  edge [
    source 29
    target 35
    key 0
    port 2
    weight 1
    bandwidth 350000000
    traffic "3500000,3500000,3500000,3500000,3500000,3500000,3500000,3500000,3500000,3500000,3500000,3500000,3500000,3500000,3500000,3500000,3500000,3500000,3500000,3500000,3500000,3500000"
    reservation "3779300.0,3779300.0,3644900.0,3644900.0,3779300.0,3644900.0,3644900.0,3779300.0,3644900.0,3779300.0,3644900.0,3779300.0,3779300.0,3644900.0,3644900.0,3779300.0,3779300.0,3779300.0,3644900.0,3779300.0,3779300.0,3644900.0"
  ]
  edge [
    source 30
    target 20
    key 0
    id "e5"
    bandwidth 50000000
    traffic "18000000,18000000"
    reservation "17908200.0,15489000.0"
    port 0
  ]
  edge [
    source 30
    target 25
    key 0
    id "e4"
    bandwidth 50000000
    traffic ""
    reservation ""
    port 1
  ]
  edge [
    source 30
    target 29
    key 0
    id "e3"
    bandwidth 50000000
    traffic "3500000,3500000,3500000,3500000,3500000,3500000,3500000,3500000,200000,3500000,3500000,3500000,3500000,3500000,200000,200000,200000,200000,200000,200000,200000"
    reservation "3779300.0,3779300.0,3644900.0,3644900.0,3779300.0,3644900.0,3644900.0,3779300.0,196880.0,3779300.0,3644900.0,3779300.0,3779300.0,3644900.0,177140.0,196880.0,177140.0,196880.0,212240.0,196100.0,177140.0"
    port 2
  ]
  edge [
    source 30
    target 34
    key 0
    id "e7"
    bandwidth 50000000
    traffic ""
    reservation ""
    port 3
  ]
  edge [
    source 30
    target 31
    key 0
    id "e6"
    bandwidth 50000000
    traffic ""
    reservation ""
    port 4
  ]
  edge [
    source 30
    target 38
    key 0
    port 5
    weight 1
    bandwidth 50000000
    traffic ""
    reservation ""
  ]
  edge [
    source 30
    target 65
    key 0
    port 6
    weight 1
    bandwidth 50000000
    traffic ""
    reservation ""
  ]
  edge [
    source 30
    target 66
    key 0
    port 7
    weight 1
    bandwidth 50000000
    traffic ""
    reservation ""
  ]
  edge [
    source 30
    target 67
    key 0
    port 8
    weight 1
    bandwidth 50000000
    traffic ""
    reservation ""
  ]
  edge [
    source 30
    target 68
    key 0
    port 9
    weight 1
    bandwidth 50000000
    traffic ""
    reservation ""
  ]
  edge [
    source 30
    target 69
    key 0
    port 10
    weight 1
    bandwidth 50000000
    traffic ""
    reservation ""
  ]
  edge [
    source 30
    target 70
    key 0
    port 11
    weight 1
    bandwidth 50000000
    traffic ""
    reservation ""
  ]
  edge [
    source 30
    target 71
    key 0
    port 12
    weight 1
    bandwidth 50000000
    traffic ""
    reservation ""
  ]
  edge [
    source 30
    target 72
    key 0
    port 13
    weight 1
    bandwidth 50000000
    traffic ""
    reservation ""
  ]
  edge [
    source 30
    target 73
    key 0
    port 14
    weight 1
    bandwidth 50000000
    traffic ""
    reservation ""
  ]
  edge [
    source 30
    target 74
    key 0
    port 15
    weight 1
    bandwidth 50000000
    traffic ""
    reservation ""
  ]
  edge [
    source 30
    target 75
    key 0
    port 16
    weight 1
    bandwidth 50000000
    traffic ""
    reservation ""
  ]
  edge [
    source 30
    target 76
    key 0
    port 17
    weight 1
    bandwidth 50000000
    traffic ""
    reservation ""
  ]
  edge [
    source 31
    target 30
    key 0
    id "e6"
    bandwidth 50000000
    traffic ""
    reservation ""
    port 0
  ]
  edge [
    source 31
    target 32
    key 0
    id "e8"
    bandwidth 50000000
    traffic ""
    reservation ""
    port 1
  ]
  edge [
    source 32
    target 31
    key 0
    id "e8"
    bandwidth 50000000
    traffic ""
    reservation ""
    port 0
  ]
  edge [
    source 32
    target 33
    key 0
    id "e9"
    bandwidth 50000000
    traffic ""
    reservation ""
    port 1
  ]
  edge [
    source 33
    target 32
    key 0
    id "e9"
    bandwidth 50000000
    traffic ""
    reservation ""
    port 0
  ]
  edge [
    source 33
    target 34
    key 0
    id "e10"
    bandwidth 50000000
    traffic ""
    reservation ""
    port 1
  ]
  edge [
    source 34
    target 30
    key 0
    id "e7"
    bandwidth 50000000
    traffic ""
    reservation ""
    port 0
  ]
  edge [
    source 34
    target 33
    key 0
    id "e10"
    bandwidth 50000000
    traffic ""
    reservation ""
    port 1
  ]
  edge [
    source 35
    target 29
    key 0
    port 0
    weight 1
    bandwidth 350000000
    traffic ""
    reservation ""
  ]
  edge [
    source 36
    target 11
    key 0
    port 0
    weight 1
    bandwidth 350000000
    traffic ""
    reservation ""
  ]
  edge [
    source 37
    target 3
    key 0
    port 0
    weight 1
    bandwidth 350000000
    traffic ""
    reservation ""
  ]
  edge [
    source 38
    target 30
    key 0
    port 0
    weight 1
    bandwidth 50000000
    traffic "18000000"
    reservation "17908200.0"
  ]
  edge [
    source 39
    target 2
    key 0
    port 0
    weight 1
    bandwidth 50000000
    traffic "18000000"
    reservation "19755000.0"
  ]
  edge [
    source 40
    target 23
    key 0
    port 0
    weight 1
    bandwidth 50000000
    traffic "18000000"
    reservation "19987200.0"
  ]
  edge [
    source 41
    target 23
    key 0
    port 0
    weight 1
    bandwidth 50000000
    traffic "3500000"
    reservation "3779300.0"
  ]
  edge [
    source 42
    target 23
    key 0
    port 0
    weight 1
    bandwidth 50000000
    traffic "3500000"
    reservation "3779300.0"
  ]
  edge [
    source 43
    target 23
    key 0
    port 0
    weight 1
    bandwidth 50000000
    traffic "3500000"
    reservation "3644900.0"
  ]
  edge [
    source 44
    target 23
    key 0
    port 0
    weight 1
    bandwidth 50000000
    traffic "3500000"
    reservation "3644900.0"
  ]
  edge [
    source 45
    target 23
    key 0
    port 0
    weight 1
    bandwidth 50000000
    traffic "3500000"
    reservation "3779300.0"
  ]
  edge [
    source 46
    target 23
    key 0
    port 0
    weight 1
    bandwidth 50000000
    traffic "3500000"
    reservation "3644900.0"
  ]
  edge [
    source 47
    target 23
    key 0
    port 0
    weight 1
    bandwidth 50000000
    traffic "18000000"
    reservation "15489000.0"
  ]
  edge [
    source 48
    target 23
    key 0
    port 0
    weight 1
    bandwidth 50000000
    traffic "3500000"
    reservation "3644900.0"
  ]
  edge [
    source 49
    target 23
    key 0
    port 0
    weight 1
    bandwidth 50000000
    traffic "3500000"
    reservation "3779300.0"
  ]
  edge [
    source 50
    target 23
    key 0
    port 0
    weight 1
    bandwidth 50000000
    traffic "3500000"
    reservation "3644900.0"
  ]
  edge [
    source 51
    target 23
    key 0
    port 0
    weight 1
    bandwidth 50000000
    traffic "3500000"
    reservation "3779300.0"
  ]
  edge [
    source 52
    target 23
    key 0
    port 0
    weight 1
    bandwidth 50000000
    traffic "3500000"
    reservation "3644900.0"
  ]
  edge [
    source 53
    target 23
    key 0
    port 0
    weight 1
    bandwidth 50000000
    traffic "200000"
    reservation "196880.0"
  ]
  edge [
    source 54
    target 23
    key 0
    port 0
    weight 1
    bandwidth 50000000
    traffic "3500000"
    reservation "3779300.0"
  ]
  edge [
    source 55
    target 23
    key 0
    port 0
    weight 1
    bandwidth 50000000
    traffic "200000"
    reservation "208400.0"
  ]
  edge [
    source 56
    target 23
    key 0
    port 0
    weight 1
    bandwidth 50000000
    traffic "3500000"
    reservation "3779300.0"
  ]
  edge [
    source 57
    target 23
    key 0
    port 0
    weight 1
    bandwidth 50000000
    traffic "3500000"
    reservation "3644900.0"
  ]
  edge [
    source 58
    target 23
    key 0
    port 0
    weight 1
    bandwidth 50000000
    traffic "3500000"
    reservation "3644900.0"
  ]
  edge [
    source 59
    target 23
    key 0
    port 0
    weight 1
    bandwidth 50000000
    traffic "3500000"
    reservation "3779300.0"
  ]
  edge [
    source 60
    target 23
    key 0
    port 0
    weight 1
    bandwidth 50000000
    traffic "3500000"
    reservation "3779300.0"
  ]
  edge [
    source 61
    target 23
    key 0
    port 0
    weight 1
    bandwidth 50000000
    traffic "200000"
    reservation "203240.0"
  ]
  edge [
    source 62
    target 23
    key 0
    port 0
    weight 1
    bandwidth 50000000
    traffic "200000"
    reservation "196880.0"
  ]
  edge [
    source 63
    target 23
    key 0
    port 0
    weight 1
    bandwidth 50000000
    traffic "200000"
    reservation "177140.0"
  ]
  edge [
    source 64
    target 23
    key 0
    port 0
    weight 1
    bandwidth 50000000
    traffic "200000"
    reservation "177140.0"
  ]
  edge [
    source 65
    target 30
    key 0
    port 0
    weight 1
    bandwidth 50000000
    traffic "3500000"
    reservation "3779300.0"
  ]
  edge [
    source 66
    target 30
    key 0
    port 0
    weight 1
    bandwidth 50000000
    traffic "3500000"
    reservation "3644900.0"
  ]
  edge [
    source 67
    target 30
    key 0
    port 0
    weight 1
    bandwidth 50000000
    traffic "3500000"
    reservation "3779300.0"
  ]
  edge [
    source 68
    target 30
    key 0
    port 0
    weight 1
    bandwidth 50000000
    traffic "3500000"
    reservation "3779300.0"
  ]
  edge [
    source 69
    target 30
    key 0
    port 0
    weight 1
    bandwidth 50000000
    traffic "3500000"
    reservation "3644900.0"
  ]
  edge [
    source 70
    target 30
    key 0
    port 0
    weight 1
    bandwidth 50000000
    traffic "200000"
    reservation "177140.0"
  ]
  edge [
    source 71
    target 30
    key 0
    port 0
    weight 1
    bandwidth 50000000
    traffic "200000"
    reservation "196880.0"
  ]
  edge [
    source 72
    target 30
    key 0
    port 0
    weight 1
    bandwidth 50000000
    traffic "200000"
    reservation "177140.0"
  ]
  edge [
    source 73
    target 30
    key 0
    port 0
    weight 1
    bandwidth 50000000
    traffic "200000"
    reservation "196880.0"
  ]
  edge [
    source 74
    target 30
    key 0
    port 0
    weight 1
    bandwidth 50000000
    traffic "200000"
    reservation "212240.0"
  ]
  edge [
    source 75
    target 30
    key 0
    port 0
    weight 1
    bandwidth 50000000
    traffic "200000"
    reservation "196100.0"
  ]
  edge [
    source 76
    target 30
    key 0
    port 0
    weight 1
    bandwidth 50000000
    traffic "200000"
    reservation "177140.0"
  ]
]
