graph [
  directed 1
  multigraph 1
  GeoLocation "United States"
  GeoExtent "Country"
  Network "ARPANET"
  Provenance "Secondary"
  Access 0
  Source "http://som.csudh.edu/cis/lpress/history/arpamaps/"
  Version "1.0"
  Type "REN"
  DateType "Historic"
  Backbone 1
  Commercial 0
  label "Arpanet19706"
  ToolsetVersion "0.3.34dev-20120328"
  Customer 0
  IX 0
  SourceGitVersion "e278b1b"
  DateModifier "="
  DateMonth "06"
  LastAccess "25/01/11"
  Layer "ARPA"
  Creator "Topology Zoo Toolset"
  Developed 1
  Transit 0
  NetworkDate "1970_06"
  DateYear "1970"
  LastProcessed "2011_09_01"
  Testbed 0
  levelsToS 76
  node [
    id 0
    label "0"
    Country "United States"
    Longitude -71.11644
    Internal 1
    Latitude 42.37843
    type "inner"
    schedulingPolicy "WFQ"
    tosToQoSqueue "0,1,2,3,4,5,6,7,8,9,10,11,12,13,14,15,16,17,18,19,20,21,22,23,24,25,26,27,28,29,30,31,32,33,34,35,36,37,38,39,40,41,42,43,44,45,46,47,48,49,50,51,52,53,54,55,56,57,58,59,60,61,62,63,64,65,66,67,68,69,70,71,72,73,74,75"
    schedulingWeights "100"
    levelsQoS 1
    queueSizes "32"
  ]
  node [
    id 1
    label "1"
    Country "United States"
    Longitude -122.18219
    Internal 1
    Latitude 37.45383
    type "inner"
    schedulingPolicy "WFQ"
    tosToQoSqueue "12,0,1,2,3,4,5,6,7,8,9,10,11,13,14,15,16,17,18,19,20,21,22,23,24,25,26,27,28,29,30,31,32,33,34,35,36,37,38,39,40,41,42,43,44,45,46,47,48,49,50,51,52,53,54,55,56,57,58,59,60,61,62,63,64,65,66,67,68,69,70,71,72,73,74,75"
    schedulingWeights "100;100"
    levelsQoS 1
    queueSizes "32"
  ]
  node [
    id 2
    label "2"
    Country "United States"
    Longitude -119.69819
    Internal 1
    Latitude 34.42083
    type "antenna"
    schedulingPolicy "WFQ"
    tosToQoSqueue "12,0,1,2,3,4,5,6,7,8,9,10,11,13,14,15,16,17,18,19,20,21,22,23,24,25,26,27,28,29,30,31,32,33,34,35,36,37,38,39,40,41,42,43,44,45,46,47,48,49,50,51,52,53,54,55,56,57,58,59,60,61,62,63,64,65,66,67,68,69,70,71,72,73,74,75"
    schedulingWeights "100;100;100"
    levelsQoS 1
    queueSizes "32"
  ]
  node [
    id 3
    label "3"
    Country "United States"
    Longitude -118.24368
    Internal 1
    Latitude 34.05223
    type "destination_embb"
    schedulingPolicy "FIFO"
    levelsQoS "1"
    schedulingWeights "-"
    tosToQoSqueue "0,1,2,3,4,5,6,7,8,9,10,11,12,13,14,15,16,17,18,19,20,21,22,23,24,25,26,27,28,29,30,31,32,33,34,35,36,37,38,39,40,41,42,43,44,45,46,47,48,49,50,51,52,53,54,55,56,57,58,59,60,61,62,63,64,65,66,67,68,69,70,71,72,73,74,75"
    queueSizes "32"
  ]
  node [
    id 4
    label "4"
    Country "United States"
    Longitude -118.49119
    Internal 1
    Latitude 34.01945
    type "inner"
    schedulingPolicy "WFQ"
    tosToQoSqueue "24,29,31,36,38,44,49,54,58,60;51,52;25,26,28,30,33,34,39,46,50,53,55;37,40,42,56,59,61,64;65,67;69,70,73;68;74;66,71,72;75;16;13,18;14,0,1,2,3,4,5,6,7,8,9,10,11,12,15,17,19,20,21,22,23,27,32,35,41,43,45,47,48,57,62,63"
    schedulingWeights "0.001,0.001,0.001,0.001,0.001,0.001,0.001,0.001,0.001,0.001,19.631,35.708,44.651;0.001,0.001,0.001,0.001,0.001,0.001,0.001,0.001,0.001,0.001,0.001,0.001,99.988;32.869,7.248,36.525,21.17,0.382,0.595,0.194,0.19,0.596,0.199,0.001,0.001,0.029"
    levelsQoS 13
    queueSizes "32,32,32,32,32,32,32,32,32,32,32,32,32"
  ]
  node [
    id 5
    label "5"
    Country "United States"
    Longitude -118.49119
    Internal 1
    Latitude 34.01945
    type "destination_urllc"
    schedulingPolicy "FIFO"
    levelsQoS "1"
    schedulingWeights "-"
    tosToQoSqueue "0,1,2,3,4,5,6,7,8,9,10,11,12,13,14,15,16,17,18,19,20,21,22,23,24,25,26,27,28,29,30,31,32,33,34,35,36,37,38,39,40,41,42,43,44,45,46,47,48,49,50,51,52,53,54,55,56,57,58,59,60,61,62,63,64,65,66,67,68,69,70,71,72,73,74,75"
    queueSizes "32"
  ]
  node [
    id 6
    label "6"
    Country "United States"
    Longitude -111.89105
    Internal 1
    Latitude 40.76078
    type "destination_mmtc"
    schedulingPolicy "FIFO"
    levelsQoS "1"
    schedulingWeights "-"
    tosToQoSqueue "0,1,2,3,4,5,6,7,8,9,10,11,12,13,14,15,16,17,18,19,20,21,22,23,24,25,26,27,28,29,30,31,32,33,34,35,36,37,38,39,40,41,42,43,44,45,46,47,48,49,50,51,52,53,54,55,56,57,58,59,60,61,62,63,64,65,66,67,68,69,70,71,72,73,74,75"
    queueSizes "32"
  ]
  node [
    id 7
    label "7"
    Country "United States"
    Longitude -71.09172
    Internal 1
    Latitude 42.35954
    type "antenna"
    schedulingPolicy "WFQ"
    tosToQoSqueue "17,19,20,24,29,31,36,38,44,49,54,58,60;15,51,52;22,23,25,26,28,30,33,34,39,46,50,53,55;21,37,40,42,56,59,61,64;32,35,48,65,67;47,57,69,70,73;68;45,62,74;27,43,66,71,72;75;41,63;16;13,18;14,0,1,2,3,4,5,6,7,8,9,10,11,12"
    schedulingWeights "9.861,3.624,6.641,3.024,0.574,0.396,0.001,0.38,0.397,0.001,0.449,19.631,35.708,19.312;32.869,7.248,36.525,21.17,0.382,0.595,0.194,0.19,0.596,0.199,0.001,0.001,0.001,0.028;0.001,0.001,0.001,0.001,0.001,0.001,0.001,0.001,0.001,0.001,0.001,0.001,0.001,99.987;0.001,0.001,0.001,0.001,0.001,0.001,0.001,0.001,0.001,0.001,0.001,0.001,0.001,99.987;0.001,0.001,0.001,0.001,0.001,0.001,0.001,0.001,0.001,0.001,0.001,0.001,0.001,99.987;0.001,0.001,0.001,0.001,0.001,0.001,0.001,0.001,0.001,0.001,0.001,0.001,0.001,99.987;0.001,0.001,0.001,0.001,0.001,0.001,0.001,0.001,0.001,0.001,0.001,0.001,0.001,99.987;0.001,0.001,0.001,0.001,0.001,0.001,0.001,0.001,0.001,0.001,0.001,0.001,0.001,99.987;0.001,0.001,0.001,0.001,0.001,0.001,0.001,0.001,0.001,0.001,0.001,0.001,0.001,99.987;0.001,0.001,0.001,0.001,0.001,0.001,0.001,0.001,0.001,0.001,0.001,0.001,0.001,99.987;0.001,0.001,0.001,0.001,0.001,0.001,0.001,0.001,0.001,0.001,0.001,0.001,0.001,99.987;0.001,0.001,0.001,0.001,0.001,0.001,0.001,0.001,0.001,0.001,0.001,0.001,0.001,99.987;0.001,0.001,0.001,0.001,0.001,0.001,0.001,0.001,0.001,0.001,0.001,0.001,0.001,99.987;0.001,0.001,0.001,0.001,0.001,0.001,0.001,0.001,0.001,0.001,0.001,0.001,0.001,99.987;0.001,0.001,0.001,0.001,0.001,0.001,0.001,0.001,0.001,0.001,0.001,0.001,0.001,99.987;0.001,0.001,0.001,0.001,0.001,0.001,0.001,0.001,0.001,0.001,0.001,0.001,0.001,99.987;0.001,0.001,0.001,0.001,0.001,0.001,0.001,0.001,0.001,0.001,0.001,0.001,0.001,99.987;0.001,0.001,0.001,0.001,0.001,0.001,0.001,0.001,0.001,0.001,0.001,0.001,0.001,99.987;0.001,0.001,0.001,0.001,0.001,0.001,0.001,0.001,0.001,0.001,0.001,0.001,0.001,99.987;0.001,0.001,0.001,0.001,0.001,0.001,0.001,0.001,0.001,0.001,0.001,0.001,0.001,99.987;0.001,0.001,0.001,0.001,0.001,0.001,0.001,0.001,0.001,0.001,0.001,0.001,0.001,99.987;0.001,0.001,0.001,0.001,0.001,0.001,0.001,0.001,0.001,0.001,0.001,0.001,0.001,99.987;0.001,0.001,0.001,0.001,0.001,0.001,0.001,0.001,0.001,0.001,0.001,0.001,0.001,99.987;0.001,0.001,0.001,0.001,0.001,0.001,0.001,0.001,0.001,0.001,0.001,0.001,0.001,99.987;0.001,0.001,0.001,0.001,0.001,0.001,0.001,0.001,0.001,0.001,0.001,0.001,0.001,99.987;0.001,0.001,0.001,0.001,0.001,0.001,0.001,0.001,0.001,0.001,0.001,0.001,0.001,99.987;0.001,0.001,0.001,0.001,0.001,0.001,0.001,0.001,0.001,0.001,0.001,0.001,0.001,99.987;0.001,0.001,0.001,0.001,0.001,0.001,0.001,0.001,0.001,0.001,0.001,0.001,0.001,99.987;0.001,0.001,0.001,0.001,0.001,0.001,0.001,0.001,0.001,0.001,0.001,0.001,0.001,99.987;0.001,0.001,0.001,0.001,0.001,0.001,0.001,0.001,0.001,0.001,0.001,0.001,0.001,99.987;0.001,0.001,0.001,0.001,0.001,0.001,0.001,0.001,0.001,0.001,0.001,0.001,0.001,99.987;0.001,0.001,0.001,0.001,0.001,0.001,0.001,0.001,0.001,0.001,0.001,0.001,0.001,99.987;0.001,0.001,0.001,0.001,0.001,0.001,0.001,0.001,0.001,0.001,0.001,0.001,0.001,99.987;0.001,0.001,0.001,0.001,0.001,0.001,0.001,0.001,0.001,0.001,0.001,0.001,0.001,99.987;0.001,0.001,0.001,0.001,0.001,0.001,0.001,0.001,0.001,0.001,0.001,0.001,0.001,99.987;0.001,0.001,0.001,0.001,0.001,0.001,0.001,0.001,0.001,0.001,0.001,0.001,0.001,99.987;0.001,0.001,0.001,0.001,0.001,0.001,0.001,0.001,0.001,0.001,0.001,0.001,0.001,99.987;0.001,0.001,0.001,0.001,0.001,0.001,0.001,0.001,0.001,0.001,0.001,0.001,0.001,99.987;0.001,0.001,0.001,0.001,0.001,0.001,0.001,0.001,0.001,0.001,0.001,0.001,0.001,99.987;0.001,0.001,0.001,0.001,0.001,0.001,0.001,0.001,0.001,0.001,0.001,0.001,0.001,99.987;0.001,0.001,0.001,0.001,0.001,0.001,0.001,0.001,0.001,0.001,0.001,0.001,0.001,99.987;0.001,0.001,0.001,0.001,0.001,0.001,0.001,0.001,0.001,0.001,0.001,0.001,0.001,99.987;0.001,0.001,0.001,0.001,0.001,0.001,0.001,0.001,0.001,0.001,0.001,0.001,0.001,99.987;0.001,0.001,0.001,0.001,0.001,0.001,0.001,0.001,0.001,0.001,0.001,0.001,0.001,99.987;0.001,0.001,0.001,0.001,0.001,0.001,0.001,0.001,0.001,0.001,0.001,0.001,0.001,99.987;0.001,0.001,0.001,0.001,0.001,0.001,0.001,0.001,0.001,0.001,0.001,0.001,0.001,99.987;0.001,0.001,0.001,0.001,0.001,0.001,0.001,0.001,0.001,0.001,0.001,0.001,0.001,99.987;0.001,0.001,0.001,0.001,0.001,0.001,0.001,0.001,0.001,0.001,0.001,0.001,0.001,99.987;0.001,0.001,0.001,0.001,0.001,0.001,0.001,0.001,0.001,0.001,0.001,0.001,0.001,99.987;0.001,0.001,0.001,0.001,0.001,0.001,0.001,0.001,0.001,0.001,0.001,0.001,0.001,99.987;0.001,0.001,0.001,0.001,0.001,0.001,0.001,0.001,0.001,0.001,0.001,0.001,0.001,99.987;0.001,0.001,0.001,0.001,0.001,0.001,0.001,0.001,0.001,0.001,0.001,0.001,0.001,99.987;0.001,0.001,0.001,0.001,0.001,0.001,0.001,0.001,0.001,0.001,0.001,0.001,0.001,99.987;0.001,0.001,0.001,0.001,0.001,0.001,0.001,0.001,0.001,0.001,0.001,0.001,0.001,99.987;0.001,0.001,0.001,0.001,0.001,0.001,0.001,0.001,0.001,0.001,0.001,0.001,0.001,99.987;0.001,0.001,0.001,0.001,0.001,0.001,0.001,0.001,0.001,0.001,0.001,0.001,0.001,99.987;0.001,0.001,0.001,0.001,0.001,0.001,0.001,0.001,0.001,0.001,0.001,0.001,0.001,99.987;0.001,0.001,0.001,0.001,0.001,0.001,0.001,0.001,0.001,0.001,0.001,0.001,0.001,99.987;0.001,0.001,0.001,0.001,0.001,0.001,0.001,0.001,0.001,0.001,0.001,0.001,0.001,99.987;0.001,0.001,0.001,0.001,0.001,0.001,0.001,0.001,0.001,0.001,0.001,0.001,0.001,99.987;0.001,0.001,0.001,0.001,0.001,0.001,0.001,0.001,0.001,0.001,0.001,0.001,0.001,99.987;0.001,0.001,0.001,0.001,0.001,0.001,0.001,0.001,0.001,0.001,0.001,0.001,0.001,99.987;0.001,0.001,0.001,0.001,0.001,0.001,0.001,0.001,0.001,0.001,0.001,0.001,0.001,99.987;0.001,0.001,0.001,0.001,0.001,0.001,0.001,0.001,0.001,0.001,0.001,0.001,0.001,99.987;0.001,0.001,0.001,0.001,0.001,0.001,0.001,0.001,0.001,0.001,0.001,0.001,0.001,99.987"
    levelsQoS 14
    queueSizes "32,32,32,32,32,32,32,32,32,32,32,32,32,32"
  ]
  node [
    id 8
    label "8"
    Country "United States"
    Longitude -71.10561
    Internal 1
    Latitude 42.3751
    type "inner"
    schedulingPolicy "WFQ"
    tosToQoSqueue "24,29,31,36,38,44,49,54,58,60;51,52;25,26,28,30,33,34,39,46,50,53,55;37,40,42,56,59,61,64;65,67;69,70,73;68;74;66,71,72;75,0,1,2,3,4,5,6,7,8,9,10,11,12,13,14,15,16,17,18,19,20,21,22,23,27,32,35,41,43,45,47,48,57,62,63"
    schedulingWeights "0.001,0.001,0.001,0.001,0.001,0.001,0.001,0.001,0.001,99.991;32.869,7.248,36.525,21.17,0.382,0.595,0.194,0.19,0.596,0.231;0.001,0.001,0.001,0.001,0.001,0.001,0.001,0.001,0.001,99.991"
    levelsQoS 10
    queueSizes "32,32,32,32,32,32,32,32,32,32"
  ]
  node [
    id 9
    label "9"
    schedulingPolicy "FIFO"
    levelsQoS "1"
    schedulingWeights "-"
    tosToQoSqueue "0,1,2,3,4,5,6,7,8,9,10,11,12,13,14,15,16,17,18,19,20,21,22,23,24,25,26,27,28,29,30,31,32,33,34,35,36,37,38,39,40,41,42,43,44,45,46,47,48,49,50,51,52,53,54,55,56,57,58,59,60,61,62,63,64,65,66,67,68,69,70,71,72,73,74,75"
    queueSizes "32"
    type "destination_urllc"
  ]
  node [
    id 10
    label "10"
    schedulingPolicy "FIFO"
    levelsQoS "1"
    schedulingWeights "-"
    tosToQoSqueue "0,1,2,3,4,5,6,7,8,9,10,11,12,13,14,15,16,17,18,19,20,21,22,23,24,25,26,27,28,29,30,31,32,33,34,35,36,37,38,39,40,41,42,43,44,45,46,47,48,49,50,51,52,53,54,55,56,57,58,59,60,61,62,63,64,65,66,67,68,69,70,71,72,73,74,75"
    queueSizes "32"
    type "destination_mmtc"
  ]
  node [
    id 11
    label "11"
    schedulingPolicy "FIFO"
    levelsQoS "1"
    schedulingWeights "-"
    tosToQoSqueue "0,1,2,3,4,5,6,7,8,9,10,11,12,13,14,15,16,17,18,19,20,21,22,23,24,25,26,27,28,29,30,31,32,33,34,35,36,37,38,39,40,41,42,43,44,45,46,47,48,49,50,51,52,53,54,55,56,57,58,59,60,61,62,63,64,65,66,67,68,69,70,71,72,73,74,75"
    queueSizes "32"
    type "destination_embb"
  ]
  node [
    id 12
    label "12"
    schedulingPolicy "FIFO"
    levelsQoS "1"
    schedulingWeights "-"
    tosToQoSqueue "0,1,2,3,4,5,6,7,8,9,10,11,12,13,14,15,16,17,18,19,20,21,22,23,24,25,26,27,28,29,30,31,32,33,34,35,36,37,38,39,40,41,42,43,44,45,46,47,48,49,50,51,52,53,54,55,56,57,58,59,60,61,62,63,64,65,66,67,68,69,70,71,72,73,74,75"
    queueSizes "32"
    type "origin_embb"
    reservation 16201800.0
  ]
  node [
    id 13
    label "13"
    schedulingPolicy "FIFO"
    levelsQoS "1"
    schedulingWeights "-"
    tosToQoSqueue "0,1,2,3,4,5,6,7,8,9,10,11,12,13,14,15,16,17,18,19,20,21,22,23,24,25,26,27,28,29,30,31,32,33,34,35,36,37,38,39,40,41,42,43,44,45,46,47,48,49,50,51,52,53,54,55,56,57,58,59,60,61,62,63,64,65,66,67,68,69,70,71,72,73,74,75"
    queueSizes "32"
    type "origin_embb"
    reservation 17854200.0
  ]
  node [
    id 14
    label "14"
    schedulingPolicy "FIFO"
    levelsQoS "1"
    schedulingWeights "-"
    tosToQoSqueue "0,1,2,3,4,5,6,7,8,9,10,11,12,13,14,15,16,17,18,19,20,21,22,23,24,25,26,27,28,29,30,31,32,33,34,35,36,37,38,39,40,41,42,43,44,45,46,47,48,49,50,51,52,53,54,55,56,57,58,59,60,61,62,63,64,65,66,67,68,69,70,71,72,73,74,75"
    queueSizes "32"
    type "origin_embb"
    reservation 19220400.0
  ]
  node [
    id 15
    label "15"
    schedulingPolicy "FIFO"
    levelsQoS "1"
    schedulingWeights "-"
    tosToQoSqueue "0,1,2,3,4,5,6,7,8,9,10,11,12,13,14,15,16,17,18,19,20,21,22,23,24,25,26,27,28,29,30,31,32,33,34,35,36,37,38,39,40,41,42,43,44,45,46,47,48,49,50,51,52,53,54,55,56,57,58,59,60,61,62,63,64,65,66,67,68,69,70,71,72,73,74,75"
    queueSizes "32"
    type "origin_urllc"
    reservation 3623900.0
  ]
  node [
    id 16
    label "16"
    schedulingPolicy "FIFO"
    levelsQoS "1"
    schedulingWeights "-"
    tosToQoSqueue "0,1,2,3,4,5,6,7,8,9,10,11,12,13,14,15,16,17,18,19,20,21,22,23,24,25,26,27,28,29,30,31,32,33,34,35,36,37,38,39,40,41,42,43,44,45,46,47,48,49,50,51,52,53,54,55,56,57,58,59,60,61,62,63,64,65,66,67,68,69,70,71,72,73,74,75"
    queueSizes "32"
    type "origin_embb"
    reservation 19630800.0
  ]
  node [
    id 17
    label "17"
    schedulingPolicy "FIFO"
    levelsQoS "1"
    schedulingWeights "-"
    tosToQoSqueue "0,1,2,3,4,5,6,7,8,9,10,11,12,13,14,15,16,17,18,19,20,21,22,23,24,25,26,27,28,29,30,31,32,33,34,35,36,37,38,39,40,41,42,43,44,45,46,47,48,49,50,51,52,53,54,55,56,57,58,59,60,61,62,63,64,65,66,67,68,69,70,71,72,73,74,75"
    queueSizes "32"
    type "origin_urllc"
    reservation 3286850.0
  ]
  node [
    id 18
    label "18"
    schedulingPolicy "FIFO"
    levelsQoS "1"
    schedulingWeights "-"
    tosToQoSqueue "0,1,2,3,4,5,6,7,8,9,10,11,12,13,14,15,16,17,18,19,20,21,22,23,24,25,26,27,28,29,30,31,32,33,34,35,36,37,38,39,40,41,42,43,44,45,46,47,48,49,50,51,52,53,54,55,56,57,58,59,60,61,62,63,64,65,66,67,68,69,70,71,72,73,74,75"
    queueSizes "32"
    type "origin_embb"
    reservation 17854200.0
  ]
  node [
    id 19
    label "19"
    schedulingPolicy "FIFO"
    levelsQoS "1"
    schedulingWeights "-"
    tosToQoSqueue "0,1,2,3,4,5,6,7,8,9,10,11,12,13,14,15,16,17,18,19,20,21,22,23,24,25,26,27,28,29,30,31,32,33,34,35,36,37,38,39,40,41,42,43,44,45,46,47,48,49,50,51,52,53,54,55,56,57,58,59,60,61,62,63,64,65,66,67,68,69,70,71,72,73,74,75"
    queueSizes "32"
    type "origin_urllc"
    reservation 3286850.0
  ]
  node [
    id 20
    label "20"
    schedulingPolicy "FIFO"
    levelsQoS "1"
    schedulingWeights "-"
    tosToQoSqueue "0,1,2,3,4,5,6,7,8,9,10,11,12,13,14,15,16,17,18,19,20,21,22,23,24,25,26,27,28,29,30,31,32,33,34,35,36,37,38,39,40,41,42,43,44,45,46,47,48,49,50,51,52,53,54,55,56,57,58,59,60,61,62,63,64,65,66,67,68,69,70,71,72,73,74,75"
    queueSizes "32"
    type "origin_urllc"
    reservation 3286850.0
  ]
  node [
    id 21
    label "21"
    schedulingPolicy "FIFO"
    levelsQoS "1"
    schedulingWeights "-"
    tosToQoSqueue "0,1,2,3,4,5,6,7,8,9,10,11,12,13,14,15,16,17,18,19,20,21,22,23,24,25,26,27,28,29,30,31,32,33,34,35,36,37,38,39,40,41,42,43,44,45,46,47,48,49,50,51,52,53,54,55,56,57,58,59,60,61,62,63,64,65,66,67,68,69,70,71,72,73,74,75"
    queueSizes "32"
    type "origin_urllc"
    reservation 3024350.0
  ]
  node [
    id 22
    label "22"
    schedulingPolicy "FIFO"
    levelsQoS "1"
    schedulingWeights "-"
    tosToQoSqueue "0,1,2,3,4,5,6,7,8,9,10,11,12,13,14,15,16,17,18,19,20,21,22,23,24,25,26,27,28,29,30,31,32,33,34,35,36,37,38,39,40,41,42,43,44,45,46,47,48,49,50,51,52,53,54,55,56,57,58,59,60,61,62,63,64,65,66,67,68,69,70,71,72,73,74,75"
    queueSizes "32"
    type "origin_urllc"
    reservation 3320450.0
  ]
  node [
    id 23
    label "23"
    schedulingPolicy "FIFO"
    levelsQoS "1"
    schedulingWeights "-"
    tosToQoSqueue "0,1,2,3,4,5,6,7,8,9,10,11,12,13,14,15,16,17,18,19,20,21,22,23,24,25,26,27,28,29,30,31,32,33,34,35,36,37,38,39,40,41,42,43,44,45,46,47,48,49,50,51,52,53,54,55,56,57,58,59,60,61,62,63,64,65,66,67,68,69,70,71,72,73,74,75"
    queueSizes "32"
    type "origin_urllc"
    reservation 3320450.0
  ]
  node [
    id 24
    label "24"
    schedulingPolicy "FIFO"
    levelsQoS "1"
    schedulingWeights "-"
    tosToQoSqueue "0,1,2,3,4,5,6,7,8,9,10,11,12,13,14,15,16,17,18,19,20,21,22,23,24,25,26,27,28,29,30,31,32,33,34,35,36,37,38,39,40,41,42,43,44,45,46,47,48,49,50,51,52,53,54,55,56,57,58,59,60,61,62,63,64,65,66,67,68,69,70,71,72,73,74,75"
    queueSizes "32"
    type "origin_urllc"
    reservation 3286850.0
  ]
  node [
    id 25
    label "25"
    schedulingPolicy "FIFO"
    levelsQoS "1"
    schedulingWeights "-"
    tosToQoSqueue "0,1,2,3,4,5,6,7,8,9,10,11,12,13,14,15,16,17,18,19,20,21,22,23,24,25,26,27,28,29,30,31,32,33,34,35,36,37,38,39,40,41,42,43,44,45,46,47,48,49,50,51,52,53,54,55,56,57,58,59,60,61,62,63,64,65,66,67,68,69,70,71,72,73,74,75"
    queueSizes "32"
    type "origin_urllc"
    reservation 3320450.0
  ]
  node [
    id 26
    label "26"
    schedulingPolicy "FIFO"
    levelsQoS "1"
    schedulingWeights "-"
    tosToQoSqueue "0,1,2,3,4,5,6,7,8,9,10,11,12,13,14,15,16,17,18,19,20,21,22,23,24,25,26,27,28,29,30,31,32,33,34,35,36,37,38,39,40,41,42,43,44,45,46,47,48,49,50,51,52,53,54,55,56,57,58,59,60,61,62,63,64,65,66,67,68,69,70,71,72,73,74,75"
    queueSizes "32"
    type "origin_urllc"
    reservation 3320450.0
  ]
  node [
    id 27
    label "27"
    schedulingPolicy "FIFO"
    levelsQoS "1"
    schedulingWeights "-"
    tosToQoSqueue "0,1,2,3,4,5,6,7,8,9,10,11,12,13,14,15,16,17,18,19,20,21,22,23,24,25,26,27,28,29,30,31,32,33,34,35,36,37,38,39,40,41,42,43,44,45,46,47,48,49,50,51,52,53,54,55,56,57,58,59,60,61,62,63,64,65,66,67,68,69,70,71,72,73,74,75"
    queueSizes "32"
    type "origin_mmtc"
    reservation 198740.0
  ]
  node [
    id 28
    label "28"
    schedulingPolicy "FIFO"
    levelsQoS "1"
    schedulingWeights "-"
    tosToQoSqueue "0,1,2,3,4,5,6,7,8,9,10,11,12,13,14,15,16,17,18,19,20,21,22,23,24,25,26,27,28,29,30,31,32,33,34,35,36,37,38,39,40,41,42,43,44,45,46,47,48,49,50,51,52,53,54,55,56,57,58,59,60,61,62,63,64,65,66,67,68,69,70,71,72,73,74,75"
    queueSizes "32"
    type "origin_urllc"
    reservation 3320450.0
  ]
  node [
    id 29
    label "29"
    schedulingPolicy "FIFO"
    levelsQoS "1"
    schedulingWeights "-"
    tosToQoSqueue "0,1,2,3,4,5,6,7,8,9,10,11,12,13,14,15,16,17,18,19,20,21,22,23,24,25,26,27,28,29,30,31,32,33,34,35,36,37,38,39,40,41,42,43,44,45,46,47,48,49,50,51,52,53,54,55,56,57,58,59,60,61,62,63,64,65,66,67,68,69,70,71,72,73,74,75"
    queueSizes "32"
    type "origin_urllc"
    reservation 3286850.0
  ]
  node [
    id 30
    label "30"
    schedulingPolicy "FIFO"
    levelsQoS "1"
    schedulingWeights "-"
    tosToQoSqueue "0,1,2,3,4,5,6,7,8,9,10,11,12,13,14,15,16,17,18,19,20,21,22,23,24,25,26,27,28,29,30,31,32,33,34,35,36,37,38,39,40,41,42,43,44,45,46,47,48,49,50,51,52,53,54,55,56,57,58,59,60,61,62,63,64,65,66,67,68,69,70,71,72,73,74,75"
    queueSizes "32"
    type "origin_urllc"
    reservation 3320450.0
  ]
  node [
    id 31
    label "31"
    schedulingPolicy "FIFO"
    levelsQoS "1"
    schedulingWeights "-"
    tosToQoSqueue "0,1,2,3,4,5,6,7,8,9,10,11,12,13,14,15,16,17,18,19,20,21,22,23,24,25,26,27,28,29,30,31,32,33,34,35,36,37,38,39,40,41,42,43,44,45,46,47,48,49,50,51,52,53,54,55,56,57,58,59,60,61,62,63,64,65,66,67,68,69,70,71,72,73,74,75"
    queueSizes "32"
    type "origin_urllc"
    reservation 3286850.0
  ]
  node [
    id 32
    label "32"
    schedulingPolicy "FIFO"
    levelsQoS "1"
    schedulingWeights "-"
    tosToQoSqueue "0,1,2,3,4,5,6,7,8,9,10,11,12,13,14,15,16,17,18,19,20,21,22,23,24,25,26,27,28,29,30,31,32,33,34,35,36,37,38,39,40,41,42,43,44,45,46,47,48,49,50,51,52,53,54,55,56,57,58,59,60,61,62,63,64,65,66,67,68,69,70,71,72,73,74,75"
    queueSizes "32"
    type "origin_mmtc"
    reservation 191180.0
  ]
  node [
    id 33
    label "33"
    schedulingPolicy "FIFO"
    levelsQoS "1"
    schedulingWeights "-"
    tosToQoSqueue "0,1,2,3,4,5,6,7,8,9,10,11,12,13,14,15,16,17,18,19,20,21,22,23,24,25,26,27,28,29,30,31,32,33,34,35,36,37,38,39,40,41,42,43,44,45,46,47,48,49,50,51,52,53,54,55,56,57,58,59,60,61,62,63,64,65,66,67,68,69,70,71,72,73,74,75"
    queueSizes "32"
    type "origin_urllc"
    reservation 3320450.0
  ]
  node [
    id 34
    label "34"
    schedulingPolicy "FIFO"
    levelsQoS "1"
    schedulingWeights "-"
    tosToQoSqueue "0,1,2,3,4,5,6,7,8,9,10,11,12,13,14,15,16,17,18,19,20,21,22,23,24,25,26,27,28,29,30,31,32,33,34,35,36,37,38,39,40,41,42,43,44,45,46,47,48,49,50,51,52,53,54,55,56,57,58,59,60,61,62,63,64,65,66,67,68,69,70,71,72,73,74,75"
    queueSizes "32"
    type "origin_urllc"
    reservation 3320450.0
  ]
  node [
    id 35
    label "35"
    schedulingPolicy "FIFO"
    levelsQoS "1"
    schedulingWeights "-"
    tosToQoSqueue "0,1,2,3,4,5,6,7,8,9,10,11,12,13,14,15,16,17,18,19,20,21,22,23,24,25,26,27,28,29,30,31,32,33,34,35,36,37,38,39,40,41,42,43,44,45,46,47,48,49,50,51,52,53,54,55,56,57,58,59,60,61,62,63,64,65,66,67,68,69,70,71,72,73,74,75"
    queueSizes "32"
    type "origin_mmtc"
    reservation 191180.0
  ]
  node [
    id 36
    label "36"
    schedulingPolicy "FIFO"
    levelsQoS "1"
    schedulingWeights "-"
    tosToQoSqueue "0,1,2,3,4,5,6,7,8,9,10,11,12,13,14,15,16,17,18,19,20,21,22,23,24,25,26,27,28,29,30,31,32,33,34,35,36,37,38,39,40,41,42,43,44,45,46,47,48,49,50,51,52,53,54,55,56,57,58,59,60,61,62,63,64,65,66,67,68,69,70,71,72,73,74,75"
    queueSizes "32"
    type "origin_urllc"
    reservation 3286850.0
  ]
  node [
    id 37
    label "37"
    schedulingPolicy "FIFO"
    levelsQoS "1"
    schedulingWeights "-"
    tosToQoSqueue "0,1,2,3,4,5,6,7,8,9,10,11,12,13,14,15,16,17,18,19,20,21,22,23,24,25,26,27,28,29,30,31,32,33,34,35,36,37,38,39,40,41,42,43,44,45,46,47,48,49,50,51,52,53,54,55,56,57,58,59,60,61,62,63,64,65,66,67,68,69,70,71,72,73,74,75"
    queueSizes "32"
    type "origin_urllc"
    reservation 3024350.0
  ]
  node [
    id 38
    label "38"
    schedulingPolicy "FIFO"
    levelsQoS "1"
    schedulingWeights "-"
    tosToQoSqueue "0,1,2,3,4,5,6,7,8,9,10,11,12,13,14,15,16,17,18,19,20,21,22,23,24,25,26,27,28,29,30,31,32,33,34,35,36,37,38,39,40,41,42,43,44,45,46,47,48,49,50,51,52,53,54,55,56,57,58,59,60,61,62,63,64,65,66,67,68,69,70,71,72,73,74,75"
    queueSizes "32"
    type "origin_urllc"
    reservation 3286850.0
  ]
  node [
    id 39
    label "39"
    schedulingPolicy "FIFO"
    levelsQoS "1"
    schedulingWeights "-"
    tosToQoSqueue "0,1,2,3,4,5,6,7,8,9,10,11,12,13,14,15,16,17,18,19,20,21,22,23,24,25,26,27,28,29,30,31,32,33,34,35,36,37,38,39,40,41,42,43,44,45,46,47,48,49,50,51,52,53,54,55,56,57,58,59,60,61,62,63,64,65,66,67,68,69,70,71,72,73,74,75"
    queueSizes "32"
    type "origin_urllc"
    reservation 3320450.0
  ]
  node [
    id 40
    label "40"
    schedulingPolicy "FIFO"
    levelsQoS "1"
    schedulingWeights "-"
    tosToQoSqueue "0,1,2,3,4,5,6,7,8,9,10,11,12,13,14,15,16,17,18,19,20,21,22,23,24,25,26,27,28,29,30,31,32,33,34,35,36,37,38,39,40,41,42,43,44,45,46,47,48,49,50,51,52,53,54,55,56,57,58,59,60,61,62,63,64,65,66,67,68,69,70,71,72,73,74,75"
    queueSizes "32"
    type "origin_urllc"
    reservation 3024350.0
  ]
  node [
    id 41
    label "41"
    schedulingPolicy "FIFO"
    levelsQoS "1"
    schedulingWeights "-"
    tosToQoSqueue "0,1,2,3,4,5,6,7,8,9,10,11,12,13,14,15,16,17,18,19,20,21,22,23,24,25,26,27,28,29,30,31,32,33,34,35,36,37,38,39,40,41,42,43,44,45,46,47,48,49,50,51,52,53,54,55,56,57,58,59,60,61,62,63,64,65,66,67,68,69,70,71,72,73,74,75"
    queueSizes "32"
    type "origin_mmtc"
    reservation 224720.0
  ]
  node [
    id 42
    label "42"
    schedulingPolicy "FIFO"
    levelsQoS "1"
    schedulingWeights "-"
    tosToQoSqueue "0,1,2,3,4,5,6,7,8,9,10,11,12,13,14,15,16,17,18,19,20,21,22,23,24,25,26,27,28,29,30,31,32,33,34,35,36,37,38,39,40,41,42,43,44,45,46,47,48,49,50,51,52,53,54,55,56,57,58,59,60,61,62,63,64,65,66,67,68,69,70,71,72,73,74,75"
    queueSizes "32"
    type "origin_urllc"
    reservation 3024350.0
  ]
  node [
    id 43
    label "43"
    schedulingPolicy "FIFO"
    levelsQoS "1"
    schedulingWeights "-"
    tosToQoSqueue "0,1,2,3,4,5,6,7,8,9,10,11,12,13,14,15,16,17,18,19,20,21,22,23,24,25,26,27,28,29,30,31,32,33,34,35,36,37,38,39,40,41,42,43,44,45,46,47,48,49,50,51,52,53,54,55,56,57,58,59,60,61,62,63,64,65,66,67,68,69,70,71,72,73,74,75"
    queueSizes "32"
    type "origin_mmtc"
    reservation 198740.0
  ]
  node [
    id 44
    label "44"
    schedulingPolicy "FIFO"
    levelsQoS "1"
    schedulingWeights "-"
    tosToQoSqueue "0,1,2,3,4,5,6,7,8,9,10,11,12,13,14,15,16,17,18,19,20,21,22,23,24,25,26,27,28,29,30,31,32,33,34,35,36,37,38,39,40,41,42,43,44,45,46,47,48,49,50,51,52,53,54,55,56,57,58,59,60,61,62,63,64,65,66,67,68,69,70,71,72,73,74,75"
    queueSizes "32"
    type "origin_urllc"
    reservation 3286850.0
  ]
  node [
    id 45
    label "45"
    schedulingPolicy "FIFO"
    levelsQoS "1"
    schedulingWeights "-"
    tosToQoSqueue "0,1,2,3,4,5,6,7,8,9,10,11,12,13,14,15,16,17,18,19,20,21,22,23,24,25,26,27,28,29,30,31,32,33,34,35,36,37,38,39,40,41,42,43,44,45,46,47,48,49,50,51,52,53,54,55,56,57,58,59,60,61,62,63,64,65,66,67,68,69,70,71,72,73,74,75"
    queueSizes "32"
    type "origin_mmtc"
    reservation 190100.0
  ]
  node [
    id 46
    label "46"
    schedulingPolicy "FIFO"
    levelsQoS "1"
    schedulingWeights "-"
    tosToQoSqueue "0,1,2,3,4,5,6,7,8,9,10,11,12,13,14,15,16,17,18,19,20,21,22,23,24,25,26,27,28,29,30,31,32,33,34,35,36,37,38,39,40,41,42,43,44,45,46,47,48,49,50,51,52,53,54,55,56,57,58,59,60,61,62,63,64,65,66,67,68,69,70,71,72,73,74,75"
    queueSizes "32"
    type "origin_urllc"
    reservation 3320450.0
  ]
  node [
    id 47
    label "47"
    schedulingPolicy "FIFO"
    levelsQoS "1"
    schedulingWeights "-"
    tosToQoSqueue "0,1,2,3,4,5,6,7,8,9,10,11,12,13,14,15,16,17,18,19,20,21,22,23,24,25,26,27,28,29,30,31,32,33,34,35,36,37,38,39,40,41,42,43,44,45,46,47,48,49,50,51,52,53,54,55,56,57,58,59,60,61,62,63,64,65,66,67,68,69,70,71,72,73,74,75"
    queueSizes "32"
    type "origin_mmtc"
    reservation 198200.0
  ]
  node [
    id 48
    label "48"
    schedulingPolicy "FIFO"
    levelsQoS "1"
    schedulingWeights "-"
    tosToQoSqueue "0,1,2,3,4,5,6,7,8,9,10,11,12,13,14,15,16,17,18,19,20,21,22,23,24,25,26,27,28,29,30,31,32,33,34,35,36,37,38,39,40,41,42,43,44,45,46,47,48,49,50,51,52,53,54,55,56,57,58,59,60,61,62,63,64,65,66,67,68,69,70,71,72,73,74,75"
    queueSizes "32"
    type "origin_mmtc"
    reservation 191180.0
  ]
  node [
    id 49
    label "49"
    schedulingPolicy "FIFO"
    levelsQoS "1"
    schedulingWeights "-"
    tosToQoSqueue "0,1,2,3,4,5,6,7,8,9,10,11,12,13,14,15,16,17,18,19,20,21,22,23,24,25,26,27,28,29,30,31,32,33,34,35,36,37,38,39,40,41,42,43,44,45,46,47,48,49,50,51,52,53,54,55,56,57,58,59,60,61,62,63,64,65,66,67,68,69,70,71,72,73,74,75"
    queueSizes "32"
    type "origin_urllc"
    reservation 3286850.0
  ]
  node [
    id 50
    label "50"
    schedulingPolicy "FIFO"
    levelsQoS "1"
    schedulingWeights "-"
    tosToQoSqueue "0,1,2,3,4,5,6,7,8,9,10,11,12,13,14,15,16,17,18,19,20,21,22,23,24,25,26,27,28,29,30,31,32,33,34,35,36,37,38,39,40,41,42,43,44,45,46,47,48,49,50,51,52,53,54,55,56,57,58,59,60,61,62,63,64,65,66,67,68,69,70,71,72,73,74,75"
    queueSizes "32"
    type "origin_urllc"
    reservation 3320450.0
  ]
  node [
    id 51
    label "51"
    schedulingPolicy "FIFO"
    levelsQoS "1"
    schedulingWeights "-"
    tosToQoSqueue "0,1,2,3,4,5,6,7,8,9,10,11,12,13,14,15,16,17,18,19,20,21,22,23,24,25,26,27,28,29,30,31,32,33,34,35,36,37,38,39,40,41,42,43,44,45,46,47,48,49,50,51,52,53,54,55,56,57,58,59,60,61,62,63,64,65,66,67,68,69,70,71,72,73,74,75"
    queueSizes "32"
    type "origin_urllc"
    reservation 3623900.0
  ]
  node [
    id 52
    label "52"
    schedulingPolicy "FIFO"
    levelsQoS "1"
    schedulingWeights "-"
    tosToQoSqueue "0,1,2,3,4,5,6,7,8,9,10,11,12,13,14,15,16,17,18,19,20,21,22,23,24,25,26,27,28,29,30,31,32,33,34,35,36,37,38,39,40,41,42,43,44,45,46,47,48,49,50,51,52,53,54,55,56,57,58,59,60,61,62,63,64,65,66,67,68,69,70,71,72,73,74,75"
    queueSizes "32"
    type "origin_urllc"
    reservation 3623900.0
  ]
  node [
    id 53
    label "53"
    schedulingPolicy "FIFO"
    levelsQoS "1"
    schedulingWeights "-"
    tosToQoSqueue "0,1,2,3,4,5,6,7,8,9,10,11,12,13,14,15,16,17,18,19,20,21,22,23,24,25,26,27,28,29,30,31,32,33,34,35,36,37,38,39,40,41,42,43,44,45,46,47,48,49,50,51,52,53,54,55,56,57,58,59,60,61,62,63,64,65,66,67,68,69,70,71,72,73,74,75"
    queueSizes "32"
    type "origin_urllc"
    reservation 3320450.0
  ]
  node [
    id 54
    label "54"
    schedulingPolicy "FIFO"
    levelsQoS "1"
    schedulingWeights "-"
    tosToQoSqueue "0,1,2,3,4,5,6,7,8,9,10,11,12,13,14,15,16,17,18,19,20,21,22,23,24,25,26,27,28,29,30,31,32,33,34,35,36,37,38,39,40,41,42,43,44,45,46,47,48,49,50,51,52,53,54,55,56,57,58,59,60,61,62,63,64,65,66,67,68,69,70,71,72,73,74,75"
    queueSizes "32"
    type "origin_urllc"
    reservation 3286850.0
  ]
  node [
    id 55
    label "55"
    schedulingPolicy "FIFO"
    levelsQoS "1"
    schedulingWeights "-"
    tosToQoSqueue "0,1,2,3,4,5,6,7,8,9,10,11,12,13,14,15,16,17,18,19,20,21,22,23,24,25,26,27,28,29,30,31,32,33,34,35,36,37,38,39,40,41,42,43,44,45,46,47,48,49,50,51,52,53,54,55,56,57,58,59,60,61,62,63,64,65,66,67,68,69,70,71,72,73,74,75"
    queueSizes "32"
    type "origin_urllc"
    reservation 3320450.0
  ]
  node [
    id 56
    label "56"
    schedulingPolicy "FIFO"
    levelsQoS "1"
    schedulingWeights "-"
    tosToQoSqueue "0,1,2,3,4,5,6,7,8,9,10,11,12,13,14,15,16,17,18,19,20,21,22,23,24,25,26,27,28,29,30,31,32,33,34,35,36,37,38,39,40,41,42,43,44,45,46,47,48,49,50,51,52,53,54,55,56,57,58,59,60,61,62,63,64,65,66,67,68,69,70,71,72,73,74,75"
    queueSizes "32"
    type "origin_urllc"
    reservation 3024350.0
  ]
  node [
    id 57
    label "57"
    schedulingPolicy "FIFO"
    levelsQoS "1"
    schedulingWeights "-"
    tosToQoSqueue "0,1,2,3,4,5,6,7,8,9,10,11,12,13,14,15,16,17,18,19,20,21,22,23,24,25,26,27,28,29,30,31,32,33,34,35,36,37,38,39,40,41,42,43,44,45,46,47,48,49,50,51,52,53,54,55,56,57,58,59,60,61,62,63,64,65,66,67,68,69,70,71,72,73,74,75"
    queueSizes "32"
    type "origin_mmtc"
    reservation 198200.0
  ]
  node [
    id 58
    label "58"
    schedulingPolicy "FIFO"
    levelsQoS "1"
    schedulingWeights "-"
    tosToQoSqueue "0,1,2,3,4,5,6,7,8,9,10,11,12,13,14,15,16,17,18,19,20,21,22,23,24,25,26,27,28,29,30,31,32,33,34,35,36,37,38,39,40,41,42,43,44,45,46,47,48,49,50,51,52,53,54,55,56,57,58,59,60,61,62,63,64,65,66,67,68,69,70,71,72,73,74,75"
    queueSizes "32"
    type "origin_urllc"
    reservation 3286850.0
  ]
  node [
    id 59
    label "59"
    schedulingPolicy "FIFO"
    levelsQoS "1"
    schedulingWeights "-"
    tosToQoSqueue "0,1,2,3,4,5,6,7,8,9,10,11,12,13,14,15,16,17,18,19,20,21,22,23,24,25,26,27,28,29,30,31,32,33,34,35,36,37,38,39,40,41,42,43,44,45,46,47,48,49,50,51,52,53,54,55,56,57,58,59,60,61,62,63,64,65,66,67,68,69,70,71,72,73,74,75"
    queueSizes "32"
    type "origin_urllc"
    reservation 3024350.0
  ]
  node [
    id 60
    label "60"
    schedulingPolicy "FIFO"
    levelsQoS "1"
    schedulingWeights "-"
    tosToQoSqueue "0,1,2,3,4,5,6,7,8,9,10,11,12,13,14,15,16,17,18,19,20,21,22,23,24,25,26,27,28,29,30,31,32,33,34,35,36,37,38,39,40,41,42,43,44,45,46,47,48,49,50,51,52,53,54,55,56,57,58,59,60,61,62,63,64,65,66,67,68,69,70,71,72,73,74,75"
    queueSizes "32"
    type "origin_urllc"
    reservation 3286850.0
  ]
  node [
    id 61
    label "61"
    schedulingPolicy "FIFO"
    levelsQoS "1"
    schedulingWeights "-"
    tosToQoSqueue "0,1,2,3,4,5,6,7,8,9,10,11,12,13,14,15,16,17,18,19,20,21,22,23,24,25,26,27,28,29,30,31,32,33,34,35,36,37,38,39,40,41,42,43,44,45,46,47,48,49,50,51,52,53,54,55,56,57,58,59,60,61,62,63,64,65,66,67,68,69,70,71,72,73,74,75"
    queueSizes "32"
    type "origin_urllc"
    reservation 3024350.0
  ]
  node [
    id 62
    label "62"
    schedulingPolicy "FIFO"
    levelsQoS "1"
    schedulingWeights "-"
    tosToQoSqueue "0,1,2,3,4,5,6,7,8,9,10,11,12,13,14,15,16,17,18,19,20,21,22,23,24,25,26,27,28,29,30,31,32,33,34,35,36,37,38,39,40,41,42,43,44,45,46,47,48,49,50,51,52,53,54,55,56,57,58,59,60,61,62,63,64,65,66,67,68,69,70,71,72,73,74,75"
    queueSizes "32"
    type "origin_mmtc"
    reservation 190100.0
  ]
  node [
    id 63
    label "63"
    schedulingPolicy "FIFO"
    levelsQoS "1"
    schedulingWeights "-"
    tosToQoSqueue "0,1,2,3,4,5,6,7,8,9,10,11,12,13,14,15,16,17,18,19,20,21,22,23,24,25,26,27,28,29,30,31,32,33,34,35,36,37,38,39,40,41,42,43,44,45,46,47,48,49,50,51,52,53,54,55,56,57,58,59,60,61,62,63,64,65,66,67,68,69,70,71,72,73,74,75"
    queueSizes "32"
    type "origin_mmtc"
    reservation 224720.0
  ]
  node [
    id 64
    label "64"
    schedulingPolicy "FIFO"
    levelsQoS "1"
    schedulingWeights "-"
    tosToQoSqueue "0,1,2,3,4,5,6,7,8,9,10,11,12,13,14,15,16,17,18,19,20,21,22,23,24,25,26,27,28,29,30,31,32,33,34,35,36,37,38,39,40,41,42,43,44,45,46,47,48,49,50,51,52,53,54,55,56,57,58,59,60,61,62,63,64,65,66,67,68,69,70,71,72,73,74,75"
    queueSizes "32"
    type "origin_urllc"
    reservation 3024350.0
  ]
  node [
    id 65
    label "65"
    schedulingPolicy "FIFO"
    levelsQoS "1"
    schedulingWeights "-"
    tosToQoSqueue "0,1,2,3,4,5,6,7,8,9,10,11,12,13,14,15,16,17,18,19,20,21,22,23,24,25,26,27,28,29,30,31,32,33,34,35,36,37,38,39,40,41,42,43,44,45,46,47,48,49,50,51,52,53,54,55,56,57,58,59,60,61,62,63,64,65,66,67,68,69,70,71,72,73,74,75"
    queueSizes "32"
    type "origin_mmtc"
    reservation 191180.0
  ]
  node [
    id 66
    label "66"
    schedulingPolicy "FIFO"
    levelsQoS "1"
    schedulingWeights "-"
    tosToQoSqueue "0,1,2,3,4,5,6,7,8,9,10,11,12,13,14,15,16,17,18,19,20,21,22,23,24,25,26,27,28,29,30,31,32,33,34,35,36,37,38,39,40,41,42,43,44,45,46,47,48,49,50,51,52,53,54,55,56,57,58,59,60,61,62,63,64,65,66,67,68,69,70,71,72,73,74,75"
    queueSizes "32"
    type "origin_mmtc"
    reservation 198740.0
  ]
  node [
    id 67
    label "67"
    schedulingPolicy "FIFO"
    levelsQoS "1"
    schedulingWeights "-"
    tosToQoSqueue "0,1,2,3,4,5,6,7,8,9,10,11,12,13,14,15,16,17,18,19,20,21,22,23,24,25,26,27,28,29,30,31,32,33,34,35,36,37,38,39,40,41,42,43,44,45,46,47,48,49,50,51,52,53,54,55,56,57,58,59,60,61,62,63,64,65,66,67,68,69,70,71,72,73,74,75"
    queueSizes "32"
    type "origin_mmtc"
    reservation 191180.0
  ]
  node [
    id 68
    label "68"
    schedulingPolicy "FIFO"
    levelsQoS "1"
    schedulingWeights "-"
    tosToQoSqueue "0,1,2,3,4,5,6,7,8,9,10,11,12,13,14,15,16,17,18,19,20,21,22,23,24,25,26,27,28,29,30,31,32,33,34,35,36,37,38,39,40,41,42,43,44,45,46,47,48,49,50,51,52,53,54,55,56,57,58,59,60,61,62,63,64,65,66,67,68,69,70,71,72,73,74,75"
    queueSizes "32"
    type "origin_mmtc"
    reservation 194360.0
  ]
  node [
    id 69
    label "69"
    schedulingPolicy "FIFO"
    levelsQoS "1"
    schedulingWeights "-"
    tosToQoSqueue "0,1,2,3,4,5,6,7,8,9,10,11,12,13,14,15,16,17,18,19,20,21,22,23,24,25,26,27,28,29,30,31,32,33,34,35,36,37,38,39,40,41,42,43,44,45,46,47,48,49,50,51,52,53,54,55,56,57,58,59,60,61,62,63,64,65,66,67,68,69,70,71,72,73,74,75"
    queueSizes "32"
    type "origin_mmtc"
    reservation 198200.0
  ]
  node [
    id 70
    label "70"
    schedulingPolicy "FIFO"
    levelsQoS "1"
    schedulingWeights "-"
    tosToQoSqueue "0,1,2,3,4,5,6,7,8,9,10,11,12,13,14,15,16,17,18,19,20,21,22,23,24,25,26,27,28,29,30,31,32,33,34,35,36,37,38,39,40,41,42,43,44,45,46,47,48,49,50,51,52,53,54,55,56,57,58,59,60,61,62,63,64,65,66,67,68,69,70,71,72,73,74,75"
    queueSizes "32"
    type "origin_mmtc"
    reservation 198200.0
  ]
  node [
    id 71
    label "71"
    schedulingPolicy "FIFO"
    levelsQoS "1"
    schedulingWeights "-"
    tosToQoSqueue "0,1,2,3,4,5,6,7,8,9,10,11,12,13,14,15,16,17,18,19,20,21,22,23,24,25,26,27,28,29,30,31,32,33,34,35,36,37,38,39,40,41,42,43,44,45,46,47,48,49,50,51,52,53,54,55,56,57,58,59,60,61,62,63,64,65,66,67,68,69,70,71,72,73,74,75"
    queueSizes "32"
    type "origin_mmtc"
    reservation 198740.0
  ]
  node [
    id 72
    label "72"
    schedulingPolicy "FIFO"
    levelsQoS "1"
    schedulingWeights "-"
    tosToQoSqueue "0,1,2,3,4,5,6,7,8,9,10,11,12,13,14,15,16,17,18,19,20,21,22,23,24,25,26,27,28,29,30,31,32,33,34,35,36,37,38,39,40,41,42,43,44,45,46,47,48,49,50,51,52,53,54,55,56,57,58,59,60,61,62,63,64,65,66,67,68,69,70,71,72,73,74,75"
    queueSizes "32"
    type "origin_mmtc"
    reservation 198740.0
  ]
  node [
    id 73
    label "73"
    schedulingPolicy "FIFO"
    levelsQoS "1"
    schedulingWeights "-"
    tosToQoSqueue "0,1,2,3,4,5,6,7,8,9,10,11,12,13,14,15,16,17,18,19,20,21,22,23,24,25,26,27,28,29,30,31,32,33,34,35,36,37,38,39,40,41,42,43,44,45,46,47,48,49,50,51,52,53,54,55,56,57,58,59,60,61,62,63,64,65,66,67,68,69,70,71,72,73,74,75"
    queueSizes "32"
    type "origin_mmtc"
    reservation 198200.0
  ]
  node [
    id 74
    label "74"
    schedulingPolicy "FIFO"
    levelsQoS "1"
    schedulingWeights "-"
    tosToQoSqueue "0,1,2,3,4,5,6,7,8,9,10,11,12,13,14,15,16,17,18,19,20,21,22,23,24,25,26,27,28,29,30,31,32,33,34,35,36,37,38,39,40,41,42,43,44,45,46,47,48,49,50,51,52,53,54,55,56,57,58,59,60,61,62,63,64,65,66,67,68,69,70,71,72,73,74,75"
    queueSizes "32"
    type "origin_mmtc"
    reservation 190100.0
  ]
  node [
    id 75
    label "75"
    schedulingPolicy "FIFO"
    levelsQoS "1"
    schedulingWeights "-"
    tosToQoSqueue "0,1,2,3,4,5,6,7,8,9,10,11,12,13,14,15,16,17,18,19,20,21,22,23,24,25,26,27,28,29,30,31,32,33,34,35,36,37,38,39,40,41,42,43,44,45,46,47,48,49,50,51,52,53,54,55,56,57,58,59,60,61,62,63,64,65,66,67,68,69,70,71,72,73,74,75"
    queueSizes "32"
    type "origin_mmtc"
    reservation 199460.0
  ]
  edge [
    source 0
    target 8
    key 0
    id "e9"
    bandwidth 100000000
    traffic ""
    reservation ""
    port 0
  ]
  edge [
    source 1
    target 2
    key 0
    id "e0"
    bandwidth 100000000
    traffic ""
    reservation ""
    port 0
  ]
  edge [
    source 1
    target 3
    key 0
    id "e1"
    bandwidth 100000000
    traffic "18000000"
    reservation "16201800.0"
    port 1
  ]
  edge [
    source 2
    target 1
    key 0
    id "e0"
    bandwidth 100000000
    traffic "18000000"
    reservation "16201800.0"
    port 0
  ]
  edge [
    source 2
    target 3
    key 0
    id "e2"
    bandwidth 100000000
    traffic ""
    reservation ""
    port 1
  ]
  edge [
    source 2
    target 12
    key 0
    port 2
    weight 1
    bandwidth 50000000
    traffic ""
    reservation ""
  ]
  edge [
    source 3
    target 1
    key 0
    id "e1"
    bandwidth 100000000
    traffic ""
    reservation ""
    port 0
  ]
  edge [
    source 3
    target 2
    key 0
    id "e2"
    bandwidth 100000000
    traffic ""
    reservation ""
    port 1
  ]
  edge [
    source 3
    target 4
    key 0
    id "e3"
    bandwidth 100000000
    traffic ""
    reservation ""
    port 2
  ]
  edge [
    source 3
    target 11
    key 0
    port 3
    weight 1
    bandwidth 350000000
    traffic "18000000,18000000,18000000,18000000,18000000"
    reservation "16201800.0,17854200.0,19220400.0,19630800.0,17854200.0"
  ]
  edge [
    source 4
    target 3
    key 0
    id "e3"
    bandwidth 100000000
    traffic "18000000,18000000,18000000,18000000"
    reservation "17854200.0,19220400.0,19630800.0,17854200.0"
    port 0
  ]
  edge [
    source 4
    target 8
    key 0
    id "e5"
    bandwidth 100000000
    traffic ""
    reservation ""
    port 1
  ]
  edge [
    source 4
    target 5
    key 0
    id "e4"
    bandwidth 100000000
    traffic "3500000,3500000,3500000,3500000,3500000,3500000,3500000,3500000,3500000,3500000,3500000,3500000,3500000,3500000,3500000,3500000,3500000,3500000,3500000,3500000,3500000,3500000,3500000,3500000,3500000,3500000,3500000,3500000,3500000,3500000,200000,200000,200000,200000,200000,200000,200000,200000,200000,200000,200000"
    reservation "3286850.0,3320450.0,3320450.0,3320450.0,3286850.0,3320450.0,3286850.0,3320450.0,3320450.0,3286850.0,3024350.0,3286850.0,3320450.0,3024350.0,3024350.0,3286850.0,3320450.0,3286850.0,3320450.0,3623900.0,3623900.0,3320450.0,3286850.0,3320450.0,3024350.0,3286850.0,3024350.0,3286850.0,3024350.0,3024350.0,191180.0,198740.0,191180.0,194360.0,198200.0,198200.0,198740.0,198740.0,198200.0,190100.0,199460.0"
    port 2
  ]
  edge [
    source 5
    target 4
    key 0
    id "e4"
    bandwidth 100000000
    traffic "18000000,18000000,18000000,18000000"
    reservation "17854200.0,19220400.0,19630800.0,17854200.0"
    port 0
  ]
  edge [
    source 5
    target 6
    key 0
    id "e6"
    bandwidth 100000000
    traffic "200000,200000,200000,200000,200000,200000,200000,200000,200000,200000,200000"
    reservation "191180.0,198740.0,191180.0,194360.0,198200.0,198200.0,198740.0,198740.0,198200.0,190100.0,199460.0"
    port 1
  ]
  edge [
    source 5
    target 9
    key 0
    port 2
    weight 1
    bandwidth 350000000
    traffic "3500000,3500000,3500000,3500000,3500000,3500000,3500000,3500000,3500000,3500000,3500000,3500000,3500000,3500000,3500000,3500000,3500000,3500000,3500000,3500000,3500000,3500000,3500000,3500000,3500000,3500000,3500000,3500000,3500000,3500000,3500000,3500000,3500000,3500000,3500000,3500000,3500000"
    reservation "3623900.0,3286850.0,3286850.0,3286850.0,3024350.0,3320450.0,3320450.0,3286850.0,3320450.0,3320450.0,3320450.0,3286850.0,3320450.0,3286850.0,3320450.0,3320450.0,3286850.0,3024350.0,3286850.0,3320450.0,3024350.0,3024350.0,3286850.0,3320450.0,3286850.0,3320450.0,3623900.0,3623900.0,3320450.0,3286850.0,3320450.0,3024350.0,3286850.0,3024350.0,3286850.0,3024350.0,3024350.0"
  ]
  edge [
    source 6
    target 5
    key 0
    id "e6"
    bandwidth 100000000
    traffic "18000000,18000000,3500000,18000000,3500000,18000000,3500000,3500000,3500000,3500000,3500000"
    reservation "17854200.0,19220400.0,3623900.0,19630800.0,3286850.0,17854200.0,3286850.0,3286850.0,3024350.0,3320450.0,3320450.0"
    port 0
  ]
  edge [
    source 6
    target 7
    key 0
    id "e7"
    bandwidth 100000000
    traffic ""
    reservation ""
    port 1
  ]
  edge [
    source 6
    target 10
    key 0
    port 2
    weight 1
    bandwidth 350000000
    traffic "200000,200000,200000,200000,200000,200000,200000,200000,200000,200000,200000,200000,200000,200000,200000,200000,200000,200000,200000,200000,200000,200000"
    reservation "198740.0,191180.0,191180.0,224720.0,198740.0,190100.0,198200.0,191180.0,198200.0,190100.0,224720.0,191180.0,198740.0,191180.0,194360.0,198200.0,198200.0,198740.0,198740.0,198200.0,190100.0,199460.0"
  ]
  edge [
    source 7
    target 6
    key 0
    id "e7"
    bandwidth 100000000
    traffic "18000000,18000000,3500000,18000000,3500000,18000000,3500000,3500000,3500000,3500000,3500000,200000,200000,200000,200000,200000,200000,200000,200000,200000,200000,200000"
    reservation "17854200.0,19220400.0,3623900.0,19630800.0,3286850.0,17854200.0,3286850.0,3286850.0,3024350.0,3320450.0,3320450.0,198740.0,191180.0,191180.0,224720.0,198740.0,190100.0,198200.0,191180.0,198200.0,190100.0,224720.0"
    port 0
  ]
  edge [
    source 7
    target 8
    key 0
    id "e8"
    bandwidth 100000000
    traffic "3500000,3500000,3500000,3500000,3500000,3500000,3500000,3500000,3500000,3500000,3500000,3500000,3500000,3500000,3500000,3500000,3500000,3500000,3500000,3500000,3500000,3500000,3500000,3500000,3500000,3500000,3500000,3500000,3500000,3500000,200000,200000,200000,200000,200000,200000,200000,200000,200000,200000,200000"
    reservation "3286850.0,3320450.0,3320450.0,3320450.0,3286850.0,3320450.0,3286850.0,3320450.0,3320450.0,3286850.0,3024350.0,3286850.0,3320450.0,3024350.0,3024350.0,3286850.0,3320450.0,3286850.0,3320450.0,3623900.0,3623900.0,3320450.0,3286850.0,3320450.0,3024350.0,3286850.0,3024350.0,3286850.0,3024350.0,3024350.0,191180.0,198740.0,191180.0,194360.0,198200.0,198200.0,198740.0,198740.0,198200.0,190100.0,199460.0"
    port 1
  ]
  edge [
    source 7
    target 13
    key 0
    port 2
    weight 1
    bandwidth 50000000
    traffic ""
    reservation ""
  ]
  edge [
    source 7
    target 14
    key 0
    port 3
    weight 1
    bandwidth 50000000
    traffic ""
    reservation ""
  ]
  edge [
    source 7
    target 15
    key 0
    port 4
    weight 1
    bandwidth 50000000
    traffic ""
    reservation ""
  ]
  edge [
    source 7
    target 16
    key 0
    port 5
    weight 1
    bandwidth 50000000
    traffic ""
    reservation ""
  ]
  edge [
    source 7
    target 17
    key 0
    port 6
    weight 1
    bandwidth 50000000
    traffic ""
    reservation ""
  ]
  edge [
    source 7
    target 18
    key 0
    port 7
    weight 1
    bandwidth 50000000
    traffic ""
    reservation ""
  ]
  edge [
    source 7
    target 19
    key 0
    port 8
    weight 1
    bandwidth 50000000
    traffic ""
    reservation ""
  ]
  edge [
    source 7
    target 20
    key 0
    port 9
    weight 1
    bandwidth 50000000
    traffic ""
    reservation ""
  ]
  edge [
    source 7
    target 21
    key 0
    port 10
    weight 1
    bandwidth 50000000
    traffic ""
    reservation ""
  ]
  edge [
    source 7
    target 22
    key 0
    port 11
    weight 1
    bandwidth 50000000
    traffic ""
    reservation ""
  ]
  edge [
    source 7
    target 23
    key 0
    port 12
    weight 1
    bandwidth 50000000
    traffic ""
    reservation ""
  ]
  edge [
    source 7
    target 24
    key 0
    port 13
    weight 1
    bandwidth 50000000
    traffic ""
    reservation ""
  ]
  edge [
    source 7
    target 25
    key 0
    port 14
    weight 1
    bandwidth 50000000
    traffic ""
    reservation ""
  ]
  edge [
    source 7
    target 26
    key 0
    port 15
    weight 1
    bandwidth 50000000
    traffic ""
    reservation ""
  ]
  edge [
    source 7
    target 27
    key 0
    port 16
    weight 1
    bandwidth 50000000
    traffic ""
    reservation ""
  ]
  edge [
    source 7
    target 28
    key 0
    port 17
    weight 1
    bandwidth 50000000
    traffic ""
    reservation ""
  ]
  edge [
    source 7
    target 29
    key 0
    port 18
    weight 1
    bandwidth 50000000
    traffic ""
    reservation ""
  ]
  edge [
    source 7
    target 30
    key 0
    port 19
    weight 1
    bandwidth 50000000
    traffic ""
    reservation ""
  ]
  edge [
    source 7
    target 31
    key 0
    port 20
    weight 1
    bandwidth 50000000
    traffic ""
    reservation ""
  ]
  edge [
    source 7
    target 32
    key 0
    port 21
    weight 1
    bandwidth 50000000
    traffic ""
    reservation ""
  ]
  edge [
    source 7
    target 33
    key 0
    port 22
    weight 1
    bandwidth 50000000
    traffic ""
    reservation ""
  ]
  edge [
    source 7
    target 34
    key 0
    port 23
    weight 1
    bandwidth 50000000
    traffic ""
    reservation ""
  ]
  edge [
    source 7
    target 35
    key 0
    port 24
    weight 1
    bandwidth 50000000
    traffic ""
    reservation ""
  ]
  edge [
    source 7
    target 36
    key 0
    port 25
    weight 1
    bandwidth 50000000
    traffic ""
    reservation ""
  ]
  edge [
    source 7
    target 37
    key 0
    port 26
    weight 1
    bandwidth 50000000
    traffic ""
    reservation ""
  ]
  edge [
    source 7
    target 38
    key 0
    port 27
    weight 1
    bandwidth 50000000
    traffic ""
    reservation ""
  ]
  edge [
    source 7
    target 39
    key 0
    port 28
    weight 1
    bandwidth 50000000
    traffic ""
    reservation ""
  ]
  edge [
    source 7
    target 40
    key 0
    port 29
    weight 1
    bandwidth 50000000
    traffic ""
    reservation ""
  ]
  edge [
    source 7
    target 41
    key 0
    port 30
    weight 1
    bandwidth 50000000
    traffic ""
    reservation ""
  ]
  edge [
    source 7
    target 42
    key 0
    port 31
    weight 1
    bandwidth 50000000
    traffic ""
    reservation ""
  ]
  edge [
    source 7
    target 43
    key 0
    port 32
    weight 1
    bandwidth 50000000
    traffic ""
    reservation ""
  ]
  edge [
    source 7
    target 44
    key 0
    port 33
    weight 1
    bandwidth 50000000
    traffic ""
    reservation ""
  ]
  edge [
    source 7
    target 45
    key 0
    port 34
    weight 1
    bandwidth 50000000
    traffic ""
    reservation ""
  ]
  edge [
    source 7
    target 46
    key 0
    port 35
    weight 1
    bandwidth 50000000
    traffic ""
    reservation ""
  ]
  edge [
    source 7
    target 47
    key 0
    port 36
    weight 1
    bandwidth 50000000
    traffic ""
    reservation ""
  ]
  edge [
    source 7
    target 48
    key 0
    port 37
    weight 1
    bandwidth 50000000
    traffic ""
    reservation ""
  ]
  edge [
    source 7
    target 49
    key 0
    port 38
    weight 1
    bandwidth 50000000
    traffic ""
    reservation ""
  ]
  edge [
    source 7
    target 50
    key 0
    port 39
    weight 1
    bandwidth 50000000
    traffic ""
    reservation ""
  ]
  edge [
    source 7
    target 51
    key 0
    port 40
    weight 1
    bandwidth 50000000
    traffic ""
    reservation ""
  ]
  edge [
    source 7
    target 52
    key 0
    port 41
    weight 1
    bandwidth 50000000
    traffic ""
    reservation ""
  ]
  edge [
    source 7
    target 53
    key 0
    port 42
    weight 1
    bandwidth 50000000
    traffic ""
    reservation ""
  ]
  edge [
    source 7
    target 54
    key 0
    port 43
    weight 1
    bandwidth 50000000
    traffic ""
    reservation ""
  ]
  edge [
    source 7
    target 55
    key 0
    port 44
    weight 1
    bandwidth 50000000
    traffic ""
    reservation ""
  ]
  edge [
    source 7
    target 56
    key 0
    port 45
    weight 1
    bandwidth 50000000
    traffic ""
    reservation ""
  ]
  edge [
    source 7
    target 57
    key 0
    port 46
    weight 1
    bandwidth 50000000
    traffic ""
    reservation ""
  ]
  edge [
    source 7
    target 58
    key 0
    port 47
    weight 1
    bandwidth 50000000
    traffic ""
    reservation ""
  ]
  edge [
    source 7
    target 59
    key 0
    port 48
    weight 1
    bandwidth 50000000
    traffic ""
    reservation ""
  ]
  edge [
    source 7
    target 60
    key 0
    port 49
    weight 1
    bandwidth 50000000
    traffic ""
    reservation ""
  ]
  edge [
    source 7
    target 61
    key 0
    port 50
    weight 1
    bandwidth 50000000
    traffic ""
    reservation ""
  ]
  edge [
    source 7
    target 62
    key 0
    port 51
    weight 1
    bandwidth 50000000
    traffic ""
    reservation ""
  ]
  edge [
    source 7
    target 63
    key 0
    port 52
    weight 1
    bandwidth 50000000
    traffic ""
    reservation ""
  ]
  edge [
    source 7
    target 64
    key 0
    port 53
    weight 1
    bandwidth 50000000
    traffic ""
    reservation ""
  ]
  edge [
    source 7
    target 65
    key 0
    port 54
    weight 1
    bandwidth 50000000
    traffic ""
    reservation ""
  ]
  edge [
    source 7
    target 66
    key 0
    port 55
    weight 1
    bandwidth 50000000
    traffic ""
    reservation ""
  ]
  edge [
    source 7
    target 67
    key 0
    port 56
    weight 1
    bandwidth 50000000
    traffic ""
    reservation ""
  ]
  edge [
    source 7
    target 68
    key 0
    port 57
    weight 1
    bandwidth 50000000
    traffic ""
    reservation ""
  ]
  edge [
    source 7
    target 69
    key 0
    port 58
    weight 1
    bandwidth 50000000
    traffic ""
    reservation ""
  ]
  edge [
    source 7
    target 70
    key 0
    port 59
    weight 1
    bandwidth 50000000
    traffic ""
    reservation ""
  ]
  edge [
    source 7
    target 71
    key 0
    port 60
    weight 1
    bandwidth 50000000
    traffic ""
    reservation ""
  ]
  edge [
    source 7
    target 72
    key 0
    port 61
    weight 1
    bandwidth 50000000
    traffic ""
    reservation ""
  ]
  edge [
    source 7
    target 73
    key 0
    port 62
    weight 1
    bandwidth 50000000
    traffic ""
    reservation ""
  ]
  edge [
    source 7
    target 74
    key 0
    port 63
    weight 1
    bandwidth 50000000
    traffic ""
    reservation ""
  ]
  edge [
    source 7
    target 75
    key 0
    port 64
    weight 1
    bandwidth 50000000
    traffic ""
    reservation ""
  ]
  edge [
    source 8
    target 0
    key 0
    id "e9"
    bandwidth 100000000
    traffic ""
    reservation ""
    port 0
  ]
  edge [
    source 8
    target 4
    key 0
    id "e5"
    bandwidth 100000000
    traffic "3500000,3500000,3500000,3500000,3500000,3500000,3500000,3500000,3500000,3500000,3500000,3500000,3500000,3500000,3500000,3500000,3500000,3500000,3500000,3500000,3500000,3500000,3500000,3500000,3500000,3500000,3500000,3500000,3500000,3500000,200000,200000,200000,200000,200000,200000,200000,200000,200000,200000,200000"
    reservation "3286850.0,3320450.0,3320450.0,3320450.0,3286850.0,3320450.0,3286850.0,3320450.0,3320450.0,3286850.0,3024350.0,3286850.0,3320450.0,3024350.0,3024350.0,3286850.0,3320450.0,3286850.0,3320450.0,3623900.0,3623900.0,3320450.0,3286850.0,3320450.0,3024350.0,3286850.0,3024350.0,3286850.0,3024350.0,3024350.0,191180.0,198740.0,191180.0,194360.0,198200.0,198200.0,198740.0,198740.0,198200.0,190100.0,199460.0"
    port 1
  ]
  edge [
    source 8
    target 7
    key 0
    id "e8"
    bandwidth 100000000
    traffic ""
    reservation ""
    port 2
  ]
  edge [
    source 9
    target 5
    key 0
    port 0
    weight 1
    bandwidth 350000000
    traffic ""
    reservation ""
  ]
  edge [
    source 10
    target 6
    key 0
    port 0
    weight 1
    bandwidth 350000000
    traffic ""
    reservation ""
  ]
  edge [
    source 11
    target 3
    key 0
    port 0
    weight 1
    bandwidth 350000000
    traffic ""
    reservation ""
  ]
  edge [
    source 12
    target 2
    key 0
    port 0
    weight 1
    bandwidth 50000000
    traffic "18000000"
    reservation "16201800.0"
  ]
  edge [
    source 13
    target 7
    key 0
    port 0
    weight 1
    bandwidth 50000000
    traffic "18000000"
    reservation "17854200.0"
  ]
  edge [
    source 14
    target 7
    key 0
    port 0
    weight 1
    bandwidth 50000000
    traffic "18000000"
    reservation "19220400.0"
  ]
  edge [
    source 15
    target 7
    key 0
    port 0
    weight 1
    bandwidth 50000000
    traffic "3500000"
    reservation "3623900.0"
  ]
  edge [
    source 16
    target 7
    key 0
    port 0
    weight 1
    bandwidth 50000000
    traffic "18000000"
    reservation "19630800.0"
  ]
  edge [
    source 17
    target 7
    key 0
    port 0
    weight 1
    bandwidth 50000000
    traffic "3500000"
    reservation "3286850.0"
  ]
  edge [
    source 18
    target 7
    key 0
    port 0
    weight 1
    bandwidth 50000000
    traffic "18000000"
    reservation "17854200.0"
  ]
  edge [
    source 19
    target 7
    key 0
    port 0
    weight 1
    bandwidth 50000000
    traffic "3500000"
    reservation "3286850.0"
  ]
  edge [
    source 20
    target 7
    key 0
    port 0
    weight 1
    bandwidth 50000000
    traffic "3500000"
    reservation "3286850.0"
  ]
  edge [
    source 21
    target 7
    key 0
    port 0
    weight 1
    bandwidth 50000000
    traffic "3500000"
    reservation "3024350.0"
  ]
  edge [
    source 22
    target 7
    key 0
    port 0
    weight 1
    bandwidth 50000000
    traffic "3500000"
    reservation "3320450.0"
  ]
  edge [
    source 23
    target 7
    key 0
    port 0
    weight 1
    bandwidth 50000000
    traffic "3500000"
    reservation "3320450.0"
  ]
  edge [
    source 24
    target 7
    key 0
    port 0
    weight 1
    bandwidth 50000000
    traffic "3500000"
    reservation "3286850.0"
  ]
  edge [
    source 25
    target 7
    key 0
    port 0
    weight 1
    bandwidth 50000000
    traffic "3500000"
    reservation "3320450.0"
  ]
  edge [
    source 26
    target 7
    key 0
    port 0
    weight 1
    bandwidth 50000000
    traffic "3500000"
    reservation "3320450.0"
  ]
  edge [
    source 27
    target 7
    key 0
    port 0
    weight 1
    bandwidth 50000000
    traffic "200000"
    reservation "198740.0"
  ]
  edge [
    source 28
    target 7
    key 0
    port 0
    weight 1
    bandwidth 50000000
    traffic "3500000"
    reservation "3320450.0"
  ]
  edge [
    source 29
    target 7
    key 0
    port 0
    weight 1
    bandwidth 50000000
    traffic "3500000"
    reservation "3286850.0"
  ]
  edge [
    source 30
    target 7
    key 0
    port 0
    weight 1
    bandwidth 50000000
    traffic "3500000"
    reservation "3320450.0"
  ]
  edge [
    source 31
    target 7
    key 0
    port 0
    weight 1
    bandwidth 50000000
    traffic "3500000"
    reservation "3286850.0"
  ]
  edge [
    source 32
    target 7
    key 0
    port 0
    weight 1
    bandwidth 50000000
    traffic "200000"
    reservation "191180.0"
  ]
  edge [
    source 33
    target 7
    key 0
    port 0
    weight 1
    bandwidth 50000000
    traffic "3500000"
    reservation "3320450.0"
  ]
  edge [
    source 34
    target 7
    key 0
    port 0
    weight 1
    bandwidth 50000000
    traffic "3500000"
    reservation "3320450.0"
  ]
  edge [
    source 35
    target 7
    key 0
    port 0
    weight 1
    bandwidth 50000000
    traffic "200000"
    reservation "191180.0"
  ]
  edge [
    source 36
    target 7
    key 0
    port 0
    weight 1
    bandwidth 50000000
    traffic "3500000"
    reservation "3286850.0"
  ]
  edge [
    source 37
    target 7
    key 0
    port 0
    weight 1
    bandwidth 50000000
    traffic "3500000"
    reservation "3024350.0"
  ]
  edge [
    source 38
    target 7
    key 0
    port 0
    weight 1
    bandwidth 50000000
    traffic "3500000"
    reservation "3286850.0"
  ]
  edge [
    source 39
    target 7
    key 0
    port 0
    weight 1
    bandwidth 50000000
    traffic "3500000"
    reservation "3320450.0"
  ]
  edge [
    source 40
    target 7
    key 0
    port 0
    weight 1
    bandwidth 50000000
    traffic "3500000"
    reservation "3024350.0"
  ]
  edge [
    source 41
    target 7
    key 0
    port 0
    weight 1
    bandwidth 50000000
    traffic "200000"
    reservation "224720.0"
  ]
  edge [
    source 42
    target 7
    key 0
    port 0
    weight 1
    bandwidth 50000000
    traffic "3500000"
    reservation "3024350.0"
  ]
  edge [
    source 43
    target 7
    key 0
    port 0
    weight 1
    bandwidth 50000000
    traffic "200000"
    reservation "198740.0"
  ]
  edge [
    source 44
    target 7
    key 0
    port 0
    weight 1
    bandwidth 50000000
    traffic "3500000"
    reservation "3286850.0"
  ]
  edge [
    source 45
    target 7
    key 0
    port 0
    weight 1
    bandwidth 50000000
    traffic "200000"
    reservation "190100.0"
  ]
  edge [
    source 46
    target 7
    key 0
    port 0
    weight 1
    bandwidth 50000000
    traffic "3500000"
    reservation "3320450.0"
  ]
  edge [
    source 47
    target 7
    key 0
    port 0
    weight 1
    bandwidth 50000000
    traffic "200000"
    reservation "198200.0"
  ]
  edge [
    source 48
    target 7
    key 0
    port 0
    weight 1
    bandwidth 50000000
    traffic "200000"
    reservation "191180.0"
  ]
  edge [
    source 49
    target 7
    key 0
    port 0
    weight 1
    bandwidth 50000000
    traffic "3500000"
    reservation "3286850.0"
  ]
  edge [
    source 50
    target 7
    key 0
    port 0
    weight 1
    bandwidth 50000000
    traffic "3500000"
    reservation "3320450.0"
  ]
  edge [
    source 51
    target 7
    key 0
    port 0
    weight 1
    bandwidth 50000000
    traffic "3500000"
    reservation "3623900.0"
  ]
  edge [
    source 52
    target 7
    key 0
    port 0
    weight 1
    bandwidth 50000000
    traffic "3500000"
    reservation "3623900.0"
  ]
  edge [
    source 53
    target 7
    key 0
    port 0
    weight 1
    bandwidth 50000000
    traffic "3500000"
    reservation "3320450.0"
  ]
  edge [
    source 54
    target 7
    key 0
    port 0
    weight 1
    bandwidth 50000000
    traffic "3500000"
    reservation "3286850.0"
  ]
  edge [
    source 55
    target 7
    key 0
    port 0
    weight 1
    bandwidth 50000000
    traffic "3500000"
    reservation "3320450.0"
  ]
  edge [
    source 56
    target 7
    key 0
    port 0
    weight 1
    bandwidth 50000000
    traffic "3500000"
    reservation "3024350.0"
  ]
  edge [
    source 57
    target 7
    key 0
    port 0
    weight 1
    bandwidth 50000000
    traffic "200000"
    reservation "198200.0"
  ]
  edge [
    source 58
    target 7
    key 0
    port 0
    weight 1
    bandwidth 50000000
    traffic "3500000"
    reservation "3286850.0"
  ]
  edge [
    source 59
    target 7
    key 0
    port 0
    weight 1
    bandwidth 50000000
    traffic "3500000"
    reservation "3024350.0"
  ]
  edge [
    source 60
    target 7
    key 0
    port 0
    weight 1
    bandwidth 50000000
    traffic "3500000"
    reservation "3286850.0"
  ]
  edge [
    source 61
    target 7
    key 0
    port 0
    weight 1
    bandwidth 50000000
    traffic "3500000"
    reservation "3024350.0"
  ]
  edge [
    source 62
    target 7
    key 0
    port 0
    weight 1
    bandwidth 50000000
    traffic "200000"
    reservation "190100.0"
  ]
  edge [
    source 63
    target 7
    key 0
    port 0
    weight 1
    bandwidth 50000000
    traffic "200000"
    reservation "224720.0"
  ]
  edge [
    source 64
    target 7
    key 0
    port 0
    weight 1
    bandwidth 50000000
    traffic "3500000"
    reservation "3024350.0"
  ]
  edge [
    source 65
    target 7
    key 0
    port 0
    weight 1
    bandwidth 50000000
    traffic "200000"
    reservation "191180.0"
  ]
  edge [
    source 66
    target 7
    key 0
    port 0
    weight 1
    bandwidth 50000000
    traffic "200000"
    reservation "198740.0"
  ]
  edge [
    source 67
    target 7
    key 0
    port 0
    weight 1
    bandwidth 50000000
    traffic "200000"
    reservation "191180.0"
  ]
  edge [
    source 68
    target 7
    key 0
    port 0
    weight 1
    bandwidth 50000000
    traffic "200000"
    reservation "194360.0"
  ]
  edge [
    source 69
    target 7
    key 0
    port 0
    weight 1
    bandwidth 50000000
    traffic "200000"
    reservation "198200.0"
  ]
  edge [
    source 70
    target 7
    key 0
    port 0
    weight 1
    bandwidth 50000000
    traffic "200000"
    reservation "198200.0"
  ]
  edge [
    source 71
    target 7
    key 0
    port 0
    weight 1
    bandwidth 50000000
    traffic "200000"
    reservation "198740.0"
  ]
  edge [
    source 72
    target 7
    key 0
    port 0
    weight 1
    bandwidth 50000000
    traffic "200000"
    reservation "198740.0"
  ]
  edge [
    source 73
    target 7
    key 0
    port 0
    weight 1
    bandwidth 50000000
    traffic "200000"
    reservation "198200.0"
  ]
  edge [
    source 74
    target 7
    key 0
    port 0
    weight 1
    bandwidth 50000000
    traffic "200000"
    reservation "190100.0"
  ]
  edge [
    source 75
    target 7
    key 0
    port 0
    weight 1
    bandwidth 50000000
    traffic "200000"
    reservation "199460.0"
  ]
]
