graph [
  directed 1
  multigraph 1
  GeoLocation "Hungary"
  GeoExtent "Country"
  Network "GTS Hungary"
  Provenance "Primary"
  Access 0
  Source "http://www.gtsce.com/en/map/index.shtml"
  Version "1.0"
  Type "COM"
  DateType "Current"
  Backbone 1
  Commercial 0
  label "GtsHungary"
  ToolsetVersion "0.3.34dev-20120328"
  Customer 1
  IX 0
  SourceGitVersion "e278b1b"
  DateModifier "="
  DateMonth "10"
  LastAccess "22/10/10"
  Layer "IP"
  Creator "Topology Zoo Toolset"
  Developed 0
  Transit 1
  NetworkDate "2010_10"
  DateYear "2010"
  LastProcessed "2011_09_01"
  Testbed 0
  levelsToS 89
  node [
    id 0
    label "0"
    Internal 1
    type "inner"
    schedulingPolicy "WFQ"
    tosToQoSqueue "0,1,2,3,4,5,6,7,8,9,10,11,12,13,14,15,16,17,18,19,20,21,22,23,24,25,26,27,28,29,30,31,32,33,34,35,36,37,38,39,40,41,42,43,44,45,46,47,48,49,50,51,52,53,54,55,56,57,58,59,60,61,62,63,64,65,66,67,68,69,70,71,72,73,74,75,76,77,78,79,80,81,82,83,84,85,86,87,88"
    schedulingWeights "100"
    levelsQoS 1
    queueSizes "32"
  ]
  node [
    id 1
    label "1"
    Country "Hungary"
    Longitude 20.78333
    Internal 1
    Latitude 48.1
    type "antenna"
    schedulingPolicy "WFQ"
    tosToQoSqueue "81;58,79;61,65,66;59,75,76;83;71,77,78,85;67,69,82;72,84;60,73,87;74;64;62;68;88;86;70;80;63;36,0,1,2,3,4,5,6,7,8,9,10,11,12,13,14,15,16,17,18,19,20,21,22,23,24,25,26,27,28,29,30,31,32,33,34,35,37,38,39,40,41,42,43,44,45,46,47,48,49,50,51,52,53,54,55,56,57"
    schedulingWeights "2.393,3.997,6.675,7.683,2.375,8.115,7.582,0.286,0.363,0.143,0.129,0.128,0.115,0.131,0.15,0.132,0.121,11.176,48.307;0.001,0.001,0.001,0.001,0.001,0.001,0.001,0.001,0.001,0.001,0.001,0.001,0.001,0.001,0.001,0.001,0.001,0.001,99.982;0.001,0.001,0.001,0.001,0.001,0.001,0.001,0.001,0.001,0.001,0.001,0.001,0.001,0.001,0.001,0.001,0.001,0.001,99.982;0.001,0.001,0.001,0.001,0.001,0.001,0.001,0.001,0.001,0.001,0.001,0.001,0.001,0.001,0.001,0.001,0.001,0.001,99.982;0.001,0.001,0.001,0.001,0.001,0.001,0.001,0.001,0.001,0.001,0.001,0.001,0.001,0.001,0.001,0.001,0.001,0.001,99.982;0.001,0.001,0.001,0.001,0.001,0.001,0.001,0.001,0.001,0.001,0.001,0.001,0.001,0.001,0.001,0.001,0.001,0.001,99.982;0.001,0.001,0.001,0.001,0.001,0.001,0.001,0.001,0.001,0.001,0.001,0.001,0.001,0.001,0.001,0.001,0.001,0.001,99.982;0.001,0.001,0.001,0.001,0.001,0.001,0.001,0.001,0.001,0.001,0.001,0.001,0.001,0.001,0.001,0.001,0.001,0.001,99.982;0.001,0.001,0.001,0.001,0.001,0.001,0.001,0.001,0.001,0.001,0.001,0.001,0.001,0.001,0.001,0.001,0.001,0.001,99.982;0.001,0.001,0.001,0.001,0.001,0.001,0.001,0.001,0.001,0.001,0.001,0.001,0.001,0.001,0.001,0.001,0.001,0.001,99.982;0.001,0.001,0.001,0.001,0.001,0.001,0.001,0.001,0.001,0.001,0.001,0.001,0.001,0.001,0.001,0.001,0.001,0.001,99.982;0.001,0.001,0.001,0.001,0.001,0.001,0.001,0.001,0.001,0.001,0.001,0.001,0.001,0.001,0.001,0.001,0.001,0.001,99.982;0.001,0.001,0.001,0.001,0.001,0.001,0.001,0.001,0.001,0.001,0.001,0.001,0.001,0.001,0.001,0.001,0.001,0.001,99.982;0.001,0.001,0.001,0.001,0.001,0.001,0.001,0.001,0.001,0.001,0.001,0.001,0.001,0.001,0.001,0.001,0.001,0.001,99.982;0.001,0.001,0.001,0.001,0.001,0.001,0.001,0.001,0.001,0.001,0.001,0.001,0.001,0.001,0.001,0.001,0.001,0.001,99.982;0.001,0.001,0.001,0.001,0.001,0.001,0.001,0.001,0.001,0.001,0.001,0.001,0.001,0.001,0.001,0.001,0.001,0.001,99.982;0.001,0.001,0.001,0.001,0.001,0.001,0.001,0.001,0.001,0.001,0.001,0.001,0.001,0.001,0.001,0.001,0.001,0.001,99.982;0.001,0.001,0.001,0.001,0.001,0.001,0.001,0.001,0.001,0.001,0.001,0.001,0.001,0.001,0.001,0.001,0.001,0.001,99.982;0.001,0.001,0.001,0.001,0.001,0.001,0.001,0.001,0.001,0.001,0.001,0.001,0.001,0.001,0.001,0.001,0.001,0.001,99.982;0.001,0.001,0.001,0.001,0.001,0.001,0.001,0.001,0.001,0.001,0.001,0.001,0.001,0.001,0.001,0.001,0.001,0.001,99.982;0.001,0.001,0.001,0.001,0.001,0.001,0.001,0.001,0.001,0.001,0.001,0.001,0.001,0.001,0.001,0.001,0.001,0.001,99.982;0.001,0.001,0.001,0.001,0.001,0.001,0.001,0.001,0.001,0.001,0.001,0.001,0.001,0.001,0.001,0.001,0.001,0.001,99.982;0.001,0.001,0.001,0.001,0.001,0.001,0.001,0.001,0.001,0.001,0.001,0.001,0.001,0.001,0.001,0.001,0.001,0.001,99.982;0.001,0.001,0.001,0.001,0.001,0.001,0.001,0.001,0.001,0.001,0.001,0.001,0.001,0.001,0.001,0.001,0.001,0.001,99.982;0.001,0.001,0.001,0.001,0.001,0.001,0.001,0.001,0.001,0.001,0.001,0.001,0.001,0.001,0.001,0.001,0.001,0.001,99.982;0.001,0.001,0.001,0.001,0.001,0.001,0.001,0.001,0.001,0.001,0.001,0.001,0.001,0.001,0.001,0.001,0.001,0.001,99.982;0.001,0.001,0.001,0.001,0.001,0.001,0.001,0.001,0.001,0.001,0.001,0.001,0.001,0.001,0.001,0.001,0.001,0.001,99.982;0.001,0.001,0.001,0.001,0.001,0.001,0.001,0.001,0.001,0.001,0.001,0.001,0.001,0.001,0.001,0.001,0.001,0.001,99.982;0.001,0.001,0.001,0.001,0.001,0.001,0.001,0.001,0.001,0.001,0.001,0.001,0.001,0.001,0.001,0.001,0.001,0.001,99.982;0.001,0.001,0.001,0.001,0.001,0.001,0.001,0.001,0.001,0.001,0.001,0.001,0.001,0.001,0.001,0.001,0.001,0.001,99.982;0.001,0.001,0.001,0.001,0.001,0.001,0.001,0.001,0.001,0.001,0.001,0.001,0.001,0.001,0.001,0.001,0.001,0.001,99.982;0.001,0.001,0.001,0.001,0.001,0.001,0.001,0.001,0.001,0.001,0.001,0.001,0.001,0.001,0.001,0.001,0.001,0.001,99.982;0.001,0.001,0.001,0.001,0.001,0.001,0.001,0.001,0.001,0.001,0.001,0.001,0.001,0.001,0.001,0.001,0.001,0.001,99.982"
    levelsQoS 19
    queueSizes "32,32,32,32,32,32,32,32,32,32,32,32,32,32,32,32,32,32,32"
  ]
  node [
    id 2
    label "2"
    Country "Hungary"
    Longitude 19.80303
    Internal 1
    Latitude 48.09872
    type "inner"
    schedulingPolicy "WFQ"
    tosToQoSqueue "0,1,2,3,4,5,6,7,8,9,10,11,12,13,14,15,16,17,18,19,20,21,22,23,24,25,26,27,28,29,30,31,32,33,34,35,36,37,38,39,40,41,42,43,44,45,46,47,48,49,50,51,52,53,54,55,56,57,58,59,60,61,62,63,64,65,66,67,68,69,70,71,72,73,74,75,76,77,78,79,80,81,82,83,84,85,86,87,88"
    schedulingWeights "100"
    levelsQoS 1
    queueSizes "32"
  ]
  node [
    id 3
    label "3"
    Country "Hungary"
    Longitude 19.36667
    Internal 1
    Latitude 47.6
    type "inner"
    schedulingPolicy "WFQ"
    tosToQoSqueue "0,1,2,3,4,5,6,7,8,9,10,11,12,13,14,15,16,17,18,19,20,21,22,23,24,25,26,27,28,29,30,31,32,33,34,35,36,37,38,39,40,41,42,43,44,45,46,47,48,49,50,51,52,53,54,55,56,57,58,59,60,61,62,63,64,65,66,67,68,69,70,71,72,73,74,75,76,77,78,79,80,81,82,83,84,85,86,87,88"
    schedulingWeights "100"
    levelsQoS 1
    queueSizes "32"
  ]
  node [
    id 4
    label "4"
    Country "Hungary"
    Longitude 20.2
    Internal 1
    Latitude 47.18333
    type "inner"
    schedulingPolicy "WFQ"
    tosToQoSqueue "0,1,2,3,4,5,6,7,8,9,10,11,12,13,14,15,16,17,18,19,20,21,22,23,24,25,26,27,28,29,30,31,32,33,34,35,36,37,38,39,40,41,42,43,44,45,46,47,48,49,50,51,52,53,54,55,56,57,58,59,60,61,62,63,64,65,66,67,68,69,70,71,72,73,74,75,76,77,78,79,80,81,82,83,84,85,86,87,88"
    schedulingWeights "100;100"
    levelsQoS 1
    queueSizes "32"
  ]
  node [
    id 5
    label "5"
    Country "Hungary"
    Longitude 18.93333
    Internal 1
    Latitude 46.98333
    type "inner"
    schedulingPolicy "WFQ"
    tosToQoSqueue "0,1,2,3,4,5,6,7,8,9,10,11,12,13,14,15,16,17,18,19,20,21,22,23,24,25,26,27,28,29,30,31,32,33,34,35,36,37,38,39,40,41,42,43,44,45,46,47,48,49,50,51,52,53,54,55,56,57,58,59,60,61,62,63,64,65,66,67,68,69,70,71,72,73,74,75,76,77,78,79,80,81,82,83,84,85,86,87,88"
    schedulingWeights "100;100"
    levelsQoS 1
    queueSizes "32"
  ]
  node [
    id 6
    label "6"
    Country "Hungary"
    Longitude 21.71671
    Internal 1
    Latitude 47.95539
    type "antenna"
    schedulingPolicy "WFQ"
    tosToQoSqueue "37,0,1,2,3,4,5,6,7,8,9,10,11,12,13,14,15,16,17,18,19,20,21,22,23,24,25,26,27,28,29,30,31,32,33,34,35,36,38,39,40,41,42,43,44,45,46,47,48,49,50,51,52,53,54,55,56,57,58,59,60,61,62,63,64,65,66,67,68,69,70,71,72,73,74,75,76,77,78,79,80,81,82,83,84,85,86,87,88"
    schedulingWeights "100;100"
    levelsQoS 1
    queueSizes "32"
  ]
  node [
    id 7
    label "7"
    Country "Hungary"
    Longitude 21.63333
    Internal 1
    Latitude 47.53333
    type "inner"
    schedulingPolicy "WFQ"
    tosToQoSqueue "0,1,2,3,4,5,6,7,8,9,10,11,12,13,14,15,16,17,18,19,20,21,22,23,24,25,26,27,28,29,30,31,32,33,34,35,36,37,38,39,40,41,42,43,44,45,46,47,48,49,50,51,52,53,54,55,56,57,58,59,60,61,62,63,64,65,66,67,68,69,70,71,72,73,74,75,76,77,78,79,80,81,82,83,84,85,86,87,88"
    schedulingWeights "100;100"
    levelsQoS 1
    queueSizes "32"
  ]
  node [
    id 8
    label "8"
    Country "Hungary"
    Longitude 19.69128
    Internal 1
    Latitude 46.90618
    type "inner"
    schedulingPolicy "WFQ"
    tosToQoSqueue "0,1,2,3,4,5,6,7,8,9,10,11,12,13,14,15,16,17,18,19,20,21,22,23,24,25,26,27,28,29,30,31,32,33,34,35,36,37,38,39,40,41,42,43,44,45,46,47,48,49,50,51,52,53,54,55,56,57,58,59,60,61,62,63,64,65,66,67,68,69,70,71,72,73,74,75,76,77,78,79,80,81,82,83,84,85,86,87,88"
    schedulingWeights "100;100"
    levelsQoS 1
    queueSizes "32"
  ]
  node [
    id 9
    label "9"
    Country "Hungary"
    Longitude 18.96667
    Internal 1
    Latitude 46.18333
    type "antenna"
    schedulingPolicy "WFQ"
    tosToQoSqueue "34,0,1,2,3,4,5,6,7,8,9,10,11,12,13,14,15,16,17,18,19,20,21,22,23,24,25,26,27,28,29,30,31,32,33,35,36,37,38,39,40,41,42,43,44,45,46,47,48,49,50,51,52,53,54,55,56,57,58,59,60,61,62,63,64,65,66,67,68,69,70,71,72,73,74,75,76,77,78,79,80,81,82,83,84,85,86,87,88"
    schedulingWeights "100;100"
    levelsQoS 1
    queueSizes "32"
  ]
  node [
    id 10
    label "10"
    Country "Hungary"
    Longitude 18.23333
    Internal 1
    Latitude 46.08333
    type "inner"
    schedulingPolicy "WFQ"
    tosToQoSqueue "0,1,2,3,4,5,6,7,8,9,10,11,12,13,14,15,16,17,18,19,20,21,22,23,24,25,26,27,28,29,30,31,32,33,34,35,36,37,38,39,40,41,42,43,44,45,46,47,48,49,50,51,52,53,54,55,56,57,58,59,60,61,62,63,64,65,66,67,68,69,70,71,72,73,74,75,76,77,78,79,80,81,82,83,84,85,86,87,88"
    schedulingWeights "100"
    levelsQoS 1
    queueSizes "32"
  ]
  node [
    id 11
    label "11"
    Internal 0
    type "inner"
    schedulingPolicy "WFQ"
    tosToQoSqueue "0,1,2,3,4,5,6,7,8,9,10,11,12,13,14,15,16,17,18,19,20,21,22,23,24,25,26,27,28,29,30,31,32,33,34,35,36,37,38,39,40,41,42,43,44,45,46,47,48,49,50,51,52,53,54,55,56,57,58,59,60,61,62,63,64,65,66,67,68,69,70,71,72,73,74,75,76,77,78,79,80,81,82,83,84,85,86,87,88"
    schedulingWeights "100"
    levelsQoS 1
    queueSizes "32"
  ]
  node [
    id 12
    label "12"
    Country "Hungary"
    Longitude 20.14824
    Internal 1
    Latitude 46.253
    type "inner"
    schedulingPolicy "WFQ"
    tosToQoSqueue "0,1,2,3,4,5,6,7,8,9,10,11,12,13,14,15,16,17,18,19,20,21,22,23,24,25,26,27,28,29,30,31,32,33,34,35,36,37,38,39,40,41,42,43,44,45,46,47,48,49,50,51,52,53,54,55,56,57,58,59,60,61,62,63,64,65,66,67,68,69,70,71,72,73,74,75,76,77,78,79,80,81,82,83,84,85,86,87,88"
    schedulingWeights "100;100;100;100"
    levelsQoS 1
    queueSizes "32"
  ]
  node [
    id 13
    label "13"
    Country "Hungary"
    Longitude 18.05
    Internal 1
    Latitude 46.9
    type "inner"
    schedulingPolicy "WFQ"
    tosToQoSqueue "0,1,2,3,4,5,6,7,8,9,10,11,12,13,14,15,16,17,18,19,20,21,22,23,24,25,26,27,28,29,30,31,32,33,34,35,36,37,38,39,40,41,42,43,44,45,46,47,48,49,50,51,52,53,54,55,56,57,58,59,60,61,62,63,64,65,66,67,68,69,70,71,72,73,74,75,76,77,78,79,80,81,82,83,84,85,86,87,88"
    schedulingWeights "100"
    levelsQoS 1
    queueSizes "32"
  ]
  node [
    id 14
    label "14"
    Country "Hungary"
    Longitude 17.8
    Internal 1
    Latitude 46.36667
    type "antenna"
    schedulingPolicy "WFQ"
    tosToQoSqueue "35,0,1,2,3,4,5,6,7,8,9,10,11,12,13,14,15,16,17,18,19,20,21,22,23,24,25,26,27,28,29,30,31,32,33,34,36,37,38,39,40,41,42,43,44,45,46,47,48,49,50,51,52,53,54,55,56,57,58,59,60,61,62,63,64,65,66,67,68,69,70,71,72,73,74,75,76,77,78,79,80,81,82,83,84,85,86,87,88"
    schedulingWeights "100;100"
    levelsQoS 1
    queueSizes "32"
  ]
  node [
    id 15
    label "15"
    Country "Hungary"
    Longitude 18.71667
    Internal 1
    Latitude 46.35
    type "inner"
    schedulingPolicy "WFQ"
    tosToQoSqueue "0,1,2,3,4,5,6,7,8,9,10,11,12,13,14,15,16,17,18,19,20,21,22,23,24,25,26,27,28,29,30,31,32,33,34,35,36,37,38,39,40,41,42,43,44,45,46,47,48,49,50,51,52,53,54,55,56,57,58,59,60,61,62,63,64,65,66,67,68,69,70,71,72,73,74,75,76,77,78,79,80,81,82,83,84,85,86,87,88"
    schedulingWeights "100"
    levelsQoS 1
    queueSizes "32"
  ]
  node [
    id 16
    label "16"
    Internal 0
    type "inner"
    schedulingPolicy "WFQ"
    tosToQoSqueue "0,1,2,3,4,5,6,7,8,9,10,11,12,13,14,15,16,17,18,19,20,21,22,23,24,25,26,27,28,29,30,31,32,33,34,35,36,37,38,39,40,41,42,43,44,45,46,47,48,49,50,51,52,53,54,55,56,57,58,59,60,61,62,63,64,65,66,67,68,69,70,71,72,73,74,75,76,77,78,79,80,81,82,83,84,85,86,87,88"
    schedulingWeights "100"
    levelsQoS 1
    queueSizes "32"
  ]
  node [
    id 17
    label "17"
    Internal 0
    type "inner"
    schedulingPolicy "WFQ"
    tosToQoSqueue "0,1,2,3,4,5,6,7,8,9,10,11,12,13,14,15,16,17,18,19,20,21,22,23,24,25,26,27,28,29,30,31,32,33,34,35,36,37,38,39,40,41,42,43,44,45,46,47,48,49,50,51,52,53,54,55,56,57,58,59,60,61,62,63,64,65,66,67,68,69,70,71,72,73,74,75,76,77,78,79,80,81,82,83,84,85,86,87,88"
    schedulingWeights "100"
    levelsQoS 1
    queueSizes "32"
  ]
  node [
    id 18
    label "18"
    Internal 0
    type "inner"
    schedulingPolicy "WFQ"
    tosToQoSqueue "0,1,2,3,4,5,6,7,8,9,10,11,12,13,14,15,16,17,18,19,20,21,22,23,24,25,26,27,28,29,30,31,32,33,34,35,36,37,38,39,40,41,42,43,44,45,46,47,48,49,50,51,52,53,54,55,56,57,58,59,60,61,62,63,64,65,66,67,68,69,70,71,72,73,74,75,76,77,78,79,80,81,82,83,84,85,86,87,88"
    schedulingWeights "100"
    levelsQoS 1
    queueSizes "32"
  ]
  node [
    id 19
    label "19"
    Country "Hungary"
    Longitude 21.1
    Internal 1
    Latitude 46.68333
    type "inner"
    schedulingPolicy "WFQ"
    tosToQoSqueue "0,1,2,3,4,5,6,7,8,9,10,11,12,13,14,15,16,17,18,19,20,21,22,23,24,25,26,27,28,29,30,31,32,33,34,35,36,37,38,39,40,41,42,43,44,45,46,47,48,49,50,51,52,53,54,55,56,57,58,59,60,61,62,63,64,65,66,67,68,69,70,71,72,73,74,75,76,77,78,79,80,81,82,83,84,85,86,87,88"
    schedulingWeights "100"
    levelsQoS 1
    queueSizes "32"
  ]
  node [
    id 20
    label "20"
    Country "Hungary"
    Longitude 19.03991
    Internal 1
    Latitude 47.49801
    type "inner"
    schedulingPolicy "WFQ"
    tosToQoSqueue "38,44,51,81;46,58,79;52,57,61,65,66;41,49,54,59,75,76;43,83;48,71,77,78,85;45,67,69,82;72,84;60,73,87;50;74;64;62;68;88;86;53;70;56,80;39,42;37,63;33,47,55;34,40;35;36,0,1,2,3,4,5,6,7,8,9,10,11,12,13,14,15,16,17,18,19,20,21,22,23,24,25,26,27,28,29,30,31,32"
    schedulingWeights "0.001,0.001,0.001,0.001,0.001,0.001,0.001,0.001,0.001,0.001,0.001,0.001,0.001,0.001,0.001,0.001,0.001,0.001,0.001,0.001,0.001,0.001,0.001,0.001,99.976;0.001,0.001,0.001,0.001,0.001,0.001,0.001,0.001,0.001,0.001,0.001,0.001,0.001,0.001,0.001,0.001,0.001,0.001,0.001,0.001,0.001,0.001,0.001,0.001,99.976;0.001,0.001,0.001,0.001,0.001,0.001,0.001,0.001,0.001,0.001,0.001,0.001,0.001,0.001,0.001,0.001,0.001,0.001,0.001,0.001,0.001,0.001,0.001,0.001,99.976;0.001,0.001,0.001,0.001,0.001,0.001,0.001,0.001,0.001,0.001,0.001,0.001,0.001,0.001,0.001,0.001,0.001,0.001,0.001,0.001,0.001,0.001,0.001,0.001,99.976;0.001,0.001,0.001,0.001,0.001,0.001,0.001,0.001,0.001,0.001,0.001,0.001,0.001,0.001,0.001,0.001,0.001,0.001,0.001,0.001,0.001,0.001,0.001,0.001,99.976;0.001,0.001,0.001,0.001,0.001,0.001,0.001,0.001,0.001,0.001,0.001,0.001,0.001,0.001,0.001,0.001,0.001,0.001,0.001,0.001,0.001,0.001,0.001,0.001,99.976;0.001,0.001,0.001,0.001,0.001,0.001,0.001,0.001,0.001,0.001,0.001,0.001,0.001,0.001,0.001,0.001,0.001,0.001,0.001,0.001,0.001,0.001,0.001,0.001,99.976;0.001,0.001,0.001,0.001,0.001,0.001,0.001,0.001,0.001,0.001,0.001,0.001,0.001,0.001,0.001,0.001,0.001,0.001,0.001,0.001,0.001,0.001,0.001,0.001,99.976;0.001,0.001,0.001,0.001,0.001,0.001,0.001,0.001,0.001,0.001,0.001,0.001,0.001,0.001,0.001,0.001,0.001,0.001,0.001,0.001,0.001,0.001,0.001,0.001,99.976;0.001,0.001,0.001,0.001,0.001,0.001,0.001,0.001,0.001,0.001,0.001,0.001,0.001,0.001,0.001,0.001,0.001,0.001,0.001,0.001,0.001,0.001,0.001,0.001,99.976;0.001,0.001,0.001,0.001,0.001,0.001,0.001,0.001,0.001,0.001,0.001,0.001,0.001,0.001,0.001,0.001,0.001,0.001,0.001,0.001,0.001,0.001,0.001,0.001,99.976;0.001,0.001,0.001,0.001,0.001,0.001,0.001,0.001,0.001,0.001,0.001,0.001,0.001,0.001,0.001,0.001,0.001,0.001,0.001,0.001,0.001,0.001,0.001,0.001,99.976;0.001,0.001,0.001,0.001,0.001,0.001,0.001,0.001,0.001,0.001,0.001,0.001,0.001,0.001,0.001,0.001,0.001,0.001,0.001,0.001,0.001,0.001,0.001,0.001,99.976;0.001,0.001,0.001,0.001,0.001,0.001,0.001,0.001,0.001,0.001,0.001,0.001,0.001,0.001,0.001,0.001,0.001,0.001,0.001,0.001,0.001,0.001,0.001,0.001,99.976;0.001,0.001,0.001,0.001,0.001,0.001,0.001,0.001,0.001,0.001,0.001,0.001,0.001,0.001,0.001,0.001,0.001,0.001,0.001,0.001,0.001,0.001,0.001,0.001,99.976;2.393,0.001,0.001,2.561,2.375,0.001,0.001,0.001,0.001,0.001,0.001,0.001,0.001,0.001,0.001,0.001,0.001,0.001,0.001,20.688,11.176,13.462,20.472,13.508,13.349;7.178,5.996,11.124,12.804,2.375,10.144,10.109,0.286,0.363,0.127,0.143,0.129,0.128,0.115,0.131,0.15,0.115,0.132,0.243,0.001,11.176,26.923,0.001,0.001,0.105"
    levelsQoS 25
    queueSizes "32,32,32,32,32,32,32,32,32,32,32,32,32,32,32,32,32,32,32,32,32,32,32,32,32"
  ]
  node [
    id 21
    label "21"
    Country "Hungary"
    Longitude 19.13333
    Internal 1
    Latitude 47.78333
    type "antenna"
    schedulingPolicy "WFQ"
    tosToQoSqueue "38,44,51;46;52,57;41,49,54;43;48;45;50;53;56;39,42;33,47,55;40,0,1,2,3,4,5,6,7,8,9,10,11,12,13,14,15,16,17,18,19,20,21,22,23,24,25,26,27,28,29,30,31,32,34,35,36,37,58,59,60,61,62,63,64,65,66,67,68,69,70,71,72,73,74,75,76,77,78,79,80,81,82,83,84,85,86,87,88"
    schedulingWeights "7.178,1.999,4.45,7.683,2.375,2.029,2.527,0.127,0.115,0.121,20.688,40.385,10.323;0.001,0.001,0.001,0.001,0.001,0.001,0.001,0.001,0.001,0.001,0.001,0.001,99.988;0.001,0.001,0.001,0.001,0.001,0.001,0.001,0.001,0.001,0.001,0.001,0.001,99.988;0.001,0.001,0.001,0.001,0.001,0.001,0.001,0.001,0.001,0.001,0.001,0.001,99.988;0.001,0.001,0.001,0.001,0.001,0.001,0.001,0.001,0.001,0.001,0.001,0.001,99.988;0.001,0.001,0.001,0.001,0.001,0.001,0.001,0.001,0.001,0.001,0.001,0.001,99.988;0.001,0.001,0.001,0.001,0.001,0.001,0.001,0.001,0.001,0.001,0.001,0.001,99.988;0.001,0.001,0.001,0.001,0.001,0.001,0.001,0.001,0.001,0.001,0.001,0.001,99.988;0.001,0.001,0.001,0.001,0.001,0.001,0.001,0.001,0.001,0.001,0.001,0.001,99.988;0.001,0.001,0.001,0.001,0.001,0.001,0.001,0.001,0.001,0.001,0.001,0.001,99.988;0.001,0.001,0.001,0.001,0.001,0.001,0.001,0.001,0.001,0.001,0.001,0.001,99.988;0.001,0.001,0.001,0.001,0.001,0.001,0.001,0.001,0.001,0.001,0.001,0.001,99.988;0.001,0.001,0.001,0.001,0.001,0.001,0.001,0.001,0.001,0.001,0.001,0.001,99.988;0.001,0.001,0.001,0.001,0.001,0.001,0.001,0.001,0.001,0.001,0.001,0.001,99.988;0.001,0.001,0.001,0.001,0.001,0.001,0.001,0.001,0.001,0.001,0.001,0.001,99.988;0.001,0.001,0.001,0.001,0.001,0.001,0.001,0.001,0.001,0.001,0.001,0.001,99.988;0.001,0.001,0.001,0.001,0.001,0.001,0.001,0.001,0.001,0.001,0.001,0.001,99.988;0.001,0.001,0.001,0.001,0.001,0.001,0.001,0.001,0.001,0.001,0.001,0.001,99.988;0.001,0.001,0.001,0.001,0.001,0.001,0.001,0.001,0.001,0.001,0.001,0.001,99.988;0.001,0.001,0.001,0.001,0.001,0.001,0.001,0.001,0.001,0.001,0.001,0.001,99.988;0.001,0.001,0.001,0.001,0.001,0.001,0.001,0.001,0.001,0.001,0.001,0.001,99.988;0.001,0.001,0.001,0.001,0.001,0.001,0.001,0.001,0.001,0.001,0.001,0.001,99.988"
    levelsQoS 13
    queueSizes "32,32,32,32,32,32,32,32,32,32,32,32,32"
  ]
  node [
    id 22
    label "22"
    Country "Hungary"
    Longitude 16.6
    Internal 1
    Latitude 47.68333
    type "destination_mmtc"
    schedulingPolicy "FIFO"
    levelsQoS "1"
    schedulingWeights "-"
    tosToQoSqueue "0,1,2,3,4,5,6,7,8,9,10,11,12,13,14,15,16,17,18,19,20,21,22,23,24,25,26,27,28,29,30,31,32,33,34,35,36,37,38,39,40,41,42,43,44,45,46,47,48,49,50,51,52,53,54,55,56,57,58,59,60,61,62,63,64,65,66,67,68,69,70,71,72,73,74,75,76,77,78,79,80,81,82,83,84,85,86,87,88"
    queueSizes "32"
  ]
  node [
    id 23
    label "23"
    Country "Hungary"
    Longitude 16.62155
    Internal 1
    Latitude 47.23088
    type "inner"
    schedulingPolicy "WFQ"
    tosToQoSqueue "38;41;43;39,42;37;33;34,40;35;36,0,1,2,3,4,5,6,7,8,9,10,11,12,13,14,15,16,17,18,19,20,21,22,23,24,25,26,27,28,29,30,31,32,44,45,46,47,48,49,50,51,52,53,54,55,56,57,58,59,60,61,62,63,64,65,66,67,68,69,70,71,72,73,74,75,76,77,78,79,80,81,82,83,84,85,86,87,88"
    schedulingWeights "2.393,2.561,2.375,20.688,11.176,13.462,20.472,13.508,13.365;0.001,0.001,0.001,0.001,0.001,0.001,0.001,0.001,99.992"
    levelsQoS 9
    queueSizes "32,32,32,32,32,32,32,32,32"
  ]
  node [
    id 24
    label "24"
    Country "Hungary"
    Longitude 16.84389
    Internal 1
    Latitude 46.84
    type "inner"
    schedulingPolicy "WFQ"
    tosToQoSqueue "38;41;43;39,42;37;33;34,40;35;36,0,1,2,3,4,5,6,7,8,9,10,11,12,13,14,15,16,17,18,19,20,21,22,23,24,25,26,27,28,29,30,31,32,44,45,46,47,48,49,50,51,52,53,54,55,56,57,58,59,60,61,62,63,64,65,66,67,68,69,70,71,72,73,74,75,76,77,78,79,80,81,82,83,84,85,86,87,88"
    schedulingWeights "2.393,2.561,2.375,20.688,11.176,13.462,20.472,13.508,13.365;0.001,0.001,0.001,0.001,0.001,0.001,0.001,0.001,99.992"
    levelsQoS 9
    queueSizes "32,32,32,32,32,32,32,32,32"
  ]
  node [
    id 25
    label "25"
    Country "Hungary"
    Longitude 16.99104
    Internal 1
    Latitude 46.45347
    type "inner"
    schedulingPolicy "WFQ"
    tosToQoSqueue "0,1,2,3,4,5,6,7,8,9,10,11,12,13,14,15,16,17,18,19,20,21,22,23,24,25,26,27,28,29,30,31,32,33,34,35,36,37,38,39,40,41,42,43,44,45,46,47,48,49,50,51,52,53,54,55,56,57,58,59,60,61,62,63,64,65,66,67,68,69,70,71,72,73,74,75,76,77,78,79,80,81,82,83,84,85,86,87,88"
    schedulingWeights "100"
    levelsQoS 1
    queueSizes "32"
  ]
  node [
    id 26
    label "26"
    Country "Hungary"
    Longitude 18.41034
    Internal 1
    Latitude 47.18995
    type "inner"
    schedulingPolicy "WFQ"
    tosToQoSqueue "38;41;43;39,42;37;33;34,40;35;36,0,1,2,3,4,5,6,7,8,9,10,11,12,13,14,15,16,17,18,19,20,21,22,23,24,25,26,27,28,29,30,31,32,44,45,46,47,48,49,50,51,52,53,54,55,56,57,58,59,60,61,62,63,64,65,66,67,68,69,70,71,72,73,74,75,76,77,78,79,80,81,82,83,84,85,86,87,88"
    schedulingWeights "0.001,0.001,0.001,0.001,0.001,0.001,0.001,0.001,99.992;2.393,2.561,2.375,20.688,11.176,13.462,20.472,13.508,13.365"
    levelsQoS 9
    queueSizes "32,32,32,32,32,32,32,32,32"
  ]
  node [
    id 27
    label "27"
    Country "Hungary"
    Longitude 17.91149
    Internal 1
    Latitude 47.09327
    type "inner"
    schedulingPolicy "WFQ"
    tosToQoSqueue "38;41;43;39,42;37;33;34,40;35;36,0,1,2,3,4,5,6,7,8,9,10,11,12,13,14,15,16,17,18,19,20,21,22,23,24,25,26,27,28,29,30,31,32,44,45,46,47,48,49,50,51,52,53,54,55,56,57,58,59,60,61,62,63,64,65,66,67,68,69,70,71,72,73,74,75,76,77,78,79,80,81,82,83,84,85,86,87,88"
    schedulingWeights "2.393,2.561,2.375,20.688,11.176,13.462,20.472,13.508,13.365;0.001,0.001,0.001,0.001,0.001,0.001,0.001,0.001,99.992"
    levelsQoS 9
    queueSizes "32,32,32,32,32,32,32,32,32"
  ]
  node [
    id 28
    label "28"
    Country "Hungary"
    Longitude 17.63512
    Internal 1
    Latitude 47.68333
    type "destination_embb"
    schedulingPolicy "FIFO"
    levelsQoS "1"
    schedulingWeights "-"
    tosToQoSqueue "0,1,2,3,4,5,6,7,8,9,10,11,12,13,14,15,16,17,18,19,20,21,22,23,24,25,26,27,28,29,30,31,32,33,34,35,36,37,38,39,40,41,42,43,44,45,46,47,48,49,50,51,52,53,54,55,56,57,58,59,60,61,62,63,64,65,66,67,68,69,70,71,72,73,74,75,76,77,78,79,80,81,82,83,84,85,86,87,88"
    queueSizes "32"
  ]
  node [
    id 29
    label "29"
    Country "Hungary"
    Longitude 18.41667
    Internal 1
    Latitude 47.56667
    type "destination_urllc"
    schedulingPolicy "FIFO"
    levelsQoS "1"
    schedulingWeights "-"
    tosToQoSqueue "0,1,2,3,4,5,6,7,8,9,10,11,12,13,14,15,16,17,18,19,20,21,22,23,24,25,26,27,28,29,30,31,32,33,34,35,36,37,38,39,40,41,42,43,44,45,46,47,48,49,50,51,52,53,54,55,56,57,58,59,60,61,62,63,64,65,66,67,68,69,70,71,72,73,74,75,76,77,78,79,80,81,82,83,84,85,86,87,88"
    queueSizes "32"
  ]
  node [
    id 30
    label "30"
    schedulingPolicy "FIFO"
    levelsQoS "1"
    schedulingWeights "-"
    tosToQoSqueue "0,1,2,3,4,5,6,7,8,9,10,11,12,13,14,15,16,17,18,19,20,21,22,23,24,25,26,27,28,29,30,31,32,33,34,35,36,37,38,39,40,41,42,43,44,45,46,47,48,49,50,51,52,53,54,55,56,57,58,59,60,61,62,63,64,65,66,67,68,69,70,71,72,73,74,75,76,77,78,79,80,81,82,83,84,85,86,87,88"
    queueSizes "32"
    type "destination_urllc"
  ]
  node [
    id 31
    label "31"
    schedulingPolicy "FIFO"
    levelsQoS "1"
    schedulingWeights "-"
    tosToQoSqueue "0,1,2,3,4,5,6,7,8,9,10,11,12,13,14,15,16,17,18,19,20,21,22,23,24,25,26,27,28,29,30,31,32,33,34,35,36,37,38,39,40,41,42,43,44,45,46,47,48,49,50,51,52,53,54,55,56,57,58,59,60,61,62,63,64,65,66,67,68,69,70,71,72,73,74,75,76,77,78,79,80,81,82,83,84,85,86,87,88"
    queueSizes "32"
    type "destination_mmtc"
  ]
  node [
    id 32
    label "32"
    schedulingPolicy "FIFO"
    levelsQoS "1"
    schedulingWeights "-"
    tosToQoSqueue "0,1,2,3,4,5,6,7,8,9,10,11,12,13,14,15,16,17,18,19,20,21,22,23,24,25,26,27,28,29,30,31,32,33,34,35,36,37,38,39,40,41,42,43,44,45,46,47,48,49,50,51,52,53,54,55,56,57,58,59,60,61,62,63,64,65,66,67,68,69,70,71,72,73,74,75,76,77,78,79,80,81,82,83,84,85,86,87,88"
    queueSizes "32"
    type "destination_embb"
  ]
  node [
    id 33
    label "33"
    schedulingPolicy "FIFO"
    levelsQoS "1"
    schedulingWeights "-"
    tosToQoSqueue "0,1,2,3,4,5,6,7,8,9,10,11,12,13,14,15,16,17,18,19,20,21,22,23,24,25,26,27,28,29,30,31,32,33,34,35,36,37,38,39,40,41,42,43,44,45,46,47,48,49,50,51,52,53,54,55,56,57,58,59,60,61,62,63,64,65,66,67,68,69,70,71,72,73,74,75,76,77,78,79,80,81,82,83,84,85,86,87,88"
    queueSizes "32"
    type "origin_embb"
    reservation 20192400.0
  ]
  node [
    id 34
    label "34"
    schedulingPolicy "FIFO"
    levelsQoS "1"
    schedulingWeights "-"
    tosToQoSqueue "0,1,2,3,4,5,6,7,8,9,10,11,12,13,14,15,16,17,18,19,20,21,22,23,24,25,26,27,28,29,30,31,32,33,34,35,36,37,38,39,40,41,42,43,44,45,46,47,48,49,50,51,52,53,54,55,56,57,58,59,60,61,62,63,64,65,66,67,68,69,70,71,72,73,74,75,76,77,78,79,80,81,82,83,84,85,86,87,88"
    queueSizes "32"
    type "origin_embb"
    reservation 15354000.0
  ]
  node [
    id 35
    label "35"
    schedulingPolicy "FIFO"
    levelsQoS "1"
    schedulingWeights "-"
    tosToQoSqueue "0,1,2,3,4,5,6,7,8,9,10,11,12,13,14,15,16,17,18,19,20,21,22,23,24,25,26,27,28,29,30,31,32,33,34,35,36,37,38,39,40,41,42,43,44,45,46,47,48,49,50,51,52,53,54,55,56,57,58,59,60,61,62,63,64,65,66,67,68,69,70,71,72,73,74,75,76,77,78,79,80,81,82,83,84,85,86,87,88"
    queueSizes "32"
    type "origin_embb"
    reservation 20262600.0
  ]
  node [
    id 36
    label "36"
    schedulingPolicy "FIFO"
    levelsQoS "1"
    schedulingWeights "-"
    tosToQoSqueue "0,1,2,3,4,5,6,7,8,9,10,11,12,13,14,15,16,17,18,19,20,21,22,23,24,25,26,27,28,29,30,31,32,33,34,35,36,37,38,39,40,41,42,43,44,45,46,47,48,49,50,51,52,53,54,55,56,57,58,59,60,61,62,63,64,65,66,67,68,69,70,71,72,73,74,75,76,77,78,79,80,81,82,83,84,85,86,87,88"
    queueSizes "32"
    type "origin_embb"
    reservation 20025000.0
  ]
  node [
    id 37
    label "37"
    schedulingPolicy "FIFO"
    levelsQoS "1"
    schedulingWeights "-"
    tosToQoSqueue "0,1,2,3,4,5,6,7,8,9,10,11,12,13,14,15,16,17,18,19,20,21,22,23,24,25,26,27,28,29,30,31,32,33,34,35,36,37,38,39,40,41,42,43,44,45,46,47,48,49,50,51,52,53,54,55,56,57,58,59,60,61,62,63,64,65,66,67,68,69,70,71,72,73,74,75,76,77,78,79,80,81,82,83,84,85,86,87,88"
    queueSizes "32"
    type "origin_embb"
    reservation 16763400.0
  ]
  node [
    id 38
    label "38"
    schedulingPolicy "FIFO"
    levelsQoS "1"
    schedulingWeights "-"
    tosToQoSqueue "0,1,2,3,4,5,6,7,8,9,10,11,12,13,14,15,16,17,18,19,20,21,22,23,24,25,26,27,28,29,30,31,32,33,34,35,36,37,38,39,40,41,42,43,44,45,46,47,48,49,50,51,52,53,54,55,56,57,58,59,60,61,62,63,64,65,66,67,68,69,70,71,72,73,74,75,76,77,78,79,80,81,82,83,84,85,86,87,88"
    queueSizes "32"
    type "origin_urllc"
    reservation 3589250.0
  ]
  node [
    id 39
    label "39"
    schedulingPolicy "FIFO"
    levelsQoS "1"
    schedulingWeights "-"
    tosToQoSqueue "0,1,2,3,4,5,6,7,8,9,10,11,12,13,14,15,16,17,18,19,20,21,22,23,24,25,26,27,28,29,30,31,32,33,34,35,36,37,38,39,40,41,42,43,44,45,46,47,48,49,50,51,52,53,54,55,56,57,58,59,60,61,62,63,64,65,66,67,68,69,70,71,72,73,74,75,76,77,78,79,80,81,82,83,84,85,86,87,88"
    queueSizes "32"
    type "origin_embb"
    reservation 15516000.0
  ]
  node [
    id 40
    label "40"
    schedulingPolicy "FIFO"
    levelsQoS "1"
    schedulingWeights "-"
    tosToQoSqueue "0,1,2,3,4,5,6,7,8,9,10,11,12,13,14,15,16,17,18,19,20,21,22,23,24,25,26,27,28,29,30,31,32,33,34,35,36,37,38,39,40,41,42,43,44,45,46,47,48,49,50,51,52,53,54,55,56,57,58,59,60,61,62,63,64,65,66,67,68,69,70,71,72,73,74,75,76,77,78,79,80,81,82,83,84,85,86,87,88"
    queueSizes "32"
    type "origin_embb"
    reservation 15354000.0
  ]
  node [
    id 41
    label "41"
    schedulingPolicy "FIFO"
    levelsQoS "1"
    schedulingWeights "-"
    tosToQoSqueue "0,1,2,3,4,5,6,7,8,9,10,11,12,13,14,15,16,17,18,19,20,21,22,23,24,25,26,27,28,29,30,31,32,33,34,35,36,37,38,39,40,41,42,43,44,45,46,47,48,49,50,51,52,53,54,55,56,57,58,59,60,61,62,63,64,65,66,67,68,69,70,71,72,73,74,75,76,77,78,79,80,81,82,83,84,85,86,87,88"
    queueSizes "32"
    type "origin_urllc"
    reservation 3841250.0
  ]
  node [
    id 42
    label "42"
    schedulingPolicy "FIFO"
    levelsQoS "1"
    schedulingWeights "-"
    tosToQoSqueue "0,1,2,3,4,5,6,7,8,9,10,11,12,13,14,15,16,17,18,19,20,21,22,23,24,25,26,27,28,29,30,31,32,33,34,35,36,37,38,39,40,41,42,43,44,45,46,47,48,49,50,51,52,53,54,55,56,57,58,59,60,61,62,63,64,65,66,67,68,69,70,71,72,73,74,75,76,77,78,79,80,81,82,83,84,85,86,87,88"
    queueSizes "32"
    type "origin_embb"
    reservation 15516000.0
  ]
  node [
    id 43
    label "43"
    schedulingPolicy "FIFO"
    levelsQoS "1"
    schedulingWeights "-"
    tosToQoSqueue "0,1,2,3,4,5,6,7,8,9,10,11,12,13,14,15,16,17,18,19,20,21,22,23,24,25,26,27,28,29,30,31,32,33,34,35,36,37,38,39,40,41,42,43,44,45,46,47,48,49,50,51,52,53,54,55,56,57,58,59,60,61,62,63,64,65,66,67,68,69,70,71,72,73,74,75,76,77,78,79,80,81,82,83,84,85,86,87,88"
    queueSizes "32"
    type "origin_urllc"
    reservation 3563000.0
  ]
  node [
    id 44
    label "44"
    schedulingPolicy "FIFO"
    levelsQoS "1"
    schedulingWeights "-"
    tosToQoSqueue "0,1,2,3,4,5,6,7,8,9,10,11,12,13,14,15,16,17,18,19,20,21,22,23,24,25,26,27,28,29,30,31,32,33,34,35,36,37,38,39,40,41,42,43,44,45,46,47,48,49,50,51,52,53,54,55,56,57,58,59,60,61,62,63,64,65,66,67,68,69,70,71,72,73,74,75,76,77,78,79,80,81,82,83,84,85,86,87,88"
    queueSizes "32"
    type "origin_urllc"
    reservation 3589250.0
  ]
  node [
    id 45
    label "45"
    schedulingPolicy "FIFO"
    levelsQoS "1"
    schedulingWeights "-"
    tosToQoSqueue "0,1,2,3,4,5,6,7,8,9,10,11,12,13,14,15,16,17,18,19,20,21,22,23,24,25,26,27,28,29,30,31,32,33,34,35,36,37,38,39,40,41,42,43,44,45,46,47,48,49,50,51,52,53,54,55,56,57,58,59,60,61,62,63,64,65,66,67,68,69,70,71,72,73,74,75,76,77,78,79,80,81,82,83,84,85,86,87,88"
    queueSizes "32"
    type "origin_urllc"
    reservation 3790850.0
  ]
  node [
    id 46
    label "46"
    schedulingPolicy "FIFO"
    levelsQoS "1"
    schedulingWeights "-"
    tosToQoSqueue "0,1,2,3,4,5,6,7,8,9,10,11,12,13,14,15,16,17,18,19,20,21,22,23,24,25,26,27,28,29,30,31,32,33,34,35,36,37,38,39,40,41,42,43,44,45,46,47,48,49,50,51,52,53,54,55,56,57,58,59,60,61,62,63,64,65,66,67,68,69,70,71,72,73,74,75,76,77,78,79,80,81,82,83,84,85,86,87,88"
    queueSizes "32"
    type "origin_urllc"
    reservation 2998100.0
  ]
  node [
    id 47
    label "47"
    schedulingPolicy "FIFO"
    levelsQoS "1"
    schedulingWeights "-"
    tosToQoSqueue "0,1,2,3,4,5,6,7,8,9,10,11,12,13,14,15,16,17,18,19,20,21,22,23,24,25,26,27,28,29,30,31,32,33,34,35,36,37,38,39,40,41,42,43,44,45,46,47,48,49,50,51,52,53,54,55,56,57,58,59,60,61,62,63,64,65,66,67,68,69,70,71,72,73,74,75,76,77,78,79,80,81,82,83,84,85,86,87,88"
    queueSizes "32"
    type "origin_embb"
    reservation 20192400.0
  ]
  node [
    id 48
    label "48"
    schedulingPolicy "FIFO"
    levelsQoS "1"
    schedulingWeights "-"
    tosToQoSqueue "0,1,2,3,4,5,6,7,8,9,10,11,12,13,14,15,16,17,18,19,20,21,22,23,24,25,26,27,28,29,30,31,32,33,34,35,36,37,38,39,40,41,42,43,44,45,46,47,48,49,50,51,52,53,54,55,56,57,58,59,60,61,62,63,64,65,66,67,68,69,70,71,72,73,74,75,76,77,78,79,80,81,82,83,84,85,86,87,88"
    queueSizes "32"
    type "origin_urllc"
    reservation 3043250.0
  ]
  node [
    id 49
    label "49"
    schedulingPolicy "FIFO"
    levelsQoS "1"
    schedulingWeights "-"
    tosToQoSqueue "0,1,2,3,4,5,6,7,8,9,10,11,12,13,14,15,16,17,18,19,20,21,22,23,24,25,26,27,28,29,30,31,32,33,34,35,36,37,38,39,40,41,42,43,44,45,46,47,48,49,50,51,52,53,54,55,56,57,58,59,60,61,62,63,64,65,66,67,68,69,70,71,72,73,74,75,76,77,78,79,80,81,82,83,84,85,86,87,88"
    queueSizes "32"
    type "origin_urllc"
    reservation 3841250.0
  ]
  node [
    id 50
    label "50"
    schedulingPolicy "FIFO"
    levelsQoS "1"
    schedulingWeights "-"
    tosToQoSqueue "0,1,2,3,4,5,6,7,8,9,10,11,12,13,14,15,16,17,18,19,20,21,22,23,24,25,26,27,28,29,30,31,32,33,34,35,36,37,38,39,40,41,42,43,44,45,46,47,48,49,50,51,52,53,54,55,56,57,58,59,60,61,62,63,64,65,66,67,68,69,70,71,72,73,74,75,76,77,78,79,80,81,82,83,84,85,86,87,88"
    queueSizes "32"
    type "origin_mmtc"
    reservation 189920.0
  ]
  node [
    id 51
    label "51"
    schedulingPolicy "FIFO"
    levelsQoS "1"
    schedulingWeights "-"
    tosToQoSqueue "0,1,2,3,4,5,6,7,8,9,10,11,12,13,14,15,16,17,18,19,20,21,22,23,24,25,26,27,28,29,30,31,32,33,34,35,36,37,38,39,40,41,42,43,44,45,46,47,48,49,50,51,52,53,54,55,56,57,58,59,60,61,62,63,64,65,66,67,68,69,70,71,72,73,74,75,76,77,78,79,80,81,82,83,84,85,86,87,88"
    queueSizes "32"
    type "origin_urllc"
    reservation 3589250.0
  ]
  node [
    id 52
    label "52"
    schedulingPolicy "FIFO"
    levelsQoS "1"
    schedulingWeights "-"
    tosToQoSqueue "0,1,2,3,4,5,6,7,8,9,10,11,12,13,14,15,16,17,18,19,20,21,22,23,24,25,26,27,28,29,30,31,32,33,34,35,36,37,38,39,40,41,42,43,44,45,46,47,48,49,50,51,52,53,54,55,56,57,58,59,60,61,62,63,64,65,66,67,68,69,70,71,72,73,74,75,76,77,78,79,80,81,82,83,84,85,86,87,88"
    queueSizes "32"
    type "origin_urllc"
    reservation 3337250.0
  ]
  node [
    id 53
    label "53"
    schedulingPolicy "FIFO"
    levelsQoS "1"
    schedulingWeights "-"
    tosToQoSqueue "0,1,2,3,4,5,6,7,8,9,10,11,12,13,14,15,16,17,18,19,20,21,22,23,24,25,26,27,28,29,30,31,32,33,34,35,36,37,38,39,40,41,42,43,44,45,46,47,48,49,50,51,52,53,54,55,56,57,58,59,60,61,62,63,64,65,66,67,68,69,70,71,72,73,74,75,76,77,78,79,80,81,82,83,84,85,86,87,88"
    queueSizes "32"
    type "origin_mmtc"
    reservation 173240.0
  ]
  node [
    id 54
    label "54"
    schedulingPolicy "FIFO"
    levelsQoS "1"
    schedulingWeights "-"
    tosToQoSqueue "0,1,2,3,4,5,6,7,8,9,10,11,12,13,14,15,16,17,18,19,20,21,22,23,24,25,26,27,28,29,30,31,32,33,34,35,36,37,38,39,40,41,42,43,44,45,46,47,48,49,50,51,52,53,54,55,56,57,58,59,60,61,62,63,64,65,66,67,68,69,70,71,72,73,74,75,76,77,78,79,80,81,82,83,84,85,86,87,88"
    queueSizes "32"
    type "origin_urllc"
    reservation 3841250.0
  ]
  node [
    id 55
    label "55"
    schedulingPolicy "FIFO"
    levelsQoS "1"
    schedulingWeights "-"
    tosToQoSqueue "0,1,2,3,4,5,6,7,8,9,10,11,12,13,14,15,16,17,18,19,20,21,22,23,24,25,26,27,28,29,30,31,32,33,34,35,36,37,38,39,40,41,42,43,44,45,46,47,48,49,50,51,52,53,54,55,56,57,58,59,60,61,62,63,64,65,66,67,68,69,70,71,72,73,74,75,76,77,78,79,80,81,82,83,84,85,86,87,88"
    queueSizes "32"
    type "origin_embb"
    reservation 20192400.0
  ]
  node [
    id 56
    label "56"
    schedulingPolicy "FIFO"
    levelsQoS "1"
    schedulingWeights "-"
    tosToQoSqueue "0,1,2,3,4,5,6,7,8,9,10,11,12,13,14,15,16,17,18,19,20,21,22,23,24,25,26,27,28,29,30,31,32,33,34,35,36,37,38,39,40,41,42,43,44,45,46,47,48,49,50,51,52,53,54,55,56,57,58,59,60,61,62,63,64,65,66,67,68,69,70,71,72,73,74,75,76,77,78,79,80,81,82,83,84,85,86,87,88"
    queueSizes "32"
    type "origin_mmtc"
    reservation 181880.0
  ]
  node [
    id 57
    label "57"
    schedulingPolicy "FIFO"
    levelsQoS "1"
    schedulingWeights "-"
    tosToQoSqueue "0,1,2,3,4,5,6,7,8,9,10,11,12,13,14,15,16,17,18,19,20,21,22,23,24,25,26,27,28,29,30,31,32,33,34,35,36,37,38,39,40,41,42,43,44,45,46,47,48,49,50,51,52,53,54,55,56,57,58,59,60,61,62,63,64,65,66,67,68,69,70,71,72,73,74,75,76,77,78,79,80,81,82,83,84,85,86,87,88"
    queueSizes "32"
    type "origin_urllc"
    reservation 3337250.0
  ]
  node [
    id 58
    label "58"
    schedulingPolicy "FIFO"
    levelsQoS "1"
    schedulingWeights "-"
    tosToQoSqueue "0,1,2,3,4,5,6,7,8,9,10,11,12,13,14,15,16,17,18,19,20,21,22,23,24,25,26,27,28,29,30,31,32,33,34,35,36,37,38,39,40,41,42,43,44,45,46,47,48,49,50,51,52,53,54,55,56,57,58,59,60,61,62,63,64,65,66,67,68,69,70,71,72,73,74,75,76,77,78,79,80,81,82,83,84,85,86,87,88"
    queueSizes "32"
    type "origin_urllc"
    reservation 2998100.0
  ]
  node [
    id 59
    label "59"
    schedulingPolicy "FIFO"
    levelsQoS "1"
    schedulingWeights "-"
    tosToQoSqueue "0,1,2,3,4,5,6,7,8,9,10,11,12,13,14,15,16,17,18,19,20,21,22,23,24,25,26,27,28,29,30,31,32,33,34,35,36,37,38,39,40,41,42,43,44,45,46,47,48,49,50,51,52,53,54,55,56,57,58,59,60,61,62,63,64,65,66,67,68,69,70,71,72,73,74,75,76,77,78,79,80,81,82,83,84,85,86,87,88"
    queueSizes "32"
    type "origin_urllc"
    reservation 3841250.0
  ]
  node [
    id 60
    label "60"
    schedulingPolicy "FIFO"
    levelsQoS "1"
    schedulingWeights "-"
    tosToQoSqueue "0,1,2,3,4,5,6,7,8,9,10,11,12,13,14,15,16,17,18,19,20,21,22,23,24,25,26,27,28,29,30,31,32,33,34,35,36,37,38,39,40,41,42,43,44,45,46,47,48,49,50,51,52,53,54,55,56,57,58,59,60,61,62,63,64,65,66,67,68,69,70,71,72,73,74,75,76,77,78,79,80,81,82,83,84,85,86,87,88"
    queueSizes "32"
    type "origin_mmtc"
    reservation 181640.0
  ]
  node [
    id 61
    label "61"
    schedulingPolicy "FIFO"
    levelsQoS "1"
    schedulingWeights "-"
    tosToQoSqueue "0,1,2,3,4,5,6,7,8,9,10,11,12,13,14,15,16,17,18,19,20,21,22,23,24,25,26,27,28,29,30,31,32,33,34,35,36,37,38,39,40,41,42,43,44,45,46,47,48,49,50,51,52,53,54,55,56,57,58,59,60,61,62,63,64,65,66,67,68,69,70,71,72,73,74,75,76,77,78,79,80,81,82,83,84,85,86,87,88"
    queueSizes "32"
    type "origin_urllc"
    reservation 3337250.0
  ]
  node [
    id 62
    label "62"
    schedulingPolicy "FIFO"
    levelsQoS "1"
    schedulingWeights "-"
    tosToQoSqueue "0,1,2,3,4,5,6,7,8,9,10,11,12,13,14,15,16,17,18,19,20,21,22,23,24,25,26,27,28,29,30,31,32,33,34,35,36,37,38,39,40,41,42,43,44,45,46,47,48,49,50,51,52,53,54,55,56,57,58,59,60,61,62,63,64,65,66,67,68,69,70,71,72,73,74,75,76,77,78,79,80,81,82,83,84,85,86,87,88"
    queueSizes "32"
    type "origin_mmtc"
    reservation 192140.0
  ]
  node [
    id 63
    label "63"
    schedulingPolicy "FIFO"
    levelsQoS "1"
    schedulingWeights "-"
    tosToQoSqueue "0,1,2,3,4,5,6,7,8,9,10,11,12,13,14,15,16,17,18,19,20,21,22,23,24,25,26,27,28,29,30,31,32,33,34,35,36,37,38,39,40,41,42,43,44,45,46,47,48,49,50,51,52,53,54,55,56,57,58,59,60,61,62,63,64,65,66,67,68,69,70,71,72,73,74,75,76,77,78,79,80,81,82,83,84,85,86,87,88"
    queueSizes "32"
    type "origin_embb"
    reservation 16763400.0
  ]
  node [
    id 64
    label "64"
    schedulingPolicy "FIFO"
    levelsQoS "1"
    schedulingWeights "-"
    tosToQoSqueue "0,1,2,3,4,5,6,7,8,9,10,11,12,13,14,15,16,17,18,19,20,21,22,23,24,25,26,27,28,29,30,31,32,33,34,35,36,37,38,39,40,41,42,43,44,45,46,47,48,49,50,51,52,53,54,55,56,57,58,59,60,61,62,63,64,65,66,67,68,69,70,71,72,73,74,75,76,77,78,79,80,81,82,83,84,85,86,87,88"
    queueSizes "32"
    type "origin_mmtc"
    reservation 193640.0
  ]
  node [
    id 65
    label "65"
    schedulingPolicy "FIFO"
    levelsQoS "1"
    schedulingWeights "-"
    tosToQoSqueue "0,1,2,3,4,5,6,7,8,9,10,11,12,13,14,15,16,17,18,19,20,21,22,23,24,25,26,27,28,29,30,31,32,33,34,35,36,37,38,39,40,41,42,43,44,45,46,47,48,49,50,51,52,53,54,55,56,57,58,59,60,61,62,63,64,65,66,67,68,69,70,71,72,73,74,75,76,77,78,79,80,81,82,83,84,85,86,87,88"
    queueSizes "32"
    type "origin_urllc"
    reservation 3337250.0
  ]
  node [
    id 66
    label "66"
    schedulingPolicy "FIFO"
    levelsQoS "1"
    schedulingWeights "-"
    tosToQoSqueue "0,1,2,3,4,5,6,7,8,9,10,11,12,13,14,15,16,17,18,19,20,21,22,23,24,25,26,27,28,29,30,31,32,33,34,35,36,37,38,39,40,41,42,43,44,45,46,47,48,49,50,51,52,53,54,55,56,57,58,59,60,61,62,63,64,65,66,67,68,69,70,71,72,73,74,75,76,77,78,79,80,81,82,83,84,85,86,87,88"
    queueSizes "32"
    type "origin_urllc"
    reservation 3337250.0
  ]
  node [
    id 67
    label "67"
    schedulingPolicy "FIFO"
    levelsQoS "1"
    schedulingWeights "-"
    tosToQoSqueue "0,1,2,3,4,5,6,7,8,9,10,11,12,13,14,15,16,17,18,19,20,21,22,23,24,25,26,27,28,29,30,31,32,33,34,35,36,37,38,39,40,41,42,43,44,45,46,47,48,49,50,51,52,53,54,55,56,57,58,59,60,61,62,63,64,65,66,67,68,69,70,71,72,73,74,75,76,77,78,79,80,81,82,83,84,85,86,87,88"
    queueSizes "32"
    type "origin_urllc"
    reservation 3790850.0
  ]
  node [
    id 68
    label "68"
    schedulingPolicy "FIFO"
    levelsQoS "1"
    schedulingWeights "-"
    tosToQoSqueue "0,1,2,3,4,5,6,7,8,9,10,11,12,13,14,15,16,17,18,19,20,21,22,23,24,25,26,27,28,29,30,31,32,33,34,35,36,37,38,39,40,41,42,43,44,45,46,47,48,49,50,51,52,53,54,55,56,57,58,59,60,61,62,63,64,65,66,67,68,69,70,71,72,73,74,75,76,77,78,79,80,81,82,83,84,85,86,87,88"
    queueSizes "32"
    type "origin_mmtc"
    reservation 172640.0
  ]
  node [
    id 69
    label "69"
    schedulingPolicy "FIFO"
    levelsQoS "1"
    schedulingWeights "-"
    tosToQoSqueue "0,1,2,3,4,5,6,7,8,9,10,11,12,13,14,15,16,17,18,19,20,21,22,23,24,25,26,27,28,29,30,31,32,33,34,35,36,37,38,39,40,41,42,43,44,45,46,47,48,49,50,51,52,53,54,55,56,57,58,59,60,61,62,63,64,65,66,67,68,69,70,71,72,73,74,75,76,77,78,79,80,81,82,83,84,85,86,87,88"
    queueSizes "32"
    type "origin_urllc"
    reservation 3790850.0
  ]
  node [
    id 70
    label "70"
    schedulingPolicy "FIFO"
    levelsQoS "1"
    schedulingWeights "-"
    tosToQoSqueue "0,1,2,3,4,5,6,7,8,9,10,11,12,13,14,15,16,17,18,19,20,21,22,23,24,25,26,27,28,29,30,31,32,33,34,35,36,37,38,39,40,41,42,43,44,45,46,47,48,49,50,51,52,53,54,55,56,57,58,59,60,61,62,63,64,65,66,67,68,69,70,71,72,73,74,75,76,77,78,79,80,81,82,83,84,85,86,87,88"
    queueSizes "32"
    type "origin_mmtc"
    reservation 197480.0
  ]
  node [
    id 71
    label "71"
    schedulingPolicy "FIFO"
    levelsQoS "1"
    schedulingWeights "-"
    tosToQoSqueue "0,1,2,3,4,5,6,7,8,9,10,11,12,13,14,15,16,17,18,19,20,21,22,23,24,25,26,27,28,29,30,31,32,33,34,35,36,37,38,39,40,41,42,43,44,45,46,47,48,49,50,51,52,53,54,55,56,57,58,59,60,61,62,63,64,65,66,67,68,69,70,71,72,73,74,75,76,77,78,79,80,81,82,83,84,85,86,87,88"
    queueSizes "32"
    type "origin_urllc"
    reservation 3043250.0
  ]
  node [
    id 72
    label "72"
    schedulingPolicy "FIFO"
    levelsQoS "1"
    schedulingWeights "-"
    tosToQoSqueue "0,1,2,3,4,5,6,7,8,9,10,11,12,13,14,15,16,17,18,19,20,21,22,23,24,25,26,27,28,29,30,31,32,33,34,35,36,37,38,39,40,41,42,43,44,45,46,47,48,49,50,51,52,53,54,55,56,57,58,59,60,61,62,63,64,65,66,67,68,69,70,71,72,73,74,75,76,77,78,79,80,81,82,83,84,85,86,87,88"
    queueSizes "32"
    type "origin_mmtc"
    reservation 214700.0
  ]
  node [
    id 73
    label "73"
    schedulingPolicy "FIFO"
    levelsQoS "1"
    schedulingWeights "-"
    tosToQoSqueue "0,1,2,3,4,5,6,7,8,9,10,11,12,13,14,15,16,17,18,19,20,21,22,23,24,25,26,27,28,29,30,31,32,33,34,35,36,37,38,39,40,41,42,43,44,45,46,47,48,49,50,51,52,53,54,55,56,57,58,59,60,61,62,63,64,65,66,67,68,69,70,71,72,73,74,75,76,77,78,79,80,81,82,83,84,85,86,87,88"
    queueSizes "32"
    type "origin_mmtc"
    reservation 181640.0
  ]
  node [
    id 74
    label "74"
    schedulingPolicy "FIFO"
    levelsQoS "1"
    schedulingWeights "-"
    tosToQoSqueue "0,1,2,3,4,5,6,7,8,9,10,11,12,13,14,15,16,17,18,19,20,21,22,23,24,25,26,27,28,29,30,31,32,33,34,35,36,37,38,39,40,41,42,43,44,45,46,47,48,49,50,51,52,53,54,55,56,57,58,59,60,61,62,63,64,65,66,67,68,69,70,71,72,73,74,75,76,77,78,79,80,81,82,83,84,85,86,87,88"
    queueSizes "32"
    type "origin_mmtc"
    reservation 213920.0
  ]
  node [
    id 75
    label "75"
    schedulingPolicy "FIFO"
    levelsQoS "1"
    schedulingWeights "-"
    tosToQoSqueue "0,1,2,3,4,5,6,7,8,9,10,11,12,13,14,15,16,17,18,19,20,21,22,23,24,25,26,27,28,29,30,31,32,33,34,35,36,37,38,39,40,41,42,43,44,45,46,47,48,49,50,51,52,53,54,55,56,57,58,59,60,61,62,63,64,65,66,67,68,69,70,71,72,73,74,75,76,77,78,79,80,81,82,83,84,85,86,87,88"
    queueSizes "32"
    type "origin_urllc"
    reservation 3841250.0
  ]
  node [
    id 76
    label "76"
    schedulingPolicy "FIFO"
    levelsQoS "1"
    schedulingWeights "-"
    tosToQoSqueue "0,1,2,3,4,5,6,7,8,9,10,11,12,13,14,15,16,17,18,19,20,21,22,23,24,25,26,27,28,29,30,31,32,33,34,35,36,37,38,39,40,41,42,43,44,45,46,47,48,49,50,51,52,53,54,55,56,57,58,59,60,61,62,63,64,65,66,67,68,69,70,71,72,73,74,75,76,77,78,79,80,81,82,83,84,85,86,87,88"
    queueSizes "32"
    type "origin_urllc"
    reservation 3841250.0
  ]
  node [
    id 77
    label "77"
    schedulingPolicy "FIFO"
    levelsQoS "1"
    schedulingWeights "-"
    tosToQoSqueue "0,1,2,3,4,5,6,7,8,9,10,11,12,13,14,15,16,17,18,19,20,21,22,23,24,25,26,27,28,29,30,31,32,33,34,35,36,37,38,39,40,41,42,43,44,45,46,47,48,49,50,51,52,53,54,55,56,57,58,59,60,61,62,63,64,65,66,67,68,69,70,71,72,73,74,75,76,77,78,79,80,81,82,83,84,85,86,87,88"
    queueSizes "32"
    type "origin_urllc"
    reservation 3043250.0
  ]
  node [
    id 78
    label "78"
    schedulingPolicy "FIFO"
    levelsQoS "1"
    schedulingWeights "-"
    tosToQoSqueue "0,1,2,3,4,5,6,7,8,9,10,11,12,13,14,15,16,17,18,19,20,21,22,23,24,25,26,27,28,29,30,31,32,33,34,35,36,37,38,39,40,41,42,43,44,45,46,47,48,49,50,51,52,53,54,55,56,57,58,59,60,61,62,63,64,65,66,67,68,69,70,71,72,73,74,75,76,77,78,79,80,81,82,83,84,85,86,87,88"
    queueSizes "32"
    type "origin_urllc"
    reservation 3043250.0
  ]
  node [
    id 79
    label "79"
    schedulingPolicy "FIFO"
    levelsQoS "1"
    schedulingWeights "-"
    tosToQoSqueue "0,1,2,3,4,5,6,7,8,9,10,11,12,13,14,15,16,17,18,19,20,21,22,23,24,25,26,27,28,29,30,31,32,33,34,35,36,37,38,39,40,41,42,43,44,45,46,47,48,49,50,51,52,53,54,55,56,57,58,59,60,61,62,63,64,65,66,67,68,69,70,71,72,73,74,75,76,77,78,79,80,81,82,83,84,85,86,87,88"
    queueSizes "32"
    type "origin_urllc"
    reservation 2998100.0
  ]
  node [
    id 80
    label "80"
    schedulingPolicy "FIFO"
    levelsQoS "1"
    schedulingWeights "-"
    tosToQoSqueue "0,1,2,3,4,5,6,7,8,9,10,11,12,13,14,15,16,17,18,19,20,21,22,23,24,25,26,27,28,29,30,31,32,33,34,35,36,37,38,39,40,41,42,43,44,45,46,47,48,49,50,51,52,53,54,55,56,57,58,59,60,61,62,63,64,65,66,67,68,69,70,71,72,73,74,75,76,77,78,79,80,81,82,83,84,85,86,87,88"
    queueSizes "32"
    type "origin_mmtc"
    reservation 181880.0
  ]
  node [
    id 81
    label "81"
    schedulingPolicy "FIFO"
    levelsQoS "1"
    schedulingWeights "-"
    tosToQoSqueue "0,1,2,3,4,5,6,7,8,9,10,11,12,13,14,15,16,17,18,19,20,21,22,23,24,25,26,27,28,29,30,31,32,33,34,35,36,37,38,39,40,41,42,43,44,45,46,47,48,49,50,51,52,53,54,55,56,57,58,59,60,61,62,63,64,65,66,67,68,69,70,71,72,73,74,75,76,77,78,79,80,81,82,83,84,85,86,87,88"
    queueSizes "32"
    type "origin_urllc"
    reservation 3589250.0
  ]
  node [
    id 82
    label "82"
    schedulingPolicy "FIFO"
    levelsQoS "1"
    schedulingWeights "-"
    tosToQoSqueue "0,1,2,3,4,5,6,7,8,9,10,11,12,13,14,15,16,17,18,19,20,21,22,23,24,25,26,27,28,29,30,31,32,33,34,35,36,37,38,39,40,41,42,43,44,45,46,47,48,49,50,51,52,53,54,55,56,57,58,59,60,61,62,63,64,65,66,67,68,69,70,71,72,73,74,75,76,77,78,79,80,81,82,83,84,85,86,87,88"
    queueSizes "32"
    type "origin_urllc"
    reservation 3790850.0
  ]
  node [
    id 83
    label "83"
    schedulingPolicy "FIFO"
    levelsQoS "1"
    schedulingWeights "-"
    tosToQoSqueue "0,1,2,3,4,5,6,7,8,9,10,11,12,13,14,15,16,17,18,19,20,21,22,23,24,25,26,27,28,29,30,31,32,33,34,35,36,37,38,39,40,41,42,43,44,45,46,47,48,49,50,51,52,53,54,55,56,57,58,59,60,61,62,63,64,65,66,67,68,69,70,71,72,73,74,75,76,77,78,79,80,81,82,83,84,85,86,87,88"
    queueSizes "32"
    type "origin_urllc"
    reservation 3563000.0
  ]
  node [
    id 84
    label "84"
    schedulingPolicy "FIFO"
    levelsQoS "1"
    schedulingWeights "-"
    tosToQoSqueue "0,1,2,3,4,5,6,7,8,9,10,11,12,13,14,15,16,17,18,19,20,21,22,23,24,25,26,27,28,29,30,31,32,33,34,35,36,37,38,39,40,41,42,43,44,45,46,47,48,49,50,51,52,53,54,55,56,57,58,59,60,61,62,63,64,65,66,67,68,69,70,71,72,73,74,75,76,77,78,79,80,81,82,83,84,85,86,87,88"
    queueSizes "32"
    type "origin_mmtc"
    reservation 214700.0
  ]
  node [
    id 85
    label "85"
    schedulingPolicy "FIFO"
    levelsQoS "1"
    schedulingWeights "-"
    tosToQoSqueue "0,1,2,3,4,5,6,7,8,9,10,11,12,13,14,15,16,17,18,19,20,21,22,23,24,25,26,27,28,29,30,31,32,33,34,35,36,37,38,39,40,41,42,43,44,45,46,47,48,49,50,51,52,53,54,55,56,57,58,59,60,61,62,63,64,65,66,67,68,69,70,71,72,73,74,75,76,77,78,79,80,81,82,83,84,85,86,87,88"
    queueSizes "32"
    type "origin_urllc"
    reservation 3043250.0
  ]
  node [
    id 86
    label "86"
    schedulingPolicy "FIFO"
    levelsQoS "1"
    schedulingWeights "-"
    tosToQoSqueue "0,1,2,3,4,5,6,7,8,9,10,11,12,13,14,15,16,17,18,19,20,21,22,23,24,25,26,27,28,29,30,31,32,33,34,35,36,37,38,39,40,41,42,43,44,45,46,47,48,49,50,51,52,53,54,55,56,57,58,59,60,61,62,63,64,65,66,67,68,69,70,71,72,73,74,75,76,77,78,79,80,81,82,83,84,85,86,87,88"
    queueSizes "32"
    type "origin_mmtc"
    reservation 225020.0
  ]
  node [
    id 87
    label "87"
    schedulingPolicy "FIFO"
    levelsQoS "1"
    schedulingWeights "-"
    tosToQoSqueue "0,1,2,3,4,5,6,7,8,9,10,11,12,13,14,15,16,17,18,19,20,21,22,23,24,25,26,27,28,29,30,31,32,33,34,35,36,37,38,39,40,41,42,43,44,45,46,47,48,49,50,51,52,53,54,55,56,57,58,59,60,61,62,63,64,65,66,67,68,69,70,71,72,73,74,75,76,77,78,79,80,81,82,83,84,85,86,87,88"
    queueSizes "32"
    type "origin_mmtc"
    reservation 181640.0
  ]
  node [
    id 88
    label "88"
    schedulingPolicy "FIFO"
    levelsQoS "1"
    schedulingWeights "-"
    tosToQoSqueue "0,1,2,3,4,5,6,7,8,9,10,11,12,13,14,15,16,17,18,19,20,21,22,23,24,25,26,27,28,29,30,31,32,33,34,35,36,37,38,39,40,41,42,43,44,45,46,47,48,49,50,51,52,53,54,55,56,57,58,59,60,61,62,63,64,65,66,67,68,69,70,71,72,73,74,75,76,77,78,79,80,81,82,83,84,85,86,87,88"
    queueSizes "32"
    type "origin_mmtc"
    reservation 195800.0
  ]
  edge [
    source 0
    target 20
    key 0
    id "e14"
    bandwidth 150000000
    traffic ""
    reservation ""
    port 0
  ]
  edge [
    source 1
    target 20
    key 0
    id "e15"
    bandwidth 150000000
    traffic "18000000,3500000,3500000,200000,3500000,200000,18000000,200000,3500000,3500000,3500000,200000,3500000,200000,3500000,200000,200000,200000,3500000,3500000,3500000,3500000,3500000,200000,3500000,3500000,3500000,200000,3500000,200000,200000,200000"
    reservation "20025000.0,2998100.0,3841250.0,181640.0,3337250.0,192140.0,16763400.0,193640.0,3337250.0,3337250.0,3790850.0,172640.0,3790850.0,197480.0,3043250.0,214700.0,181640.0,213920.0,3841250.0,3841250.0,3043250.0,3043250.0,2998100.0,181880.0,3589250.0,3790850.0,3563000.0,214700.0,3043250.0,225020.0,181640.0,195800.0"
    port 0
  ]
  edge [
    source 1
    target 36
    key 0
    port 1
    weight 1
    bandwidth 50000000
    traffic ""
    reservation ""
  ]
  edge [
    source 1
    target 58
    key 0
    port 2
    weight 1
    bandwidth 50000000
    traffic ""
    reservation ""
  ]
  edge [
    source 1
    target 59
    key 0
    port 3
    weight 1
    bandwidth 50000000
    traffic ""
    reservation ""
  ]
  edge [
    source 1
    target 60
    key 0
    port 4
    weight 1
    bandwidth 50000000
    traffic ""
    reservation ""
  ]
  edge [
    source 1
    target 61
    key 0
    port 5
    weight 1
    bandwidth 50000000
    traffic ""
    reservation ""
  ]
  edge [
    source 1
    target 62
    key 0
    port 6
    weight 1
    bandwidth 50000000
    traffic ""
    reservation ""
  ]
  edge [
    source 1
    target 63
    key 0
    port 7
    weight 1
    bandwidth 50000000
    traffic ""
    reservation ""
  ]
  edge [
    source 1
    target 64
    key 0
    port 8
    weight 1
    bandwidth 50000000
    traffic ""
    reservation ""
  ]
  edge [
    source 1
    target 65
    key 0
    port 9
    weight 1
    bandwidth 50000000
    traffic ""
    reservation ""
  ]
  edge [
    source 1
    target 66
    key 0
    port 10
    weight 1
    bandwidth 50000000
    traffic ""
    reservation ""
  ]
  edge [
    source 1
    target 67
    key 0
    port 11
    weight 1
    bandwidth 50000000
    traffic ""
    reservation ""
  ]
  edge [
    source 1
    target 68
    key 0
    port 12
    weight 1
    bandwidth 50000000
    traffic ""
    reservation ""
  ]
  edge [
    source 1
    target 69
    key 0
    port 13
    weight 1
    bandwidth 50000000
    traffic ""
    reservation ""
  ]
  edge [
    source 1
    target 70
    key 0
    port 14
    weight 1
    bandwidth 50000000
    traffic ""
    reservation ""
  ]
  edge [
    source 1
    target 71
    key 0
    port 15
    weight 1
    bandwidth 50000000
    traffic ""
    reservation ""
  ]
  edge [
    source 1
    target 72
    key 0
    port 16
    weight 1
    bandwidth 50000000
    traffic ""
    reservation ""
  ]
  edge [
    source 1
    target 73
    key 0
    port 17
    weight 1
    bandwidth 50000000
    traffic ""
    reservation ""
  ]
  edge [
    source 1
    target 74
    key 0
    port 18
    weight 1
    bandwidth 50000000
    traffic ""
    reservation ""
  ]
  edge [
    source 1
    target 75
    key 0
    port 19
    weight 1
    bandwidth 50000000
    traffic ""
    reservation ""
  ]
  edge [
    source 1
    target 76
    key 0
    port 20
    weight 1
    bandwidth 50000000
    traffic ""
    reservation ""
  ]
  edge [
    source 1
    target 77
    key 0
    port 21
    weight 1
    bandwidth 50000000
    traffic ""
    reservation ""
  ]
  edge [
    source 1
    target 78
    key 0
    port 22
    weight 1
    bandwidth 50000000
    traffic ""
    reservation ""
  ]
  edge [
    source 1
    target 79
    key 0
    port 23
    weight 1
    bandwidth 50000000
    traffic ""
    reservation ""
  ]
  edge [
    source 1
    target 80
    key 0
    port 24
    weight 1
    bandwidth 50000000
    traffic ""
    reservation ""
  ]
  edge [
    source 1
    target 81
    key 0
    port 25
    weight 1
    bandwidth 50000000
    traffic ""
    reservation ""
  ]
  edge [
    source 1
    target 82
    key 0
    port 26
    weight 1
    bandwidth 50000000
    traffic ""
    reservation ""
  ]
  edge [
    source 1
    target 83
    key 0
    port 27
    weight 1
    bandwidth 50000000
    traffic ""
    reservation ""
  ]
  edge [
    source 1
    target 84
    key 0
    port 28
    weight 1
    bandwidth 50000000
    traffic ""
    reservation ""
  ]
  edge [
    source 1
    target 85
    key 0
    port 29
    weight 1
    bandwidth 50000000
    traffic ""
    reservation ""
  ]
  edge [
    source 1
    target 86
    key 0
    port 30
    weight 1
    bandwidth 50000000
    traffic ""
    reservation ""
  ]
  edge [
    source 1
    target 87
    key 0
    port 31
    weight 1
    bandwidth 50000000
    traffic ""
    reservation ""
  ]
  edge [
    source 1
    target 88
    key 0
    port 32
    weight 1
    bandwidth 50000000
    traffic ""
    reservation ""
  ]
  edge [
    source 2
    target 20
    key 0
    id "e12"
    bandwidth 150000000
    traffic ""
    reservation ""
    port 0
  ]
  edge [
    source 3
    target 20
    key 0
    id "e13"
    bandwidth 150000000
    traffic ""
    reservation ""
    port 0
  ]
  edge [
    source 4
    target 20
    key 0
    id "e17"
    bandwidth 150000000
    traffic ""
    reservation ""
    port 0
  ]
  edge [
    source 4
    target 7
    key 0
    id "e25"
    bandwidth 150000000
    traffic ""
    reservation ""
    port 1
  ]
  edge [
    source 5
    target 8
    key 0
    id "e27"
    bandwidth 150000000
    traffic ""
    reservation ""
    port 0
  ]
  edge [
    source 5
    target 20
    key 0
    id "e18"
    bandwidth 150000000
    traffic ""
    reservation ""
    port 1
  ]
  edge [
    source 6
    target 20
    key 0
    id "e16"
    bandwidth 150000000
    traffic "18000000"
    reservation "16763400.0"
    port 0
  ]
  edge [
    source 6
    target 37
    key 0
    port 1
    weight 1
    bandwidth 50000000
    traffic ""
    reservation ""
  ]
  edge [
    source 7
    target 4
    key 0
    id "e25"
    bandwidth 150000000
    traffic ""
    reservation ""
    port 0
  ]
  edge [
    source 7
    target 12
    key 0
    id "e26"
    bandwidth 150000000
    traffic ""
    reservation ""
    port 1
  ]
  edge [
    source 8
    target 5
    key 0
    id "e27"
    bandwidth 150000000
    traffic ""
    reservation ""
    port 0
  ]
  edge [
    source 8
    target 12
    key 0
    id "e28"
    bandwidth 150000000
    traffic ""
    reservation ""
    port 1
  ]
  edge [
    source 9
    target 20
    key 0
    id "e19"
    bandwidth 150000000
    traffic "18000000"
    reservation "15354000.0"
    port 0
  ]
  edge [
    source 9
    target 34
    key 0
    port 1
    weight 1
    bandwidth 50000000
    traffic ""
    reservation ""
  ]
  edge [
    source 10
    target 20
    key 0
    id "e24"
    bandwidth 150000000
    traffic ""
    reservation ""
    port 0
  ]
  edge [
    source 11
    target 12
    key 0
    id "e30"
    bandwidth 150000000
    traffic ""
    reservation ""
    port 0
  ]
  edge [
    source 12
    target 7
    key 0
    id "e26"
    bandwidth 150000000
    traffic ""
    reservation ""
    port 0
  ]
  edge [
    source 12
    target 8
    key 0
    id "e28"
    bandwidth 150000000
    traffic ""
    reservation ""
    port 1
  ]
  edge [
    source 12
    target 11
    key 0
    id "e30"
    bandwidth 150000000
    traffic ""
    reservation ""
    port 2
  ]
  edge [
    source 12
    target 19
    key 0
    id "e29"
    bandwidth 150000000
    traffic ""
    reservation ""
    port 3
  ]
  edge [
    source 13
    target 20
    key 0
    id "e22"
    bandwidth 150000000
    traffic ""
    reservation ""
    port 0
  ]
  edge [
    source 14
    target 20
    key 0
    id "e21"
    bandwidth 150000000
    traffic "18000000"
    reservation "20262600.0"
    port 0
  ]
  edge [
    source 14
    target 35
    key 0
    port 1
    weight 1
    bandwidth 50000000
    traffic ""
    reservation ""
  ]
  edge [
    source 15
    target 20
    key 0
    id "e20"
    bandwidth 150000000
    traffic ""
    reservation ""
    port 0
  ]
  edge [
    source 16
    target 20
    key 0
    id "e23"
    bandwidth 150000000
    traffic ""
    reservation ""
    port 0
  ]
  edge [
    source 17
    target 22
    key 0
    id "e1"
    bandwidth 150000000
    traffic ""
    reservation ""
    port 0
  ]
  edge [
    source 18
    target 28
    key 0
    id "e8"
    bandwidth 150000000
    traffic ""
    reservation ""
    port 0
  ]
  edge [
    source 19
    target 12
    key 0
    id "e29"
    bandwidth 150000000
    traffic ""
    reservation ""
    port 0
  ]
  edge [
    source 20
    target 0
    key 0
    id "e14"
    bandwidth 150000000
    traffic ""
    reservation ""
    port 0
  ]
  edge [
    source 20
    target 1
    key 0
    id "e15"
    bandwidth 150000000
    traffic ""
    reservation ""
    port 1
  ]
  edge [
    source 20
    target 2
    key 0
    id "e12"
    bandwidth 150000000
    traffic ""
    reservation ""
    port 2
  ]
  edge [
    source 20
    target 3
    key 0
    id "e13"
    bandwidth 150000000
    traffic ""
    reservation ""
    port 3
  ]
  edge [
    source 20
    target 4
    key 0
    id "e17"
    bandwidth 150000000
    traffic ""
    reservation ""
    port 4
  ]
  edge [
    source 20
    target 5
    key 0
    id "e18"
    bandwidth 150000000
    traffic ""
    reservation ""
    port 5
  ]
  edge [
    source 20
    target 6
    key 0
    id "e16"
    bandwidth 150000000
    traffic ""
    reservation ""
    port 6
  ]
  edge [
    source 20
    target 9
    key 0
    id "e19"
    bandwidth 150000000
    traffic ""
    reservation ""
    port 7
  ]
  edge [
    source 20
    target 10
    key 0
    id "e24"
    bandwidth 150000000
    traffic ""
    reservation ""
    port 8
  ]
  edge [
    source 20
    target 13
    key 0
    id "e22"
    bandwidth 150000000
    traffic ""
    reservation ""
    port 9
  ]
  edge [
    source 20
    target 14
    key 0
    id "e21"
    bandwidth 150000000
    traffic ""
    reservation ""
    port 10
  ]
  edge [
    source 20
    target 15
    key 0
    id "e20"
    bandwidth 150000000
    traffic ""
    reservation ""
    port 11
  ]
  edge [
    source 20
    target 16
    key 0
    id "e23"
    bandwidth 150000000
    traffic ""
    reservation ""
    port 12
  ]
  edge [
    source 20
    target 21
    key 0
    id "e11"
    bandwidth 150000000
    traffic ""
    reservation ""
    port 13
  ]
  edge [
    source 20
    target 25
    key 0
    id "e5"
    bandwidth 150000000
    traffic ""
    reservation ""
    port 14
  ]
  edge [
    source 20
    target 26
    key 0
    id "e6"
    bandwidth 150000000
    traffic "18000000,18000000,18000000,18000000,18000000,3500000,18000000,18000000,3500000,18000000,3500000"
    reservation "20192400.0,15354000.0,20262600.0,20025000.0,16763400.0,3589250.0,15516000.0,15354000.0,3841250.0,15516000.0,3563000.0"
    port 15
  ]
  edge [
    source 20
    target 29
    key 0
    id "e10"
    bandwidth 150000000
    traffic "3500000,3500000,3500000,18000000,3500000,3500000,200000,3500000,3500000,200000,3500000,18000000,200000,3500000,3500000,3500000,200000,3500000,200000,18000000,200000,3500000,3500000,3500000,200000,3500000,200000,3500000,200000,200000,200000,3500000,3500000,3500000,3500000,3500000,200000,3500000,3500000,3500000,200000,3500000,200000,200000,200000"
    reservation "3589250.0,3790850.0,2998100.0,20192400.0,3043250.0,3841250.0,189920.0,3589250.0,3337250.0,173240.0,3841250.0,20192400.0,181880.0,3337250.0,2998100.0,3841250.0,181640.0,3337250.0,192140.0,16763400.0,193640.0,3337250.0,3337250.0,3790850.0,172640.0,3790850.0,197480.0,3043250.0,214700.0,181640.0,213920.0,3841250.0,3841250.0,3043250.0,3043250.0,2998100.0,181880.0,3589250.0,3790850.0,3563000.0,214700.0,3043250.0,225020.0,181640.0,195800.0"
    port 16
  ]
  edge [
    source 21
    target 20
    key 0
    id "e11"
    bandwidth 150000000
    traffic "18000000,3500000,18000000,18000000,3500000,18000000,3500000,3500000,3500000,3500000,18000000,3500000,3500000,200000,3500000,3500000,200000,3500000,18000000,200000,3500000"
    reservation "20192400.0,3589250.0,15516000.0,15354000.0,3841250.0,15516000.0,3563000.0,3589250.0,3790850.0,2998100.0,20192400.0,3043250.0,3841250.0,189920.0,3589250.0,3337250.0,173240.0,3841250.0,20192400.0,181880.0,3337250.0"
    port 0
  ]
  edge [
    source 21
    target 33
    key 0
    port 1
    weight 1
    bandwidth 50000000
    traffic ""
    reservation ""
  ]
  edge [
    source 21
    target 38
    key 0
    port 2
    weight 1
    bandwidth 50000000
    traffic ""
    reservation ""
  ]
  edge [
    source 21
    target 39
    key 0
    port 3
    weight 1
    bandwidth 50000000
    traffic ""
    reservation ""
  ]
  edge [
    source 21
    target 40
    key 0
    port 4
    weight 1
    bandwidth 50000000
    traffic ""
    reservation ""
  ]
  edge [
    source 21
    target 41
    key 0
    port 5
    weight 1
    bandwidth 50000000
    traffic ""
    reservation ""
  ]
  edge [
    source 21
    target 42
    key 0
    port 6
    weight 1
    bandwidth 50000000
    traffic ""
    reservation ""
  ]
  edge [
    source 21
    target 43
    key 0
    port 7
    weight 1
    bandwidth 50000000
    traffic ""
    reservation ""
  ]
  edge [
    source 21
    target 44
    key 0
    port 8
    weight 1
    bandwidth 50000000
    traffic ""
    reservation ""
  ]
  edge [
    source 21
    target 45
    key 0
    port 9
    weight 1
    bandwidth 50000000
    traffic ""
    reservation ""
  ]
  edge [
    source 21
    target 46
    key 0
    port 10
    weight 1
    bandwidth 50000000
    traffic ""
    reservation ""
  ]
  edge [
    source 21
    target 47
    key 0
    port 11
    weight 1
    bandwidth 50000000
    traffic ""
    reservation ""
  ]
  edge [
    source 21
    target 48
    key 0
    port 12
    weight 1
    bandwidth 50000000
    traffic ""
    reservation ""
  ]
  edge [
    source 21
    target 49
    key 0
    port 13
    weight 1
    bandwidth 50000000
    traffic ""
    reservation ""
  ]
  edge [
    source 21
    target 50
    key 0
    port 14
    weight 1
    bandwidth 50000000
    traffic ""
    reservation ""
  ]
  edge [
    source 21
    target 51
    key 0
    port 15
    weight 1
    bandwidth 50000000
    traffic ""
    reservation ""
  ]
  edge [
    source 21
    target 52
    key 0
    port 16
    weight 1
    bandwidth 50000000
    traffic ""
    reservation ""
  ]
  edge [
    source 21
    target 53
    key 0
    port 17
    weight 1
    bandwidth 50000000
    traffic ""
    reservation ""
  ]
  edge [
    source 21
    target 54
    key 0
    port 18
    weight 1
    bandwidth 50000000
    traffic ""
    reservation ""
  ]
  edge [
    source 21
    target 55
    key 0
    port 19
    weight 1
    bandwidth 50000000
    traffic ""
    reservation ""
  ]
  edge [
    source 21
    target 56
    key 0
    port 20
    weight 1
    bandwidth 50000000
    traffic ""
    reservation ""
  ]
  edge [
    source 21
    target 57
    key 0
    port 21
    weight 1
    bandwidth 50000000
    traffic ""
    reservation ""
  ]
  edge [
    source 22
    target 17
    key 0
    id "e1"
    bandwidth 150000000
    traffic ""
    reservation ""
    port 0
  ]
  edge [
    source 22
    target 28
    key 0
    id "e2"
    bandwidth 150000000
    traffic "18000000,18000000,18000000,18000000,18000000,3500000,18000000,18000000,3500000,18000000,3500000"
    reservation "20192400.0,15354000.0,20262600.0,20025000.0,16763400.0,3589250.0,15516000.0,15354000.0,3841250.0,15516000.0,3563000.0"
    port 1
  ]
  edge [
    source 22
    target 23
    key 0
    id "e0"
    bandwidth 150000000
    traffic ""
    reservation ""
    port 2
  ]
  edge [
    source 22
    target 31
    key 0
    port 3
    weight 1
    bandwidth 350000000
    traffic "200000,200000,200000,200000,200000,200000,200000,200000,200000,200000,200000,200000,200000,200000,200000,200000"
    reservation "189920.0,173240.0,181880.0,181640.0,192140.0,193640.0,172640.0,197480.0,214700.0,181640.0,213920.0,181880.0,214700.0,225020.0,181640.0,195800.0"
  ]
  edge [
    source 23
    target 22
    key 0
    id "e0"
    bandwidth 150000000
    traffic "18000000,18000000,18000000,18000000,18000000,3500000,18000000,18000000,3500000,18000000,3500000"
    reservation "20192400.0,15354000.0,20262600.0,20025000.0,16763400.0,3589250.0,15516000.0,15354000.0,3841250.0,15516000.0,3563000.0"
    port 0
  ]
  edge [
    source 23
    target 24
    key 0
    id "e3"
    bandwidth 150000000
    traffic ""
    reservation ""
    port 1
  ]
  edge [
    source 24
    target 23
    key 0
    id "e3"
    bandwidth 150000000
    traffic "18000000,18000000,18000000,18000000,18000000,3500000,18000000,18000000,3500000,18000000,3500000"
    reservation "20192400.0,15354000.0,20262600.0,20025000.0,16763400.0,3589250.0,15516000.0,15354000.0,3841250.0,15516000.0,3563000.0"
    port 0
  ]
  edge [
    source 24
    target 27
    key 0
    id "e4"
    bandwidth 150000000
    traffic ""
    reservation ""
    port 1
  ]
  edge [
    source 25
    target 20
    key 0
    id "e5"
    bandwidth 150000000
    traffic ""
    reservation ""
    port 0
  ]
  edge [
    source 26
    target 20
    key 0
    id "e6"
    bandwidth 150000000
    traffic ""
    reservation ""
    port 0
  ]
  edge [
    source 26
    target 27
    key 0
    id "e7"
    bandwidth 150000000
    traffic "18000000,18000000,18000000,18000000,18000000,3500000,18000000,18000000,3500000,18000000,3500000"
    reservation "20192400.0,15354000.0,20262600.0,20025000.0,16763400.0,3589250.0,15516000.0,15354000.0,3841250.0,15516000.0,3563000.0"
    port 1
  ]
  edge [
    source 27
    target 24
    key 0
    id "e4"
    bandwidth 150000000
    traffic "18000000,18000000,18000000,18000000,18000000,3500000,18000000,18000000,3500000,18000000,3500000"
    reservation "20192400.0,15354000.0,20262600.0,20025000.0,16763400.0,3589250.0,15516000.0,15354000.0,3841250.0,15516000.0,3563000.0"
    port 0
  ]
  edge [
    source 27
    target 26
    key 0
    id "e7"
    bandwidth 150000000
    traffic ""
    reservation ""
    port 1
  ]
  edge [
    source 28
    target 18
    key 0
    id "e8"
    bandwidth 150000000
    traffic ""
    reservation ""
    port 0
  ]
  edge [
    source 28
    target 22
    key 0
    id "e2"
    bandwidth 150000000
    traffic "200000,200000,200000,200000,200000,200000,200000,200000,200000,200000,200000,200000,200000,200000,200000,200000"
    reservation "189920.0,173240.0,181880.0,181640.0,192140.0,193640.0,172640.0,197480.0,214700.0,181640.0,213920.0,181880.0,214700.0,225020.0,181640.0,195800.0"
    port 1
  ]
  edge [
    source 28
    target 29
    key 0
    id "e9"
    bandwidth 150000000
    traffic "3500000,3500000,3500000"
    reservation "3589250.0,3841250.0,3563000.0"
    port 2
  ]
  edge [
    source 28
    target 32
    key 0
    port 3
    weight 1
    bandwidth 350000000
    traffic "18000000,18000000,18000000,18000000,18000000,18000000,18000000,18000000,18000000,18000000,18000000"
    reservation "20192400.0,15354000.0,20262600.0,20025000.0,16763400.0,15516000.0,15354000.0,15516000.0,20192400.0,20192400.0,16763400.0"
  ]
  edge [
    source 29
    target 20
    key 0
    id "e10"
    bandwidth 150000000
    traffic ""
    reservation ""
    port 0
  ]
  edge [
    source 29
    target 28
    key 0
    id "e9"
    bandwidth 150000000
    traffic "18000000,200000,200000,18000000,200000,200000,200000,18000000,200000,200000,200000,200000,200000,200000,200000,200000,200000,200000,200000"
    reservation "20192400.0,189920.0,173240.0,20192400.0,181880.0,181640.0,192140.0,16763400.0,193640.0,172640.0,197480.0,214700.0,181640.0,213920.0,181880.0,214700.0,225020.0,181640.0,195800.0"
    port 1
  ]
  edge [
    source 29
    target 30
    key 0
    port 2
    weight 1
    bandwidth 350000000
    traffic "3500000,3500000,3500000,3500000,3500000,3500000,3500000,3500000,3500000,3500000,3500000,3500000,3500000,3500000,3500000,3500000,3500000,3500000,3500000,3500000,3500000,3500000,3500000,3500000,3500000,3500000,3500000,3500000,3500000"
    reservation "3589250.0,3841250.0,3563000.0,3589250.0,3790850.0,2998100.0,3043250.0,3841250.0,3589250.0,3337250.0,3841250.0,3337250.0,2998100.0,3841250.0,3337250.0,3337250.0,3337250.0,3790850.0,3790850.0,3043250.0,3841250.0,3841250.0,3043250.0,3043250.0,2998100.0,3589250.0,3790850.0,3563000.0,3043250.0"
  ]
  edge [
    source 30
    target 29
    key 0
    port 0
    weight 1
    bandwidth 350000000
    traffic ""
    reservation ""
  ]
  edge [
    source 31
    target 22
    key 0
    port 0
    weight 1
    bandwidth 350000000
    traffic ""
    reservation ""
  ]
  edge [
    source 32
    target 28
    key 0
    port 0
    weight 1
    bandwidth 350000000
    traffic ""
    reservation ""
  ]
  edge [
    source 33
    target 21
    key 0
    port 0
    weight 1
    bandwidth 50000000
    traffic "18000000"
    reservation "20192400.0"
  ]
  edge [
    source 34
    target 9
    key 0
    port 0
    weight 1
    bandwidth 50000000
    traffic "18000000"
    reservation "15354000.0"
  ]
  edge [
    source 35
    target 14
    key 0
    port 0
    weight 1
    bandwidth 50000000
    traffic "18000000"
    reservation "20262600.0"
  ]
  edge [
    source 36
    target 1
    key 0
    port 0
    weight 1
    bandwidth 50000000
    traffic "18000000"
    reservation "20025000.0"
  ]
  edge [
    source 37
    target 6
    key 0
    port 0
    weight 1
    bandwidth 50000000
    traffic "18000000"
    reservation "16763400.0"
  ]
  edge [
    source 38
    target 21
    key 0
    port 0
    weight 1
    bandwidth 50000000
    traffic "3500000"
    reservation "3589250.0"
  ]
  edge [
    source 39
    target 21
    key 0
    port 0
    weight 1
    bandwidth 50000000
    traffic "18000000"
    reservation "15516000.0"
  ]
  edge [
    source 40
    target 21
    key 0
    port 0
    weight 1
    bandwidth 50000000
    traffic "18000000"
    reservation "15354000.0"
  ]
  edge [
    source 41
    target 21
    key 0
    port 0
    weight 1
    bandwidth 50000000
    traffic "3500000"
    reservation "3841250.0"
  ]
  edge [
    source 42
    target 21
    key 0
    port 0
    weight 1
    bandwidth 50000000
    traffic "18000000"
    reservation "15516000.0"
  ]
  edge [
    source 43
    target 21
    key 0
    port 0
    weight 1
    bandwidth 50000000
    traffic "3500000"
    reservation "3563000.0"
  ]
  edge [
    source 44
    target 21
    key 0
    port 0
    weight 1
    bandwidth 50000000
    traffic "3500000"
    reservation "3589250.0"
  ]
  edge [
    source 45
    target 21
    key 0
    port 0
    weight 1
    bandwidth 50000000
    traffic "3500000"
    reservation "3790850.0"
  ]
  edge [
    source 46
    target 21
    key 0
    port 0
    weight 1
    bandwidth 50000000
    traffic "3500000"
    reservation "2998100.0"
  ]
  edge [
    source 47
    target 21
    key 0
    port 0
    weight 1
    bandwidth 50000000
    traffic "18000000"
    reservation "20192400.0"
  ]
  edge [
    source 48
    target 21
    key 0
    port 0
    weight 1
    bandwidth 50000000
    traffic "3500000"
    reservation "3043250.0"
  ]
  edge [
    source 49
    target 21
    key 0
    port 0
    weight 1
    bandwidth 50000000
    traffic "3500000"
    reservation "3841250.0"
  ]
  edge [
    source 50
    target 21
    key 0
    port 0
    weight 1
    bandwidth 50000000
    traffic "200000"
    reservation "189920.0"
  ]
  edge [
    source 51
    target 21
    key 0
    port 0
    weight 1
    bandwidth 50000000
    traffic "3500000"
    reservation "3589250.0"
  ]
  edge [
    source 52
    target 21
    key 0
    port 0
    weight 1
    bandwidth 50000000
    traffic "3500000"
    reservation "3337250.0"
  ]
  edge [
    source 53
    target 21
    key 0
    port 0
    weight 1
    bandwidth 50000000
    traffic "200000"
    reservation "173240.0"
  ]
  edge [
    source 54
    target 21
    key 0
    port 0
    weight 1
    bandwidth 50000000
    traffic "3500000"
    reservation "3841250.0"
  ]
  edge [
    source 55
    target 21
    key 0
    port 0
    weight 1
    bandwidth 50000000
    traffic "18000000"
    reservation "20192400.0"
  ]
  edge [
    source 56
    target 21
    key 0
    port 0
    weight 1
    bandwidth 50000000
    traffic "200000"
    reservation "181880.0"
  ]
  edge [
    source 57
    target 21
    key 0
    port 0
    weight 1
    bandwidth 50000000
    traffic "3500000"
    reservation "3337250.0"
  ]
  edge [
    source 58
    target 1
    key 0
    port 0
    weight 1
    bandwidth 50000000
    traffic "3500000"
    reservation "2998100.0"
  ]
  edge [
    source 59
    target 1
    key 0
    port 0
    weight 1
    bandwidth 50000000
    traffic "3500000"
    reservation "3841250.0"
  ]
  edge [
    source 60
    target 1
    key 0
    port 0
    weight 1
    bandwidth 50000000
    traffic "200000"
    reservation "181640.0"
  ]
  edge [
    source 61
    target 1
    key 0
    port 0
    weight 1
    bandwidth 50000000
    traffic "3500000"
    reservation "3337250.0"
  ]
  edge [
    source 62
    target 1
    key 0
    port 0
    weight 1
    bandwidth 50000000
    traffic "200000"
    reservation "192140.0"
  ]
  edge [
    source 63
    target 1
    key 0
    port 0
    weight 1
    bandwidth 50000000
    traffic "18000000"
    reservation "16763400.0"
  ]
  edge [
    source 64
    target 1
    key 0
    port 0
    weight 1
    bandwidth 50000000
    traffic "200000"
    reservation "193640.0"
  ]
  edge [
    source 65
    target 1
    key 0
    port 0
    weight 1
    bandwidth 50000000
    traffic "3500000"
    reservation "3337250.0"
  ]
  edge [
    source 66
    target 1
    key 0
    port 0
    weight 1
    bandwidth 50000000
    traffic "3500000"
    reservation "3337250.0"
  ]
  edge [
    source 67
    target 1
    key 0
    port 0
    weight 1
    bandwidth 50000000
    traffic "3500000"
    reservation "3790850.0"
  ]
  edge [
    source 68
    target 1
    key 0
    port 0
    weight 1
    bandwidth 50000000
    traffic "200000"
    reservation "172640.0"
  ]
  edge [
    source 69
    target 1
    key 0
    port 0
    weight 1
    bandwidth 50000000
    traffic "3500000"
    reservation "3790850.0"
  ]
  edge [
    source 70
    target 1
    key 0
    port 0
    weight 1
    bandwidth 50000000
    traffic "200000"
    reservation "197480.0"
  ]
  edge [
    source 71
    target 1
    key 0
    port 0
    weight 1
    bandwidth 50000000
    traffic "3500000"
    reservation "3043250.0"
  ]
  edge [
    source 72
    target 1
    key 0
    port 0
    weight 1
    bandwidth 50000000
    traffic "200000"
    reservation "214700.0"
  ]
  edge [
    source 73
    target 1
    key 0
    port 0
    weight 1
    bandwidth 50000000
    traffic "200000"
    reservation "181640.0"
  ]
  edge [
    source 74
    target 1
    key 0
    port 0
    weight 1
    bandwidth 50000000
    traffic "200000"
    reservation "213920.0"
  ]
  edge [
    source 75
    target 1
    key 0
    port 0
    weight 1
    bandwidth 50000000
    traffic "3500000"
    reservation "3841250.0"
  ]
  edge [
    source 76
    target 1
    key 0
    port 0
    weight 1
    bandwidth 50000000
    traffic "3500000"
    reservation "3841250.0"
  ]
  edge [
    source 77
    target 1
    key 0
    port 0
    weight 1
    bandwidth 50000000
    traffic "3500000"
    reservation "3043250.0"
  ]
  edge [
    source 78
    target 1
    key 0
    port 0
    weight 1
    bandwidth 50000000
    traffic "3500000"
    reservation "3043250.0"
  ]
  edge [
    source 79
    target 1
    key 0
    port 0
    weight 1
    bandwidth 50000000
    traffic "3500000"
    reservation "2998100.0"
  ]
  edge [
    source 80
    target 1
    key 0
    port 0
    weight 1
    bandwidth 50000000
    traffic "200000"
    reservation "181880.0"
  ]
  edge [
    source 81
    target 1
    key 0
    port 0
    weight 1
    bandwidth 50000000
    traffic "3500000"
    reservation "3589250.0"
  ]
  edge [
    source 82
    target 1
    key 0
    port 0
    weight 1
    bandwidth 50000000
    traffic "3500000"
    reservation "3790850.0"
  ]
  edge [
    source 83
    target 1
    key 0
    port 0
    weight 1
    bandwidth 50000000
    traffic "3500000"
    reservation "3563000.0"
  ]
  edge [
    source 84
    target 1
    key 0
    port 0
    weight 1
    bandwidth 50000000
    traffic "200000"
    reservation "214700.0"
  ]
  edge [
    source 85
    target 1
    key 0
    port 0
    weight 1
    bandwidth 50000000
    traffic "3500000"
    reservation "3043250.0"
  ]
  edge [
    source 86
    target 1
    key 0
    port 0
    weight 1
    bandwidth 50000000
    traffic "200000"
    reservation "225020.0"
  ]
  edge [
    source 87
    target 1
    key 0
    port 0
    weight 1
    bandwidth 50000000
    traffic "200000"
    reservation "181640.0"
  ]
  edge [
    source 88
    target 1
    key 0
    port 0
    weight 1
    bandwidth 50000000
    traffic "200000"
    reservation "195800.0"
  ]
]
