graph [
  directed 1
  multigraph 1
  GeoLocation "Georgia"
  GeoExtent "Country"
  Network "GRENA"
  Provenance "Secondary"
  Access 0
  Source "http://www.porta-optica.org/publications/POS-Deliverable1.2v3_NREN_status_and_development_plans.pdf"
  Version "1.0"
  Type "REN"
  DateType "Historic"
  Backbone 0
  Commercial 0
  label "Grena"
  ToolsetVersion "0.3.34dev-20120328"
  Customer 0
  IX 0
  SourceGitVersion "e278b1b"
  DateModifier "="
  DateMonth 0
  LastAccess "20/07/11"
  Layer "IP"
  Creator "Topology Zoo Toolset"
  Developed 0
  Transit 0
  NetworkDate "2008"
  DateYear "2008"
  LastProcessed "2011_09_01"
  Testbed 0
  levelsToS 90
  node [
    id 0
    label "0"
    Country "Georgia"
    Longitude 42.33517
    Internal 1
    Latitude 42.1537
    type "inner"
    schedulingPolicy "WFQ"
    tosToQoSqueue "19,0,1,2,3,4,5,6,7,8,9,10,11,12,13,14,15,16,17,18,20,21,22,23,24,25,26,27,28,29,30,31,32,33,34,35,36,37,38,39,40,41,42,43,44,45,46,47,48,49,50,51,52,53,54,55,56,57,58,59,60,61,62,63,64,65,66,67,68,69,70,71,72,73,74,75,76,77,78,79,80,81,82,83,84,85,86,87,88,89"
    schedulingWeights "100;100"
    levelsQoS 1
    queueSizes "32"
  ]
  node [
    id 1
    label "1"
    Country "Georgia"
    Longitude 41.63593
    Internal 1
    Latitude 41.64159
    type "inner"
    schedulingPolicy "WFQ"
    tosToQoSqueue "0,1,2,3,4,5,6,7,8,9,10,11,12,13,14,15,16,17,18,19,20,21,22,23,24,25,26,27,28,29,30,31,32,33,34,35,36,37,38,39,40,41,42,43,44,45,46,47,48,49,50,51,52,53,54,55,56,57,58,59,60,61,62,63,64,65,66,67,68,69,70,71,72,73,74,75,76,77,78,79,80,81,82,83,84,85,86,87,88,89"
    schedulingWeights "100"
    levelsQoS 1
    queueSizes "32"
  ]
  node [
    id 2
    label "2"
    Country "Georgia"
    Longitude 42.69974
    Internal 1
    Latitude 42.24961
    type "destination_mmtc"
    schedulingPolicy "FIFO"
    levelsQoS "1"
    schedulingWeights "-"
    tosToQoSqueue "0,1,2,3,4,5,6,7,8,9,10,11,12,13,14,15,16,17,18,19,20,21,22,23,24,25,26,27,28,29,30,31,32,33,34,35,36,37,38,39,40,41,42,43,44,45,46,47,48,49,50,51,52,53,54,55,56,57,58,59,60,61,62,63,64,65,66,67,68,69,70,71,72,73,74,75,76,77,78,79,80,81,82,83,84,85,86,87,88,89"
    queueSizes "32"
  ]
  node [
    id 3
    label "3"
    Country "Georgia"
    Longitude 42.69974
    Internal 1
    Latitude 42.24961
    type "inner"
    schedulingPolicy "WFQ"
    tosToQoSqueue "32,40,60,65,70,71,73,75,76,85;25,49,61,66,78,79,83,87,88;30,43,44,63,69,77,80,81,82,84,89;29,46,64,67,68,72,74,86;27;19;34;20,21,0,1,2,3,4,5,6,7,8,9,10,11,12,13,14,15,16,17,18,22,23,24,26,28,31,33,35,36,37,38,39,41,42,45,47,48,50,51,52,53,54,55,56,57,58,59,62"
    schedulingWeights "2.173,1.852,2.098,1.837,0.001,0.001,0.001,92.036;0.001,0.001,0.001,0.001,16.439,18.481,20.435,44.641;0.001,0.001,0.001,0.001,0.001,0.001,0.001,99.993"
    levelsQoS 8
    queueSizes "32,32,32,32,32,32,32,32"
  ]
  node [
    id 4
    label "4"
    Country "Georgia"
    Longitude 41.67197
    Internal 1
    Latitude 42.14616
    type "inner"
    schedulingPolicy "WFQ"
    tosToQoSqueue "19,0,1,2,3,4,5,6,7,8,9,10,11,12,13,14,15,16,17,18,20,21,22,23,24,25,26,27,28,29,30,31,32,33,34,35,36,37,38,39,40,41,42,43,44,45,46,47,48,49,50,51,52,53,54,55,56,57,58,59,60,61,62,63,64,65,66,67,68,69,70,71,72,73,74,75,76,77,78,79,80,81,82,83,84,85,86,87,88,89"
    schedulingWeights "100;100;100"
    levelsQoS 1
    queueSizes "32"
  ]
  node [
    id 5
    label "5"
    Country "Georgia"
    Longitude 41.87088
    Internal 1
    Latitude 42.5088
    type "antenna"
    schedulingPolicy "WFQ"
    tosToQoSqueue "19,0,1,2,3,4,5,6,7,8,9,10,11,12,13,14,15,16,17,18,20,21,22,23,24,25,26,27,28,29,30,31,32,33,34,35,36,37,38,39,40,41,42,43,44,45,46,47,48,49,50,51,52,53,54,55,56,57,58,59,60,61,62,63,64,65,66,67,68,69,70,71,72,73,74,75,76,77,78,79,80,81,82,83,84,85,86,87,88,89"
    schedulingWeights "100;100"
    levelsQoS 1
    queueSizes "32"
  ]
  node [
    id 6
    label "6"
    Country "Georgia"
    Longitude 43.59994
    Internal 1
    Latitude 41.99414
    type "antenna"
    schedulingPolicy "WFQ"
    tosToQoSqueue "24,38,51,55,62;23,26,31,39,45,52,54,57,58,59;22,28,33,36,41,42,53,56;35,37,47,48,50;32,40,60,65,70,71,73,75,76,85;25,49,61,66,78,79,83,87,88;30,43,44,63,69,77,80,81,82,84,89;29,46,64,67,68,72,74,86;27;34;20,0,1,2,3,4,5,6,7,8,9,10,11,12,13,14,15,16,17,18,19,21"
    schedulingWeights "17.573,36.596,29.663,16.098,0.001,0.001,0.001,0.001,0.001,0.001,0.063;0.001,0.001,0.001,0.001,2.173,1.852,2.098,1.837,16.439,20.435,55.16;0.001,0.001,0.001,0.001,0.001,0.001,0.001,0.001,0.001,0.001,99.99;0.001,0.001,0.001,0.001,0.001,0.001,0.001,0.001,0.001,0.001,99.99;0.001,0.001,0.001,0.001,0.001,0.001,0.001,0.001,0.001,0.001,99.99;0.001,0.001,0.001,0.001,0.001,0.001,0.001,0.001,0.001,0.001,99.99;0.001,0.001,0.001,0.001,0.001,0.001,0.001,0.001,0.001,0.001,99.99;0.001,0.001,0.001,0.001,0.001,0.001,0.001,0.001,0.001,0.001,99.99;0.001,0.001,0.001,0.001,0.001,0.001,0.001,0.001,0.001,0.001,99.99;0.001,0.001,0.001,0.001,0.001,0.001,0.001,0.001,0.001,0.001,99.99;0.001,0.001,0.001,0.001,0.001,0.001,0.001,0.001,0.001,0.001,99.99;0.001,0.001,0.001,0.001,0.001,0.001,0.001,0.001,0.001,0.001,99.99;0.001,0.001,0.001,0.001,0.001,0.001,0.001,0.001,0.001,0.001,99.99;0.001,0.001,0.001,0.001,0.001,0.001,0.001,0.001,0.001,0.001,99.99;0.001,0.001,0.001,0.001,0.001,0.001,0.001,0.001,0.001,0.001,99.99;0.001,0.001,0.001,0.001,0.001,0.001,0.001,0.001,0.001,0.001,99.99;0.001,0.001,0.001,0.001,0.001,0.001,0.001,0.001,0.001,0.001,99.99;0.001,0.001,0.001,0.001,0.001,0.001,0.001,0.001,0.001,0.001,99.99;0.001,0.001,0.001,0.001,0.001,0.001,0.001,0.001,0.001,0.001,99.99;0.001,0.001,0.001,0.001,0.001,0.001,0.001,0.001,0.001,0.001,99.99;0.001,0.001,0.001,0.001,0.001,0.001,0.001,0.001,0.001,0.001,99.99;0.001,0.001,0.001,0.001,0.001,0.001,0.001,0.001,0.001,0.001,99.99;0.001,0.001,0.001,0.001,0.001,0.001,0.001,0.001,0.001,0.001,99.99;0.001,0.001,0.001,0.001,0.001,0.001,0.001,0.001,0.001,0.001,99.99;0.001,0.001,0.001,0.001,0.001,0.001,0.001,0.001,0.001,0.001,99.99;0.001,0.001,0.001,0.001,0.001,0.001,0.001,0.001,0.001,0.001,99.99;0.001,0.001,0.001,0.001,0.001,0.001,0.001,0.001,0.001,0.001,99.99;0.001,0.001,0.001,0.001,0.001,0.001,0.001,0.001,0.001,0.001,99.99;0.001,0.001,0.001,0.001,0.001,0.001,0.001,0.001,0.001,0.001,99.99;0.001,0.001,0.001,0.001,0.001,0.001,0.001,0.001,0.001,0.001,99.99;0.001,0.001,0.001,0.001,0.001,0.001,0.001,0.001,0.001,0.001,99.99;0.001,0.001,0.001,0.001,0.001,0.001,0.001,0.001,0.001,0.001,99.99;0.001,0.001,0.001,0.001,0.001,0.001,0.001,0.001,0.001,0.001,99.99;0.001,0.001,0.001,0.001,0.001,0.001,0.001,0.001,0.001,0.001,99.99;0.001,0.001,0.001,0.001,0.001,0.001,0.001,0.001,0.001,0.001,99.99;0.001,0.001,0.001,0.001,0.001,0.001,0.001,0.001,0.001,0.001,99.99;0.001,0.001,0.001,0.001,0.001,0.001,0.001,0.001,0.001,0.001,99.99;0.001,0.001,0.001,0.001,0.001,0.001,0.001,0.001,0.001,0.001,99.99;0.001,0.001,0.001,0.001,0.001,0.001,0.001,0.001,0.001,0.001,99.99;0.001,0.001,0.001,0.001,0.001,0.001,0.001,0.001,0.001,0.001,99.99;0.001,0.001,0.001,0.001,0.001,0.001,0.001,0.001,0.001,0.001,99.99;0.001,0.001,0.001,0.001,0.001,0.001,0.001,0.001,0.001,0.001,99.99;0.001,0.001,0.001,0.001,0.001,0.001,0.001,0.001,0.001,0.001,99.99;0.001,0.001,0.001,0.001,0.001,0.001,0.001,0.001,0.001,0.001,99.99;0.001,0.001,0.001,0.001,0.001,0.001,0.001,0.001,0.001,0.001,99.99;0.001,0.001,0.001,0.001,0.001,0.001,0.001,0.001,0.001,0.001,99.99;0.001,0.001,0.001,0.001,0.001,0.001,0.001,0.001,0.001,0.001,99.99;0.001,0.001,0.001,0.001,0.001,0.001,0.001,0.001,0.001,0.001,99.99;0.001,0.001,0.001,0.001,0.001,0.001,0.001,0.001,0.001,0.001,99.99;0.001,0.001,0.001,0.001,0.001,0.001,0.001,0.001,0.001,0.001,99.99;0.001,0.001,0.001,0.001,0.001,0.001,0.001,0.001,0.001,0.001,99.99;0.001,0.001,0.001,0.001,0.001,0.001,0.001,0.001,0.001,0.001,99.99;0.001,0.001,0.001,0.001,0.001,0.001,0.001,0.001,0.001,0.001,99.99;0.001,0.001,0.001,0.001,0.001,0.001,0.001,0.001,0.001,0.001,99.99;0.001,0.001,0.001,0.001,0.001,0.001,0.001,0.001,0.001,0.001,99.99;0.001,0.001,0.001,0.001,0.001,0.001,0.001,0.001,0.001,0.001,99.99;0.001,0.001,0.001,0.001,0.001,0.001,0.001,0.001,0.001,0.001,99.99;0.001,0.001,0.001,0.001,0.001,0.001,0.001,0.001,0.001,0.001,99.99;0.001,0.001,0.001,0.001,0.001,0.001,0.001,0.001,0.001,0.001,99.99;0.001,0.001,0.001,0.001,0.001,0.001,0.001,0.001,0.001,0.001,99.99;0.001,0.001,0.001,0.001,0.001,0.001,0.001,0.001,0.001,0.001,99.99;0.001,0.001,0.001,0.001,0.001,0.001,0.001,0.001,0.001,0.001,99.99;0.001,0.001,0.001,0.001,0.001,0.001,0.001,0.001,0.001,0.001,99.99;0.001,0.001,0.001,0.001,0.001,0.001,0.001,0.001,0.001,0.001,99.99;0.001,0.001,0.001,0.001,0.001,0.001,0.001,0.001,0.001,0.001,99.99;0.001,0.001,0.001,0.001,0.001,0.001,0.001,0.001,0.001,0.001,99.99;0.001,0.001,0.001,0.001,0.001,0.001,0.001,0.001,0.001,0.001,99.99;0.001,0.001,0.001,0.001,0.001,0.001,0.001,0.001,0.001,0.001,99.99;0.001,0.001,0.001,0.001,0.001,0.001,0.001,0.001,0.001,0.001,99.99;0.001,0.001,0.001,0.001,0.001,0.001,0.001,0.001,0.001,0.001,99.99;0.001,0.001,0.001,0.001,0.001,0.001,0.001,0.001,0.001,0.001,99.99"
    levelsQoS 11
    queueSizes "32,32,32,32,32,32,32,32,32,32,32"
  ]
  node [
    id 7
    label "7"
    Internal 1
    type "destination_embb"
    schedulingPolicy "FIFO"
    levelsQoS "1"
    schedulingWeights "-"
    tosToQoSqueue "0,1,2,3,4,5,6,7,8,9,10,11,12,13,14,15,16,17,18,19,20,21,22,23,24,25,26,27,28,29,30,31,32,33,34,35,36,37,38,39,40,41,42,43,44,45,46,47,48,49,50,51,52,53,54,55,56,57,58,59,60,61,62,63,64,65,66,67,68,69,70,71,72,73,74,75,76,77,78,79,80,81,82,83,84,85,86,87,88,89"
    queueSizes "32"
  ]
  node [
    id 8
    label "8"
    Country "Georgia"
    Longitude 44.83368
    Internal 1
    Latitude 41.69411
    type "inner"
    schedulingPolicy "WFQ"
    tosToQoSqueue "24,38,51,55,62;23,26,31,39,45,52,54,57,58,59;22,28,33,36,41,42,53,56;35,37,47,48,50,0,1,2,3,4,5,6,7,8,9,10,11,12,13,14,15,16,17,18,19,20,21,25,27,29,30,32,34,40,43,44,46,49,60,61,63,64,65,66,67,68,69,70,71,72,73,74,75,76,77,78,79,80,81,82,83,84,85,86,87,88,89"
    schedulingWeights "0.001,0.001,0.001,99.997;17.573,36.596,29.663,16.167;0.001,0.001,0.001,99.997"
    levelsQoS 4
    queueSizes "32,32,32,32"
  ]
  node [
    id 9
    label "9"
    Internal 1
    type "inner"
    schedulingPolicy "WFQ"
    tosToQoSqueue "0,1,2,3,4,5,6,7,8,9,10,11,12,13,14,15,16,17,18,19,20,21,22,23,24,25,26,27,28,29,30,31,32,33,34,35,36,37,38,39,40,41,42,43,44,45,46,47,48,49,50,51,52,53,54,55,56,57,58,59,60,61,62,63,64,65,66,67,68,69,70,71,72,73,74,75,76,77,78,79,80,81,82,83,84,85,86,87,88,89"
    schedulingWeights "100"
    levelsQoS 1
    queueSizes "32"
  ]
  node [
    id 10
    label "10"
    Country "Georgia"
    Longitude 44.99323
    Internal 1
    Latitude 41.54949
    type "inner"
    schedulingPolicy "WFQ"
    tosToQoSqueue "0,1,2,3,4,5,6,7,8,9,10,11,12,13,14,15,16,17,18,19,20,21,22,23,24,25,26,27,28,29,30,31,32,33,34,35,36,37,38,39,40,41,42,43,44,45,46,47,48,49,50,51,52,53,54,55,56,57,58,59,60,61,62,63,64,65,66,67,68,69,70,71,72,73,74,75,76,77,78,79,80,81,82,83,84,85,86,87,88,89"
    schedulingWeights "100;100"
    levelsQoS 1
    queueSizes "32"
  ]
  node [
    id 11
    label "11"
    Country "Georgia"
    Longitude 45.47315
    Internal 1
    Latitude 41.91978
    type "inner"
    schedulingPolicy "WFQ"
    tosToQoSqueue "0,1,2,3,4,5,6,7,8,9,10,11,12,13,14,15,16,17,18,19,20,21,22,23,24,25,26,27,28,29,30,31,32,33,34,35,36,37,38,39,40,41,42,43,44,45,46,47,48,49,50,51,52,53,54,55,56,57,58,59,60,61,62,63,64,65,66,67,68,69,70,71,72,73,74,75,76,77,78,79,80,81,82,83,84,85,86,87,88,89"
    schedulingWeights "100"
    levelsQoS 1
    queueSizes "32"
  ]
  node [
    id 12
    label "12"
    Internal 1
    type "inner"
    schedulingPolicy "WFQ"
    tosToQoSqueue "0,1,2,3,4,5,6,7,8,9,10,11,12,13,14,15,16,17,18,19,20,21,22,23,24,25,26,27,28,29,30,31,32,33,34,35,36,37,38,39,40,41,42,43,44,45,46,47,48,49,50,51,52,53,54,55,56,57,58,59,60,61,62,63,64,65,66,67,68,69,70,71,72,73,74,75,76,77,78,79,80,81,82,83,84,85,86,87,88,89"
    schedulingWeights "100"
    levelsQoS 1
    queueSizes "32"
  ]
  node [
    id 13
    label "13"
    Country "Georgia"
    Longitude 44.99323
    Internal 1
    Latitude 41.54949
    type "destination_urllc"
    schedulingPolicy "FIFO"
    levelsQoS "1"
    schedulingWeights "-"
    tosToQoSqueue "0,1,2,3,4,5,6,7,8,9,10,11,12,13,14,15,16,17,18,19,20,21,22,23,24,25,26,27,28,29,30,31,32,33,34,35,36,37,38,39,40,41,42,43,44,45,46,47,48,49,50,51,52,53,54,55,56,57,58,59,60,61,62,63,64,65,66,67,68,69,70,71,72,73,74,75,76,77,78,79,80,81,82,83,84,85,86,87,88,89"
    queueSizes "32"
  ]
  node [
    id 14
    label "14"
    Country "Georgia"
    Longitude 44.11578
    Internal 1
    Latitude 41.98422
    type "inner"
    schedulingPolicy "WFQ"
    tosToQoSqueue "24,38,51,55,62;23,26,31,39,45,52,54,57,58,59;22,28,33,36,41,42,53,56;35,37,47,48,50,0,1,2,3,4,5,6,7,8,9,10,11,12,13,14,15,16,17,18,19,20,21,25,27,29,30,32,34,40,43,44,46,49,60,61,63,64,65,66,67,68,69,70,71,72,73,74,75,76,77,78,79,80,81,82,83,84,85,86,87,88,89"
    schedulingWeights "0.001,0.001,0.001,99.997;17.573,36.596,29.663,16.167"
    levelsQoS 4
    queueSizes "32,32,32,32"
  ]
  node [
    id 15
    label "15"
    Country "Georgia"
    Longitude 42.69974
    Internal 1
    Latitude 42.24961
    type "antenna"
    schedulingPolicy "WFQ"
    tosToQoSqueue "32,40,60,65,70,71,73,75,76,85;25,49,61,66,78,79,83,87,88;30,43,44,63,69,77,80,81,82,84,89;29,46,64,67,68,72,74,86;27;19;34;20,21,0,1,2,3,4,5,6,7,8,9,10,11,12,13,14,15,16,17,18,22,23,24,26,28,31,33,35,36,37,38,39,41,42,45,47,48,50,51,52,53,54,55,56,57,58,59,62"
    schedulingWeights "0.001,0.001,0.001,0.001,0.001,0.001,0.001,99.993;2.173,1.852,2.098,1.837,16.439,18.481,20.435,36.684;0.001,0.001,0.001,0.001,0.001,0.001,0.001,99.993;0.001,0.001,0.001,0.001,0.001,0.001,0.001,99.993"
    levelsQoS 8
    queueSizes "32,32,32,32,32,32,32,32"
  ]
  node [
    id 16
    label "16"
    schedulingPolicy "FIFO"
    levelsQoS "1"
    schedulingWeights "-"
    tosToQoSqueue "0,1,2,3,4,5,6,7,8,9,10,11,12,13,14,15,16,17,18,19,20,21,22,23,24,25,26,27,28,29,30,31,32,33,34,35,36,37,38,39,40,41,42,43,44,45,46,47,48,49,50,51,52,53,54,55,56,57,58,59,60,61,62,63,64,65,66,67,68,69,70,71,72,73,74,75,76,77,78,79,80,81,82,83,84,85,86,87,88,89"
    queueSizes "32"
    type "destination_urllc"
  ]
  node [
    id 17
    label "17"
    schedulingPolicy "FIFO"
    levelsQoS "1"
    schedulingWeights "-"
    tosToQoSqueue "0,1,2,3,4,5,6,7,8,9,10,11,12,13,14,15,16,17,18,19,20,21,22,23,24,25,26,27,28,29,30,31,32,33,34,35,36,37,38,39,40,41,42,43,44,45,46,47,48,49,50,51,52,53,54,55,56,57,58,59,60,61,62,63,64,65,66,67,68,69,70,71,72,73,74,75,76,77,78,79,80,81,82,83,84,85,86,87,88,89"
    queueSizes "32"
    type "destination_mmtc"
  ]
  node [
    id 18
    label "18"
    schedulingPolicy "FIFO"
    levelsQoS "1"
    schedulingWeights "-"
    tosToQoSqueue "0,1,2,3,4,5,6,7,8,9,10,11,12,13,14,15,16,17,18,19,20,21,22,23,24,25,26,27,28,29,30,31,32,33,34,35,36,37,38,39,40,41,42,43,44,45,46,47,48,49,50,51,52,53,54,55,56,57,58,59,60,61,62,63,64,65,66,67,68,69,70,71,72,73,74,75,76,77,78,79,80,81,82,83,84,85,86,87,88,89"
    queueSizes "32"
    type "destination_embb"
  ]
  node [
    id 19
    label "19"
    schedulingPolicy "FIFO"
    levelsQoS "1"
    schedulingWeights "-"
    tosToQoSqueue "0,1,2,3,4,5,6,7,8,9,10,11,12,13,14,15,16,17,18,19,20,21,22,23,24,25,26,27,28,29,30,31,32,33,34,35,36,37,38,39,40,41,42,43,44,45,46,47,48,49,50,51,52,53,54,55,56,57,58,59,60,61,62,63,64,65,66,67,68,69,70,71,72,73,74,75,76,77,78,79,80,81,82,83,84,85,86,87,88,89"
    queueSizes "32"
    type "origin_embb"
    reservation 18480600.0
  ]
  node [
    id 20
    label "20"
    schedulingPolicy "FIFO"
    levelsQoS "1"
    schedulingWeights "-"
    tosToQoSqueue "0,1,2,3,4,5,6,7,8,9,10,11,12,13,14,15,16,17,18,19,20,21,22,23,24,25,26,27,28,29,30,31,32,33,34,35,36,37,38,39,40,41,42,43,44,45,46,47,48,49,50,51,52,53,54,55,56,57,58,59,60,61,62,63,64,65,66,67,68,69,70,71,72,73,74,75,76,77,78,79,80,81,82,83,84,85,86,87,88,89"
    queueSizes "32"
    type "origin_embb"
    reservation 18324000.0
  ]
  node [
    id 21
    label "21"
    schedulingPolicy "FIFO"
    levelsQoS "1"
    schedulingWeights "-"
    tosToQoSqueue "0,1,2,3,4,5,6,7,8,9,10,11,12,13,14,15,16,17,18,19,20,21,22,23,24,25,26,27,28,29,30,31,32,33,34,35,36,37,38,39,40,41,42,43,44,45,46,47,48,49,50,51,52,53,54,55,56,57,58,59,60,61,62,63,64,65,66,67,68,69,70,71,72,73,74,75,76,77,78,79,80,81,82,83,84,85,86,87,88,89"
    queueSizes "32"
    type "origin_embb"
    reservation 18324000.0
  ]
  node [
    id 22
    label "22"
    schedulingPolicy "FIFO"
    levelsQoS "1"
    schedulingWeights "-"
    tosToQoSqueue "0,1,2,3,4,5,6,7,8,9,10,11,12,13,14,15,16,17,18,19,20,21,22,23,24,25,26,27,28,29,30,31,32,33,34,35,36,37,38,39,40,41,42,43,44,45,46,47,48,49,50,51,52,53,54,55,56,57,58,59,60,61,62,63,64,65,66,67,68,69,70,71,72,73,74,75,76,77,78,79,80,81,82,83,84,85,86,87,88,89"
    queueSizes "32"
    type "origin_urllc"
    reservation 3707900.0
  ]
  node [
    id 23
    label "23"
    schedulingPolicy "FIFO"
    levelsQoS "1"
    schedulingWeights "-"
    tosToQoSqueue "0,1,2,3,4,5,6,7,8,9,10,11,12,13,14,15,16,17,18,19,20,21,22,23,24,25,26,27,28,29,30,31,32,33,34,35,36,37,38,39,40,41,42,43,44,45,46,47,48,49,50,51,52,53,54,55,56,57,58,59,60,61,62,63,64,65,66,67,68,69,70,71,72,73,74,75,76,77,78,79,80,81,82,83,84,85,86,87,88,89"
    queueSizes "32"
    type "origin_urllc"
    reservation 3659600.0
  ]
  node [
    id 24
    label "24"
    schedulingPolicy "FIFO"
    levelsQoS "1"
    schedulingWeights "-"
    tosToQoSqueue "0,1,2,3,4,5,6,7,8,9,10,11,12,13,14,15,16,17,18,19,20,21,22,23,24,25,26,27,28,29,30,31,32,33,34,35,36,37,38,39,40,41,42,43,44,45,46,47,48,49,50,51,52,53,54,55,56,57,58,59,60,61,62,63,64,65,66,67,68,69,70,71,72,73,74,75,76,77,78,79,80,81,82,83,84,85,86,87,88,89"
    queueSizes "32"
    type "origin_urllc"
    reservation 3514700.0
  ]
  node [
    id 25
    label "25"
    schedulingPolicy "FIFO"
    levelsQoS "1"
    schedulingWeights "-"
    tosToQoSqueue "0,1,2,3,4,5,6,7,8,9,10,11,12,13,14,15,16,17,18,19,20,21,22,23,24,25,26,27,28,29,30,31,32,33,34,35,36,37,38,39,40,41,42,43,44,45,46,47,48,49,50,51,52,53,54,55,56,57,58,59,60,61,62,63,64,65,66,67,68,69,70,71,72,73,74,75,76,77,78,79,80,81,82,83,84,85,86,87,88,89"
    queueSizes "32"
    type "origin_mmtc"
    reservation 205820.0
  ]
  node [
    id 26
    label "26"
    schedulingPolicy "FIFO"
    levelsQoS "1"
    schedulingWeights "-"
    tosToQoSqueue "0,1,2,3,4,5,6,7,8,9,10,11,12,13,14,15,16,17,18,19,20,21,22,23,24,25,26,27,28,29,30,31,32,33,34,35,36,37,38,39,40,41,42,43,44,45,46,47,48,49,50,51,52,53,54,55,56,57,58,59,60,61,62,63,64,65,66,67,68,69,70,71,72,73,74,75,76,77,78,79,80,81,82,83,84,85,86,87,88,89"
    queueSizes "32"
    type "origin_urllc"
    reservation 3659600.0
  ]
  node [
    id 27
    label "27"
    schedulingPolicy "FIFO"
    levelsQoS "1"
    schedulingWeights "-"
    tosToQoSqueue "0,1,2,3,4,5,6,7,8,9,10,11,12,13,14,15,16,17,18,19,20,21,22,23,24,25,26,27,28,29,30,31,32,33,34,35,36,37,38,39,40,41,42,43,44,45,46,47,48,49,50,51,52,53,54,55,56,57,58,59,60,61,62,63,64,65,66,67,68,69,70,71,72,73,74,75,76,77,78,79,80,81,82,83,84,85,86,87,88,89"
    queueSizes "32"
    type "origin_embb"
    reservation 16439400.0
  ]
  node [
    id 28
    label "28"
    schedulingPolicy "FIFO"
    levelsQoS "1"
    schedulingWeights "-"
    tosToQoSqueue "0,1,2,3,4,5,6,7,8,9,10,11,12,13,14,15,16,17,18,19,20,21,22,23,24,25,26,27,28,29,30,31,32,33,34,35,36,37,38,39,40,41,42,43,44,45,46,47,48,49,50,51,52,53,54,55,56,57,58,59,60,61,62,63,64,65,66,67,68,69,70,71,72,73,74,75,76,77,78,79,80,81,82,83,84,85,86,87,88,89"
    queueSizes "32"
    type "origin_urllc"
    reservation 3707900.0
  ]
  node [
    id 29
    label "29"
    schedulingPolicy "FIFO"
    levelsQoS "1"
    schedulingWeights "-"
    tosToQoSqueue "0,1,2,3,4,5,6,7,8,9,10,11,12,13,14,15,16,17,18,19,20,21,22,23,24,25,26,27,28,29,30,31,32,33,34,35,36,37,38,39,40,41,42,43,44,45,46,47,48,49,50,51,52,53,54,55,56,57,58,59,60,61,62,63,64,65,66,67,68,69,70,71,72,73,74,75,76,77,78,79,80,81,82,83,84,85,86,87,88,89"
    queueSizes "32"
    type "origin_mmtc"
    reservation 229580.0
  ]
  node [
    id 30
    label "30"
    schedulingPolicy "FIFO"
    levelsQoS "1"
    schedulingWeights "-"
    tosToQoSqueue "0,1,2,3,4,5,6,7,8,9,10,11,12,13,14,15,16,17,18,19,20,21,22,23,24,25,26,27,28,29,30,31,32,33,34,35,36,37,38,39,40,41,42,43,44,45,46,47,48,49,50,51,52,53,54,55,56,57,58,59,60,61,62,63,64,65,66,67,68,69,70,71,72,73,74,75,76,77,78,79,80,81,82,83,84,85,86,87,88,89"
    queueSizes "32"
    type "origin_mmtc"
    reservation 190760.0
  ]
  node [
    id 31
    label "31"
    schedulingPolicy "FIFO"
    levelsQoS "1"
    schedulingWeights "-"
    tosToQoSqueue "0,1,2,3,4,5,6,7,8,9,10,11,12,13,14,15,16,17,18,19,20,21,22,23,24,25,26,27,28,29,30,31,32,33,34,35,36,37,38,39,40,41,42,43,44,45,46,47,48,49,50,51,52,53,54,55,56,57,58,59,60,61,62,63,64,65,66,67,68,69,70,71,72,73,74,75,76,77,78,79,80,81,82,83,84,85,86,87,88,89"
    queueSizes "32"
    type "origin_urllc"
    reservation 3659600.0
  ]
  node [
    id 32
    label "32"
    schedulingPolicy "FIFO"
    levelsQoS "1"
    schedulingWeights "-"
    tosToQoSqueue "0,1,2,3,4,5,6,7,8,9,10,11,12,13,14,15,16,17,18,19,20,21,22,23,24,25,26,27,28,29,30,31,32,33,34,35,36,37,38,39,40,41,42,43,44,45,46,47,48,49,50,51,52,53,54,55,56,57,58,59,60,61,62,63,64,65,66,67,68,69,70,71,72,73,74,75,76,77,78,79,80,81,82,83,84,85,86,87,88,89"
    queueSizes "32"
    type "origin_mmtc"
    reservation 217340.0
  ]
  node [
    id 33
    label "33"
    schedulingPolicy "FIFO"
    levelsQoS "1"
    schedulingWeights "-"
    tosToQoSqueue "0,1,2,3,4,5,6,7,8,9,10,11,12,13,14,15,16,17,18,19,20,21,22,23,24,25,26,27,28,29,30,31,32,33,34,35,36,37,38,39,40,41,42,43,44,45,46,47,48,49,50,51,52,53,54,55,56,57,58,59,60,61,62,63,64,65,66,67,68,69,70,71,72,73,74,75,76,77,78,79,80,81,82,83,84,85,86,87,88,89"
    queueSizes "32"
    type "origin_urllc"
    reservation 3707900.0
  ]
  node [
    id 34
    label "34"
    schedulingPolicy "FIFO"
    levelsQoS "1"
    schedulingWeights "-"
    tosToQoSqueue "0,1,2,3,4,5,6,7,8,9,10,11,12,13,14,15,16,17,18,19,20,21,22,23,24,25,26,27,28,29,30,31,32,33,34,35,36,37,38,39,40,41,42,43,44,45,46,47,48,49,50,51,52,53,54,55,56,57,58,59,60,61,62,63,64,65,66,67,68,69,70,71,72,73,74,75,76,77,78,79,80,81,82,83,84,85,86,87,88,89"
    queueSizes "32"
    type "origin_embb"
    reservation 20435400.0
  ]
  node [
    id 35
    label "35"
    schedulingPolicy "FIFO"
    levelsQoS "1"
    schedulingWeights "-"
    tosToQoSqueue "0,1,2,3,4,5,6,7,8,9,10,11,12,13,14,15,16,17,18,19,20,21,22,23,24,25,26,27,28,29,30,31,32,33,34,35,36,37,38,39,40,41,42,43,44,45,46,47,48,49,50,51,52,53,54,55,56,57,58,59,60,61,62,63,64,65,66,67,68,69,70,71,72,73,74,75,76,77,78,79,80,81,82,83,84,85,86,87,88,89"
    queueSizes "32"
    type "origin_urllc"
    reservation 3219650.0
  ]
  node [
    id 36
    label "36"
    schedulingPolicy "FIFO"
    levelsQoS "1"
    schedulingWeights "-"
    tosToQoSqueue "0,1,2,3,4,5,6,7,8,9,10,11,12,13,14,15,16,17,18,19,20,21,22,23,24,25,26,27,28,29,30,31,32,33,34,35,36,37,38,39,40,41,42,43,44,45,46,47,48,49,50,51,52,53,54,55,56,57,58,59,60,61,62,63,64,65,66,67,68,69,70,71,72,73,74,75,76,77,78,79,80,81,82,83,84,85,86,87,88,89"
    queueSizes "32"
    type "origin_urllc"
    reservation 3707900.0
  ]
  node [
    id 37
    label "37"
    schedulingPolicy "FIFO"
    levelsQoS "1"
    schedulingWeights "-"
    tosToQoSqueue "0,1,2,3,4,5,6,7,8,9,10,11,12,13,14,15,16,17,18,19,20,21,22,23,24,25,26,27,28,29,30,31,32,33,34,35,36,37,38,39,40,41,42,43,44,45,46,47,48,49,50,51,52,53,54,55,56,57,58,59,60,61,62,63,64,65,66,67,68,69,70,71,72,73,74,75,76,77,78,79,80,81,82,83,84,85,86,87,88,89"
    queueSizes "32"
    type "origin_urllc"
    reservation 3219650.0
  ]
  node [
    id 38
    label "38"
    schedulingPolicy "FIFO"
    levelsQoS "1"
    schedulingWeights "-"
    tosToQoSqueue "0,1,2,3,4,5,6,7,8,9,10,11,12,13,14,15,16,17,18,19,20,21,22,23,24,25,26,27,28,29,30,31,32,33,34,35,36,37,38,39,40,41,42,43,44,45,46,47,48,49,50,51,52,53,54,55,56,57,58,59,60,61,62,63,64,65,66,67,68,69,70,71,72,73,74,75,76,77,78,79,80,81,82,83,84,85,86,87,88,89"
    queueSizes "32"
    type "origin_urllc"
    reservation 3514700.0
  ]
  node [
    id 39
    label "39"
    schedulingPolicy "FIFO"
    levelsQoS "1"
    schedulingWeights "-"
    tosToQoSqueue "0,1,2,3,4,5,6,7,8,9,10,11,12,13,14,15,16,17,18,19,20,21,22,23,24,25,26,27,28,29,30,31,32,33,34,35,36,37,38,39,40,41,42,43,44,45,46,47,48,49,50,51,52,53,54,55,56,57,58,59,60,61,62,63,64,65,66,67,68,69,70,71,72,73,74,75,76,77,78,79,80,81,82,83,84,85,86,87,88,89"
    queueSizes "32"
    type "origin_urllc"
    reservation 3659600.0
  ]
  node [
    id 40
    label "40"
    schedulingPolicy "FIFO"
    levelsQoS "1"
    schedulingWeights "-"
    tosToQoSqueue "0,1,2,3,4,5,6,7,8,9,10,11,12,13,14,15,16,17,18,19,20,21,22,23,24,25,26,27,28,29,30,31,32,33,34,35,36,37,38,39,40,41,42,43,44,45,46,47,48,49,50,51,52,53,54,55,56,57,58,59,60,61,62,63,64,65,66,67,68,69,70,71,72,73,74,75,76,77,78,79,80,81,82,83,84,85,86,87,88,89"
    queueSizes "32"
    type "origin_mmtc"
    reservation 217340.0
  ]
  node [
    id 41
    label "41"
    schedulingPolicy "FIFO"
    levelsQoS "1"
    schedulingWeights "-"
    tosToQoSqueue "0,1,2,3,4,5,6,7,8,9,10,11,12,13,14,15,16,17,18,19,20,21,22,23,24,25,26,27,28,29,30,31,32,33,34,35,36,37,38,39,40,41,42,43,44,45,46,47,48,49,50,51,52,53,54,55,56,57,58,59,60,61,62,63,64,65,66,67,68,69,70,71,72,73,74,75,76,77,78,79,80,81,82,83,84,85,86,87,88,89"
    queueSizes "32"
    type "origin_urllc"
    reservation 3707900.0
  ]
  node [
    id 42
    label "42"
    schedulingPolicy "FIFO"
    levelsQoS "1"
    schedulingWeights "-"
    tosToQoSqueue "0,1,2,3,4,5,6,7,8,9,10,11,12,13,14,15,16,17,18,19,20,21,22,23,24,25,26,27,28,29,30,31,32,33,34,35,36,37,38,39,40,41,42,43,44,45,46,47,48,49,50,51,52,53,54,55,56,57,58,59,60,61,62,63,64,65,66,67,68,69,70,71,72,73,74,75,76,77,78,79,80,81,82,83,84,85,86,87,88,89"
    queueSizes "32"
    type "origin_urllc"
    reservation 3707900.0
  ]
  node [
    id 43
    label "43"
    schedulingPolicy "FIFO"
    levelsQoS "1"
    schedulingWeights "-"
    tosToQoSqueue "0,1,2,3,4,5,6,7,8,9,10,11,12,13,14,15,16,17,18,19,20,21,22,23,24,25,26,27,28,29,30,31,32,33,34,35,36,37,38,39,40,41,42,43,44,45,46,47,48,49,50,51,52,53,54,55,56,57,58,59,60,61,62,63,64,65,66,67,68,69,70,71,72,73,74,75,76,77,78,79,80,81,82,83,84,85,86,87,88,89"
    queueSizes "32"
    type "origin_mmtc"
    reservation 190760.0
  ]
  node [
    id 44
    label "44"
    schedulingPolicy "FIFO"
    levelsQoS "1"
    schedulingWeights "-"
    tosToQoSqueue "0,1,2,3,4,5,6,7,8,9,10,11,12,13,14,15,16,17,18,19,20,21,22,23,24,25,26,27,28,29,30,31,32,33,34,35,36,37,38,39,40,41,42,43,44,45,46,47,48,49,50,51,52,53,54,55,56,57,58,59,60,61,62,63,64,65,66,67,68,69,70,71,72,73,74,75,76,77,78,79,80,81,82,83,84,85,86,87,88,89"
    queueSizes "32"
    type "origin_mmtc"
    reservation 190760.0
  ]
  node [
    id 45
    label "45"
    schedulingPolicy "FIFO"
    levelsQoS "1"
    schedulingWeights "-"
    tosToQoSqueue "0,1,2,3,4,5,6,7,8,9,10,11,12,13,14,15,16,17,18,19,20,21,22,23,24,25,26,27,28,29,30,31,32,33,34,35,36,37,38,39,40,41,42,43,44,45,46,47,48,49,50,51,52,53,54,55,56,57,58,59,60,61,62,63,64,65,66,67,68,69,70,71,72,73,74,75,76,77,78,79,80,81,82,83,84,85,86,87,88,89"
    queueSizes "32"
    type "origin_urllc"
    reservation 3659600.0
  ]
  node [
    id 46
    label "46"
    schedulingPolicy "FIFO"
    levelsQoS "1"
    schedulingWeights "-"
    tosToQoSqueue "0,1,2,3,4,5,6,7,8,9,10,11,12,13,14,15,16,17,18,19,20,21,22,23,24,25,26,27,28,29,30,31,32,33,34,35,36,37,38,39,40,41,42,43,44,45,46,47,48,49,50,51,52,53,54,55,56,57,58,59,60,61,62,63,64,65,66,67,68,69,70,71,72,73,74,75,76,77,78,79,80,81,82,83,84,85,86,87,88,89"
    queueSizes "32"
    type "origin_mmtc"
    reservation 229580.0
  ]
  node [
    id 47
    label "47"
    schedulingPolicy "FIFO"
    levelsQoS "1"
    schedulingWeights "-"
    tosToQoSqueue "0,1,2,3,4,5,6,7,8,9,10,11,12,13,14,15,16,17,18,19,20,21,22,23,24,25,26,27,28,29,30,31,32,33,34,35,36,37,38,39,40,41,42,43,44,45,46,47,48,49,50,51,52,53,54,55,56,57,58,59,60,61,62,63,64,65,66,67,68,69,70,71,72,73,74,75,76,77,78,79,80,81,82,83,84,85,86,87,88,89"
    queueSizes "32"
    type "origin_urllc"
    reservation 3219650.0
  ]
  node [
    id 48
    label "48"
    schedulingPolicy "FIFO"
    levelsQoS "1"
    schedulingWeights "-"
    tosToQoSqueue "0,1,2,3,4,5,6,7,8,9,10,11,12,13,14,15,16,17,18,19,20,21,22,23,24,25,26,27,28,29,30,31,32,33,34,35,36,37,38,39,40,41,42,43,44,45,46,47,48,49,50,51,52,53,54,55,56,57,58,59,60,61,62,63,64,65,66,67,68,69,70,71,72,73,74,75,76,77,78,79,80,81,82,83,84,85,86,87,88,89"
    queueSizes "32"
    type "origin_urllc"
    reservation 3219650.0
  ]
  node [
    id 49
    label "49"
    schedulingPolicy "FIFO"
    levelsQoS "1"
    schedulingWeights "-"
    tosToQoSqueue "0,1,2,3,4,5,6,7,8,9,10,11,12,13,14,15,16,17,18,19,20,21,22,23,24,25,26,27,28,29,30,31,32,33,34,35,36,37,38,39,40,41,42,43,44,45,46,47,48,49,50,51,52,53,54,55,56,57,58,59,60,61,62,63,64,65,66,67,68,69,70,71,72,73,74,75,76,77,78,79,80,81,82,83,84,85,86,87,88,89"
    queueSizes "32"
    type "origin_mmtc"
    reservation 205820.0
  ]
  node [
    id 50
    label "50"
    schedulingPolicy "FIFO"
    levelsQoS "1"
    schedulingWeights "-"
    tosToQoSqueue "0,1,2,3,4,5,6,7,8,9,10,11,12,13,14,15,16,17,18,19,20,21,22,23,24,25,26,27,28,29,30,31,32,33,34,35,36,37,38,39,40,41,42,43,44,45,46,47,48,49,50,51,52,53,54,55,56,57,58,59,60,61,62,63,64,65,66,67,68,69,70,71,72,73,74,75,76,77,78,79,80,81,82,83,84,85,86,87,88,89"
    queueSizes "32"
    type "origin_urllc"
    reservation 3219650.0
  ]
  node [
    id 51
    label "51"
    schedulingPolicy "FIFO"
    levelsQoS "1"
    schedulingWeights "-"
    tosToQoSqueue "0,1,2,3,4,5,6,7,8,9,10,11,12,13,14,15,16,17,18,19,20,21,22,23,24,25,26,27,28,29,30,31,32,33,34,35,36,37,38,39,40,41,42,43,44,45,46,47,48,49,50,51,52,53,54,55,56,57,58,59,60,61,62,63,64,65,66,67,68,69,70,71,72,73,74,75,76,77,78,79,80,81,82,83,84,85,86,87,88,89"
    queueSizes "32"
    type "origin_urllc"
    reservation 3514700.0
  ]
  node [
    id 52
    label "52"
    schedulingPolicy "FIFO"
    levelsQoS "1"
    schedulingWeights "-"
    tosToQoSqueue "0,1,2,3,4,5,6,7,8,9,10,11,12,13,14,15,16,17,18,19,20,21,22,23,24,25,26,27,28,29,30,31,32,33,34,35,36,37,38,39,40,41,42,43,44,45,46,47,48,49,50,51,52,53,54,55,56,57,58,59,60,61,62,63,64,65,66,67,68,69,70,71,72,73,74,75,76,77,78,79,80,81,82,83,84,85,86,87,88,89"
    queueSizes "32"
    type "origin_urllc"
    reservation 3659600.0
  ]
  node [
    id 53
    label "53"
    schedulingPolicy "FIFO"
    levelsQoS "1"
    schedulingWeights "-"
    tosToQoSqueue "0,1,2,3,4,5,6,7,8,9,10,11,12,13,14,15,16,17,18,19,20,21,22,23,24,25,26,27,28,29,30,31,32,33,34,35,36,37,38,39,40,41,42,43,44,45,46,47,48,49,50,51,52,53,54,55,56,57,58,59,60,61,62,63,64,65,66,67,68,69,70,71,72,73,74,75,76,77,78,79,80,81,82,83,84,85,86,87,88,89"
    queueSizes "32"
    type "origin_urllc"
    reservation 3707900.0
  ]
  node [
    id 54
    label "54"
    schedulingPolicy "FIFO"
    levelsQoS "1"
    schedulingWeights "-"
    tosToQoSqueue "0,1,2,3,4,5,6,7,8,9,10,11,12,13,14,15,16,17,18,19,20,21,22,23,24,25,26,27,28,29,30,31,32,33,34,35,36,37,38,39,40,41,42,43,44,45,46,47,48,49,50,51,52,53,54,55,56,57,58,59,60,61,62,63,64,65,66,67,68,69,70,71,72,73,74,75,76,77,78,79,80,81,82,83,84,85,86,87,88,89"
    queueSizes "32"
    type "origin_urllc"
    reservation 3659600.0
  ]
  node [
    id 55
    label "55"
    schedulingPolicy "FIFO"
    levelsQoS "1"
    schedulingWeights "-"
    tosToQoSqueue "0,1,2,3,4,5,6,7,8,9,10,11,12,13,14,15,16,17,18,19,20,21,22,23,24,25,26,27,28,29,30,31,32,33,34,35,36,37,38,39,40,41,42,43,44,45,46,47,48,49,50,51,52,53,54,55,56,57,58,59,60,61,62,63,64,65,66,67,68,69,70,71,72,73,74,75,76,77,78,79,80,81,82,83,84,85,86,87,88,89"
    queueSizes "32"
    type "origin_urllc"
    reservation 3514700.0
  ]
  node [
    id 56
    label "56"
    schedulingPolicy "FIFO"
    levelsQoS "1"
    schedulingWeights "-"
    tosToQoSqueue "0,1,2,3,4,5,6,7,8,9,10,11,12,13,14,15,16,17,18,19,20,21,22,23,24,25,26,27,28,29,30,31,32,33,34,35,36,37,38,39,40,41,42,43,44,45,46,47,48,49,50,51,52,53,54,55,56,57,58,59,60,61,62,63,64,65,66,67,68,69,70,71,72,73,74,75,76,77,78,79,80,81,82,83,84,85,86,87,88,89"
    queueSizes "32"
    type "origin_urllc"
    reservation 3707900.0
  ]
  node [
    id 57
    label "57"
    schedulingPolicy "FIFO"
    levelsQoS "1"
    schedulingWeights "-"
    tosToQoSqueue "0,1,2,3,4,5,6,7,8,9,10,11,12,13,14,15,16,17,18,19,20,21,22,23,24,25,26,27,28,29,30,31,32,33,34,35,36,37,38,39,40,41,42,43,44,45,46,47,48,49,50,51,52,53,54,55,56,57,58,59,60,61,62,63,64,65,66,67,68,69,70,71,72,73,74,75,76,77,78,79,80,81,82,83,84,85,86,87,88,89"
    queueSizes "32"
    type "origin_urllc"
    reservation 3659600.0
  ]
  node [
    id 58
    label "58"
    schedulingPolicy "FIFO"
    levelsQoS "1"
    schedulingWeights "-"
    tosToQoSqueue "0,1,2,3,4,5,6,7,8,9,10,11,12,13,14,15,16,17,18,19,20,21,22,23,24,25,26,27,28,29,30,31,32,33,34,35,36,37,38,39,40,41,42,43,44,45,46,47,48,49,50,51,52,53,54,55,56,57,58,59,60,61,62,63,64,65,66,67,68,69,70,71,72,73,74,75,76,77,78,79,80,81,82,83,84,85,86,87,88,89"
    queueSizes "32"
    type "origin_urllc"
    reservation 3659600.0
  ]
  node [
    id 59
    label "59"
    schedulingPolicy "FIFO"
    levelsQoS "1"
    schedulingWeights "-"
    tosToQoSqueue "0,1,2,3,4,5,6,7,8,9,10,11,12,13,14,15,16,17,18,19,20,21,22,23,24,25,26,27,28,29,30,31,32,33,34,35,36,37,38,39,40,41,42,43,44,45,46,47,48,49,50,51,52,53,54,55,56,57,58,59,60,61,62,63,64,65,66,67,68,69,70,71,72,73,74,75,76,77,78,79,80,81,82,83,84,85,86,87,88,89"
    queueSizes "32"
    type "origin_urllc"
    reservation 3659600.0
  ]
  node [
    id 60
    label "60"
    schedulingPolicy "FIFO"
    levelsQoS "1"
    schedulingWeights "-"
    tosToQoSqueue "0,1,2,3,4,5,6,7,8,9,10,11,12,13,14,15,16,17,18,19,20,21,22,23,24,25,26,27,28,29,30,31,32,33,34,35,36,37,38,39,40,41,42,43,44,45,46,47,48,49,50,51,52,53,54,55,56,57,58,59,60,61,62,63,64,65,66,67,68,69,70,71,72,73,74,75,76,77,78,79,80,81,82,83,84,85,86,87,88,89"
    queueSizes "32"
    type "origin_mmtc"
    reservation 217340.0
  ]
  node [
    id 61
    label "61"
    schedulingPolicy "FIFO"
    levelsQoS "1"
    schedulingWeights "-"
    tosToQoSqueue "0,1,2,3,4,5,6,7,8,9,10,11,12,13,14,15,16,17,18,19,20,21,22,23,24,25,26,27,28,29,30,31,32,33,34,35,36,37,38,39,40,41,42,43,44,45,46,47,48,49,50,51,52,53,54,55,56,57,58,59,60,61,62,63,64,65,66,67,68,69,70,71,72,73,74,75,76,77,78,79,80,81,82,83,84,85,86,87,88,89"
    queueSizes "32"
    type "origin_mmtc"
    reservation 205820.0
  ]
  node [
    id 62
    label "62"
    schedulingPolicy "FIFO"
    levelsQoS "1"
    schedulingWeights "-"
    tosToQoSqueue "0,1,2,3,4,5,6,7,8,9,10,11,12,13,14,15,16,17,18,19,20,21,22,23,24,25,26,27,28,29,30,31,32,33,34,35,36,37,38,39,40,41,42,43,44,45,46,47,48,49,50,51,52,53,54,55,56,57,58,59,60,61,62,63,64,65,66,67,68,69,70,71,72,73,74,75,76,77,78,79,80,81,82,83,84,85,86,87,88,89"
    queueSizes "32"
    type "origin_urllc"
    reservation 3514700.0
  ]
  node [
    id 63
    label "63"
    schedulingPolicy "FIFO"
    levelsQoS "1"
    schedulingWeights "-"
    tosToQoSqueue "0,1,2,3,4,5,6,7,8,9,10,11,12,13,14,15,16,17,18,19,20,21,22,23,24,25,26,27,28,29,30,31,32,33,34,35,36,37,38,39,40,41,42,43,44,45,46,47,48,49,50,51,52,53,54,55,56,57,58,59,60,61,62,63,64,65,66,67,68,69,70,71,72,73,74,75,76,77,78,79,80,81,82,83,84,85,86,87,88,89"
    queueSizes "32"
    type "origin_mmtc"
    reservation 190760.0
  ]
  node [
    id 64
    label "64"
    schedulingPolicy "FIFO"
    levelsQoS "1"
    schedulingWeights "-"
    tosToQoSqueue "0,1,2,3,4,5,6,7,8,9,10,11,12,13,14,15,16,17,18,19,20,21,22,23,24,25,26,27,28,29,30,31,32,33,34,35,36,37,38,39,40,41,42,43,44,45,46,47,48,49,50,51,52,53,54,55,56,57,58,59,60,61,62,63,64,65,66,67,68,69,70,71,72,73,74,75,76,77,78,79,80,81,82,83,84,85,86,87,88,89"
    queueSizes "32"
    type "origin_mmtc"
    reservation 229580.0
  ]
  node [
    id 65
    label "65"
    schedulingPolicy "FIFO"
    levelsQoS "1"
    schedulingWeights "-"
    tosToQoSqueue "0,1,2,3,4,5,6,7,8,9,10,11,12,13,14,15,16,17,18,19,20,21,22,23,24,25,26,27,28,29,30,31,32,33,34,35,36,37,38,39,40,41,42,43,44,45,46,47,48,49,50,51,52,53,54,55,56,57,58,59,60,61,62,63,64,65,66,67,68,69,70,71,72,73,74,75,76,77,78,79,80,81,82,83,84,85,86,87,88,89"
    queueSizes "32"
    type "origin_mmtc"
    reservation 217340.0
  ]
  node [
    id 66
    label "66"
    schedulingPolicy "FIFO"
    levelsQoS "1"
    schedulingWeights "-"
    tosToQoSqueue "0,1,2,3,4,5,6,7,8,9,10,11,12,13,14,15,16,17,18,19,20,21,22,23,24,25,26,27,28,29,30,31,32,33,34,35,36,37,38,39,40,41,42,43,44,45,46,47,48,49,50,51,52,53,54,55,56,57,58,59,60,61,62,63,64,65,66,67,68,69,70,71,72,73,74,75,76,77,78,79,80,81,82,83,84,85,86,87,88,89"
    queueSizes "32"
    type "origin_mmtc"
    reservation 205820.0
  ]
  node [
    id 67
    label "67"
    schedulingPolicy "FIFO"
    levelsQoS "1"
    schedulingWeights "-"
    tosToQoSqueue "0,1,2,3,4,5,6,7,8,9,10,11,12,13,14,15,16,17,18,19,20,21,22,23,24,25,26,27,28,29,30,31,32,33,34,35,36,37,38,39,40,41,42,43,44,45,46,47,48,49,50,51,52,53,54,55,56,57,58,59,60,61,62,63,64,65,66,67,68,69,70,71,72,73,74,75,76,77,78,79,80,81,82,83,84,85,86,87,88,89"
    queueSizes "32"
    type "origin_mmtc"
    reservation 229580.0
  ]
  node [
    id 68
    label "68"
    schedulingPolicy "FIFO"
    levelsQoS "1"
    schedulingWeights "-"
    tosToQoSqueue "0,1,2,3,4,5,6,7,8,9,10,11,12,13,14,15,16,17,18,19,20,21,22,23,24,25,26,27,28,29,30,31,32,33,34,35,36,37,38,39,40,41,42,43,44,45,46,47,48,49,50,51,52,53,54,55,56,57,58,59,60,61,62,63,64,65,66,67,68,69,70,71,72,73,74,75,76,77,78,79,80,81,82,83,84,85,86,87,88,89"
    queueSizes "32"
    type "origin_mmtc"
    reservation 229580.0
  ]
  node [
    id 69
    label "69"
    schedulingPolicy "FIFO"
    levelsQoS "1"
    schedulingWeights "-"
    tosToQoSqueue "0,1,2,3,4,5,6,7,8,9,10,11,12,13,14,15,16,17,18,19,20,21,22,23,24,25,26,27,28,29,30,31,32,33,34,35,36,37,38,39,40,41,42,43,44,45,46,47,48,49,50,51,52,53,54,55,56,57,58,59,60,61,62,63,64,65,66,67,68,69,70,71,72,73,74,75,76,77,78,79,80,81,82,83,84,85,86,87,88,89"
    queueSizes "32"
    type "origin_mmtc"
    reservation 190760.0
  ]
  node [
    id 70
    label "70"
    schedulingPolicy "FIFO"
    levelsQoS "1"
    schedulingWeights "-"
    tosToQoSqueue "0,1,2,3,4,5,6,7,8,9,10,11,12,13,14,15,16,17,18,19,20,21,22,23,24,25,26,27,28,29,30,31,32,33,34,35,36,37,38,39,40,41,42,43,44,45,46,47,48,49,50,51,52,53,54,55,56,57,58,59,60,61,62,63,64,65,66,67,68,69,70,71,72,73,74,75,76,77,78,79,80,81,82,83,84,85,86,87,88,89"
    queueSizes "32"
    type "origin_mmtc"
    reservation 217340.0
  ]
  node [
    id 71
    label "71"
    schedulingPolicy "FIFO"
    levelsQoS "1"
    schedulingWeights "-"
    tosToQoSqueue "0,1,2,3,4,5,6,7,8,9,10,11,12,13,14,15,16,17,18,19,20,21,22,23,24,25,26,27,28,29,30,31,32,33,34,35,36,37,38,39,40,41,42,43,44,45,46,47,48,49,50,51,52,53,54,55,56,57,58,59,60,61,62,63,64,65,66,67,68,69,70,71,72,73,74,75,76,77,78,79,80,81,82,83,84,85,86,87,88,89"
    queueSizes "32"
    type "origin_mmtc"
    reservation 217340.0
  ]
  node [
    id 72
    label "72"
    schedulingPolicy "FIFO"
    levelsQoS "1"
    schedulingWeights "-"
    tosToQoSqueue "0,1,2,3,4,5,6,7,8,9,10,11,12,13,14,15,16,17,18,19,20,21,22,23,24,25,26,27,28,29,30,31,32,33,34,35,36,37,38,39,40,41,42,43,44,45,46,47,48,49,50,51,52,53,54,55,56,57,58,59,60,61,62,63,64,65,66,67,68,69,70,71,72,73,74,75,76,77,78,79,80,81,82,83,84,85,86,87,88,89"
    queueSizes "32"
    type "origin_mmtc"
    reservation 229580.0
  ]
  node [
    id 73
    label "73"
    schedulingPolicy "FIFO"
    levelsQoS "1"
    schedulingWeights "-"
    tosToQoSqueue "0,1,2,3,4,5,6,7,8,9,10,11,12,13,14,15,16,17,18,19,20,21,22,23,24,25,26,27,28,29,30,31,32,33,34,35,36,37,38,39,40,41,42,43,44,45,46,47,48,49,50,51,52,53,54,55,56,57,58,59,60,61,62,63,64,65,66,67,68,69,70,71,72,73,74,75,76,77,78,79,80,81,82,83,84,85,86,87,88,89"
    queueSizes "32"
    type "origin_mmtc"
    reservation 217340.0
  ]
  node [
    id 74
    label "74"
    schedulingPolicy "FIFO"
    levelsQoS "1"
    schedulingWeights "-"
    tosToQoSqueue "0,1,2,3,4,5,6,7,8,9,10,11,12,13,14,15,16,17,18,19,20,21,22,23,24,25,26,27,28,29,30,31,32,33,34,35,36,37,38,39,40,41,42,43,44,45,46,47,48,49,50,51,52,53,54,55,56,57,58,59,60,61,62,63,64,65,66,67,68,69,70,71,72,73,74,75,76,77,78,79,80,81,82,83,84,85,86,87,88,89"
    queueSizes "32"
    type "origin_mmtc"
    reservation 229580.0
  ]
  node [
    id 75
    label "75"
    schedulingPolicy "FIFO"
    levelsQoS "1"
    schedulingWeights "-"
    tosToQoSqueue "0,1,2,3,4,5,6,7,8,9,10,11,12,13,14,15,16,17,18,19,20,21,22,23,24,25,26,27,28,29,30,31,32,33,34,35,36,37,38,39,40,41,42,43,44,45,46,47,48,49,50,51,52,53,54,55,56,57,58,59,60,61,62,63,64,65,66,67,68,69,70,71,72,73,74,75,76,77,78,79,80,81,82,83,84,85,86,87,88,89"
    queueSizes "32"
    type "origin_mmtc"
    reservation 217340.0
  ]
  node [
    id 76
    label "76"
    schedulingPolicy "FIFO"
    levelsQoS "1"
    schedulingWeights "-"
    tosToQoSqueue "0,1,2,3,4,5,6,7,8,9,10,11,12,13,14,15,16,17,18,19,20,21,22,23,24,25,26,27,28,29,30,31,32,33,34,35,36,37,38,39,40,41,42,43,44,45,46,47,48,49,50,51,52,53,54,55,56,57,58,59,60,61,62,63,64,65,66,67,68,69,70,71,72,73,74,75,76,77,78,79,80,81,82,83,84,85,86,87,88,89"
    queueSizes "32"
    type "origin_mmtc"
    reservation 217340.0
  ]
  node [
    id 77
    label "77"
    schedulingPolicy "FIFO"
    levelsQoS "1"
    schedulingWeights "-"
    tosToQoSqueue "0,1,2,3,4,5,6,7,8,9,10,11,12,13,14,15,16,17,18,19,20,21,22,23,24,25,26,27,28,29,30,31,32,33,34,35,36,37,38,39,40,41,42,43,44,45,46,47,48,49,50,51,52,53,54,55,56,57,58,59,60,61,62,63,64,65,66,67,68,69,70,71,72,73,74,75,76,77,78,79,80,81,82,83,84,85,86,87,88,89"
    queueSizes "32"
    type "origin_mmtc"
    reservation 190760.0
  ]
  node [
    id 78
    label "78"
    schedulingPolicy "FIFO"
    levelsQoS "1"
    schedulingWeights "-"
    tosToQoSqueue "0,1,2,3,4,5,6,7,8,9,10,11,12,13,14,15,16,17,18,19,20,21,22,23,24,25,26,27,28,29,30,31,32,33,34,35,36,37,38,39,40,41,42,43,44,45,46,47,48,49,50,51,52,53,54,55,56,57,58,59,60,61,62,63,64,65,66,67,68,69,70,71,72,73,74,75,76,77,78,79,80,81,82,83,84,85,86,87,88,89"
    queueSizes "32"
    type "origin_mmtc"
    reservation 205820.0
  ]
  node [
    id 79
    label "79"
    schedulingPolicy "FIFO"
    levelsQoS "1"
    schedulingWeights "-"
    tosToQoSqueue "0,1,2,3,4,5,6,7,8,9,10,11,12,13,14,15,16,17,18,19,20,21,22,23,24,25,26,27,28,29,30,31,32,33,34,35,36,37,38,39,40,41,42,43,44,45,46,47,48,49,50,51,52,53,54,55,56,57,58,59,60,61,62,63,64,65,66,67,68,69,70,71,72,73,74,75,76,77,78,79,80,81,82,83,84,85,86,87,88,89"
    queueSizes "32"
    type "origin_mmtc"
    reservation 205820.0
  ]
  node [
    id 80
    label "80"
    schedulingPolicy "FIFO"
    levelsQoS "1"
    schedulingWeights "-"
    tosToQoSqueue "0,1,2,3,4,5,6,7,8,9,10,11,12,13,14,15,16,17,18,19,20,21,22,23,24,25,26,27,28,29,30,31,32,33,34,35,36,37,38,39,40,41,42,43,44,45,46,47,48,49,50,51,52,53,54,55,56,57,58,59,60,61,62,63,64,65,66,67,68,69,70,71,72,73,74,75,76,77,78,79,80,81,82,83,84,85,86,87,88,89"
    queueSizes "32"
    type "origin_mmtc"
    reservation 190760.0
  ]
  node [
    id 81
    label "81"
    schedulingPolicy "FIFO"
    levelsQoS "1"
    schedulingWeights "-"
    tosToQoSqueue "0,1,2,3,4,5,6,7,8,9,10,11,12,13,14,15,16,17,18,19,20,21,22,23,24,25,26,27,28,29,30,31,32,33,34,35,36,37,38,39,40,41,42,43,44,45,46,47,48,49,50,51,52,53,54,55,56,57,58,59,60,61,62,63,64,65,66,67,68,69,70,71,72,73,74,75,76,77,78,79,80,81,82,83,84,85,86,87,88,89"
    queueSizes "32"
    type "origin_mmtc"
    reservation 190760.0
  ]
  node [
    id 82
    label "82"
    schedulingPolicy "FIFO"
    levelsQoS "1"
    schedulingWeights "-"
    tosToQoSqueue "0,1,2,3,4,5,6,7,8,9,10,11,12,13,14,15,16,17,18,19,20,21,22,23,24,25,26,27,28,29,30,31,32,33,34,35,36,37,38,39,40,41,42,43,44,45,46,47,48,49,50,51,52,53,54,55,56,57,58,59,60,61,62,63,64,65,66,67,68,69,70,71,72,73,74,75,76,77,78,79,80,81,82,83,84,85,86,87,88,89"
    queueSizes "32"
    type "origin_mmtc"
    reservation 190760.0
  ]
  node [
    id 83
    label "83"
    schedulingPolicy "FIFO"
    levelsQoS "1"
    schedulingWeights "-"
    tosToQoSqueue "0,1,2,3,4,5,6,7,8,9,10,11,12,13,14,15,16,17,18,19,20,21,22,23,24,25,26,27,28,29,30,31,32,33,34,35,36,37,38,39,40,41,42,43,44,45,46,47,48,49,50,51,52,53,54,55,56,57,58,59,60,61,62,63,64,65,66,67,68,69,70,71,72,73,74,75,76,77,78,79,80,81,82,83,84,85,86,87,88,89"
    queueSizes "32"
    type "origin_mmtc"
    reservation 205820.0
  ]
  node [
    id 84
    label "84"
    schedulingPolicy "FIFO"
    levelsQoS "1"
    schedulingWeights "-"
    tosToQoSqueue "0,1,2,3,4,5,6,7,8,9,10,11,12,13,14,15,16,17,18,19,20,21,22,23,24,25,26,27,28,29,30,31,32,33,34,35,36,37,38,39,40,41,42,43,44,45,46,47,48,49,50,51,52,53,54,55,56,57,58,59,60,61,62,63,64,65,66,67,68,69,70,71,72,73,74,75,76,77,78,79,80,81,82,83,84,85,86,87,88,89"
    queueSizes "32"
    type "origin_mmtc"
    reservation 190760.0
  ]
  node [
    id 85
    label "85"
    schedulingPolicy "FIFO"
    levelsQoS "1"
    schedulingWeights "-"
    tosToQoSqueue "0,1,2,3,4,5,6,7,8,9,10,11,12,13,14,15,16,17,18,19,20,21,22,23,24,25,26,27,28,29,30,31,32,33,34,35,36,37,38,39,40,41,42,43,44,45,46,47,48,49,50,51,52,53,54,55,56,57,58,59,60,61,62,63,64,65,66,67,68,69,70,71,72,73,74,75,76,77,78,79,80,81,82,83,84,85,86,87,88,89"
    queueSizes "32"
    type "origin_mmtc"
    reservation 217340.0
  ]
  node [
    id 86
    label "86"
    schedulingPolicy "FIFO"
    levelsQoS "1"
    schedulingWeights "-"
    tosToQoSqueue "0,1,2,3,4,5,6,7,8,9,10,11,12,13,14,15,16,17,18,19,20,21,22,23,24,25,26,27,28,29,30,31,32,33,34,35,36,37,38,39,40,41,42,43,44,45,46,47,48,49,50,51,52,53,54,55,56,57,58,59,60,61,62,63,64,65,66,67,68,69,70,71,72,73,74,75,76,77,78,79,80,81,82,83,84,85,86,87,88,89"
    queueSizes "32"
    type "origin_mmtc"
    reservation 229580.0
  ]
  node [
    id 87
    label "87"
    schedulingPolicy "FIFO"
    levelsQoS "1"
    schedulingWeights "-"
    tosToQoSqueue "0,1,2,3,4,5,6,7,8,9,10,11,12,13,14,15,16,17,18,19,20,21,22,23,24,25,26,27,28,29,30,31,32,33,34,35,36,37,38,39,40,41,42,43,44,45,46,47,48,49,50,51,52,53,54,55,56,57,58,59,60,61,62,63,64,65,66,67,68,69,70,71,72,73,74,75,76,77,78,79,80,81,82,83,84,85,86,87,88,89"
    queueSizes "32"
    type "origin_mmtc"
    reservation 205820.0
  ]
  node [
    id 88
    label "88"
    schedulingPolicy "FIFO"
    levelsQoS "1"
    schedulingWeights "-"
    tosToQoSqueue "0,1,2,3,4,5,6,7,8,9,10,11,12,13,14,15,16,17,18,19,20,21,22,23,24,25,26,27,28,29,30,31,32,33,34,35,36,37,38,39,40,41,42,43,44,45,46,47,48,49,50,51,52,53,54,55,56,57,58,59,60,61,62,63,64,65,66,67,68,69,70,71,72,73,74,75,76,77,78,79,80,81,82,83,84,85,86,87,88,89"
    queueSizes "32"
    type "origin_mmtc"
    reservation 205820.0
  ]
  node [
    id 89
    label "89"
    schedulingPolicy "FIFO"
    levelsQoS "1"
    schedulingWeights "-"
    tosToQoSqueue "0,1,2,3,4,5,6,7,8,9,10,11,12,13,14,15,16,17,18,19,20,21,22,23,24,25,26,27,28,29,30,31,32,33,34,35,36,37,38,39,40,41,42,43,44,45,46,47,48,49,50,51,52,53,54,55,56,57,58,59,60,61,62,63,64,65,66,67,68,69,70,71,72,73,74,75,76,77,78,79,80,81,82,83,84,85,86,87,88,89"
    queueSizes "32"
    type "origin_mmtc"
    reservation 190760.0
  ]
  edge [
    source 0
    target 4
    key 0
    LinkType "E1"
    LinkLabel "E1"
    bandwidth 100000000
    traffic ""
    reservation ""
    port 0
  ]
  edge [
    source 0
    target 15
    key 0
    LinkType "E1"
    LinkLabel "E1"
    bandwidth 100000000
    traffic "18000000"
    reservation "18480600.0"
    port 1
  ]
  edge [
    source 1
    target 4
    key 0
    LinkLabel "IPIP Tunnel"
    bandwidth 100000000
    traffic ""
    reservation ""
    port 0
  ]
  edge [
    source 2
    target 3
    key 0
    LinkLabel "Green Link (No label)"
    bandwidth 100000000
    traffic ""
    reservation ""
    port 0
  ]
  edge [
    source 2
    target 17
    key 0
    port 1
    weight 1
    bandwidth 350000000
    traffic "200000,200000,200000,200000,200000,200000,200000,200000,200000,200000,200000,200000,200000,200000,200000,200000,200000,200000,200000,200000,200000,200000,200000,200000,200000,200000,200000,200000,200000,200000,200000,200000,200000,200000,200000,200000,200000,200000"
    reservation "205820.0,229580.0,190760.0,217340.0,217340.0,190760.0,190760.0,229580.0,205820.0,217340.0,205820.0,190760.0,229580.0,217340.0,205820.0,229580.0,229580.0,190760.0,217340.0,217340.0,229580.0,217340.0,229580.0,217340.0,217340.0,190760.0,205820.0,205820.0,190760.0,190760.0,190760.0,205820.0,190760.0,217340.0,229580.0,205820.0,205820.0,190760.0"
  ]
  edge [
    source 3
    target 2
    key 0
    LinkLabel "Green Link (No label)"
    bandwidth 100000000
    traffic "200000,200000,200000,200000,200000,200000,200000,200000,200000,200000,200000,200000,200000,200000,200000,200000,200000,200000,200000,200000,200000,200000,200000,200000,200000,200000,200000,200000,200000,200000,200000,200000,200000,200000,200000,200000,200000,200000"
    reservation "205820.0,229580.0,190760.0,217340.0,217340.0,190760.0,190760.0,229580.0,205820.0,217340.0,205820.0,190760.0,229580.0,217340.0,205820.0,229580.0,229580.0,190760.0,217340.0,217340.0,229580.0,217340.0,229580.0,217340.0,217340.0,190760.0,205820.0,205820.0,190760.0,190760.0,190760.0,205820.0,190760.0,217340.0,229580.0,205820.0,205820.0,190760.0"
    port 0
  ]
  edge [
    source 3
    target 7
    key 0
    LinkLabel "Green Link (No label)"
    bandwidth 100000000
    traffic "18000000,18000000,18000000,18000000,18000000"
    reservation "18480600.0,18324000.0,18324000.0,16439400.0,20435400.0"
    port 1
  ]
  edge [
    source 3
    target 15
    key 0
    LinkType "E1"
    LinkLabel "E1"
    bandwidth 100000000
    traffic ""
    reservation ""
    port 2
  ]
  edge [
    source 4
    target 0
    key 0
    LinkType "E1"
    LinkLabel "E1"
    bandwidth 100000000
    traffic "18000000"
    reservation "18480600.0"
    port 0
  ]
  edge [
    source 4
    target 1
    key 0
    LinkLabel "IPIP Tunnel"
    bandwidth 100000000
    traffic ""
    reservation ""
    port 1
  ]
  edge [
    source 4
    target 5
    key 0
    LinkType "E1"
    LinkLabel "E1"
    bandwidth 100000000
    traffic ""
    reservation ""
    port 2
  ]
  edge [
    source 5
    target 4
    key 0
    LinkType "E1"
    LinkLabel "E1"
    bandwidth 100000000
    traffic "18000000"
    reservation "18480600.0"
    port 0
  ]
  edge [
    source 5
    target 19
    key 0
    port 1
    weight 1
    bandwidth 50000000
    traffic ""
    reservation ""
  ]
  edge [
    source 6
    target 14
    key 0
    LinkType "E1"
    LinkLabel "E1"
    bandwidth 100000000
    traffic "3500000,3500000,3500000,3500000,3500000,3500000,3500000,3500000,3500000,3500000,3500000,3500000,3500000,3500000,3500000,3500000,3500000,3500000,3500000,3500000,3500000,3500000,3500000,3500000,3500000,3500000,3500000,3500000"
    reservation "3707900.0,3659600.0,3514700.0,3659600.0,3707900.0,3659600.0,3707900.0,3219650.0,3707900.0,3219650.0,3514700.0,3659600.0,3707900.0,3707900.0,3659600.0,3219650.0,3219650.0,3219650.0,3514700.0,3659600.0,3707900.0,3659600.0,3514700.0,3707900.0,3659600.0,3659600.0,3659600.0,3514700.0"
    port 0
  ]
  edge [
    source 6
    target 15
    key 0
    LinkType "E1"
    LinkLabel "E1"
    bandwidth 100000000
    traffic "18000000,200000,18000000,200000,200000,200000,18000000,200000,200000,200000,200000,200000,200000,200000,200000,200000,200000,200000,200000,200000,200000,200000,200000,200000,200000,200000,200000,200000,200000,200000,200000,200000,200000,200000,200000,200000,200000,200000,200000,200000,200000"
    reservation "18324000.0,205820.0,16439400.0,229580.0,190760.0,217340.0,20435400.0,217340.0,190760.0,190760.0,229580.0,205820.0,217340.0,205820.0,190760.0,229580.0,217340.0,205820.0,229580.0,229580.0,190760.0,217340.0,217340.0,229580.0,217340.0,229580.0,217340.0,217340.0,190760.0,205820.0,205820.0,190760.0,190760.0,190760.0,205820.0,190760.0,217340.0,229580.0,205820.0,205820.0,190760.0"
    port 1
  ]
  edge [
    source 6
    target 20
    key 0
    port 2
    weight 1
    bandwidth 50000000
    traffic ""
    reservation ""
  ]
  edge [
    source 6
    target 22
    key 0
    port 3
    weight 1
    bandwidth 50000000
    traffic ""
    reservation ""
  ]
  edge [
    source 6
    target 23
    key 0
    port 4
    weight 1
    bandwidth 50000000
    traffic ""
    reservation ""
  ]
  edge [
    source 6
    target 24
    key 0
    port 5
    weight 1
    bandwidth 50000000
    traffic ""
    reservation ""
  ]
  edge [
    source 6
    target 25
    key 0
    port 6
    weight 1
    bandwidth 50000000
    traffic ""
    reservation ""
  ]
  edge [
    source 6
    target 26
    key 0
    port 7
    weight 1
    bandwidth 50000000
    traffic ""
    reservation ""
  ]
  edge [
    source 6
    target 27
    key 0
    port 8
    weight 1
    bandwidth 50000000
    traffic ""
    reservation ""
  ]
  edge [
    source 6
    target 28
    key 0
    port 9
    weight 1
    bandwidth 50000000
    traffic ""
    reservation ""
  ]
  edge [
    source 6
    target 29
    key 0
    port 10
    weight 1
    bandwidth 50000000
    traffic ""
    reservation ""
  ]
  edge [
    source 6
    target 30
    key 0
    port 11
    weight 1
    bandwidth 50000000
    traffic ""
    reservation ""
  ]
  edge [
    source 6
    target 31
    key 0
    port 12
    weight 1
    bandwidth 50000000
    traffic ""
    reservation ""
  ]
  edge [
    source 6
    target 32
    key 0
    port 13
    weight 1
    bandwidth 50000000
    traffic ""
    reservation ""
  ]
  edge [
    source 6
    target 33
    key 0
    port 14
    weight 1
    bandwidth 50000000
    traffic ""
    reservation ""
  ]
  edge [
    source 6
    target 34
    key 0
    port 15
    weight 1
    bandwidth 50000000
    traffic ""
    reservation ""
  ]
  edge [
    source 6
    target 35
    key 0
    port 16
    weight 1
    bandwidth 50000000
    traffic ""
    reservation ""
  ]
  edge [
    source 6
    target 36
    key 0
    port 17
    weight 1
    bandwidth 50000000
    traffic ""
    reservation ""
  ]
  edge [
    source 6
    target 37
    key 0
    port 18
    weight 1
    bandwidth 50000000
    traffic ""
    reservation ""
  ]
  edge [
    source 6
    target 38
    key 0
    port 19
    weight 1
    bandwidth 50000000
    traffic ""
    reservation ""
  ]
  edge [
    source 6
    target 39
    key 0
    port 20
    weight 1
    bandwidth 50000000
    traffic ""
    reservation ""
  ]
  edge [
    source 6
    target 40
    key 0
    port 21
    weight 1
    bandwidth 50000000
    traffic ""
    reservation ""
  ]
  edge [
    source 6
    target 41
    key 0
    port 22
    weight 1
    bandwidth 50000000
    traffic ""
    reservation ""
  ]
  edge [
    source 6
    target 42
    key 0
    port 23
    weight 1
    bandwidth 50000000
    traffic ""
    reservation ""
  ]
  edge [
    source 6
    target 43
    key 0
    port 24
    weight 1
    bandwidth 50000000
    traffic ""
    reservation ""
  ]
  edge [
    source 6
    target 44
    key 0
    port 25
    weight 1
    bandwidth 50000000
    traffic ""
    reservation ""
  ]
  edge [
    source 6
    target 45
    key 0
    port 26
    weight 1
    bandwidth 50000000
    traffic ""
    reservation ""
  ]
  edge [
    source 6
    target 46
    key 0
    port 27
    weight 1
    bandwidth 50000000
    traffic ""
    reservation ""
  ]
  edge [
    source 6
    target 47
    key 0
    port 28
    weight 1
    bandwidth 50000000
    traffic ""
    reservation ""
  ]
  edge [
    source 6
    target 48
    key 0
    port 29
    weight 1
    bandwidth 50000000
    traffic ""
    reservation ""
  ]
  edge [
    source 6
    target 49
    key 0
    port 30
    weight 1
    bandwidth 50000000
    traffic ""
    reservation ""
  ]
  edge [
    source 6
    target 50
    key 0
    port 31
    weight 1
    bandwidth 50000000
    traffic ""
    reservation ""
  ]
  edge [
    source 6
    target 51
    key 0
    port 32
    weight 1
    bandwidth 50000000
    traffic ""
    reservation ""
  ]
  edge [
    source 6
    target 52
    key 0
    port 33
    weight 1
    bandwidth 50000000
    traffic ""
    reservation ""
  ]
  edge [
    source 6
    target 53
    key 0
    port 34
    weight 1
    bandwidth 50000000
    traffic ""
    reservation ""
  ]
  edge [
    source 6
    target 54
    key 0
    port 35
    weight 1
    bandwidth 50000000
    traffic ""
    reservation ""
  ]
  edge [
    source 6
    target 55
    key 0
    port 36
    weight 1
    bandwidth 50000000
    traffic ""
    reservation ""
  ]
  edge [
    source 6
    target 56
    key 0
    port 37
    weight 1
    bandwidth 50000000
    traffic ""
    reservation ""
  ]
  edge [
    source 6
    target 57
    key 0
    port 38
    weight 1
    bandwidth 50000000
    traffic ""
    reservation ""
  ]
  edge [
    source 6
    target 58
    key 0
    port 39
    weight 1
    bandwidth 50000000
    traffic ""
    reservation ""
  ]
  edge [
    source 6
    target 59
    key 0
    port 40
    weight 1
    bandwidth 50000000
    traffic ""
    reservation ""
  ]
  edge [
    source 6
    target 60
    key 0
    port 41
    weight 1
    bandwidth 50000000
    traffic ""
    reservation ""
  ]
  edge [
    source 6
    target 61
    key 0
    port 42
    weight 1
    bandwidth 50000000
    traffic ""
    reservation ""
  ]
  edge [
    source 6
    target 62
    key 0
    port 43
    weight 1
    bandwidth 50000000
    traffic ""
    reservation ""
  ]
  edge [
    source 6
    target 63
    key 0
    port 44
    weight 1
    bandwidth 50000000
    traffic ""
    reservation ""
  ]
  edge [
    source 6
    target 64
    key 0
    port 45
    weight 1
    bandwidth 50000000
    traffic ""
    reservation ""
  ]
  edge [
    source 6
    target 65
    key 0
    port 46
    weight 1
    bandwidth 50000000
    traffic ""
    reservation ""
  ]
  edge [
    source 6
    target 66
    key 0
    port 47
    weight 1
    bandwidth 50000000
    traffic ""
    reservation ""
  ]
  edge [
    source 6
    target 67
    key 0
    port 48
    weight 1
    bandwidth 50000000
    traffic ""
    reservation ""
  ]
  edge [
    source 6
    target 68
    key 0
    port 49
    weight 1
    bandwidth 50000000
    traffic ""
    reservation ""
  ]
  edge [
    source 6
    target 69
    key 0
    port 50
    weight 1
    bandwidth 50000000
    traffic ""
    reservation ""
  ]
  edge [
    source 6
    target 70
    key 0
    port 51
    weight 1
    bandwidth 50000000
    traffic ""
    reservation ""
  ]
  edge [
    source 6
    target 71
    key 0
    port 52
    weight 1
    bandwidth 50000000
    traffic ""
    reservation ""
  ]
  edge [
    source 6
    target 72
    key 0
    port 53
    weight 1
    bandwidth 50000000
    traffic ""
    reservation ""
  ]
  edge [
    source 6
    target 73
    key 0
    port 54
    weight 1
    bandwidth 50000000
    traffic ""
    reservation ""
  ]
  edge [
    source 6
    target 74
    key 0
    port 55
    weight 1
    bandwidth 50000000
    traffic ""
    reservation ""
  ]
  edge [
    source 6
    target 75
    key 0
    port 56
    weight 1
    bandwidth 50000000
    traffic ""
    reservation ""
  ]
  edge [
    source 6
    target 76
    key 0
    port 57
    weight 1
    bandwidth 50000000
    traffic ""
    reservation ""
  ]
  edge [
    source 6
    target 77
    key 0
    port 58
    weight 1
    bandwidth 50000000
    traffic ""
    reservation ""
  ]
  edge [
    source 6
    target 78
    key 0
    port 59
    weight 1
    bandwidth 50000000
    traffic ""
    reservation ""
  ]
  edge [
    source 6
    target 79
    key 0
    port 60
    weight 1
    bandwidth 50000000
    traffic ""
    reservation ""
  ]
  edge [
    source 6
    target 80
    key 0
    port 61
    weight 1
    bandwidth 50000000
    traffic ""
    reservation ""
  ]
  edge [
    source 6
    target 81
    key 0
    port 62
    weight 1
    bandwidth 50000000
    traffic ""
    reservation ""
  ]
  edge [
    source 6
    target 82
    key 0
    port 63
    weight 1
    bandwidth 50000000
    traffic ""
    reservation ""
  ]
  edge [
    source 6
    target 83
    key 0
    port 64
    weight 1
    bandwidth 50000000
    traffic ""
    reservation ""
  ]
  edge [
    source 6
    target 84
    key 0
    port 65
    weight 1
    bandwidth 50000000
    traffic ""
    reservation ""
  ]
  edge [
    source 6
    target 85
    key 0
    port 66
    weight 1
    bandwidth 50000000
    traffic ""
    reservation ""
  ]
  edge [
    source 6
    target 86
    key 0
    port 67
    weight 1
    bandwidth 50000000
    traffic ""
    reservation ""
  ]
  edge [
    source 6
    target 87
    key 0
    port 68
    weight 1
    bandwidth 50000000
    traffic ""
    reservation ""
  ]
  edge [
    source 6
    target 88
    key 0
    port 69
    weight 1
    bandwidth 50000000
    traffic ""
    reservation ""
  ]
  edge [
    source 6
    target 89
    key 0
    port 70
    weight 1
    bandwidth 50000000
    traffic ""
    reservation ""
  ]
  edge [
    source 7
    target 3
    key 0
    LinkLabel "Green Link (No label)"
    bandwidth 100000000
    traffic ""
    reservation ""
    port 0
  ]
  edge [
    source 7
    target 18
    key 0
    port 1
    weight 1
    bandwidth 350000000
    traffic "18000000,18000000,18000000,18000000,18000000"
    reservation "18480600.0,18324000.0,18324000.0,16439400.0,20435400.0"
  ]
  edge [
    source 8
    target 11
    key 0
    LinkLabel "IPIP Tunnel"
    bandwidth 100000000
    traffic ""
    reservation ""
    port 0
  ]
  edge [
    source 8
    target 13
    key 0
    LinkType "E1"
    LinkLabel "E1"
    bandwidth 100000000
    traffic "3500000,3500000,3500000,3500000,3500000,3500000,3500000,3500000,3500000,3500000,3500000,3500000,3500000,3500000,3500000,3500000,3500000,3500000,3500000,3500000,3500000,3500000,3500000,3500000,3500000,3500000,3500000,3500000"
    reservation "3707900.0,3659600.0,3514700.0,3659600.0,3707900.0,3659600.0,3707900.0,3219650.0,3707900.0,3219650.0,3514700.0,3659600.0,3707900.0,3707900.0,3659600.0,3219650.0,3219650.0,3219650.0,3514700.0,3659600.0,3707900.0,3659600.0,3514700.0,3707900.0,3659600.0,3659600.0,3659600.0,3514700.0"
    port 1
  ]
  edge [
    source 8
    target 14
    key 0
    LinkLabel "IPIP Tunnel"
    bandwidth 100000000
    traffic ""
    reservation ""
    port 2
  ]
  edge [
    source 9
    target 10
    key 0
    LinkLabel "Green Link (No label)"
    bandwidth 100000000
    traffic ""
    reservation ""
    port 0
  ]
  edge [
    source 10
    target 9
    key 0
    LinkLabel "Green Link (No label)"
    bandwidth 100000000
    traffic ""
    reservation ""
    port 0
  ]
  edge [
    source 10
    target 13
    key 0
    LinkType "E1"
    LinkLabel "E1"
    bandwidth 100000000
    traffic ""
    reservation ""
    port 1
  ]
  edge [
    source 11
    target 8
    key 0
    LinkLabel "IPIP Tunnel"
    bandwidth 100000000
    traffic ""
    reservation ""
    port 0
  ]
  edge [
    source 12
    target 13
    key 0
    LinkLabel "Green Link (No label)"
    bandwidth 100000000
    traffic ""
    reservation ""
    port 0
  ]
  edge [
    source 13
    target 8
    key 0
    LinkType "E1"
    LinkLabel "E1"
    bandwidth 100000000
    traffic ""
    reservation ""
    port 0
  ]
  edge [
    source 13
    target 10
    key 0
    LinkType "E1"
    LinkLabel "E1"
    bandwidth 100000000
    traffic ""
    reservation ""
    port 1
  ]
  edge [
    source 13
    target 12
    key 0
    LinkLabel "Green Link (No label)"
    bandwidth 100000000
    traffic ""
    reservation ""
    port 2
  ]
  edge [
    source 13
    target 16
    key 0
    port 3
    weight 1
    bandwidth 350000000
    traffic "3500000,3500000,3500000,3500000,3500000,3500000,3500000,3500000,3500000,3500000,3500000,3500000,3500000,3500000,3500000,3500000,3500000,3500000,3500000,3500000,3500000,3500000,3500000,3500000,3500000,3500000,3500000,3500000"
    reservation "3707900.0,3659600.0,3514700.0,3659600.0,3707900.0,3659600.0,3707900.0,3219650.0,3707900.0,3219650.0,3514700.0,3659600.0,3707900.0,3707900.0,3659600.0,3219650.0,3219650.0,3219650.0,3514700.0,3659600.0,3707900.0,3659600.0,3514700.0,3707900.0,3659600.0,3659600.0,3659600.0,3514700.0"
  ]
  edge [
    source 14
    target 6
    key 0
    LinkType "E1"
    LinkLabel "E1"
    bandwidth 100000000
    traffic ""
    reservation ""
    port 0
  ]
  edge [
    source 14
    target 8
    key 0
    LinkLabel "IPIP Tunnel"
    bandwidth 100000000
    traffic "3500000,3500000,3500000,3500000,3500000,3500000,3500000,3500000,3500000,3500000,3500000,3500000,3500000,3500000,3500000,3500000,3500000,3500000,3500000,3500000,3500000,3500000,3500000,3500000,3500000,3500000,3500000,3500000"
    reservation "3707900.0,3659600.0,3514700.0,3659600.0,3707900.0,3659600.0,3707900.0,3219650.0,3707900.0,3219650.0,3514700.0,3659600.0,3707900.0,3707900.0,3659600.0,3219650.0,3219650.0,3219650.0,3514700.0,3659600.0,3707900.0,3659600.0,3514700.0,3707900.0,3659600.0,3659600.0,3659600.0,3514700.0"
    port 1
  ]
  edge [
    source 15
    target 0
    key 0
    LinkType "E1"
    LinkLabel "E1"
    bandwidth 100000000
    traffic ""
    reservation ""
    port 0
  ]
  edge [
    source 15
    target 3
    key 0
    LinkType "E1"
    LinkLabel "E1"
    bandwidth 100000000
    traffic "18000000,18000000,18000000,200000,18000000,200000,200000,200000,18000000,200000,200000,200000,200000,200000,200000,200000,200000,200000,200000,200000,200000,200000,200000,200000,200000,200000,200000,200000,200000,200000,200000,200000,200000,200000,200000,200000,200000,200000,200000,200000,200000,200000,200000"
    reservation "18480600.0,18324000.0,18324000.0,205820.0,16439400.0,229580.0,190760.0,217340.0,20435400.0,217340.0,190760.0,190760.0,229580.0,205820.0,217340.0,205820.0,190760.0,229580.0,217340.0,205820.0,229580.0,229580.0,190760.0,217340.0,217340.0,229580.0,217340.0,229580.0,217340.0,217340.0,190760.0,205820.0,205820.0,190760.0,190760.0,190760.0,205820.0,190760.0,217340.0,229580.0,205820.0,205820.0,190760.0"
    port 1
  ]
  edge [
    source 15
    target 6
    key 0
    LinkType "E1"
    LinkLabel "E1"
    bandwidth 100000000
    traffic ""
    reservation ""
    port 2
  ]
  edge [
    source 15
    target 21
    key 0
    port 3
    weight 1
    bandwidth 50000000
    traffic ""
    reservation ""
  ]
  edge [
    source 16
    target 13
    key 0
    port 0
    weight 1
    bandwidth 350000000
    traffic ""
    reservation ""
  ]
  edge [
    source 17
    target 2
    key 0
    port 0
    weight 1
    bandwidth 350000000
    traffic ""
    reservation ""
  ]
  edge [
    source 18
    target 7
    key 0
    port 0
    weight 1
    bandwidth 350000000
    traffic ""
    reservation ""
  ]
  edge [
    source 19
    target 5
    key 0
    port 0
    weight 1
    bandwidth 50000000
    traffic "18000000"
    reservation "18480600.0"
  ]
  edge [
    source 20
    target 6
    key 0
    port 0
    weight 1
    bandwidth 50000000
    traffic "18000000"
    reservation "18324000.0"
  ]
  edge [
    source 21
    target 15
    key 0
    port 0
    weight 1
    bandwidth 50000000
    traffic "18000000"
    reservation "18324000.0"
  ]
  edge [
    source 22
    target 6
    key 0
    port 0
    weight 1
    bandwidth 50000000
    traffic "3500000"
    reservation "3707900.0"
  ]
  edge [
    source 23
    target 6
    key 0
    port 0
    weight 1
    bandwidth 50000000
    traffic "3500000"
    reservation "3659600.0"
  ]
  edge [
    source 24
    target 6
    key 0
    port 0
    weight 1
    bandwidth 50000000
    traffic "3500000"
    reservation "3514700.0"
  ]
  edge [
    source 25
    target 6
    key 0
    port 0
    weight 1
    bandwidth 50000000
    traffic "200000"
    reservation "205820.0"
  ]
  edge [
    source 26
    target 6
    key 0
    port 0
    weight 1
    bandwidth 50000000
    traffic "3500000"
    reservation "3659600.0"
  ]
  edge [
    source 27
    target 6
    key 0
    port 0
    weight 1
    bandwidth 50000000
    traffic "18000000"
    reservation "16439400.0"
  ]
  edge [
    source 28
    target 6
    key 0
    port 0
    weight 1
    bandwidth 50000000
    traffic "3500000"
    reservation "3707900.0"
  ]
  edge [
    source 29
    target 6
    key 0
    port 0
    weight 1
    bandwidth 50000000
    traffic "200000"
    reservation "229580.0"
  ]
  edge [
    source 30
    target 6
    key 0
    port 0
    weight 1
    bandwidth 50000000
    traffic "200000"
    reservation "190760.0"
  ]
  edge [
    source 31
    target 6
    key 0
    port 0
    weight 1
    bandwidth 50000000
    traffic "3500000"
    reservation "3659600.0"
  ]
  edge [
    source 32
    target 6
    key 0
    port 0
    weight 1
    bandwidth 50000000
    traffic "200000"
    reservation "217340.0"
  ]
  edge [
    source 33
    target 6
    key 0
    port 0
    weight 1
    bandwidth 50000000
    traffic "3500000"
    reservation "3707900.0"
  ]
  edge [
    source 34
    target 6
    key 0
    port 0
    weight 1
    bandwidth 50000000
    traffic "18000000"
    reservation "20435400.0"
  ]
  edge [
    source 35
    target 6
    key 0
    port 0
    weight 1
    bandwidth 50000000
    traffic "3500000"
    reservation "3219650.0"
  ]
  edge [
    source 36
    target 6
    key 0
    port 0
    weight 1
    bandwidth 50000000
    traffic "3500000"
    reservation "3707900.0"
  ]
  edge [
    source 37
    target 6
    key 0
    port 0
    weight 1
    bandwidth 50000000
    traffic "3500000"
    reservation "3219650.0"
  ]
  edge [
    source 38
    target 6
    key 0
    port 0
    weight 1
    bandwidth 50000000
    traffic "3500000"
    reservation "3514700.0"
  ]
  edge [
    source 39
    target 6
    key 0
    port 0
    weight 1
    bandwidth 50000000
    traffic "3500000"
    reservation "3659600.0"
  ]
  edge [
    source 40
    target 6
    key 0
    port 0
    weight 1
    bandwidth 50000000
    traffic "200000"
    reservation "217340.0"
  ]
  edge [
    source 41
    target 6
    key 0
    port 0
    weight 1
    bandwidth 50000000
    traffic "3500000"
    reservation "3707900.0"
  ]
  edge [
    source 42
    target 6
    key 0
    port 0
    weight 1
    bandwidth 50000000
    traffic "3500000"
    reservation "3707900.0"
  ]
  edge [
    source 43
    target 6
    key 0
    port 0
    weight 1
    bandwidth 50000000
    traffic "200000"
    reservation "190760.0"
  ]
  edge [
    source 44
    target 6
    key 0
    port 0
    weight 1
    bandwidth 50000000
    traffic "200000"
    reservation "190760.0"
  ]
  edge [
    source 45
    target 6
    key 0
    port 0
    weight 1
    bandwidth 50000000
    traffic "3500000"
    reservation "3659600.0"
  ]
  edge [
    source 46
    target 6
    key 0
    port 0
    weight 1
    bandwidth 50000000
    traffic "200000"
    reservation "229580.0"
  ]
  edge [
    source 47
    target 6
    key 0
    port 0
    weight 1
    bandwidth 50000000
    traffic "3500000"
    reservation "3219650.0"
  ]
  edge [
    source 48
    target 6
    key 0
    port 0
    weight 1
    bandwidth 50000000
    traffic "3500000"
    reservation "3219650.0"
  ]
  edge [
    source 49
    target 6
    key 0
    port 0
    weight 1
    bandwidth 50000000
    traffic "200000"
    reservation "205820.0"
  ]
  edge [
    source 50
    target 6
    key 0
    port 0
    weight 1
    bandwidth 50000000
    traffic "3500000"
    reservation "3219650.0"
  ]
  edge [
    source 51
    target 6
    key 0
    port 0
    weight 1
    bandwidth 50000000
    traffic "3500000"
    reservation "3514700.0"
  ]
  edge [
    source 52
    target 6
    key 0
    port 0
    weight 1
    bandwidth 50000000
    traffic "3500000"
    reservation "3659600.0"
  ]
  edge [
    source 53
    target 6
    key 0
    port 0
    weight 1
    bandwidth 50000000
    traffic "3500000"
    reservation "3707900.0"
  ]
  edge [
    source 54
    target 6
    key 0
    port 0
    weight 1
    bandwidth 50000000
    traffic "3500000"
    reservation "3659600.0"
  ]
  edge [
    source 55
    target 6
    key 0
    port 0
    weight 1
    bandwidth 50000000
    traffic "3500000"
    reservation "3514700.0"
  ]
  edge [
    source 56
    target 6
    key 0
    port 0
    weight 1
    bandwidth 50000000
    traffic "3500000"
    reservation "3707900.0"
  ]
  edge [
    source 57
    target 6
    key 0
    port 0
    weight 1
    bandwidth 50000000
    traffic "3500000"
    reservation "3659600.0"
  ]
  edge [
    source 58
    target 6
    key 0
    port 0
    weight 1
    bandwidth 50000000
    traffic "3500000"
    reservation "3659600.0"
  ]
  edge [
    source 59
    target 6
    key 0
    port 0
    weight 1
    bandwidth 50000000
    traffic "3500000"
    reservation "3659600.0"
  ]
  edge [
    source 60
    target 6
    key 0
    port 0
    weight 1
    bandwidth 50000000
    traffic "200000"
    reservation "217340.0"
  ]
  edge [
    source 61
    target 6
    key 0
    port 0
    weight 1
    bandwidth 50000000
    traffic "200000"
    reservation "205820.0"
  ]
  edge [
    source 62
    target 6
    key 0
    port 0
    weight 1
    bandwidth 50000000
    traffic "3500000"
    reservation "3514700.0"
  ]
  edge [
    source 63
    target 6
    key 0
    port 0
    weight 1
    bandwidth 50000000
    traffic "200000"
    reservation "190760.0"
  ]
  edge [
    source 64
    target 6
    key 0
    port 0
    weight 1
    bandwidth 50000000
    traffic "200000"
    reservation "229580.0"
  ]
  edge [
    source 65
    target 6
    key 0
    port 0
    weight 1
    bandwidth 50000000
    traffic "200000"
    reservation "217340.0"
  ]
  edge [
    source 66
    target 6
    key 0
    port 0
    weight 1
    bandwidth 50000000
    traffic "200000"
    reservation "205820.0"
  ]
  edge [
    source 67
    target 6
    key 0
    port 0
    weight 1
    bandwidth 50000000
    traffic "200000"
    reservation "229580.0"
  ]
  edge [
    source 68
    target 6
    key 0
    port 0
    weight 1
    bandwidth 50000000
    traffic "200000"
    reservation "229580.0"
  ]
  edge [
    source 69
    target 6
    key 0
    port 0
    weight 1
    bandwidth 50000000
    traffic "200000"
    reservation "190760.0"
  ]
  edge [
    source 70
    target 6
    key 0
    port 0
    weight 1
    bandwidth 50000000
    traffic "200000"
    reservation "217340.0"
  ]
  edge [
    source 71
    target 6
    key 0
    port 0
    weight 1
    bandwidth 50000000
    traffic "200000"
    reservation "217340.0"
  ]
  edge [
    source 72
    target 6
    key 0
    port 0
    weight 1
    bandwidth 50000000
    traffic "200000"
    reservation "229580.0"
  ]
  edge [
    source 73
    target 6
    key 0
    port 0
    weight 1
    bandwidth 50000000
    traffic "200000"
    reservation "217340.0"
  ]
  edge [
    source 74
    target 6
    key 0
    port 0
    weight 1
    bandwidth 50000000
    traffic "200000"
    reservation "229580.0"
  ]
  edge [
    source 75
    target 6
    key 0
    port 0
    weight 1
    bandwidth 50000000
    traffic "200000"
    reservation "217340.0"
  ]
  edge [
    source 76
    target 6
    key 0
    port 0
    weight 1
    bandwidth 50000000
    traffic "200000"
    reservation "217340.0"
  ]
  edge [
    source 77
    target 6
    key 0
    port 0
    weight 1
    bandwidth 50000000
    traffic "200000"
    reservation "190760.0"
  ]
  edge [
    source 78
    target 6
    key 0
    port 0
    weight 1
    bandwidth 50000000
    traffic "200000"
    reservation "205820.0"
  ]
  edge [
    source 79
    target 6
    key 0
    port 0
    weight 1
    bandwidth 50000000
    traffic "200000"
    reservation "205820.0"
  ]
  edge [
    source 80
    target 6
    key 0
    port 0
    weight 1
    bandwidth 50000000
    traffic "200000"
    reservation "190760.0"
  ]
  edge [
    source 81
    target 6
    key 0
    port 0
    weight 1
    bandwidth 50000000
    traffic "200000"
    reservation "190760.0"
  ]
  edge [
    source 82
    target 6
    key 0
    port 0
    weight 1
    bandwidth 50000000
    traffic "200000"
    reservation "190760.0"
  ]
  edge [
    source 83
    target 6
    key 0
    port 0
    weight 1
    bandwidth 50000000
    traffic "200000"
    reservation "205820.0"
  ]
  edge [
    source 84
    target 6
    key 0
    port 0
    weight 1
    bandwidth 50000000
    traffic "200000"
    reservation "190760.0"
  ]
  edge [
    source 85
    target 6
    key 0
    port 0
    weight 1
    bandwidth 50000000
    traffic "200000"
    reservation "217340.0"
  ]
  edge [
    source 86
    target 6
    key 0
    port 0
    weight 1
    bandwidth 50000000
    traffic "200000"
    reservation "229580.0"
  ]
  edge [
    source 87
    target 6
    key 0
    port 0
    weight 1
    bandwidth 50000000
    traffic "200000"
    reservation "205820.0"
  ]
  edge [
    source 88
    target 6
    key 0
    port 0
    weight 1
    bandwidth 50000000
    traffic "200000"
    reservation "205820.0"
  ]
  edge [
    source 89
    target 6
    key 0
    port 0
    weight 1
    bandwidth 50000000
    traffic "200000"
    reservation "190760.0"
  ]
]
