graph [
  directed 1
  multigraph 1
  GeoLocation "USA"
  GeoExtent "Country"
  Network "ATMnet"
  Provenance "Secondary"
  Note "Bought out by Verio (ATMNet on Wikipedia)"
  Source "http://www.nthelp.com/images/atmnet.jpg"
  Version "1.0"
  Type "COM"
  DateType "Current"
  Backbone 1
  Commercial 0
  label "Atmnet"
  ToolsetVersion "0.3.34dev-20120328"
  Customer 0
  IX 0
  SourceGitVersion "e278b1b"
  DateModifier "="
  DateMonth "01"
  LastAccess "14/01/11"
  Access 0
  Layer "IP"
  Creator "Topology Zoo Toolset"
  Developed 1
  Transit 0
  NetworkDate "2011_01"
  DateYear "2011"
  LastProcessed "2011_09_01"
  Testbed 0
  levelsToS 90
  node [
    id 0
    label "0"
    Country "United States"
    Longitude -111.89105
    Internal 1
    Latitude 40.76078
    type "inner"
    schedulingPolicy "WFQ"
    tosToQoSqueue "34,38;31,72;32,33,36,39;30,35,71,74;37,75;69;67;68,70;24,44,0,1,2,3,4,5,6,7,8,9,10,11,12,13,14,15,16,17,18,19,20,21,22,23,25,26,27,28,29,40,41,42,43,45,46,47,48,49,50,51,52,53,54,55,56,57,58,59,60,61,62,63,64,65,66,73,76,77,78,79,80,81,82,83,84,85,86,87,88,89"
    schedulingWeights "0.001,0.001,0.001,0.001,0.001,0.277,0.261,0.609,98.847;10.33,9.837,18.504,20.403,8.185,0.001,0.001,0.001,32.737"
    levelsQoS 9
    queueSizes "32,32,32,32,32,32,32,32,32"
  ]
  node [
    id 1
    label "1"
    Country "United States"
    Longitude -93.26384
    Internal 1
    Latitude 44.97997
    type "antenna"
    schedulingPolicy "WFQ"
    tosToQoSqueue "25;89,0,1,2,3,4,5,6,7,8,9,10,11,12,13,14,15,16,17,18,19,20,21,22,23,24,26,27,28,29,30,31,32,33,34,35,36,37,38,39,40,41,42,43,44,45,46,47,48,49,50,51,52,53,54,55,56,57,58,59,60,61,62,63,64,65,66,67,68,69,70,71,72,73,74,75,76,77,78,79,80,81,82,83,84,85,86,87,88"
    schedulingWeights "25.872,74.128;0.001,99.999;0.001,99.999"
    levelsQoS 2
    queueSizes "32,32"
  ]
  node [
    id 2
    label "2"
    Country "United States"
    Longitude -94.62746
    Internal 1
    Latitude 39.11417
    type "antenna"
    schedulingPolicy "WFQ"
    tosToQoSqueue "34,38;31,72;32,33,36,39;30,35,71,74;37,75;40,61,64,88;78,81,83;62,63,66,76,77,82,85,87;59,65;42,58,60,73,79,80,84,86;24,44,0,1,2,3,4,5,6,7,8,9,10,11,12,13,14,15,16,17,18,19,20,21,22,23,25,26,27,28,29,41,43,45,46,47,48,49,50,51,52,53,54,55,56,57,67,68,69,70,89"
    schedulingWeights "10.33,9.837,18.504,20.403,8.185,1.11,0.698,2.09,0.57,2.437,25.836;0.001,0.001,0.001,0.001,0.001,0.001,0.001,0.001,0.001,0.001,99.99;0.001,0.001,0.001,0.001,0.001,0.001,0.001,0.001,0.001,0.001,99.99"
    levelsQoS 11
    queueSizes "32,32,32,32,32,32,32,32,32,32,32"
  ]
  node [
    id 3
    label "3"
    Country "United States"
    Longitude -104.9847
    Internal 1
    Latitude 39.73915
    type "destination_mmtc"
    schedulingPolicy "FIFO"
    levelsQoS "1"
    schedulingWeights "-"
    tosToQoSqueue "0,1,2,3,4,5,6,7,8,9,10,11,12,13,14,15,16,17,18,19,20,21,22,23,24,25,26,27,28,29,30,31,32,33,34,35,36,37,38,39,40,41,42,43,44,45,46,47,48,49,50,51,52,53,54,55,56,57,58,59,60,61,62,63,64,65,66,67,68,69,70,71,72,73,74,75,76,77,78,79,80,81,82,83,84,85,86,87,88,89"
    queueSizes "32"
  ]
  node [
    id 4
    label "4"
    Country "United States"
    Longitude -79.99589
    Internal 1
    Latitude 40.44062
    type "inner"
    schedulingPolicy "WFQ"
    tosToQoSqueue "31;32,33;30;40,61,64;62,63,66;59,65;42,58,60;27;24,26,0,1,2,3,4,5,6,7,8,9,10,11,12,13,14,15,16,17,18,19,20,21,22,23,25,28,29,34,35,36,37,38,39,41,43,44,45,46,47,48,49,50,51,52,53,54,55,56,57,67,68,69,70,71,72,73,74,75,76,77,78,79,80,81,82,83,84,85,86,87,88,89"
    schedulingWeights "0.001,0.001,0.001,0.001,0.001,0.001,0.001,0.001,99.992;4.919,9.252,5.101,0.832,0.784,0.57,0.914,26.081,51.548"
    levelsQoS 9
    queueSizes "32,32,32,32,32,32,32,32,32"
  ]
  node [
    id 5
    label "5"
    Country "United States"
    Longitude -75.16379
    Internal 1
    Latitude 39.95234
    type "antenna"
    schedulingPolicy "WFQ"
    tosToQoSqueue "31,72;32,33;30,71,74;75;40,61,64,88;78,81,83;62,63,66,76,77,82,85,87;59,65;42,58,60,73,79,80,84,86;27;24,26,0,1,2,3,4,5,6,7,8,9,10,11,12,13,14,15,16,17,18,19,20,21,22,23,25,28,29,34,35,36,37,38,39,41,43,44,45,46,47,48,49,50,51,52,53,54,55,56,57,67,68,69,70,89"
    schedulingWeights "4.919,9.252,5.101,0.001,0.832,0.001,0.784,0.57,0.914,26.081,51.546;4.919,0.001,10.201,4.093,0.277,0.698,1.306,0.001,1.523,0.001,76.98;0.001,0.001,0.001,0.001,0.001,0.001,0.001,0.001,0.001,0.001,99.99;0.001,0.001,0.001,0.001,0.001,0.001,0.001,0.001,0.001,0.001,99.99;0.001,0.001,0.001,0.001,0.001,0.001,0.001,0.001,0.001,0.001,99.99;0.001,0.001,0.001,0.001,0.001,0.001,0.001,0.001,0.001,0.001,99.99;0.001,0.001,0.001,0.001,0.001,0.001,0.001,0.001,0.001,0.001,99.99;0.001,0.001,0.001,0.001,0.001,0.001,0.001,0.001,0.001,0.001,99.99;0.001,0.001,0.001,0.001,0.001,0.001,0.001,0.001,0.001,0.001,99.99;0.001,0.001,0.001,0.001,0.001,0.001,0.001,0.001,0.001,0.001,99.99;0.001,0.001,0.001,0.001,0.001,0.001,0.001,0.001,0.001,0.001,99.99;0.001,0.001,0.001,0.001,0.001,0.001,0.001,0.001,0.001,0.001,99.99;0.001,0.001,0.001,0.001,0.001,0.001,0.001,0.001,0.001,0.001,99.99;0.001,0.001,0.001,0.001,0.001,0.001,0.001,0.001,0.001,0.001,99.99;0.001,0.001,0.001,0.001,0.001,0.001,0.001,0.001,0.001,0.001,99.99;0.001,0.001,0.001,0.001,0.001,0.001,0.001,0.001,0.001,0.001,99.99;0.001,0.001,0.001,0.001,0.001,0.001,0.001,0.001,0.001,0.001,99.99;0.001,0.001,0.001,0.001,0.001,0.001,0.001,0.001,0.001,0.001,99.99;0.001,0.001,0.001,0.001,0.001,0.001,0.001,0.001,0.001,0.001,99.99;0.001,0.001,0.001,0.001,0.001,0.001,0.001,0.001,0.001,0.001,99.99;0.001,0.001,0.001,0.001,0.001,0.001,0.001,0.001,0.001,0.001,99.99"
    levelsQoS 11
    queueSizes "32,32,32,32,32,32,32,32,32,32,32"
  ]
  node [
    id 6
    label "6"
    Country "United States"
    Longitude -87.65005
    Internal 1
    Latitude 41.85003
    type "destination_embb"
    schedulingPolicy "FIFO"
    levelsQoS "1"
    schedulingWeights "-"
    tosToQoSqueue "0,1,2,3,4,5,6,7,8,9,10,11,12,13,14,15,16,17,18,19,20,21,22,23,24,25,26,27,28,29,30,31,32,33,34,35,36,37,38,39,40,41,42,43,44,45,46,47,48,49,50,51,52,53,54,55,56,57,58,59,60,61,62,63,64,65,66,67,68,69,70,71,72,73,74,75,76,77,78,79,80,81,82,83,84,85,86,87,88,89"
    queueSizes "32"
  ]
  node [
    id 7
    label "7"
    Country "United States"
    Longitude -83.04575
    Internal 1
    Latitude 42.33143
    type "inner"
    schedulingPolicy "WFQ"
    tosToQoSqueue "31;32,33;30;40,61,64;62,63,66;59,65;42,58,60;27;24,26,0,1,2,3,4,5,6,7,8,9,10,11,12,13,14,15,16,17,18,19,20,21,22,23,25,28,29,34,35,36,37,38,39,41,43,44,45,46,47,48,49,50,51,52,53,54,55,56,57,67,68,69,70,71,72,73,74,75,76,77,78,79,80,81,82,83,84,85,86,87,88,89"
    schedulingWeights "0.001,0.001,0.001,0.001,0.001,0.001,0.001,0.001,99.992;4.919,9.252,5.101,0.832,0.784,0.57,0.914,26.081,51.548"
    levelsQoS 9
    queueSizes "32,32,32,32,32,32,32,32,32"
  ]
  node [
    id 8
    label "8"
    Country "United States"
    Longitude -74.00597
    Internal 1
    Latitude 40.71427
    type "inner"
    schedulingPolicy "WFQ"
    tosToQoSqueue "31,72;32,33;30,71,74;75;40,61,64,88;78,81,83;62,63,66,76,77,82,85,87;59,65;42,58,60,73,79,80,84,86;27;24,0,1,2,3,4,5,6,7,8,9,10,11,12,13,14,15,16,17,18,19,20,21,22,23,25,26,28,29,34,35,36,37,38,39,41,43,44,45,46,47,48,49,50,51,52,53,54,55,56,57,67,68,69,70,89"
    schedulingWeights "4.919,9.252,5.101,0.001,0.832,0.001,0.784,0.57,0.914,26.081,51.546;4.919,0.001,10.201,4.093,0.277,0.698,1.306,0.001,1.523,0.001,76.98"
    levelsQoS 11
    queueSizes "32,32,32,32,32,32,32,32,32,32,32"
  ]
  node [
    id 9
    label "9"
    Country "United States"
    Longitude -77.03637
    Internal 1
    Latitude 38.89511
    type "antenna"
    schedulingPolicy "WFQ"
    tosToQoSqueue "31,72;32,33;30,71,74;75;40,61,64,88;78,81,83;62,63,66,76,77,82,85,87;59,65;42,58,60,73,79,80,84,86;27;24,0,1,2,3,4,5,6,7,8,9,10,11,12,13,14,15,16,17,18,19,20,21,22,23,25,26,28,29,34,35,36,37,38,39,41,43,44,45,46,47,48,49,50,51,52,53,54,55,56,57,67,68,69,70,89"
    schedulingWeights "4.919,9.252,5.101,0.001,0.832,0.001,0.784,0.57,0.914,26.081,51.546;4.919,0.001,10.201,4.093,0.277,0.698,1.306,0.001,1.523,0.001,76.98;0.001,0.001,0.001,0.001,0.001,0.001,0.001,0.001,0.001,0.001,99.99"
    levelsQoS 11
    queueSizes "32,32,32,32,32,32,32,32,32,32,32"
  ]
  node [
    id 10
    label "10"
    Country "United States"
    Longitude -118.24368
    Internal 1
    Latitude 34.05223
    type "inner"
    schedulingPolicy "WFQ"
    tosToQoSqueue "45,56;52;46,51,55,57;49,50;43,48,53;41,47;54;69;67;68,70;24,44,0,1,2,3,4,5,6,7,8,9,10,11,12,13,14,15,16,17,18,19,20,21,22,23,25,26,27,28,29,30,31,32,33,34,35,36,37,38,39,40,42,58,59,60,61,62,63,64,65,66,71,72,73,74,75,76,77,78,79,80,81,82,83,84,85,86,87,88,89"
    schedulingWeights "0.001,0.001,0.001,0.001,0.001,0.001,0.001,0.001,0.001,0.001,99.99;10.33,4.633,21.243,10.201,12.278,9.961,4.42,0.277,0.261,0.609,25.786"
    levelsQoS 11
    queueSizes "32,32,32,32,32,32,32,32,32,32,32"
  ]
  node [
    id 11
    label "11"
    Country "United States"
    Longitude -95.36327
    Internal 1
    Latitude 29.76328
    type "inner"
    schedulingPolicy "WFQ"
    tosToQoSqueue "34,38;31,72;32,33,36,39;30,35,71,74;37,75;40,61,64,88;78,81,83;62,63,66,76,77,82,85,87;59,65;42,58,60,73,79,80,84,86;24;28;29,0,1,2,3,4,5,6,7,8,9,10,11,12,13,14,15,16,17,18,19,20,21,22,23,25,26,27,41,43,44,45,46,47,48,49,50,51,52,53,54,55,56,57,67,68,69,70,89"
    schedulingWeights "0.001,4.919,9.252,5.101,0.001,0.832,0.001,0.784,0.57,0.914,25.728,0.001,51.896;10.33,4.919,9.252,15.302,8.185,0.277,0.698,1.306,0.001,1.523,0.001,22.949,25.257;0.001,0.001,0.001,0.001,0.001,0.001,0.001,0.001,0.001,0.001,0.001,0.001,99.988"
    levelsQoS 13
    queueSizes "32,32,32,32,32,32,32,32,32,32,32,32,32"
  ]
  node [
    id 12
    label "12"
    Country "United States"
    Longitude -90.19789
    Internal 1
    Latitude 38.62727
    type "inner"
    schedulingPolicy "WFQ"
    tosToQoSqueue "34,38;31,72;32,33,36,39;30,35,71,74;37,75;40,61,64,88;78,81,83;62,63,66,76,77,82,85,87;59,65;42,58,60,73,79,80,84,86;44;28;29,0,1,2,3,4,5,6,7,8,9,10,11,12,13,14,15,16,17,18,19,20,21,22,23,24,25,26,27,41,43,45,46,47,48,49,50,51,52,53,54,55,56,57,67,68,69,70,89"
    schedulingWeights "10.33,9.837,18.504,20.403,8.185,1.11,0.698,2.09,0.57,2.437,0.001,0.001,25.834;0.001,0.001,0.001,0.001,0.001,0.001,0.001,0.001,0.001,0.001,25.728,22.949,51.313;0.001,0.001,0.001,0.001,0.001,0.001,0.001,0.001,0.001,0.001,0.001,0.001,99.988"
    levelsQoS 13
    queueSizes "32,32,32,32,32,32,32,32,32,32,32,32,32"
  ]
  node [
    id 13
    label "13"
    Country "United States"
    Longitude -122.33207
    Internal 1
    Latitude 47.60621
    type "inner"
    schedulingPolicy "WFQ"
    tosToQoSqueue "0,1,2,3,4,5,6,7,8,9,10,11,12,13,14,15,16,17,18,19,20,21,22,23,24,25,26,27,28,29,30,31,32,33,34,35,36,37,38,39,40,41,42,43,44,45,46,47,48,49,50,51,52,53,54,55,56,57,58,59,60,61,62,63,64,65,66,67,68,69,70,71,72,73,74,75,76,77,78,79,80,81,82,83,84,85,86,87,88,89"
    schedulingWeights "100"
    levelsQoS 1
    queueSizes "32"
  ]
  node [
    id 14
    label "14"
    Country "United States"
    Longitude -122.2708
    Internal 1
    Latitude 37.80437
    type "destination_urllc"
    schedulingPolicy "FIFO"
    levelsQoS "1"
    schedulingWeights "-"
    tosToQoSqueue "0,1,2,3,4,5,6,7,8,9,10,11,12,13,14,15,16,17,18,19,20,21,22,23,24,25,26,27,28,29,30,31,32,33,34,35,36,37,38,39,40,41,42,43,44,45,46,47,48,49,50,51,52,53,54,55,56,57,58,59,60,61,62,63,64,65,66,67,68,69,70,71,72,73,74,75,76,77,78,79,80,81,82,83,84,85,86,87,88,89"
    queueSizes "32"
  ]
  node [
    id 15
    label "15"
    Country "United States"
    Longitude -121.95524
    Internal 1
    Latitude 37.35411
    type "inner"
    schedulingPolicy "WFQ"
    tosToQoSqueue "45,56;52;46,51,55,57;49,50;43,48,53;41,47;54;69;67;68,70;24,44,0,1,2,3,4,5,6,7,8,9,10,11,12,13,14,15,16,17,18,19,20,21,22,23,25,26,27,28,29,30,31,32,33,34,35,36,37,38,39,40,42,58,59,60,61,62,63,64,65,66,71,72,73,74,75,76,77,78,79,80,81,82,83,84,85,86,87,88,89"
    schedulingWeights "0.001,0.001,0.001,0.001,0.001,0.001,0.001,0.001,0.001,0.001,99.99;10.33,4.633,21.243,10.201,12.278,9.961,4.42,0.277,0.261,0.609,25.786"
    levelsQoS 11
    queueSizes "32,32,32,32,32,32,32,32,32,32,32"
  ]
  node [
    id 16
    label "16"
    Country "United States"
    Longitude -84.38798
    Internal 1
    Latitude 33.749
    type "antenna"
    schedulingPolicy "WFQ"
    tosToQoSqueue "31,72;32,33;30,71,74;75;40,61,64,88;78,81,83;62,63,66,76,77,82,85,87;59,65;42,58,60,73,79,80,84,86;24;28,0,1,2,3,4,5,6,7,8,9,10,11,12,13,14,15,16,17,18,19,20,21,22,23,25,26,27,29,34,35,36,37,38,39,41,43,44,45,46,47,48,49,50,51,52,53,54,55,56,57,67,68,69,70,89"
    schedulingWeights "4.919,9.252,5.101,0.001,0.832,0.001,0.784,0.57,0.914,25.728,51.898;4.919,0.001,10.201,4.093,0.277,0.698,1.306,0.001,1.523,0.001,76.98;0.001,0.001,0.001,0.001,0.001,0.001,0.001,0.001,0.001,0.001,99.99"
    levelsQoS 11
    queueSizes "32,32,32,32,32,32,32,32,32,32,32"
  ]
  node [
    id 17
    label "17"
    Country "United States"
    Longitude -117.15726
    Internal 1
    Latitude 32.71533
    type "inner"
    schedulingPolicy "WFQ"
    tosToQoSqueue "45,56;52;46,51,55,57;49,50;43,48,53;41,47;54;69;67;68,70;24,44,0,1,2,3,4,5,6,7,8,9,10,11,12,13,14,15,16,17,18,19,20,21,22,23,25,26,27,28,29,30,31,32,33,34,35,36,37,38,39,40,42,58,59,60,61,62,63,64,65,66,71,72,73,74,75,76,77,78,79,80,81,82,83,84,85,86,87,88,89"
    schedulingWeights "10.33,4.633,21.243,10.201,12.278,9.961,4.42,0.277,0.261,0.609,25.786;0.001,0.001,0.001,0.001,0.001,0.001,0.001,0.001,0.001,0.001,99.99"
    levelsQoS 11
    queueSizes "32,32,32,32,32,32,32,32,32,32,32"
  ]
  node [
    id 18
    label "18"
    Country "United States"
    Longitude -112.07404
    Internal 1
    Latitude 33.44838
    type "inner"
    schedulingPolicy "WFQ"
    tosToQoSqueue "45,56;52;46,51,55,57;49,50;43,48,53;41,47;54;69;67;68,70;24,44,0,1,2,3,4,5,6,7,8,9,10,11,12,13,14,15,16,17,18,19,20,21,22,23,25,26,27,28,29,30,31,32,33,34,35,36,37,38,39,40,42,58,59,60,61,62,63,64,65,66,71,72,73,74,75,76,77,78,79,80,81,82,83,84,85,86,87,88,89"
    schedulingWeights "10.33,4.633,21.243,10.201,12.278,9.961,4.42,0.277,0.261,0.609,25.786;0.001,0.001,0.001,0.001,0.001,0.001,0.001,0.001,0.001,0.001,99.99"
    levelsQoS 11
    queueSizes "32,32,32,32,32,32,32,32,32,32,32"
  ]
  node [
    id 19
    label "19"
    Country "United States"
    Longitude -110.92648
    Internal 1
    Latitude 32.22174
    type "inner"
    schedulingPolicy "WFQ"
    tosToQoSqueue "45,56;52;46,51,55,57;49,50;43,48,53;41,47;54;69;67;68,70;24,44,0,1,2,3,4,5,6,7,8,9,10,11,12,13,14,15,16,17,18,19,20,21,22,23,25,26,27,28,29,30,31,32,33,34,35,36,37,38,39,40,42,58,59,60,61,62,63,64,65,66,71,72,73,74,75,76,77,78,79,80,81,82,83,84,85,86,87,88,89"
    schedulingWeights "10.33,4.633,21.243,10.201,12.278,9.961,4.42,0.277,0.261,0.609,25.786;0.001,0.001,0.001,0.001,0.001,0.001,0.001,0.001,0.001,0.001,99.99"
    levelsQoS 11
    queueSizes "32,32,32,32,32,32,32,32,32,32,32"
  ]
  node [
    id 20
    label "20"
    Country "United States"
    Longitude -96.80667
    Internal 1
    Latitude 32.78306
    type "antenna"
    schedulingPolicy "WFQ"
    tosToQoSqueue "34,38,45,56;31;52;32,33,36,39;46,51,55,57;30,35,49,50;37,43,48,53;41,47;54;40,61,64,69;62,63,66,67;59,65;42,58,60,68,70;24,44;29,0,1,2,3,4,5,6,7,8,9,10,11,12,13,14,15,16,17,18,19,20,21,22,23,25,26,27,28,71,72,73,74,75,76,77,78,79,80,81,82,83,84,85,86,87,88,89"
    schedulingWeights "10.33,4.919,0.001,18.504,0.001,10.201,4.093,0.001,0.001,0.832,0.784,0.57,0.914,25.728,23.121;10.33,0.001,4.633,0.001,21.243,10.201,12.278,9.961,4.42,0.277,0.261,0.001,0.609,25.728,0.055;0.001,0.001,0.001,0.001,0.001,0.001,0.001,0.001,0.001,0.001,0.001,0.001,0.001,0.001,99.986;0.001,0.001,0.001,0.001,0.001,0.001,0.001,0.001,0.001,0.001,0.001,0.001,0.001,0.001,99.986;0.001,0.001,0.001,0.001,0.001,0.001,0.001,0.001,0.001,0.001,0.001,0.001,0.001,0.001,99.986;0.001,0.001,0.001,0.001,0.001,0.001,0.001,0.001,0.001,0.001,0.001,0.001,0.001,0.001,99.986;0.001,0.001,0.001,0.001,0.001,0.001,0.001,0.001,0.001,0.001,0.001,0.001,0.001,0.001,99.986;0.001,0.001,0.001,0.001,0.001,0.001,0.001,0.001,0.001,0.001,0.001,0.001,0.001,0.001,99.986;0.001,0.001,0.001,0.001,0.001,0.001,0.001,0.001,0.001,0.001,0.001,0.001,0.001,0.001,99.986;0.001,0.001,0.001,0.001,0.001,0.001,0.001,0.001,0.001,0.001,0.001,0.001,0.001,0.001,99.986;0.001,0.001,0.001,0.001,0.001,0.001,0.001,0.001,0.001,0.001,0.001,0.001,0.001,0.001,99.986;0.001,0.001,0.001,0.001,0.001,0.001,0.001,0.001,0.001,0.001,0.001,0.001,0.001,0.001,99.986;0.001,0.001,0.001,0.001,0.001,0.001,0.001,0.001,0.001,0.001,0.001,0.001,0.001,0.001,99.986;0.001,0.001,0.001,0.001,0.001,0.001,0.001,0.001,0.001,0.001,0.001,0.001,0.001,0.001,99.986;0.001,0.001,0.001,0.001,0.001,0.001,0.001,0.001,0.001,0.001,0.001,0.001,0.001,0.001,99.986;0.001,0.001,0.001,0.001,0.001,0.001,0.001,0.001,0.001,0.001,0.001,0.001,0.001,0.001,99.986;0.001,0.001,0.001,0.001,0.001,0.001,0.001,0.001,0.001,0.001,0.001,0.001,0.001,0.001,99.986;0.001,0.001,0.001,0.001,0.001,0.001,0.001,0.001,0.001,0.001,0.001,0.001,0.001,0.001,99.986;0.001,0.001,0.001,0.001,0.001,0.001,0.001,0.001,0.001,0.001,0.001,0.001,0.001,0.001,99.986;0.001,0.001,0.001,0.001,0.001,0.001,0.001,0.001,0.001,0.001,0.001,0.001,0.001,0.001,99.986;0.001,0.001,0.001,0.001,0.001,0.001,0.001,0.001,0.001,0.001,0.001,0.001,0.001,0.001,99.986;0.001,0.001,0.001,0.001,0.001,0.001,0.001,0.001,0.001,0.001,0.001,0.001,0.001,0.001,99.986;0.001,0.001,0.001,0.001,0.001,0.001,0.001,0.001,0.001,0.001,0.001,0.001,0.001,0.001,99.986;0.001,0.001,0.001,0.001,0.001,0.001,0.001,0.001,0.001,0.001,0.001,0.001,0.001,0.001,99.986;0.001,0.001,0.001,0.001,0.001,0.001,0.001,0.001,0.001,0.001,0.001,0.001,0.001,0.001,99.986;0.001,0.001,0.001,0.001,0.001,0.001,0.001,0.001,0.001,0.001,0.001,0.001,0.001,0.001,99.986;0.001,0.001,0.001,0.001,0.001,0.001,0.001,0.001,0.001,0.001,0.001,0.001,0.001,0.001,99.986;0.001,0.001,0.001,0.001,0.001,0.001,0.001,0.001,0.001,0.001,0.001,0.001,0.001,0.001,99.986;0.001,0.001,0.001,0.001,0.001,0.001,0.001,0.001,0.001,0.001,0.001,0.001,0.001,0.001,99.986;0.001,0.001,0.001,0.001,0.001,0.001,0.001,0.001,0.001,0.001,0.001,0.001,0.001,0.001,99.986;0.001,0.001,0.001,0.001,0.001,0.001,0.001,0.001,0.001,0.001,0.001,0.001,0.001,0.001,99.986;0.001,0.001,0.001,0.001,0.001,0.001,0.001,0.001,0.001,0.001,0.001,0.001,0.001,0.001,99.986;0.001,0.001,0.001,0.001,0.001,0.001,0.001,0.001,0.001,0.001,0.001,0.001,0.001,0.001,99.986;0.001,0.001,0.001,0.001,0.001,0.001,0.001,0.001,0.001,0.001,0.001,0.001,0.001,0.001,99.986;0.001,0.001,0.001,0.001,0.001,0.001,0.001,0.001,0.001,0.001,0.001,0.001,0.001,0.001,99.986;0.001,0.001,0.001,0.001,0.001,0.001,0.001,0.001,0.001,0.001,0.001,0.001,0.001,0.001,99.986;0.001,0.001,0.001,0.001,0.001,0.001,0.001,0.001,0.001,0.001,0.001,0.001,0.001,0.001,99.986;0.001,0.001,0.001,0.001,0.001,0.001,0.001,0.001,0.001,0.001,0.001,0.001,0.001,0.001,99.986;0.001,0.001,0.001,0.001,0.001,0.001,0.001,0.001,0.001,0.001,0.001,0.001,0.001,0.001,99.986;0.001,0.001,0.001,0.001,0.001,0.001,0.001,0.001,0.001,0.001,0.001,0.001,0.001,0.001,99.986;0.001,0.001,0.001,0.001,0.001,0.001,0.001,0.001,0.001,0.001,0.001,0.001,0.001,0.001,99.986;0.001,0.001,0.001,0.001,0.001,0.001,0.001,0.001,0.001,0.001,0.001,0.001,0.001,0.001,99.986;0.001,0.001,0.001,0.001,0.001,0.001,0.001,0.001,0.001,0.001,0.001,0.001,0.001,0.001,99.986;0.001,0.001,0.001,0.001,0.001,0.001,0.001,0.001,0.001,0.001,0.001,0.001,0.001,0.001,99.986"
    levelsQoS 15
    queueSizes "32,32,32,32,32,32,32,32,32,32,32,32,32,32,32"
  ]
  node [
    id 21
    label "21"
    schedulingPolicy "FIFO"
    levelsQoS "1"
    schedulingWeights "-"
    tosToQoSqueue "0,1,2,3,4,5,6,7,8,9,10,11,12,13,14,15,16,17,18,19,20,21,22,23,24,25,26,27,28,29,30,31,32,33,34,35,36,37,38,39,40,41,42,43,44,45,46,47,48,49,50,51,52,53,54,55,56,57,58,59,60,61,62,63,64,65,66,67,68,69,70,71,72,73,74,75,76,77,78,79,80,81,82,83,84,85,86,87,88,89"
    queueSizes "32"
    type "destination_urllc"
  ]
  node [
    id 22
    label "22"
    schedulingPolicy "FIFO"
    levelsQoS "1"
    schedulingWeights "-"
    tosToQoSqueue "0,1,2,3,4,5,6,7,8,9,10,11,12,13,14,15,16,17,18,19,20,21,22,23,24,25,26,27,28,29,30,31,32,33,34,35,36,37,38,39,40,41,42,43,44,45,46,47,48,49,50,51,52,53,54,55,56,57,58,59,60,61,62,63,64,65,66,67,68,69,70,71,72,73,74,75,76,77,78,79,80,81,82,83,84,85,86,87,88,89"
    queueSizes "32"
    type "destination_mmtc"
  ]
  node [
    id 23
    label "23"
    schedulingPolicy "FIFO"
    levelsQoS "1"
    schedulingWeights "-"
    tosToQoSqueue "0,1,2,3,4,5,6,7,8,9,10,11,12,13,14,15,16,17,18,19,20,21,22,23,24,25,26,27,28,29,30,31,32,33,34,35,36,37,38,39,40,41,42,43,44,45,46,47,48,49,50,51,52,53,54,55,56,57,58,59,60,61,62,63,64,65,66,67,68,69,70,71,72,73,74,75,76,77,78,79,80,81,82,83,84,85,86,87,88,89"
    queueSizes "32"
    type "destination_embb"
  ]
  node [
    id 24
    label "24"
    schedulingPolicy "FIFO"
    levelsQoS "1"
    schedulingWeights "-"
    tosToQoSqueue "0,1,2,3,4,5,6,7,8,9,10,11,12,13,14,15,16,17,18,19,20,21,22,23,24,25,26,27,28,29,30,31,32,33,34,35,36,37,38,39,40,41,42,43,44,45,46,47,48,49,50,51,52,53,54,55,56,57,58,59,60,61,62,63,64,65,66,67,68,69,70,71,72,73,74,75,76,77,78,79,80,81,82,83,84,85,86,87,88,89"
    queueSizes "32"
    type "origin_embb"
    reservation 19296000.0
  ]
  node [
    id 25
    label "25"
    schedulingPolicy "FIFO"
    levelsQoS "1"
    schedulingWeights "-"
    tosToQoSqueue "0,1,2,3,4,5,6,7,8,9,10,11,12,13,14,15,16,17,18,19,20,21,22,23,24,25,26,27,28,29,30,31,32,33,34,35,36,37,38,39,40,41,42,43,44,45,46,47,48,49,50,51,52,53,54,55,56,57,58,59,60,61,62,63,64,65,66,67,68,69,70,71,72,73,74,75,76,77,78,79,80,81,82,83,84,85,86,87,88,89"
    queueSizes "32"
    type "origin_embb"
    reservation 19404000.0
  ]
  node [
    id 26
    label "26"
    schedulingPolicy "FIFO"
    levelsQoS "1"
    schedulingWeights "-"
    tosToQoSqueue "0,1,2,3,4,5,6,7,8,9,10,11,12,13,14,15,16,17,18,19,20,21,22,23,24,25,26,27,28,29,30,31,32,33,34,35,36,37,38,39,40,41,42,43,44,45,46,47,48,49,50,51,52,53,54,55,56,57,58,59,60,61,62,63,64,65,66,67,68,69,70,71,72,73,74,75,76,77,78,79,80,81,82,83,84,85,86,87,88,89"
    queueSizes "32"
    type "origin_embb"
    reservation 19296000.0
  ]
  node [
    id 27
    label "27"
    schedulingPolicy "FIFO"
    levelsQoS "1"
    schedulingWeights "-"
    tosToQoSqueue "0,1,2,3,4,5,6,7,8,9,10,11,12,13,14,15,16,17,18,19,20,21,22,23,24,25,26,27,28,29,30,31,32,33,34,35,36,37,38,39,40,41,42,43,44,45,46,47,48,49,50,51,52,53,54,55,56,57,58,59,60,61,62,63,64,65,66,67,68,69,70,71,72,73,74,75,76,77,78,79,80,81,82,83,84,85,86,87,88,89"
    queueSizes "32"
    type "origin_embb"
    reservation 19560600.0
  ]
  node [
    id 28
    label "28"
    schedulingPolicy "FIFO"
    levelsQoS "1"
    schedulingWeights "-"
    tosToQoSqueue "0,1,2,3,4,5,6,7,8,9,10,11,12,13,14,15,16,17,18,19,20,21,22,23,24,25,26,27,28,29,30,31,32,33,34,35,36,37,38,39,40,41,42,43,44,45,46,47,48,49,50,51,52,53,54,55,56,57,58,59,60,61,62,63,64,65,66,67,68,69,70,71,72,73,74,75,76,77,78,79,80,81,82,83,84,85,86,87,88,89"
    queueSizes "32"
    type "origin_embb"
    reservation 17211600.0
  ]
  node [
    id 29
    label "29"
    schedulingPolicy "FIFO"
    levelsQoS "1"
    schedulingWeights "-"
    tosToQoSqueue "0,1,2,3,4,5,6,7,8,9,10,11,12,13,14,15,16,17,18,19,20,21,22,23,24,25,26,27,28,29,30,31,32,33,34,35,36,37,38,39,40,41,42,43,44,45,46,47,48,49,50,51,52,53,54,55,56,57,58,59,60,61,62,63,64,65,66,67,68,69,70,71,72,73,74,75,76,77,78,79,80,81,82,83,84,85,86,87,88,89"
    queueSizes "32"
    type "origin_embb"
    reservation 17222400.0
  ]
  node [
    id 30
    label "30"
    schedulingPolicy "FIFO"
    levelsQoS "1"
    schedulingWeights "-"
    tosToQoSqueue "0,1,2,3,4,5,6,7,8,9,10,11,12,13,14,15,16,17,18,19,20,21,22,23,24,25,26,27,28,29,30,31,32,33,34,35,36,37,38,39,40,41,42,43,44,45,46,47,48,49,50,51,52,53,54,55,56,57,58,59,60,61,62,63,64,65,66,67,68,69,70,71,72,73,74,75,76,77,78,79,80,81,82,83,84,85,86,87,88,89"
    queueSizes "32"
    type "origin_urllc"
    reservation 3825500.0
  ]
  node [
    id 31
    label "31"
    schedulingPolicy "FIFO"
    levelsQoS "1"
    schedulingWeights "-"
    tosToQoSqueue "0,1,2,3,4,5,6,7,8,9,10,11,12,13,14,15,16,17,18,19,20,21,22,23,24,25,26,27,28,29,30,31,32,33,34,35,36,37,38,39,40,41,42,43,44,45,46,47,48,49,50,51,52,53,54,55,56,57,58,59,60,61,62,63,64,65,66,67,68,69,70,71,72,73,74,75,76,77,78,79,80,81,82,83,84,85,86,87,88,89"
    queueSizes "32"
    type "origin_urllc"
    reservation 3689000.0
  ]
  node [
    id 32
    label "32"
    schedulingPolicy "FIFO"
    levelsQoS "1"
    schedulingWeights "-"
    tosToQoSqueue "0,1,2,3,4,5,6,7,8,9,10,11,12,13,14,15,16,17,18,19,20,21,22,23,24,25,26,27,28,29,30,31,32,33,34,35,36,37,38,39,40,41,42,43,44,45,46,47,48,49,50,51,52,53,54,55,56,57,58,59,60,61,62,63,64,65,66,67,68,69,70,71,72,73,74,75,76,77,78,79,80,81,82,83,84,85,86,87,88,89"
    queueSizes "32"
    type "origin_urllc"
    reservation 3469550.0
  ]
  node [
    id 33
    label "33"
    schedulingPolicy "FIFO"
    levelsQoS "1"
    schedulingWeights "-"
    tosToQoSqueue "0,1,2,3,4,5,6,7,8,9,10,11,12,13,14,15,16,17,18,19,20,21,22,23,24,25,26,27,28,29,30,31,32,33,34,35,36,37,38,39,40,41,42,43,44,45,46,47,48,49,50,51,52,53,54,55,56,57,58,59,60,61,62,63,64,65,66,67,68,69,70,71,72,73,74,75,76,77,78,79,80,81,82,83,84,85,86,87,88,89"
    queueSizes "32"
    type "origin_urllc"
    reservation 3469550.0
  ]
  node [
    id 34
    label "34"
    schedulingPolicy "FIFO"
    levelsQoS "1"
    schedulingWeights "-"
    tosToQoSqueue "0,1,2,3,4,5,6,7,8,9,10,11,12,13,14,15,16,17,18,19,20,21,22,23,24,25,26,27,28,29,30,31,32,33,34,35,36,37,38,39,40,41,42,43,44,45,46,47,48,49,50,51,52,53,54,55,56,57,58,59,60,61,62,63,64,65,66,67,68,69,70,71,72,73,74,75,76,77,78,79,80,81,82,83,84,85,86,87,88,89"
    queueSizes "32"
    type "origin_urllc"
    reservation 3873800.0
  ]
  node [
    id 35
    label "35"
    schedulingPolicy "FIFO"
    levelsQoS "1"
    schedulingWeights "-"
    tosToQoSqueue "0,1,2,3,4,5,6,7,8,9,10,11,12,13,14,15,16,17,18,19,20,21,22,23,24,25,26,27,28,29,30,31,32,33,34,35,36,37,38,39,40,41,42,43,44,45,46,47,48,49,50,51,52,53,54,55,56,57,58,59,60,61,62,63,64,65,66,67,68,69,70,71,72,73,74,75,76,77,78,79,80,81,82,83,84,85,86,87,88,89"
    queueSizes "32"
    type "origin_urllc"
    reservation 3825500.0
  ]
  node [
    id 36
    label "36"
    schedulingPolicy "FIFO"
    levelsQoS "1"
    schedulingWeights "-"
    tosToQoSqueue "0,1,2,3,4,5,6,7,8,9,10,11,12,13,14,15,16,17,18,19,20,21,22,23,24,25,26,27,28,29,30,31,32,33,34,35,36,37,38,39,40,41,42,43,44,45,46,47,48,49,50,51,52,53,54,55,56,57,58,59,60,61,62,63,64,65,66,67,68,69,70,71,72,73,74,75,76,77,78,79,80,81,82,83,84,85,86,87,88,89"
    queueSizes "32"
    type "origin_urllc"
    reservation 3469550.0
  ]
  node [
    id 37
    label "37"
    schedulingPolicy "FIFO"
    levelsQoS "1"
    schedulingWeights "-"
    tosToQoSqueue "0,1,2,3,4,5,6,7,8,9,10,11,12,13,14,15,16,17,18,19,20,21,22,23,24,25,26,27,28,29,30,31,32,33,34,35,36,37,38,39,40,41,42,43,44,45,46,47,48,49,50,51,52,53,54,55,56,57,58,59,60,61,62,63,64,65,66,67,68,69,70,71,72,73,74,75,76,77,78,79,80,81,82,83,84,85,86,87,88,89"
    queueSizes "32"
    type "origin_urllc"
    reservation 3069500.0
  ]
  node [
    id 38
    label "38"
    schedulingPolicy "FIFO"
    levelsQoS "1"
    schedulingWeights "-"
    tosToQoSqueue "0,1,2,3,4,5,6,7,8,9,10,11,12,13,14,15,16,17,18,19,20,21,22,23,24,25,26,27,28,29,30,31,32,33,34,35,36,37,38,39,40,41,42,43,44,45,46,47,48,49,50,51,52,53,54,55,56,57,58,59,60,61,62,63,64,65,66,67,68,69,70,71,72,73,74,75,76,77,78,79,80,81,82,83,84,85,86,87,88,89"
    queueSizes "32"
    type "origin_urllc"
    reservation 3873800.0
  ]
  node [
    id 39
    label "39"
    schedulingPolicy "FIFO"
    levelsQoS "1"
    schedulingWeights "-"
    tosToQoSqueue "0,1,2,3,4,5,6,7,8,9,10,11,12,13,14,15,16,17,18,19,20,21,22,23,24,25,26,27,28,29,30,31,32,33,34,35,36,37,38,39,40,41,42,43,44,45,46,47,48,49,50,51,52,53,54,55,56,57,58,59,60,61,62,63,64,65,66,67,68,69,70,71,72,73,74,75,76,77,78,79,80,81,82,83,84,85,86,87,88,89"
    queueSizes "32"
    type "origin_urllc"
    reservation 3469550.0
  ]
  node [
    id 40
    label "40"
    schedulingPolicy "FIFO"
    levelsQoS "1"
    schedulingWeights "-"
    tosToQoSqueue "0,1,2,3,4,5,6,7,8,9,10,11,12,13,14,15,16,17,18,19,20,21,22,23,24,25,26,27,28,29,30,31,32,33,34,35,36,37,38,39,40,41,42,43,44,45,46,47,48,49,50,51,52,53,54,55,56,57,58,59,60,61,62,63,64,65,66,67,68,69,70,71,72,73,74,75,76,77,78,79,80,81,82,83,84,85,86,87,88,89"
    queueSizes "32"
    type "origin_mmtc"
    reservation 208040.0
  ]
  node [
    id 41
    label "41"
    schedulingPolicy "FIFO"
    levelsQoS "1"
    schedulingWeights "-"
    tosToQoSqueue "0,1,2,3,4,5,6,7,8,9,10,11,12,13,14,15,16,17,18,19,20,21,22,23,24,25,26,27,28,29,30,31,32,33,34,35,36,37,38,39,40,41,42,43,44,45,46,47,48,49,50,51,52,53,54,55,56,57,58,59,60,61,62,63,64,65,66,67,68,69,70,71,72,73,74,75,76,77,78,79,80,81,82,83,84,85,86,87,88,89"
    queueSizes "32"
    type "origin_urllc"
    reservation 3735200.0
  ]
  node [
    id 42
    label "42"
    schedulingPolicy "FIFO"
    levelsQoS "1"
    schedulingWeights "-"
    tosToQoSqueue "0,1,2,3,4,5,6,7,8,9,10,11,12,13,14,15,16,17,18,19,20,21,22,23,24,25,26,27,28,29,30,31,32,33,34,35,36,37,38,39,40,41,42,43,44,45,46,47,48,49,50,51,52,53,54,55,56,57,58,59,60,61,62,63,64,65,66,67,68,69,70,71,72,73,74,75,76,77,78,79,80,81,82,83,84,85,86,87,88,89"
    queueSizes "32"
    type "origin_mmtc"
    reservation 228440.0
  ]
  node [
    id 43
    label "43"
    schedulingPolicy "FIFO"
    levelsQoS "1"
    schedulingWeights "-"
    tosToQoSqueue "0,1,2,3,4,5,6,7,8,9,10,11,12,13,14,15,16,17,18,19,20,21,22,23,24,25,26,27,28,29,30,31,32,33,34,35,36,37,38,39,40,41,42,43,44,45,46,47,48,49,50,51,52,53,54,55,56,57,58,59,60,61,62,63,64,65,66,67,68,69,70,71,72,73,74,75,76,77,78,79,80,81,82,83,84,85,86,87,88,89"
    queueSizes "32"
    type "origin_urllc"
    reservation 3069500.0
  ]
  node [
    id 44
    label "44"
    schedulingPolicy "FIFO"
    levelsQoS "1"
    schedulingWeights "-"
    tosToQoSqueue "0,1,2,3,4,5,6,7,8,9,10,11,12,13,14,15,16,17,18,19,20,21,22,23,24,25,26,27,28,29,30,31,32,33,34,35,36,37,38,39,40,41,42,43,44,45,46,47,48,49,50,51,52,53,54,55,56,57,58,59,60,61,62,63,64,65,66,67,68,69,70,71,72,73,74,75,76,77,78,79,80,81,82,83,84,85,86,87,88,89"
    queueSizes "32"
    type "origin_embb"
    reservation 19296000.0
  ]
  node [
    id 45
    label "45"
    schedulingPolicy "FIFO"
    levelsQoS "1"
    schedulingWeights "-"
    tosToQoSqueue "0,1,2,3,4,5,6,7,8,9,10,11,12,13,14,15,16,17,18,19,20,21,22,23,24,25,26,27,28,29,30,31,32,33,34,35,36,37,38,39,40,41,42,43,44,45,46,47,48,49,50,51,52,53,54,55,56,57,58,59,60,61,62,63,64,65,66,67,68,69,70,71,72,73,74,75,76,77,78,79,80,81,82,83,84,85,86,87,88,89"
    queueSizes "32"
    type "origin_urllc"
    reservation 3873800.0
  ]
  node [
    id 46
    label "46"
    schedulingPolicy "FIFO"
    levelsQoS "1"
    schedulingWeights "-"
    tosToQoSqueue "0,1,2,3,4,5,6,7,8,9,10,11,12,13,14,15,16,17,18,19,20,21,22,23,24,25,26,27,28,29,30,31,32,33,34,35,36,37,38,39,40,41,42,43,44,45,46,47,48,49,50,51,52,53,54,55,56,57,58,59,60,61,62,63,64,65,66,67,68,69,70,71,72,73,74,75,76,77,78,79,80,81,82,83,84,85,86,87,88,89"
    queueSizes "32"
    type "origin_urllc"
    reservation 3983000.0
  ]
  node [
    id 47
    label "47"
    schedulingPolicy "FIFO"
    levelsQoS "1"
    schedulingWeights "-"
    tosToQoSqueue "0,1,2,3,4,5,6,7,8,9,10,11,12,13,14,15,16,17,18,19,20,21,22,23,24,25,26,27,28,29,30,31,32,33,34,35,36,37,38,39,40,41,42,43,44,45,46,47,48,49,50,51,52,53,54,55,56,57,58,59,60,61,62,63,64,65,66,67,68,69,70,71,72,73,74,75,76,77,78,79,80,81,82,83,84,85,86,87,88,89"
    queueSizes "32"
    type "origin_urllc"
    reservation 3735200.0
  ]
  node [
    id 48
    label "48"
    schedulingPolicy "FIFO"
    levelsQoS "1"
    schedulingWeights "-"
    tosToQoSqueue "0,1,2,3,4,5,6,7,8,9,10,11,12,13,14,15,16,17,18,19,20,21,22,23,24,25,26,27,28,29,30,31,32,33,34,35,36,37,38,39,40,41,42,43,44,45,46,47,48,49,50,51,52,53,54,55,56,57,58,59,60,61,62,63,64,65,66,67,68,69,70,71,72,73,74,75,76,77,78,79,80,81,82,83,84,85,86,87,88,89"
    queueSizes "32"
    type "origin_urllc"
    reservation 3069500.0
  ]
  node [
    id 49
    label "49"
    schedulingPolicy "FIFO"
    levelsQoS "1"
    schedulingWeights "-"
    tosToQoSqueue "0,1,2,3,4,5,6,7,8,9,10,11,12,13,14,15,16,17,18,19,20,21,22,23,24,25,26,27,28,29,30,31,32,33,34,35,36,37,38,39,40,41,42,43,44,45,46,47,48,49,50,51,52,53,54,55,56,57,58,59,60,61,62,63,64,65,66,67,68,69,70,71,72,73,74,75,76,77,78,79,80,81,82,83,84,85,86,87,88,89"
    queueSizes "32"
    type "origin_urllc"
    reservation 3825500.0
  ]
  node [
    id 50
    label "50"
    schedulingPolicy "FIFO"
    levelsQoS "1"
    schedulingWeights "-"
    tosToQoSqueue "0,1,2,3,4,5,6,7,8,9,10,11,12,13,14,15,16,17,18,19,20,21,22,23,24,25,26,27,28,29,30,31,32,33,34,35,36,37,38,39,40,41,42,43,44,45,46,47,48,49,50,51,52,53,54,55,56,57,58,59,60,61,62,63,64,65,66,67,68,69,70,71,72,73,74,75,76,77,78,79,80,81,82,83,84,85,86,87,88,89"
    queueSizes "32"
    type "origin_urllc"
    reservation 3825500.0
  ]
  node [
    id 51
    label "51"
    schedulingPolicy "FIFO"
    levelsQoS "1"
    schedulingWeights "-"
    tosToQoSqueue "0,1,2,3,4,5,6,7,8,9,10,11,12,13,14,15,16,17,18,19,20,21,22,23,24,25,26,27,28,29,30,31,32,33,34,35,36,37,38,39,40,41,42,43,44,45,46,47,48,49,50,51,52,53,54,55,56,57,58,59,60,61,62,63,64,65,66,67,68,69,70,71,72,73,74,75,76,77,78,79,80,81,82,83,84,85,86,87,88,89"
    queueSizes "32"
    type "origin_urllc"
    reservation 3983000.0
  ]
  node [
    id 52
    label "52"
    schedulingPolicy "FIFO"
    levelsQoS "1"
    schedulingWeights "-"
    tosToQoSqueue "0,1,2,3,4,5,6,7,8,9,10,11,12,13,14,15,16,17,18,19,20,21,22,23,24,25,26,27,28,29,30,31,32,33,34,35,36,37,38,39,40,41,42,43,44,45,46,47,48,49,50,51,52,53,54,55,56,57,58,59,60,61,62,63,64,65,66,67,68,69,70,71,72,73,74,75,76,77,78,79,80,81,82,83,84,85,86,87,88,89"
    queueSizes "32"
    type "origin_urllc"
    reservation 3474800.0
  ]
  node [
    id 53
    label "53"
    schedulingPolicy "FIFO"
    levelsQoS "1"
    schedulingWeights "-"
    tosToQoSqueue "0,1,2,3,4,5,6,7,8,9,10,11,12,13,14,15,16,17,18,19,20,21,22,23,24,25,26,27,28,29,30,31,32,33,34,35,36,37,38,39,40,41,42,43,44,45,46,47,48,49,50,51,52,53,54,55,56,57,58,59,60,61,62,63,64,65,66,67,68,69,70,71,72,73,74,75,76,77,78,79,80,81,82,83,84,85,86,87,88,89"
    queueSizes "32"
    type "origin_urllc"
    reservation 3069500.0
  ]
  node [
    id 54
    label "54"
    schedulingPolicy "FIFO"
    levelsQoS "1"
    schedulingWeights "-"
    tosToQoSqueue "0,1,2,3,4,5,6,7,8,9,10,11,12,13,14,15,16,17,18,19,20,21,22,23,24,25,26,27,28,29,30,31,32,33,34,35,36,37,38,39,40,41,42,43,44,45,46,47,48,49,50,51,52,53,54,55,56,57,58,59,60,61,62,63,64,65,66,67,68,69,70,71,72,73,74,75,76,77,78,79,80,81,82,83,84,85,86,87,88,89"
    queueSizes "32"
    type "origin_urllc"
    reservation 3315200.0
  ]
  node [
    id 55
    label "55"
    schedulingPolicy "FIFO"
    levelsQoS "1"
    schedulingWeights "-"
    tosToQoSqueue "0,1,2,3,4,5,6,7,8,9,10,11,12,13,14,15,16,17,18,19,20,21,22,23,24,25,26,27,28,29,30,31,32,33,34,35,36,37,38,39,40,41,42,43,44,45,46,47,48,49,50,51,52,53,54,55,56,57,58,59,60,61,62,63,64,65,66,67,68,69,70,71,72,73,74,75,76,77,78,79,80,81,82,83,84,85,86,87,88,89"
    queueSizes "32"
    type "origin_urllc"
    reservation 3983000.0
  ]
  node [
    id 56
    label "56"
    schedulingPolicy "FIFO"
    levelsQoS "1"
    schedulingWeights "-"
    tosToQoSqueue "0,1,2,3,4,5,6,7,8,9,10,11,12,13,14,15,16,17,18,19,20,21,22,23,24,25,26,27,28,29,30,31,32,33,34,35,36,37,38,39,40,41,42,43,44,45,46,47,48,49,50,51,52,53,54,55,56,57,58,59,60,61,62,63,64,65,66,67,68,69,70,71,72,73,74,75,76,77,78,79,80,81,82,83,84,85,86,87,88,89"
    queueSizes "32"
    type "origin_urllc"
    reservation 3873800.0
  ]
  node [
    id 57
    label "57"
    schedulingPolicy "FIFO"
    levelsQoS "1"
    schedulingWeights "-"
    tosToQoSqueue "0,1,2,3,4,5,6,7,8,9,10,11,12,13,14,15,16,17,18,19,20,21,22,23,24,25,26,27,28,29,30,31,32,33,34,35,36,37,38,39,40,41,42,43,44,45,46,47,48,49,50,51,52,53,54,55,56,57,58,59,60,61,62,63,64,65,66,67,68,69,70,71,72,73,74,75,76,77,78,79,80,81,82,83,84,85,86,87,88,89"
    queueSizes "32"
    type "origin_urllc"
    reservation 3983000.0
  ]
  node [
    id 58
    label "58"
    schedulingPolicy "FIFO"
    levelsQoS "1"
    schedulingWeights "-"
    tosToQoSqueue "0,1,2,3,4,5,6,7,8,9,10,11,12,13,14,15,16,17,18,19,20,21,22,23,24,25,26,27,28,29,30,31,32,33,34,35,36,37,38,39,40,41,42,43,44,45,46,47,48,49,50,51,52,53,54,55,56,57,58,59,60,61,62,63,64,65,66,67,68,69,70,71,72,73,74,75,76,77,78,79,80,81,82,83,84,85,86,87,88,89"
    queueSizes "32"
    type "origin_mmtc"
    reservation 228440.0
  ]
  node [
    id 59
    label "59"
    schedulingPolicy "FIFO"
    levelsQoS "1"
    schedulingWeights "-"
    tosToQoSqueue "0,1,2,3,4,5,6,7,8,9,10,11,12,13,14,15,16,17,18,19,20,21,22,23,24,25,26,27,28,29,30,31,32,33,34,35,36,37,38,39,40,41,42,43,44,45,46,47,48,49,50,51,52,53,54,55,56,57,58,59,60,61,62,63,64,65,66,67,68,69,70,71,72,73,74,75,76,77,78,79,80,81,82,83,84,85,86,87,88,89"
    queueSizes "32"
    type "origin_mmtc"
    reservation 213920.0
  ]
  node [
    id 60
    label "60"
    schedulingPolicy "FIFO"
    levelsQoS "1"
    schedulingWeights "-"
    tosToQoSqueue "0,1,2,3,4,5,6,7,8,9,10,11,12,13,14,15,16,17,18,19,20,21,22,23,24,25,26,27,28,29,30,31,32,33,34,35,36,37,38,39,40,41,42,43,44,45,46,47,48,49,50,51,52,53,54,55,56,57,58,59,60,61,62,63,64,65,66,67,68,69,70,71,72,73,74,75,76,77,78,79,80,81,82,83,84,85,86,87,88,89"
    queueSizes "32"
    type "origin_mmtc"
    reservation 228440.0
  ]
  node [
    id 61
    label "61"
    schedulingPolicy "FIFO"
    levelsQoS "1"
    schedulingWeights "-"
    tosToQoSqueue "0,1,2,3,4,5,6,7,8,9,10,11,12,13,14,15,16,17,18,19,20,21,22,23,24,25,26,27,28,29,30,31,32,33,34,35,36,37,38,39,40,41,42,43,44,45,46,47,48,49,50,51,52,53,54,55,56,57,58,59,60,61,62,63,64,65,66,67,68,69,70,71,72,73,74,75,76,77,78,79,80,81,82,83,84,85,86,87,88,89"
    queueSizes "32"
    type "origin_mmtc"
    reservation 208040.0
  ]
  node [
    id 62
    label "62"
    schedulingPolicy "FIFO"
    levelsQoS "1"
    schedulingWeights "-"
    tosToQoSqueue "0,1,2,3,4,5,6,7,8,9,10,11,12,13,14,15,16,17,18,19,20,21,22,23,24,25,26,27,28,29,30,31,32,33,34,35,36,37,38,39,40,41,42,43,44,45,46,47,48,49,50,51,52,53,54,55,56,57,58,59,60,61,62,63,64,65,66,67,68,69,70,71,72,73,74,75,76,77,78,79,80,81,82,83,84,85,86,87,88,89"
    queueSizes "32"
    type "origin_mmtc"
    reservation 195920.0
  ]
  node [
    id 63
    label "63"
    schedulingPolicy "FIFO"
    levelsQoS "1"
    schedulingWeights "-"
    tosToQoSqueue "0,1,2,3,4,5,6,7,8,9,10,11,12,13,14,15,16,17,18,19,20,21,22,23,24,25,26,27,28,29,30,31,32,33,34,35,36,37,38,39,40,41,42,43,44,45,46,47,48,49,50,51,52,53,54,55,56,57,58,59,60,61,62,63,64,65,66,67,68,69,70,71,72,73,74,75,76,77,78,79,80,81,82,83,84,85,86,87,88,89"
    queueSizes "32"
    type "origin_mmtc"
    reservation 195920.0
  ]
  node [
    id 64
    label "64"
    schedulingPolicy "FIFO"
    levelsQoS "1"
    schedulingWeights "-"
    tosToQoSqueue "0,1,2,3,4,5,6,7,8,9,10,11,12,13,14,15,16,17,18,19,20,21,22,23,24,25,26,27,28,29,30,31,32,33,34,35,36,37,38,39,40,41,42,43,44,45,46,47,48,49,50,51,52,53,54,55,56,57,58,59,60,61,62,63,64,65,66,67,68,69,70,71,72,73,74,75,76,77,78,79,80,81,82,83,84,85,86,87,88,89"
    queueSizes "32"
    type "origin_mmtc"
    reservation 208040.0
  ]
  node [
    id 65
    label "65"
    schedulingPolicy "FIFO"
    levelsQoS "1"
    schedulingWeights "-"
    tosToQoSqueue "0,1,2,3,4,5,6,7,8,9,10,11,12,13,14,15,16,17,18,19,20,21,22,23,24,25,26,27,28,29,30,31,32,33,34,35,36,37,38,39,40,41,42,43,44,45,46,47,48,49,50,51,52,53,54,55,56,57,58,59,60,61,62,63,64,65,66,67,68,69,70,71,72,73,74,75,76,77,78,79,80,81,82,83,84,85,86,87,88,89"
    queueSizes "32"
    type "origin_mmtc"
    reservation 213920.0
  ]
  node [
    id 66
    label "66"
    schedulingPolicy "FIFO"
    levelsQoS "1"
    schedulingWeights "-"
    tosToQoSqueue "0,1,2,3,4,5,6,7,8,9,10,11,12,13,14,15,16,17,18,19,20,21,22,23,24,25,26,27,28,29,30,31,32,33,34,35,36,37,38,39,40,41,42,43,44,45,46,47,48,49,50,51,52,53,54,55,56,57,58,59,60,61,62,63,64,65,66,67,68,69,70,71,72,73,74,75,76,77,78,79,80,81,82,83,84,85,86,87,88,89"
    queueSizes "32"
    type "origin_mmtc"
    reservation 195920.0
  ]
  node [
    id 67
    label "67"
    schedulingPolicy "FIFO"
    levelsQoS "1"
    schedulingWeights "-"
    tosToQoSqueue "0,1,2,3,4,5,6,7,8,9,10,11,12,13,14,15,16,17,18,19,20,21,22,23,24,25,26,27,28,29,30,31,32,33,34,35,36,37,38,39,40,41,42,43,44,45,46,47,48,49,50,51,52,53,54,55,56,57,58,59,60,61,62,63,64,65,66,67,68,69,70,71,72,73,74,75,76,77,78,79,80,81,82,83,84,85,86,87,88,89"
    queueSizes "32"
    type "origin_mmtc"
    reservation 195920.0
  ]
  node [
    id 68
    label "68"
    schedulingPolicy "FIFO"
    levelsQoS "1"
    schedulingWeights "-"
    tosToQoSqueue "0,1,2,3,4,5,6,7,8,9,10,11,12,13,14,15,16,17,18,19,20,21,22,23,24,25,26,27,28,29,30,31,32,33,34,35,36,37,38,39,40,41,42,43,44,45,46,47,48,49,50,51,52,53,54,55,56,57,58,59,60,61,62,63,64,65,66,67,68,69,70,71,72,73,74,75,76,77,78,79,80,81,82,83,84,85,86,87,88,89"
    queueSizes "32"
    type "origin_mmtc"
    reservation 228440.0
  ]
  node [
    id 69
    label "69"
    schedulingPolicy "FIFO"
    levelsQoS "1"
    schedulingWeights "-"
    tosToQoSqueue "0,1,2,3,4,5,6,7,8,9,10,11,12,13,14,15,16,17,18,19,20,21,22,23,24,25,26,27,28,29,30,31,32,33,34,35,36,37,38,39,40,41,42,43,44,45,46,47,48,49,50,51,52,53,54,55,56,57,58,59,60,61,62,63,64,65,66,67,68,69,70,71,72,73,74,75,76,77,78,79,80,81,82,83,84,85,86,87,88,89"
    queueSizes "32"
    type "origin_mmtc"
    reservation 208040.0
  ]
  node [
    id 70
    label "70"
    schedulingPolicy "FIFO"
    levelsQoS "1"
    schedulingWeights "-"
    tosToQoSqueue "0,1,2,3,4,5,6,7,8,9,10,11,12,13,14,15,16,17,18,19,20,21,22,23,24,25,26,27,28,29,30,31,32,33,34,35,36,37,38,39,40,41,42,43,44,45,46,47,48,49,50,51,52,53,54,55,56,57,58,59,60,61,62,63,64,65,66,67,68,69,70,71,72,73,74,75,76,77,78,79,80,81,82,83,84,85,86,87,88,89"
    queueSizes "32"
    type "origin_mmtc"
    reservation 228440.0
  ]
  node [
    id 71
    label "71"
    schedulingPolicy "FIFO"
    levelsQoS "1"
    schedulingWeights "-"
    tosToQoSqueue "0,1,2,3,4,5,6,7,8,9,10,11,12,13,14,15,16,17,18,19,20,21,22,23,24,25,26,27,28,29,30,31,32,33,34,35,36,37,38,39,40,41,42,43,44,45,46,47,48,49,50,51,52,53,54,55,56,57,58,59,60,61,62,63,64,65,66,67,68,69,70,71,72,73,74,75,76,77,78,79,80,81,82,83,84,85,86,87,88,89"
    queueSizes "32"
    type "origin_urllc"
    reservation 3825500.0
  ]
  node [
    id 72
    label "72"
    schedulingPolicy "FIFO"
    levelsQoS "1"
    schedulingWeights "-"
    tosToQoSqueue "0,1,2,3,4,5,6,7,8,9,10,11,12,13,14,15,16,17,18,19,20,21,22,23,24,25,26,27,28,29,30,31,32,33,34,35,36,37,38,39,40,41,42,43,44,45,46,47,48,49,50,51,52,53,54,55,56,57,58,59,60,61,62,63,64,65,66,67,68,69,70,71,72,73,74,75,76,77,78,79,80,81,82,83,84,85,86,87,88,89"
    queueSizes "32"
    type "origin_urllc"
    reservation 3689000.0
  ]
  node [
    id 73
    label "73"
    schedulingPolicy "FIFO"
    levelsQoS "1"
    schedulingWeights "-"
    tosToQoSqueue "0,1,2,3,4,5,6,7,8,9,10,11,12,13,14,15,16,17,18,19,20,21,22,23,24,25,26,27,28,29,30,31,32,33,34,35,36,37,38,39,40,41,42,43,44,45,46,47,48,49,50,51,52,53,54,55,56,57,58,59,60,61,62,63,64,65,66,67,68,69,70,71,72,73,74,75,76,77,78,79,80,81,82,83,84,85,86,87,88,89"
    queueSizes "32"
    type "origin_mmtc"
    reservation 228440.0
  ]
  node [
    id 74
    label "74"
    schedulingPolicy "FIFO"
    levelsQoS "1"
    schedulingWeights "-"
    tosToQoSqueue "0,1,2,3,4,5,6,7,8,9,10,11,12,13,14,15,16,17,18,19,20,21,22,23,24,25,26,27,28,29,30,31,32,33,34,35,36,37,38,39,40,41,42,43,44,45,46,47,48,49,50,51,52,53,54,55,56,57,58,59,60,61,62,63,64,65,66,67,68,69,70,71,72,73,74,75,76,77,78,79,80,81,82,83,84,85,86,87,88,89"
    queueSizes "32"
    type "origin_urllc"
    reservation 3825500.0
  ]
  node [
    id 75
    label "75"
    schedulingPolicy "FIFO"
    levelsQoS "1"
    schedulingWeights "-"
    tosToQoSqueue "0,1,2,3,4,5,6,7,8,9,10,11,12,13,14,15,16,17,18,19,20,21,22,23,24,25,26,27,28,29,30,31,32,33,34,35,36,37,38,39,40,41,42,43,44,45,46,47,48,49,50,51,52,53,54,55,56,57,58,59,60,61,62,63,64,65,66,67,68,69,70,71,72,73,74,75,76,77,78,79,80,81,82,83,84,85,86,87,88,89"
    queueSizes "32"
    type "origin_urllc"
    reservation 3069500.0
  ]
  node [
    id 76
    label "76"
    schedulingPolicy "FIFO"
    levelsQoS "1"
    schedulingWeights "-"
    tosToQoSqueue "0,1,2,3,4,5,6,7,8,9,10,11,12,13,14,15,16,17,18,19,20,21,22,23,24,25,26,27,28,29,30,31,32,33,34,35,36,37,38,39,40,41,42,43,44,45,46,47,48,49,50,51,52,53,54,55,56,57,58,59,60,61,62,63,64,65,66,67,68,69,70,71,72,73,74,75,76,77,78,79,80,81,82,83,84,85,86,87,88,89"
    queueSizes "32"
    type "origin_mmtc"
    reservation 195920.0
  ]
  node [
    id 77
    label "77"
    schedulingPolicy "FIFO"
    levelsQoS "1"
    schedulingWeights "-"
    tosToQoSqueue "0,1,2,3,4,5,6,7,8,9,10,11,12,13,14,15,16,17,18,19,20,21,22,23,24,25,26,27,28,29,30,31,32,33,34,35,36,37,38,39,40,41,42,43,44,45,46,47,48,49,50,51,52,53,54,55,56,57,58,59,60,61,62,63,64,65,66,67,68,69,70,71,72,73,74,75,76,77,78,79,80,81,82,83,84,85,86,87,88,89"
    queueSizes "32"
    type "origin_mmtc"
    reservation 195920.0
  ]
  node [
    id 78
    label "78"
    schedulingPolicy "FIFO"
    levelsQoS "1"
    schedulingWeights "-"
    tosToQoSqueue "0,1,2,3,4,5,6,7,8,9,10,11,12,13,14,15,16,17,18,19,20,21,22,23,24,25,26,27,28,29,30,31,32,33,34,35,36,37,38,39,40,41,42,43,44,45,46,47,48,49,50,51,52,53,54,55,56,57,58,59,60,61,62,63,64,65,66,67,68,69,70,71,72,73,74,75,76,77,78,79,80,81,82,83,84,85,86,87,88,89"
    queueSizes "32"
    type "origin_mmtc"
    reservation 174440.0
  ]
  node [
    id 79
    label "79"
    schedulingPolicy "FIFO"
    levelsQoS "1"
    schedulingWeights "-"
    tosToQoSqueue "0,1,2,3,4,5,6,7,8,9,10,11,12,13,14,15,16,17,18,19,20,21,22,23,24,25,26,27,28,29,30,31,32,33,34,35,36,37,38,39,40,41,42,43,44,45,46,47,48,49,50,51,52,53,54,55,56,57,58,59,60,61,62,63,64,65,66,67,68,69,70,71,72,73,74,75,76,77,78,79,80,81,82,83,84,85,86,87,88,89"
    queueSizes "32"
    type "origin_mmtc"
    reservation 228440.0
  ]
  node [
    id 80
    label "80"
    schedulingPolicy "FIFO"
    levelsQoS "1"
    schedulingWeights "-"
    tosToQoSqueue "0,1,2,3,4,5,6,7,8,9,10,11,12,13,14,15,16,17,18,19,20,21,22,23,24,25,26,27,28,29,30,31,32,33,34,35,36,37,38,39,40,41,42,43,44,45,46,47,48,49,50,51,52,53,54,55,56,57,58,59,60,61,62,63,64,65,66,67,68,69,70,71,72,73,74,75,76,77,78,79,80,81,82,83,84,85,86,87,88,89"
    queueSizes "32"
    type "origin_mmtc"
    reservation 228440.0
  ]
  node [
    id 81
    label "81"
    schedulingPolicy "FIFO"
    levelsQoS "1"
    schedulingWeights "-"
    tosToQoSqueue "0,1,2,3,4,5,6,7,8,9,10,11,12,13,14,15,16,17,18,19,20,21,22,23,24,25,26,27,28,29,30,31,32,33,34,35,36,37,38,39,40,41,42,43,44,45,46,47,48,49,50,51,52,53,54,55,56,57,58,59,60,61,62,63,64,65,66,67,68,69,70,71,72,73,74,75,76,77,78,79,80,81,82,83,84,85,86,87,88,89"
    queueSizes "32"
    type "origin_mmtc"
    reservation 174440.0
  ]
  node [
    id 82
    label "82"
    schedulingPolicy "FIFO"
    levelsQoS "1"
    schedulingWeights "-"
    tosToQoSqueue "0,1,2,3,4,5,6,7,8,9,10,11,12,13,14,15,16,17,18,19,20,21,22,23,24,25,26,27,28,29,30,31,32,33,34,35,36,37,38,39,40,41,42,43,44,45,46,47,48,49,50,51,52,53,54,55,56,57,58,59,60,61,62,63,64,65,66,67,68,69,70,71,72,73,74,75,76,77,78,79,80,81,82,83,84,85,86,87,88,89"
    queueSizes "32"
    type "origin_mmtc"
    reservation 195920.0
  ]
  node [
    id 83
    label "83"
    schedulingPolicy "FIFO"
    levelsQoS "1"
    schedulingWeights "-"
    tosToQoSqueue "0,1,2,3,4,5,6,7,8,9,10,11,12,13,14,15,16,17,18,19,20,21,22,23,24,25,26,27,28,29,30,31,32,33,34,35,36,37,38,39,40,41,42,43,44,45,46,47,48,49,50,51,52,53,54,55,56,57,58,59,60,61,62,63,64,65,66,67,68,69,70,71,72,73,74,75,76,77,78,79,80,81,82,83,84,85,86,87,88,89"
    queueSizes "32"
    type "origin_mmtc"
    reservation 174440.0
  ]
  node [
    id 84
    label "84"
    schedulingPolicy "FIFO"
    levelsQoS "1"
    schedulingWeights "-"
    tosToQoSqueue "0,1,2,3,4,5,6,7,8,9,10,11,12,13,14,15,16,17,18,19,20,21,22,23,24,25,26,27,28,29,30,31,32,33,34,35,36,37,38,39,40,41,42,43,44,45,46,47,48,49,50,51,52,53,54,55,56,57,58,59,60,61,62,63,64,65,66,67,68,69,70,71,72,73,74,75,76,77,78,79,80,81,82,83,84,85,86,87,88,89"
    queueSizes "32"
    type "origin_mmtc"
    reservation 228440.0
  ]
  node [
    id 85
    label "85"
    schedulingPolicy "FIFO"
    levelsQoS "1"
    schedulingWeights "-"
    tosToQoSqueue "0,1,2,3,4,5,6,7,8,9,10,11,12,13,14,15,16,17,18,19,20,21,22,23,24,25,26,27,28,29,30,31,32,33,34,35,36,37,38,39,40,41,42,43,44,45,46,47,48,49,50,51,52,53,54,55,56,57,58,59,60,61,62,63,64,65,66,67,68,69,70,71,72,73,74,75,76,77,78,79,80,81,82,83,84,85,86,87,88,89"
    queueSizes "32"
    type "origin_mmtc"
    reservation 195920.0
  ]
  node [
    id 86
    label "86"
    schedulingPolicy "FIFO"
    levelsQoS "1"
    schedulingWeights "-"
    tosToQoSqueue "0,1,2,3,4,5,6,7,8,9,10,11,12,13,14,15,16,17,18,19,20,21,22,23,24,25,26,27,28,29,30,31,32,33,34,35,36,37,38,39,40,41,42,43,44,45,46,47,48,49,50,51,52,53,54,55,56,57,58,59,60,61,62,63,64,65,66,67,68,69,70,71,72,73,74,75,76,77,78,79,80,81,82,83,84,85,86,87,88,89"
    queueSizes "32"
    type "origin_mmtc"
    reservation 228440.0
  ]
  node [
    id 87
    label "87"
    schedulingPolicy "FIFO"
    levelsQoS "1"
    schedulingWeights "-"
    tosToQoSqueue "0,1,2,3,4,5,6,7,8,9,10,11,12,13,14,15,16,17,18,19,20,21,22,23,24,25,26,27,28,29,30,31,32,33,34,35,36,37,38,39,40,41,42,43,44,45,46,47,48,49,50,51,52,53,54,55,56,57,58,59,60,61,62,63,64,65,66,67,68,69,70,71,72,73,74,75,76,77,78,79,80,81,82,83,84,85,86,87,88,89"
    queueSizes "32"
    type "origin_mmtc"
    reservation 195920.0
  ]
  node [
    id 88
    label "88"
    schedulingPolicy "FIFO"
    levelsQoS "1"
    schedulingWeights "-"
    tosToQoSqueue "0,1,2,3,4,5,6,7,8,9,10,11,12,13,14,15,16,17,18,19,20,21,22,23,24,25,26,27,28,29,30,31,32,33,34,35,36,37,38,39,40,41,42,43,44,45,46,47,48,49,50,51,52,53,54,55,56,57,58,59,60,61,62,63,64,65,66,67,68,69,70,71,72,73,74,75,76,77,78,79,80,81,82,83,84,85,86,87,88,89"
    queueSizes "32"
    type "origin_mmtc"
    reservation 208040.0
  ]
  node [
    id 89
    label "89"
    schedulingPolicy "FIFO"
    levelsQoS "1"
    schedulingWeights "-"
    tosToQoSqueue "0,1,2,3,4,5,6,7,8,9,10,11,12,13,14,15,16,17,18,19,20,21,22,23,24,25,26,27,28,29,30,31,32,33,34,35,36,37,38,39,40,41,42,43,44,45,46,47,48,49,50,51,52,53,54,55,56,57,58,59,60,61,62,63,64,65,66,67,68,69,70,71,72,73,74,75,76,77,78,79,80,81,82,83,84,85,86,87,88,89"
    queueSizes "32"
    type "origin_embb"
    reservation 17222400.0
  ]
  edge [
    source 0
    target 3
    key 0
    LinkType "OC-3"
    LinkSpeed "155"
    LinkLabel "155 Mbps OC-3"
    LinkSpeedUnits "M"
    LinkSpeedRaw 155000000.0
    bandwidth 75000000
    traffic "18000000,200000,200000,200000,200000"
    reservation "19296000.0,195920.0,228440.0,208040.0,228440.0"
    port 0
  ]
  edge [
    source 0
    target 14
    key 0
    LinkType "OC-3"
    LinkSpeed "155"
    LinkLabel "155 Mbps OC-3"
    LinkSpeedUnits "M"
    LinkSpeedRaw 155000000.0
    bandwidth 75000000
    traffic "18000000,3500000,3500000,3500000,3500000,3500000,3500000,3500000,3500000,3500000,3500000,3500000,3500000,3500000,3500000"
    reservation "19296000.0,3825500.0,3689000.0,3469550.0,3469550.0,3873800.0,3825500.0,3469550.0,3069500.0,3873800.0,3469550.0,3825500.0,3689000.0,3825500.0,3069500.0"
    port 1
  ]
  edge [
    source 1
    target 6
    key 0
    LinkType "OC-3"
    LinkSpeed "155"
    LinkLabel "155 Mbps OC-3"
    LinkSpeedUnits "M"
    LinkSpeedRaw 155000000.0
    bandwidth 75000000
    traffic "18000000,18000000"
    reservation "19404000.0,17222400.0"
    port 0
  ]
  edge [
    source 1
    target 25
    key 0
    port 1
    weight 1
    bandwidth 50000000
    traffic ""
    reservation ""
  ]
  edge [
    source 1
    target 89
    key 0
    port 2
    weight 1
    bandwidth 50000000
    traffic ""
    reservation ""
  ]
  edge [
    source 2
    target 3
    key 0
    LinkType "OC-3"
    LinkSpeed "155"
    LinkLabel "155 Mbps OC-3"
    LinkSpeedUnits "M"
    LinkSpeedRaw 155000000.0
    bandwidth 75000000
    traffic "18000000,3500000,3500000,3500000,3500000,3500000,3500000,3500000,3500000,3500000,3500000,200000,200000,200000,200000,200000,200000,200000,200000,200000,200000,200000,3500000,3500000,200000,3500000,3500000,200000,200000,200000,200000,200000,200000,200000,200000,200000,200000,200000,200000,200000"
    reservation "19296000.0,3825500.0,3689000.0,3469550.0,3469550.0,3873800.0,3825500.0,3469550.0,3069500.0,3873800.0,3469550.0,208040.0,228440.0,228440.0,213920.0,228440.0,208040.0,195920.0,195920.0,208040.0,213920.0,195920.0,3825500.0,3689000.0,228440.0,3825500.0,3069500.0,195920.0,195920.0,174440.0,228440.0,228440.0,174440.0,195920.0,174440.0,228440.0,195920.0,228440.0,195920.0,208040.0"
    port 0
  ]
  edge [
    source 2
    target 12
    key 0
    LinkType "OC-3"
    LinkSpeed "155"
    LinkLabel "155 Mbps OC-3"
    LinkSpeedUnits "M"
    LinkSpeedRaw 155000000.0
    bandwidth 75000000
    traffic "18000000"
    reservation "19296000.0"
    port 1
  ]
  edge [
    source 2
    target 24
    key 0
    port 2
    weight 1
    bandwidth 50000000
    traffic ""
    reservation ""
  ]
  edge [
    source 3
    target 0
    key 0
    LinkType "OC-3"
    LinkSpeed "155"
    LinkLabel "155 Mbps OC-3"
    LinkSpeedUnits "M"
    LinkSpeedRaw 155000000.0
    bandwidth 75000000
    traffic "18000000,3500000,3500000,3500000,3500000,3500000,3500000,3500000,3500000,3500000,3500000,3500000,3500000,3500000,3500000"
    reservation "19296000.0,3825500.0,3689000.0,3469550.0,3469550.0,3873800.0,3825500.0,3469550.0,3069500.0,3873800.0,3469550.0,3825500.0,3689000.0,3825500.0,3069500.0"
    port 0
  ]
  edge [
    source 3
    target 2
    key 0
    LinkType "OC-3"
    LinkSpeed "155"
    LinkLabel "155 Mbps OC-3"
    LinkSpeedUnits "M"
    LinkSpeedRaw 155000000.0
    bandwidth 75000000
    traffic "18000000"
    reservation "19296000.0"
    port 1
  ]
  edge [
    source 3
    target 22
    key 0
    port 2
    weight 1
    bandwidth 350000000
    traffic "200000,200000,200000,200000,200000,200000,200000,200000,200000,200000,200000,200000,200000,200000,200000,200000,200000,200000,200000,200000,200000,200000,200000,200000,200000,200000,200000,200000,200000"
    reservation "208040.0,228440.0,228440.0,213920.0,228440.0,208040.0,195920.0,195920.0,208040.0,213920.0,195920.0,195920.0,228440.0,208040.0,228440.0,228440.0,195920.0,195920.0,174440.0,228440.0,228440.0,174440.0,195920.0,174440.0,228440.0,195920.0,228440.0,195920.0,208040.0"
  ]
  edge [
    source 4
    target 5
    key 0
    LinkType "OC-3"
    LinkSpeed "155"
    LinkLabel "155 Mbps OC-3"
    LinkSpeedUnits "M"
    LinkSpeedRaw 155000000.0
    bandwidth 75000000
    traffic ""
    reservation ""
    port 0
  ]
  edge [
    source 4
    target 7
    key 0
    LinkType "OC-3"
    LinkSpeed "155"
    LinkLabel "155 Mbps OC-3"
    LinkSpeedUnits "M"
    LinkSpeedRaw 155000000.0
    bandwidth 75000000
    traffic "18000000,18000000,18000000,3500000,3500000,3500000,3500000,200000,200000,200000,200000,200000,200000,200000,200000,200000,200000,200000"
    reservation "19296000.0,19296000.0,19560600.0,3825500.0,3689000.0,3469550.0,3469550.0,208040.0,228440.0,228440.0,213920.0,228440.0,208040.0,195920.0,195920.0,208040.0,213920.0,195920.0"
    port 1
  ]
  edge [
    source 5
    target 4
    key 0
    LinkType "OC-3"
    LinkSpeed "155"
    LinkLabel "155 Mbps OC-3"
    LinkSpeedUnits "M"
    LinkSpeedRaw 155000000.0
    bandwidth 75000000
    traffic "18000000,18000000,18000000,3500000,3500000,3500000,3500000,200000,200000,200000,200000,200000,200000,200000,200000,200000,200000,200000"
    reservation "19296000.0,19296000.0,19560600.0,3825500.0,3689000.0,3469550.0,3469550.0,208040.0,228440.0,228440.0,213920.0,228440.0,208040.0,195920.0,195920.0,208040.0,213920.0,195920.0"
    port 0
  ]
  edge [
    source 5
    target 8
    key 0
    LinkType "OC-3"
    LinkSpeed "155"
    LinkLabel "155 Mbps OC-3"
    LinkSpeedUnits "M"
    LinkSpeedRaw 155000000.0
    bandwidth 75000000
    traffic "3500000,3500000,200000,3500000,3500000,200000,200000,200000,200000,200000,200000,200000,200000,200000,200000,200000,200000,200000"
    reservation "3825500.0,3689000.0,228440.0,3825500.0,3069500.0,195920.0,195920.0,174440.0,228440.0,228440.0,174440.0,195920.0,174440.0,228440.0,195920.0,228440.0,195920.0,208040.0"
    port 1
  ]
  edge [
    source 5
    target 26
    key 0
    port 2
    weight 1
    bandwidth 50000000
    traffic ""
    reservation ""
  ]
  edge [
    source 5
    target 71
    key 0
    port 3
    weight 1
    bandwidth 50000000
    traffic ""
    reservation ""
  ]
  edge [
    source 5
    target 72
    key 0
    port 4
    weight 1
    bandwidth 50000000
    traffic ""
    reservation ""
  ]
  edge [
    source 5
    target 73
    key 0
    port 5
    weight 1
    bandwidth 50000000
    traffic ""
    reservation ""
  ]
  edge [
    source 5
    target 74
    key 0
    port 6
    weight 1
    bandwidth 50000000
    traffic ""
    reservation ""
  ]
  edge [
    source 5
    target 75
    key 0
    port 7
    weight 1
    bandwidth 50000000
    traffic ""
    reservation ""
  ]
  edge [
    source 5
    target 76
    key 0
    port 8
    weight 1
    bandwidth 50000000
    traffic ""
    reservation ""
  ]
  edge [
    source 5
    target 77
    key 0
    port 9
    weight 1
    bandwidth 50000000
    traffic ""
    reservation ""
  ]
  edge [
    source 5
    target 78
    key 0
    port 10
    weight 1
    bandwidth 50000000
    traffic ""
    reservation ""
  ]
  edge [
    source 5
    target 79
    key 0
    port 11
    weight 1
    bandwidth 50000000
    traffic ""
    reservation ""
  ]
  edge [
    source 5
    target 80
    key 0
    port 12
    weight 1
    bandwidth 50000000
    traffic ""
    reservation ""
  ]
  edge [
    source 5
    target 81
    key 0
    port 13
    weight 1
    bandwidth 50000000
    traffic ""
    reservation ""
  ]
  edge [
    source 5
    target 82
    key 0
    port 14
    weight 1
    bandwidth 50000000
    traffic ""
    reservation ""
  ]
  edge [
    source 5
    target 83
    key 0
    port 15
    weight 1
    bandwidth 50000000
    traffic ""
    reservation ""
  ]
  edge [
    source 5
    target 84
    key 0
    port 16
    weight 1
    bandwidth 50000000
    traffic ""
    reservation ""
  ]
  edge [
    source 5
    target 85
    key 0
    port 17
    weight 1
    bandwidth 50000000
    traffic ""
    reservation ""
  ]
  edge [
    source 5
    target 86
    key 0
    port 18
    weight 1
    bandwidth 50000000
    traffic ""
    reservation ""
  ]
  edge [
    source 5
    target 87
    key 0
    port 19
    weight 1
    bandwidth 50000000
    traffic ""
    reservation ""
  ]
  edge [
    source 5
    target 88
    key 0
    port 20
    weight 1
    bandwidth 50000000
    traffic ""
    reservation ""
  ]
  edge [
    source 6
    target 1
    key 0
    LinkType "OC-3"
    LinkSpeed "155"
    LinkLabel "155 Mbps OC-3"
    LinkSpeedUnits "M"
    LinkSpeedRaw 155000000.0
    bandwidth 75000000
    traffic ""
    reservation ""
    port 0
  ]
  edge [
    source 6
    target 12
    key 0
    LinkType "OC-3"
    LinkSpeed "155"
    LinkLabel "155 Mbps OC-3"
    LinkSpeedUnits "M"
    LinkSpeedRaw 155000000.0
    bandwidth 75000000
    traffic "3500000,3500000,3500000,3500000,200000,200000,200000,200000,200000,200000,200000,200000,200000,200000,200000"
    reservation "3825500.0,3689000.0,3469550.0,3469550.0,208040.0,228440.0,228440.0,213920.0,228440.0,208040.0,195920.0,195920.0,208040.0,213920.0,195920.0"
    port 1
  ]
  edge [
    source 6
    target 7
    key 0
    LinkType "OC-3"
    LinkSpeed "155"
    LinkLabel "155 Mbps OC-3"
    LinkSpeedUnits "M"
    LinkSpeedRaw 155000000.0
    bandwidth 75000000
    traffic ""
    reservation ""
    port 2
  ]
  edge [
    source 6
    target 23
    key 0
    port 3
    weight 1
    bandwidth 350000000
    traffic "18000000,18000000,18000000,18000000,18000000,18000000,18000000,18000000"
    reservation "19296000.0,19404000.0,19296000.0,19560600.0,17211600.0,17222400.0,19296000.0,17222400.0"
  ]
  edge [
    source 7
    target 4
    key 0
    LinkType "OC-3"
    LinkSpeed "155"
    LinkLabel "155 Mbps OC-3"
    LinkSpeedUnits "M"
    LinkSpeedRaw 155000000.0
    bandwidth 75000000
    traffic ""
    reservation ""
    port 0
  ]
  edge [
    source 7
    target 6
    key 0
    LinkType "OC-3"
    LinkSpeed "155"
    LinkLabel "155 Mbps OC-3"
    LinkSpeedUnits "M"
    LinkSpeedRaw 155000000.0
    bandwidth 75000000
    traffic "18000000,18000000,18000000,3500000,3500000,3500000,3500000,200000,200000,200000,200000,200000,200000,200000,200000,200000,200000,200000"
    reservation "19296000.0,19296000.0,19560600.0,3825500.0,3689000.0,3469550.0,3469550.0,208040.0,228440.0,228440.0,213920.0,228440.0,208040.0,195920.0,195920.0,208040.0,213920.0,195920.0"
    port 1
  ]
  edge [
    source 8
    target 5
    key 0
    LinkType "OC-3"
    LinkSpeed "155"
    LinkLabel "155 Mbps OC-3"
    LinkSpeedUnits "M"
    LinkSpeedRaw 155000000.0
    bandwidth 75000000
    traffic "18000000,18000000,3500000,3500000,3500000,3500000,200000,200000,200000,200000,200000,200000,200000,200000,200000,200000,200000"
    reservation "19296000.0,19560600.0,3825500.0,3689000.0,3469550.0,3469550.0,208040.0,228440.0,228440.0,213920.0,228440.0,208040.0,195920.0,195920.0,208040.0,213920.0,195920.0"
    port 0
  ]
  edge [
    source 8
    target 9
    key 0
    LinkType "OC-3"
    LinkSpeed "155"
    LinkLabel "155 Mbps OC-3"
    LinkSpeedUnits "M"
    LinkSpeedRaw 155000000.0
    bandwidth 75000000
    traffic "3500000,3500000,200000,3500000,3500000,200000,200000,200000,200000,200000,200000,200000,200000,200000,200000,200000,200000,200000"
    reservation "3825500.0,3689000.0,228440.0,3825500.0,3069500.0,195920.0,195920.0,174440.0,228440.0,228440.0,174440.0,195920.0,174440.0,228440.0,195920.0,228440.0,195920.0,208040.0"
    port 1
  ]
  edge [
    source 9
    target 8
    key 0
    LinkType "OC-3"
    LinkSpeed "155"
    LinkLabel "155 Mbps OC-3"
    LinkSpeedUnits "M"
    LinkSpeedRaw 155000000.0
    bandwidth 75000000
    traffic "18000000,18000000,3500000,3500000,3500000,3500000,200000,200000,200000,200000,200000,200000,200000,200000,200000,200000,200000"
    reservation "19296000.0,19560600.0,3825500.0,3689000.0,3469550.0,3469550.0,208040.0,228440.0,228440.0,213920.0,228440.0,208040.0,195920.0,195920.0,208040.0,213920.0,195920.0"
    port 0
  ]
  edge [
    source 9
    target 16
    key 0
    LinkType "OC-3"
    LinkSpeed "155"
    LinkLabel "155 Mbps OC-3"
    LinkSpeedUnits "M"
    LinkSpeedRaw 155000000.0
    bandwidth 75000000
    traffic "3500000,3500000,200000,3500000,3500000,200000,200000,200000,200000,200000,200000,200000,200000,200000,200000,200000,200000,200000"
    reservation "3825500.0,3689000.0,228440.0,3825500.0,3069500.0,195920.0,195920.0,174440.0,228440.0,228440.0,174440.0,195920.0,174440.0,228440.0,195920.0,228440.0,195920.0,208040.0"
    port 1
  ]
  edge [
    source 9
    target 27
    key 0
    port 2
    weight 1
    bandwidth 50000000
    traffic ""
    reservation ""
  ]
  edge [
    source 10
    target 17
    key 0
    LinkType "OC-3"
    LinkSpeed "155"
    LinkLabel "155 Mbps OC-3"
    LinkSpeedUnits "M"
    LinkSpeedRaw 155000000.0
    bandwidth 75000000
    traffic "18000000"
    reservation "19296000.0"
    port 0
  ]
  edge [
    source 10
    target 15
    key 0
    LinkType "OC-3"
    LinkSpeed "155"
    LinkLabel "155 Mbps OC-3"
    LinkSpeedUnits "M"
    LinkSpeedRaw 155000000.0
    bandwidth 75000000
    traffic "3500000,3500000,18000000,3500000,3500000,3500000,3500000,3500000,3500000,3500000,3500000,3500000,3500000,3500000,3500000,3500000,200000,200000,200000,200000"
    reservation "3735200.0,3069500.0,19296000.0,3873800.0,3983000.0,3735200.0,3069500.0,3825500.0,3825500.0,3983000.0,3474800.0,3069500.0,3315200.0,3983000.0,3873800.0,3983000.0,195920.0,228440.0,208040.0,228440.0"
    port 1
  ]
  edge [
    source 11
    target 16
    key 0
    LinkType "OC-3"
    LinkSpeed "155"
    LinkLabel "155 Mbps OC-3"
    LinkSpeedUnits "M"
    LinkSpeedRaw 155000000.0
    bandwidth 75000000
    traffic "18000000,3500000,3500000,3500000,3500000,200000,200000,200000,200000,200000,200000,200000,200000,200000,200000,200000"
    reservation "19296000.0,3825500.0,3689000.0,3469550.0,3469550.0,208040.0,228440.0,228440.0,213920.0,228440.0,208040.0,195920.0,195920.0,208040.0,213920.0,195920.0"
    port 0
  ]
  edge [
    source 11
    target 12
    key 0
    LinkType "OC-3"
    LinkSpeed "155"
    LinkLabel "155 Mbps OC-3"
    LinkSpeedUnits "M"
    LinkSpeedRaw 155000000.0
    bandwidth 75000000
    traffic "18000000,18000000,3500000,3500000,3500000,3500000,3500000,3500000,3500000,3500000,200000,3500000,3500000,200000,200000,200000,200000,200000,200000,200000,200000,200000,200000,200000,200000,200000"
    reservation "17211600.0,17222400.0,3873800.0,3825500.0,3469550.0,3069500.0,3873800.0,3469550.0,3825500.0,3689000.0,228440.0,3825500.0,3069500.0,195920.0,195920.0,174440.0,228440.0,228440.0,174440.0,195920.0,174440.0,228440.0,195920.0,228440.0,195920.0,208040.0"
    port 1
  ]
  edge [
    source 11
    target 20
    key 0
    LinkType "OC-3"
    LinkSpeed "155"
    LinkLabel "155 Mbps OC-3"
    LinkSpeedUnits "M"
    LinkSpeedRaw 155000000.0
    bandwidth 75000000
    traffic ""
    reservation ""
    port 2
  ]
  edge [
    source 12
    target 2
    key 0
    LinkType "OC-3"
    LinkSpeed "155"
    LinkLabel "155 Mbps OC-3"
    LinkSpeedUnits "M"
    LinkSpeedRaw 155000000.0
    bandwidth 75000000
    traffic "3500000,3500000,3500000,3500000,3500000,3500000,3500000,3500000,3500000,3500000,200000,200000,200000,200000,200000,200000,200000,200000,200000,200000,200000,3500000,3500000,200000,3500000,3500000,200000,200000,200000,200000,200000,200000,200000,200000,200000,200000,200000,200000,200000"
    reservation "3825500.0,3689000.0,3469550.0,3469550.0,3873800.0,3825500.0,3469550.0,3069500.0,3873800.0,3469550.0,208040.0,228440.0,228440.0,213920.0,228440.0,208040.0,195920.0,195920.0,208040.0,213920.0,195920.0,3825500.0,3689000.0,228440.0,3825500.0,3069500.0,195920.0,195920.0,174440.0,228440.0,228440.0,174440.0,195920.0,174440.0,228440.0,195920.0,228440.0,195920.0,208040.0"
    port 0
  ]
  edge [
    source 12
    target 6
    key 0
    LinkType "OC-3"
    LinkSpeed "155"
    LinkLabel "155 Mbps OC-3"
    LinkSpeedUnits "M"
    LinkSpeedRaw 155000000.0
    bandwidth 75000000
    traffic "18000000,18000000,18000000"
    reservation "17211600.0,17222400.0,19296000.0"
    port 1
  ]
  edge [
    source 12
    target 11
    key 0
    LinkType "OC-3"
    LinkSpeed "155"
    LinkLabel "155 Mbps OC-3"
    LinkSpeedUnits "M"
    LinkSpeedRaw 155000000.0
    bandwidth 75000000
    traffic ""
    reservation ""
    port 2
  ]
  edge [
    source 13
    target 14
    key 0
    LinkType "OC-3"
    LinkSpeed "155"
    LinkLabel "155 Mbps OC-3"
    LinkSpeedUnits "M"
    LinkSpeedRaw 155000000.0
    bandwidth 75000000
    traffic ""
    reservation ""
    port 0
  ]
  edge [
    source 14
    target 0
    key 0
    LinkType "OC-3"
    LinkSpeed "155"
    LinkLabel "155 Mbps OC-3"
    LinkSpeedUnits "M"
    LinkSpeedRaw 155000000.0
    bandwidth 75000000
    traffic "18000000,200000,200000,200000,200000"
    reservation "19296000.0,195920.0,228440.0,208040.0,228440.0"
    port 0
  ]
  edge [
    source 14
    target 13
    key 0
    LinkType "OC-3"
    LinkSpeed "155"
    LinkLabel "155 Mbps OC-3"
    LinkSpeedUnits "M"
    LinkSpeedRaw 155000000.0
    bandwidth 75000000
    traffic ""
    reservation ""
    port 1
  ]
  edge [
    source 14
    target 15
    key 0
    LinkType "OC-3"
    LinkSpeed "155"
    LinkLabel "155 Mbps OC-3"
    LinkSpeedUnits "M"
    LinkSpeedRaw 155000000.0
    bandwidth 75000000
    traffic "18000000"
    reservation "19296000.0"
    port 2
  ]
  edge [
    source 14
    target 21
    key 0
    port 3
    weight 1
    bandwidth 350000000
    traffic "3500000,3500000,3500000,3500000,3500000,3500000,3500000,3500000,3500000,3500000,3500000,3500000,3500000,3500000,3500000,3500000,3500000,3500000,3500000,3500000,3500000,3500000,3500000,3500000,3500000,3500000,3500000,3500000,3500000"
    reservation "3825500.0,3689000.0,3469550.0,3469550.0,3873800.0,3825500.0,3469550.0,3069500.0,3873800.0,3469550.0,3735200.0,3069500.0,3873800.0,3983000.0,3735200.0,3069500.0,3825500.0,3825500.0,3983000.0,3474800.0,3069500.0,3315200.0,3983000.0,3873800.0,3983000.0,3825500.0,3689000.0,3825500.0,3069500.0"
  ]
  edge [
    source 15
    target 10
    key 0
    LinkType "OC-3"
    LinkSpeed "155"
    LinkLabel "155 Mbps OC-3"
    LinkSpeedUnits "M"
    LinkSpeedRaw 155000000.0
    bandwidth 75000000
    traffic "18000000"
    reservation "19296000.0"
    port 0
  ]
  edge [
    source 15
    target 14
    key 0
    LinkType "OC-3"
    LinkSpeed "155"
    LinkLabel "155 Mbps OC-3"
    LinkSpeedUnits "M"
    LinkSpeedRaw 155000000.0
    bandwidth 75000000
    traffic "3500000,3500000,18000000,3500000,3500000,3500000,3500000,3500000,3500000,3500000,3500000,3500000,3500000,3500000,3500000,3500000,200000,200000,200000,200000"
    reservation "3735200.0,3069500.0,19296000.0,3873800.0,3983000.0,3735200.0,3069500.0,3825500.0,3825500.0,3983000.0,3474800.0,3069500.0,3315200.0,3983000.0,3873800.0,3983000.0,195920.0,228440.0,208040.0,228440.0"
    port 1
  ]
  edge [
    source 16
    target 9
    key 0
    LinkType "OC-3"
    LinkSpeed "155"
    LinkLabel "155 Mbps OC-3"
    LinkSpeedUnits "M"
    LinkSpeedRaw 155000000.0
    bandwidth 75000000
    traffic "18000000,3500000,3500000,3500000,3500000,200000,200000,200000,200000,200000,200000,200000,200000,200000,200000,200000"
    reservation "19296000.0,3825500.0,3689000.0,3469550.0,3469550.0,208040.0,228440.0,228440.0,213920.0,228440.0,208040.0,195920.0,195920.0,208040.0,213920.0,195920.0"
    port 0
  ]
  edge [
    source 16
    target 11
    key 0
    LinkType "OC-3"
    LinkSpeed "155"
    LinkLabel "155 Mbps OC-3"
    LinkSpeedUnits "M"
    LinkSpeedRaw 155000000.0
    bandwidth 75000000
    traffic "18000000,3500000,3500000,200000,3500000,3500000,200000,200000,200000,200000,200000,200000,200000,200000,200000,200000,200000,200000,200000"
    reservation "17211600.0,3825500.0,3689000.0,228440.0,3825500.0,3069500.0,195920.0,195920.0,174440.0,228440.0,228440.0,174440.0,195920.0,174440.0,228440.0,195920.0,228440.0,195920.0,208040.0"
    port 1
  ]
  edge [
    source 16
    target 28
    key 0
    port 2
    weight 1
    bandwidth 50000000
    traffic ""
    reservation ""
  ]
  edge [
    source 17
    target 10
    key 0
    LinkType "OC-3"
    LinkSpeed "155"
    LinkLabel "155 Mbps OC-3"
    LinkSpeedUnits "M"
    LinkSpeedRaw 155000000.0
    bandwidth 75000000
    traffic "3500000,3500000,18000000,3500000,3500000,3500000,3500000,3500000,3500000,3500000,3500000,3500000,3500000,3500000,3500000,3500000,200000,200000,200000,200000"
    reservation "3735200.0,3069500.0,19296000.0,3873800.0,3983000.0,3735200.0,3069500.0,3825500.0,3825500.0,3983000.0,3474800.0,3069500.0,3315200.0,3983000.0,3873800.0,3983000.0,195920.0,228440.0,208040.0,228440.0"
    port 0
  ]
  edge [
    source 17
    target 18
    key 0
    LinkType "OC-3"
    LinkSpeed "155"
    LinkLabel "155 Mbps OC-3"
    LinkSpeedUnits "M"
    LinkSpeedRaw 155000000.0
    bandwidth 75000000
    traffic "18000000"
    reservation "19296000.0"
    port 1
  ]
  edge [
    source 18
    target 17
    key 0
    LinkType "OC-3"
    LinkSpeed "155"
    LinkLabel "155 Mbps OC-3"
    LinkSpeedUnits "M"
    LinkSpeedRaw 155000000.0
    bandwidth 75000000
    traffic "3500000,3500000,18000000,3500000,3500000,3500000,3500000,3500000,3500000,3500000,3500000,3500000,3500000,3500000,3500000,3500000,200000,200000,200000,200000"
    reservation "3735200.0,3069500.0,19296000.0,3873800.0,3983000.0,3735200.0,3069500.0,3825500.0,3825500.0,3983000.0,3474800.0,3069500.0,3315200.0,3983000.0,3873800.0,3983000.0,195920.0,228440.0,208040.0,228440.0"
    port 0
  ]
  edge [
    source 18
    target 19
    key 0
    LinkType "OC-3"
    LinkSpeed "155"
    LinkLabel "155 Mbps OC-3"
    LinkSpeedUnits "M"
    LinkSpeedRaw 155000000.0
    bandwidth 75000000
    traffic "18000000"
    reservation "19296000.0"
    port 1
  ]
  edge [
    source 19
    target 18
    key 0
    LinkType "OC-3"
    LinkSpeed "155"
    LinkLabel "155 Mbps OC-3"
    LinkSpeedUnits "M"
    LinkSpeedRaw 155000000.0
    bandwidth 75000000
    traffic "3500000,3500000,18000000,3500000,3500000,3500000,3500000,3500000,3500000,3500000,3500000,3500000,3500000,3500000,3500000,3500000,200000,200000,200000,200000"
    reservation "3735200.0,3069500.0,19296000.0,3873800.0,3983000.0,3735200.0,3069500.0,3825500.0,3825500.0,3983000.0,3474800.0,3069500.0,3315200.0,3983000.0,3873800.0,3983000.0,195920.0,228440.0,208040.0,228440.0"
    port 0
  ]
  edge [
    source 19
    target 20
    key 0
    LinkType "OC-3"
    LinkSpeed "155"
    LinkLabel "155 Mbps OC-3"
    LinkSpeedUnits "M"
    LinkSpeedRaw 155000000.0
    bandwidth 75000000
    traffic "18000000"
    reservation "19296000.0"
    port 1
  ]
  edge [
    source 20
    target 11
    key 0
    LinkType "OC-3"
    LinkSpeed "155"
    LinkLabel "155 Mbps OC-3"
    LinkSpeedUnits "M"
    LinkSpeedRaw 155000000.0
    bandwidth 75000000
    traffic "18000000,18000000,3500000,3500000,3500000,3500000,3500000,3500000,3500000,3500000,3500000,3500000,200000,200000,200000,200000,200000,200000,200000,200000,200000,200000,200000"
    reservation "19296000.0,17222400.0,3825500.0,3689000.0,3469550.0,3469550.0,3873800.0,3825500.0,3469550.0,3069500.0,3873800.0,3469550.0,208040.0,228440.0,228440.0,213920.0,228440.0,208040.0,195920.0,195920.0,208040.0,213920.0,195920.0"
    port 0
  ]
  edge [
    source 20
    target 19
    key 0
    LinkType "OC-3"
    LinkSpeed "155"
    LinkLabel "155 Mbps OC-3"
    LinkSpeedUnits "M"
    LinkSpeedRaw 155000000.0
    bandwidth 75000000
    traffic "3500000,3500000,18000000,3500000,3500000,3500000,3500000,3500000,3500000,3500000,3500000,3500000,3500000,3500000,3500000,3500000,200000,200000,200000,200000"
    reservation "3735200.0,3069500.0,19296000.0,3873800.0,3983000.0,3735200.0,3069500.0,3825500.0,3825500.0,3983000.0,3474800.0,3069500.0,3315200.0,3983000.0,3873800.0,3983000.0,195920.0,228440.0,208040.0,228440.0"
    port 1
  ]
  edge [
    source 20
    target 29
    key 0
    port 2
    weight 1
    bandwidth 50000000
    traffic ""
    reservation ""
  ]
  edge [
    source 20
    target 30
    key 0
    port 3
    weight 1
    bandwidth 50000000
    traffic ""
    reservation ""
  ]
  edge [
    source 20
    target 31
    key 0
    port 4
    weight 1
    bandwidth 50000000
    traffic ""
    reservation ""
  ]
  edge [
    source 20
    target 32
    key 0
    port 5
    weight 1
    bandwidth 50000000
    traffic ""
    reservation ""
  ]
  edge [
    source 20
    target 33
    key 0
    port 6
    weight 1
    bandwidth 50000000
    traffic ""
    reservation ""
  ]
  edge [
    source 20
    target 34
    key 0
    port 7
    weight 1
    bandwidth 50000000
    traffic ""
    reservation ""
  ]
  edge [
    source 20
    target 35
    key 0
    port 8
    weight 1
    bandwidth 50000000
    traffic ""
    reservation ""
  ]
  edge [
    source 20
    target 36
    key 0
    port 9
    weight 1
    bandwidth 50000000
    traffic ""
    reservation ""
  ]
  edge [
    source 20
    target 37
    key 0
    port 10
    weight 1
    bandwidth 50000000
    traffic ""
    reservation ""
  ]
  edge [
    source 20
    target 38
    key 0
    port 11
    weight 1
    bandwidth 50000000
    traffic ""
    reservation ""
  ]
  edge [
    source 20
    target 39
    key 0
    port 12
    weight 1
    bandwidth 50000000
    traffic ""
    reservation ""
  ]
  edge [
    source 20
    target 40
    key 0
    port 13
    weight 1
    bandwidth 50000000
    traffic ""
    reservation ""
  ]
  edge [
    source 20
    target 41
    key 0
    port 14
    weight 1
    bandwidth 50000000
    traffic ""
    reservation ""
  ]
  edge [
    source 20
    target 42
    key 0
    port 15
    weight 1
    bandwidth 50000000
    traffic ""
    reservation ""
  ]
  edge [
    source 20
    target 43
    key 0
    port 16
    weight 1
    bandwidth 50000000
    traffic ""
    reservation ""
  ]
  edge [
    source 20
    target 44
    key 0
    port 17
    weight 1
    bandwidth 50000000
    traffic ""
    reservation ""
  ]
  edge [
    source 20
    target 45
    key 0
    port 18
    weight 1
    bandwidth 50000000
    traffic ""
    reservation ""
  ]
  edge [
    source 20
    target 46
    key 0
    port 19
    weight 1
    bandwidth 50000000
    traffic ""
    reservation ""
  ]
  edge [
    source 20
    target 47
    key 0
    port 20
    weight 1
    bandwidth 50000000
    traffic ""
    reservation ""
  ]
  edge [
    source 20
    target 48
    key 0
    port 21
    weight 1
    bandwidth 50000000
    traffic ""
    reservation ""
  ]
  edge [
    source 20
    target 49
    key 0
    port 22
    weight 1
    bandwidth 50000000
    traffic ""
    reservation ""
  ]
  edge [
    source 20
    target 50
    key 0
    port 23
    weight 1
    bandwidth 50000000
    traffic ""
    reservation ""
  ]
  edge [
    source 20
    target 51
    key 0
    port 24
    weight 1
    bandwidth 50000000
    traffic ""
    reservation ""
  ]
  edge [
    source 20
    target 52
    key 0
    port 25
    weight 1
    bandwidth 50000000
    traffic ""
    reservation ""
  ]
  edge [
    source 20
    target 53
    key 0
    port 26
    weight 1
    bandwidth 50000000
    traffic ""
    reservation ""
  ]
  edge [
    source 20
    target 54
    key 0
    port 27
    weight 1
    bandwidth 50000000
    traffic ""
    reservation ""
  ]
  edge [
    source 20
    target 55
    key 0
    port 28
    weight 1
    bandwidth 50000000
    traffic ""
    reservation ""
  ]
  edge [
    source 20
    target 56
    key 0
    port 29
    weight 1
    bandwidth 50000000
    traffic ""
    reservation ""
  ]
  edge [
    source 20
    target 57
    key 0
    port 30
    weight 1
    bandwidth 50000000
    traffic ""
    reservation ""
  ]
  edge [
    source 20
    target 58
    key 0
    port 31
    weight 1
    bandwidth 50000000
    traffic ""
    reservation ""
  ]
  edge [
    source 20
    target 59
    key 0
    port 32
    weight 1
    bandwidth 50000000
    traffic ""
    reservation ""
  ]
  edge [
    source 20
    target 60
    key 0
    port 33
    weight 1
    bandwidth 50000000
    traffic ""
    reservation ""
  ]
  edge [
    source 20
    target 61
    key 0
    port 34
    weight 1
    bandwidth 50000000
    traffic ""
    reservation ""
  ]
  edge [
    source 20
    target 62
    key 0
    port 35
    weight 1
    bandwidth 50000000
    traffic ""
    reservation ""
  ]
  edge [
    source 20
    target 63
    key 0
    port 36
    weight 1
    bandwidth 50000000
    traffic ""
    reservation ""
  ]
  edge [
    source 20
    target 64
    key 0
    port 37
    weight 1
    bandwidth 50000000
    traffic ""
    reservation ""
  ]
  edge [
    source 20
    target 65
    key 0
    port 38
    weight 1
    bandwidth 50000000
    traffic ""
    reservation ""
  ]
  edge [
    source 20
    target 66
    key 0
    port 39
    weight 1
    bandwidth 50000000
    traffic ""
    reservation ""
  ]
  edge [
    source 20
    target 67
    key 0
    port 40
    weight 1
    bandwidth 50000000
    traffic ""
    reservation ""
  ]
  edge [
    source 20
    target 68
    key 0
    port 41
    weight 1
    bandwidth 50000000
    traffic ""
    reservation ""
  ]
  edge [
    source 20
    target 69
    key 0
    port 42
    weight 1
    bandwidth 50000000
    traffic ""
    reservation ""
  ]
  edge [
    source 20
    target 70
    key 0
    port 43
    weight 1
    bandwidth 50000000
    traffic ""
    reservation ""
  ]
  edge [
    source 21
    target 14
    key 0
    port 0
    weight 1
    bandwidth 350000000
    traffic ""
    reservation ""
  ]
  edge [
    source 22
    target 3
    key 0
    port 0
    weight 1
    bandwidth 350000000
    traffic ""
    reservation ""
  ]
  edge [
    source 23
    target 6
    key 0
    port 0
    weight 1
    bandwidth 350000000
    traffic ""
    reservation ""
  ]
  edge [
    source 24
    target 2
    key 0
    port 0
    weight 1
    bandwidth 50000000
    traffic "18000000"
    reservation "19296000.0"
  ]
  edge [
    source 25
    target 1
    key 0
    port 0
    weight 1
    bandwidth 50000000
    traffic "18000000"
    reservation "19404000.0"
  ]
  edge [
    source 26
    target 5
    key 0
    port 0
    weight 1
    bandwidth 50000000
    traffic "18000000"
    reservation "19296000.0"
  ]
  edge [
    source 27
    target 9
    key 0
    port 0
    weight 1
    bandwidth 50000000
    traffic "18000000"
    reservation "19560600.0"
  ]
  edge [
    source 28
    target 16
    key 0
    port 0
    weight 1
    bandwidth 50000000
    traffic "18000000"
    reservation "17211600.0"
  ]
  edge [
    source 29
    target 20
    key 0
    port 0
    weight 1
    bandwidth 50000000
    traffic "18000000"
    reservation "17222400.0"
  ]
  edge [
    source 30
    target 20
    key 0
    port 0
    weight 1
    bandwidth 50000000
    traffic "3500000"
    reservation "3825500.0"
  ]
  edge [
    source 31
    target 20
    key 0
    port 0
    weight 1
    bandwidth 50000000
    traffic "3500000"
    reservation "3689000.0"
  ]
  edge [
    source 32
    target 20
    key 0
    port 0
    weight 1
    bandwidth 50000000
    traffic "3500000"
    reservation "3469550.0"
  ]
  edge [
    source 33
    target 20
    key 0
    port 0
    weight 1
    bandwidth 50000000
    traffic "3500000"
    reservation "3469550.0"
  ]
  edge [
    source 34
    target 20
    key 0
    port 0
    weight 1
    bandwidth 50000000
    traffic "3500000"
    reservation "3873800.0"
  ]
  edge [
    source 35
    target 20
    key 0
    port 0
    weight 1
    bandwidth 50000000
    traffic "3500000"
    reservation "3825500.0"
  ]
  edge [
    source 36
    target 20
    key 0
    port 0
    weight 1
    bandwidth 50000000
    traffic "3500000"
    reservation "3469550.0"
  ]
  edge [
    source 37
    target 20
    key 0
    port 0
    weight 1
    bandwidth 50000000
    traffic "3500000"
    reservation "3069500.0"
  ]
  edge [
    source 38
    target 20
    key 0
    port 0
    weight 1
    bandwidth 50000000
    traffic "3500000"
    reservation "3873800.0"
  ]
  edge [
    source 39
    target 20
    key 0
    port 0
    weight 1
    bandwidth 50000000
    traffic "3500000"
    reservation "3469550.0"
  ]
  edge [
    source 40
    target 20
    key 0
    port 0
    weight 1
    bandwidth 50000000
    traffic "200000"
    reservation "208040.0"
  ]
  edge [
    source 41
    target 20
    key 0
    port 0
    weight 1
    bandwidth 50000000
    traffic "3500000"
    reservation "3735200.0"
  ]
  edge [
    source 42
    target 20
    key 0
    port 0
    weight 1
    bandwidth 50000000
    traffic "200000"
    reservation "228440.0"
  ]
  edge [
    source 43
    target 20
    key 0
    port 0
    weight 1
    bandwidth 50000000
    traffic "3500000"
    reservation "3069500.0"
  ]
  edge [
    source 44
    target 20
    key 0
    port 0
    weight 1
    bandwidth 50000000
    traffic "18000000"
    reservation "19296000.0"
  ]
  edge [
    source 45
    target 20
    key 0
    port 0
    weight 1
    bandwidth 50000000
    traffic "3500000"
    reservation "3873800.0"
  ]
  edge [
    source 46
    target 20
    key 0
    port 0
    weight 1
    bandwidth 50000000
    traffic "3500000"
    reservation "3983000.0"
  ]
  edge [
    source 47
    target 20
    key 0
    port 0
    weight 1
    bandwidth 50000000
    traffic "3500000"
    reservation "3735200.0"
  ]
  edge [
    source 48
    target 20
    key 0
    port 0
    weight 1
    bandwidth 50000000
    traffic "3500000"
    reservation "3069500.0"
  ]
  edge [
    source 49
    target 20
    key 0
    port 0
    weight 1
    bandwidth 50000000
    traffic "3500000"
    reservation "3825500.0"
  ]
  edge [
    source 50
    target 20
    key 0
    port 0
    weight 1
    bandwidth 50000000
    traffic "3500000"
    reservation "3825500.0"
  ]
  edge [
    source 51
    target 20
    key 0
    port 0
    weight 1
    bandwidth 50000000
    traffic "3500000"
    reservation "3983000.0"
  ]
  edge [
    source 52
    target 20
    key 0
    port 0
    weight 1
    bandwidth 50000000
    traffic "3500000"
    reservation "3474800.0"
  ]
  edge [
    source 53
    target 20
    key 0
    port 0
    weight 1
    bandwidth 50000000
    traffic "3500000"
    reservation "3069500.0"
  ]
  edge [
    source 54
    target 20
    key 0
    port 0
    weight 1
    bandwidth 50000000
    traffic "3500000"
    reservation "3315200.0"
  ]
  edge [
    source 55
    target 20
    key 0
    port 0
    weight 1
    bandwidth 50000000
    traffic "3500000"
    reservation "3983000.0"
  ]
  edge [
    source 56
    target 20
    key 0
    port 0
    weight 1
    bandwidth 50000000
    traffic "3500000"
    reservation "3873800.0"
  ]
  edge [
    source 57
    target 20
    key 0
    port 0
    weight 1
    bandwidth 50000000
    traffic "3500000"
    reservation "3983000.0"
  ]
  edge [
    source 58
    target 20
    key 0
    port 0
    weight 1
    bandwidth 50000000
    traffic "200000"
    reservation "228440.0"
  ]
  edge [
    source 59
    target 20
    key 0
    port 0
    weight 1
    bandwidth 50000000
    traffic "200000"
    reservation "213920.0"
  ]
  edge [
    source 60
    target 20
    key 0
    port 0
    weight 1
    bandwidth 50000000
    traffic "200000"
    reservation "228440.0"
  ]
  edge [
    source 61
    target 20
    key 0
    port 0
    weight 1
    bandwidth 50000000
    traffic "200000"
    reservation "208040.0"
  ]
  edge [
    source 62
    target 20
    key 0
    port 0
    weight 1
    bandwidth 50000000
    traffic "200000"
    reservation "195920.0"
  ]
  edge [
    source 63
    target 20
    key 0
    port 0
    weight 1
    bandwidth 50000000
    traffic "200000"
    reservation "195920.0"
  ]
  edge [
    source 64
    target 20
    key 0
    port 0
    weight 1
    bandwidth 50000000
    traffic "200000"
    reservation "208040.0"
  ]
  edge [
    source 65
    target 20
    key 0
    port 0
    weight 1
    bandwidth 50000000
    traffic "200000"
    reservation "213920.0"
  ]
  edge [
    source 66
    target 20
    key 0
    port 0
    weight 1
    bandwidth 50000000
    traffic "200000"
    reservation "195920.0"
  ]
  edge [
    source 67
    target 20
    key 0
    port 0
    weight 1
    bandwidth 50000000
    traffic "200000"
    reservation "195920.0"
  ]
  edge [
    source 68
    target 20
    key 0
    port 0
    weight 1
    bandwidth 50000000
    traffic "200000"
    reservation "228440.0"
  ]
  edge [
    source 69
    target 20
    key 0
    port 0
    weight 1
    bandwidth 50000000
    traffic "200000"
    reservation "208040.0"
  ]
  edge [
    source 70
    target 20
    key 0
    port 0
    weight 1
    bandwidth 50000000
    traffic "200000"
    reservation "228440.0"
  ]
  edge [
    source 71
    target 5
    key 0
    port 0
    weight 1
    bandwidth 50000000
    traffic "3500000"
    reservation "3825500.0"
  ]
  edge [
    source 72
    target 5
    key 0
    port 0
    weight 1
    bandwidth 50000000
    traffic "3500000"
    reservation "3689000.0"
  ]
  edge [
    source 73
    target 5
    key 0
    port 0
    weight 1
    bandwidth 50000000
    traffic "200000"
    reservation "228440.0"
  ]
  edge [
    source 74
    target 5
    key 0
    port 0
    weight 1
    bandwidth 50000000
    traffic "3500000"
    reservation "3825500.0"
  ]
  edge [
    source 75
    target 5
    key 0
    port 0
    weight 1
    bandwidth 50000000
    traffic "3500000"
    reservation "3069500.0"
  ]
  edge [
    source 76
    target 5
    key 0
    port 0
    weight 1
    bandwidth 50000000
    traffic "200000"
    reservation "195920.0"
  ]
  edge [
    source 77
    target 5
    key 0
    port 0
    weight 1
    bandwidth 50000000
    traffic "200000"
    reservation "195920.0"
  ]
  edge [
    source 78
    target 5
    key 0
    port 0
    weight 1
    bandwidth 50000000
    traffic "200000"
    reservation "174440.0"
  ]
  edge [
    source 79
    target 5
    key 0
    port 0
    weight 1
    bandwidth 50000000
    traffic "200000"
    reservation "228440.0"
  ]
  edge [
    source 80
    target 5
    key 0
    port 0
    weight 1
    bandwidth 50000000
    traffic "200000"
    reservation "228440.0"
  ]
  edge [
    source 81
    target 5
    key 0
    port 0
    weight 1
    bandwidth 50000000
    traffic "200000"
    reservation "174440.0"
  ]
  edge [
    source 82
    target 5
    key 0
    port 0
    weight 1
    bandwidth 50000000
    traffic "200000"
    reservation "195920.0"
  ]
  edge [
    source 83
    target 5
    key 0
    port 0
    weight 1
    bandwidth 50000000
    traffic "200000"
    reservation "174440.0"
  ]
  edge [
    source 84
    target 5
    key 0
    port 0
    weight 1
    bandwidth 50000000
    traffic "200000"
    reservation "228440.0"
  ]
  edge [
    source 85
    target 5
    key 0
    port 0
    weight 1
    bandwidth 50000000
    traffic "200000"
    reservation "195920.0"
  ]
  edge [
    source 86
    target 5
    key 0
    port 0
    weight 1
    bandwidth 50000000
    traffic "200000"
    reservation "228440.0"
  ]
  edge [
    source 87
    target 5
    key 0
    port 0
    weight 1
    bandwidth 50000000
    traffic "200000"
    reservation "195920.0"
  ]
  edge [
    source 88
    target 5
    key 0
    port 0
    weight 1
    bandwidth 50000000
    traffic "200000"
    reservation "208040.0"
  ]
  edge [
    source 89
    target 1
    key 0
    port 0
    weight 1
    bandwidth 50000000
    traffic "18000000"
    reservation "17222400.0"
  ]
]
