graph [
  directed 1
  multigraph 1
  GeoLocation "Indonesia"
  GeoExtent "Country"
  Network "BizNetworks"
  Provenance "Primary"
  Note "Offers IX but unclear as to how."
  Source "http://www.biznetnetworks.com/pdf/BiznetInterCityNetwork.pdf"
  Version "1.0"
  Type "COM"
  DateType "Current"
  Backbone 1
  Commercial 0
  label "Biznet"
  ToolsetVersion "0.3.34dev-20120328"
  Customer 1
  IX 0
  SourceGitVersion "e278b1b"
  DateModifier "="
  DateMonth "01"
  LastAccess "16/01/11"
  Access 1
  Layer "IP"
  Creator "Topology Zoo Toolset"
  Developed 0
  Transit 1
  NetworkDate "2011_01"
  DateYear "2011"
  LastProcessed "2011_09_01"
  Testbed 0
  levelsToS 77
  node [
    id 0
    label "0"
    Country "Indonesia"
    Longitude 109.00944
    Internal 1
    Latitude -7.72639
    type "inner"
    schedulingPolicy "WFQ"
    tosToQoSqueue "39;40,41;37;50,65,74;67;62,63,66;75;72,76;64,69;46;49,68;70,71,73;32;35,0,1,2,3,4,5,6,7,8,9,10,11,12,13,14,15,16,17,18,19,20,21,22,23,24,25,26,27,28,29,30,31,33,34,36,38,42,43,44,45,47,48,51,52,53,54,55,56,57,58,59,60,61"
    schedulingWeights "6.395,13.173,7.523,0.001,0.001,0.001,0.001,0.001,0.001,0.001,0.001,0.001,35.644,37.257;0.001,0.001,0.001,1.294,0.389,1.043,0.374,0.847,0.913,0.36,0.762,1.216,0.001,92.798"
    levelsQoS 14
    queueSizes "32,32,32,32,32,32,32,32,32,32,32,32,32,32"
  ]
  node [
    id 1
    label "1"
    Country "Indonesia"
    Longitude 109.23444
    Internal 1
    Latitude -7.42139
    type "inner"
    schedulingPolicy "WFQ"
    tosToQoSqueue "39;40,41;37;50,65,74;67;62,63,66;75;72,76;64,69;46;49,68;70,71,73;32;35,0,1,2,3,4,5,6,7,8,9,10,11,12,13,14,15,16,17,18,19,20,21,22,23,24,25,26,27,28,29,30,31,33,34,36,38,42,43,44,45,47,48,51,52,53,54,55,56,57,58,59,60,61"
    schedulingWeights "0.001,0.001,0.001,1.294,0.389,1.043,0.374,0.847,0.913,0.36,0.762,1.216,0.001,92.798;6.395,13.173,7.523,0.001,0.001,0.001,0.001,0.001,0.001,0.001,0.001,0.001,35.644,37.257"
    levelsQoS 14
    queueSizes "32,32,32,32,32,32,32,32,32,32,32,32,32,32"
  ]
  node [
    id 2
    label "2"
    Country "Indonesia"
    Longitude 106.92667
    Internal 1
    Latitude -6.91806
    type "inner"
    schedulingPolicy "WFQ"
    tosToQoSqueue "50,65,74;67;43,62,63,66;42,75;72,76;64,69;46;44,49,68;38,45;70,71,73,0,1,2,3,4,5,6,7,8,9,10,11,12,13,14,15,16,17,18,19,20,21,22,23,24,25,26,27,28,29,30,31,32,33,34,35,36,37,39,40,41,47,48,51,52,53,54,55,56,57,58,59,60,61"
    schedulingWeights "1.294,0.389,1.39,0.749,0.847,0.913,0.36,1.143,0.756,92.159;0.001,0.001,0.001,0.001,0.001,0.001,0.001,0.001,0.001,99.991"
    levelsQoS 10
    queueSizes "32,32,32,32,32,32,32,32,32,32"
  ]
  node [
    id 3
    label "3"
    Country "Indonesia"
    Longitude 108.2
    Internal 1
    Latitude -7.33333
    type "inner"
    schedulingPolicy "WFQ"
    tosToQoSqueue "39;40,41;37;50,65,74;67;62,63,66;75;72,76;64,69;46;49,68;70,71,73;32;35,0,1,2,3,4,5,6,7,8,9,10,11,12,13,14,15,16,17,18,19,20,21,22,23,24,25,26,27,28,29,30,31,33,34,36,38,42,43,44,45,47,48,51,52,53,54,55,56,57,58,59,60,61"
    schedulingWeights "6.395,13.173,7.523,0.001,0.001,0.001,0.001,0.001,0.001,0.001,0.001,0.001,35.644,37.257;0.001,0.001,0.001,1.294,0.389,1.043,0.374,0.847,0.913,0.36,0.762,1.216,0.001,92.798"
    levelsQoS 14
    queueSizes "32,32,32,32,32,32,32,32,32,32,32,32,32,32"
  ]
  node [
    id 4
    label "4"
    Country "Indonesia"
    Longitude 109.6753
    Internal 1
    Latitude -6.8886
    type "antenna"
    schedulingPolicy "WFQ"
    tosToQoSqueue "39;40,41;37;43;42;76;44;38,45;32;35,0,1,2,3,4,5,6,7,8,9,10,11,12,13,14,15,16,17,18,19,20,21,22,23,24,25,26,27,28,29,30,31,33,34,36,46,47,48,49,50,51,52,53,54,55,56,57,58,59,60,61,62,63,64,65,66,67,68,69,70,71,72,73,74,75"
    schedulingWeights "6.395,13.173,7.523,0.348,0.374,0.001,0.381,0.756,35.644,35.406;0.001,0.001,0.001,0.001,0.001,0.424,0.001,0.001,0.001,99.568;0.001,0.001,0.001,0.001,0.001,0.001,0.001,0.001,0.001,99.991;0.001,0.001,0.001,0.001,0.001,0.001,0.001,0.001,0.001,99.991"
    levelsQoS 10
    queueSizes "32,32,32,32,32,32,32,32,32,32"
  ]
  node [
    id 5
    label "5"
    Country "Indonesia"
    Longitude 110.4203
    Internal 1
    Latitude -6.9932
    type "inner"
    schedulingPolicy "WFQ"
    tosToQoSqueue "39,53,55,59;40,41,57,58;56;37;60;54;61;74;43;42,75;76;44;38,45;73;32,33;35,0,1,2,3,4,5,6,7,8,9,10,11,12,13,14,15,16,17,18,19,20,21,22,23,24,25,26,27,28,29,30,31,34,36,46,47,48,49,50,51,52,62,63,64,65,66,67,68,69,70,71,72"
    schedulingWeights "6.395,13.173,0.001,7.523,0.001,0.001,0.001,0.001,0.348,0.374,0.001,0.381,0.756,0.001,35.644,35.4;0.001,0.001,0.001,0.001,0.001,0.001,0.001,0.001,0.001,0.001,0.001,0.001,0.001,0.001,35.644,64.342;19.186,13.173,7.37,0.001,7.922,7.588,7.823,0.431,0.001,0.374,0.424,0.001,0.001,0.405,0.001,35.3"
    levelsQoS 16
    queueSizes "32,32,32,32,32,32,32,32,32,32,32,32,32,32,32,32"
  ]
  node [
    id 6
    label "6"
    Country "Indonesia"
    Longitude 110.21778
    Internal 1
    Latitude -7.47056
    type "destination_urllc"
    schedulingPolicy "FIFO"
    levelsQoS "1"
    schedulingWeights "-"
    tosToQoSqueue "0,1,2,3,4,5,6,7,8,9,10,11,12,13,14,15,16,17,18,19,20,21,22,23,24,25,26,27,28,29,30,31,32,33,34,35,36,37,38,39,40,41,42,43,44,45,46,47,48,49,50,51,52,53,54,55,56,57,58,59,60,61,62,63,64,65,66,67,68,69,70,71,72,73,74,75,76"
    queueSizes "32"
  ]
  node [
    id 7
    label "7"
    Country "Indonesia"
    Longitude 110.36083
    Internal 1
    Latitude -7.78278
    type "inner"
    schedulingPolicy "WFQ"
    tosToQoSqueue "47,48;53,55,59;57,58;56;52;51;60;54;61;50,65,74;67;62,63,66;75;72,76;64,69;46;49,68;70,71,73;32;35,0,1,2,3,4,5,6,7,8,9,10,11,12,13,14,15,16,17,18,19,20,21,22,23,24,25,26,27,28,29,30,31,33,34,36,37,38,39,40,41,42,43,44,45"
    schedulingWeights "15.642,19.186,13.173,7.37,7.523,6.546,7.922,7.588,7.823,1.294,0.389,1.043,0.374,0.847,0.913,0.36,0.762,1.216,0.001,0.028;0.001,0.001,0.001,0.001,0.001,0.001,0.001,0.001,0.001,0.001,0.001,0.001,0.001,0.001,0.001,0.001,0.001,0.001,35.644,64.338"
    levelsQoS 20
    queueSizes "32,32,32,32,32,32,32,32,32,32,32,32,32,32,32,32,32,32,32,32"
  ]
  node [
    id 8
    label "8"
    Country "Indonesia"
    Longitude 110.8405
    Internal 1
    Latitude -6.8048
    type "antenna"
    schedulingPolicy "WFQ"
    tosToQoSqueue "53,55,59;57,58;56;60;54;61;74;75;73;32,33;35,0,1,2,3,4,5,6,7,8,9,10,11,12,13,14,15,16,17,18,19,20,21,22,23,24,25,26,27,28,29,30,31,34,36,37,38,39,40,41,42,43,44,45,46,47,48,49,50,51,52,62,63,64,65,66,67,68,69,70,71,72,76"
    schedulingWeights "19.186,13.173,7.37,7.922,7.588,7.823,0.431,0.374,0.405,35.644,0.084;0.001,0.001,0.001,0.001,0.001,0.001,0.001,0.001,0.001,35.644,64.347;0.001,0.001,0.001,0.001,0.001,0.001,0.001,0.001,0.001,0.001,99.99"
    levelsQoS 11
    queueSizes "32,32,32,32,32,32,32,32,32,32,32"
  ]
  node [
    id 9
    label "9"
    Country "Indonesia"
    Longitude 110.83167
    Internal 1
    Latitude -7.55611
    type "inner"
    schedulingPolicy "WFQ"
    tosToQoSqueue "47,48;39,53,55,59;40,41,57,58;56;37,52;51;60;54;61;50,65,74;67;43,62,63,66;42,75;72,76;64,69;46;44,49,68;38,45;70,71,73;32,33;35,0,1,2,3,4,5,6,7,8,9,10,11,12,13,14,15,16,17,18,19,20,21,22,23,24,25,26,27,28,29,30,31,34,36"
    schedulingWeights "0.001,6.395,13.173,0.001,7.523,0.001,0.001,0.001,0.001,0.001,0.001,0.348,0.374,0.001,0.001,0.001,0.381,0.756,0.001,35.644,35.395;15.642,19.186,13.173,7.37,7.523,6.546,7.922,7.588,7.823,1.294,0.389,1.043,0.374,0.847,0.913,0.36,0.762,0.001,1.216,0.001,0.027;0.001,0.001,0.001,0.001,0.001,0.001,0.001,0.001,0.001,0.001,0.001,0.001,0.001,0.001,0.001,0.001,0.001,0.001,0.001,35.644,64.337"
    levelsQoS 21
    queueSizes "32,32,32,32,32,32,32,32,32,32,32,32,32,32,32,32,32,32,32,32,32"
  ]
  node [
    id 10
    label "10"
    Country "Indonesia"
    Longitude 123.77028
    Internal 1
    Latitude -9.59806
    type "inner"
    schedulingPolicy "WFQ"
    tosToQoSqueue "0,1,2,3,4,5,6,7,8,9,10,11,12,13,14,15,16,17,18,19,20,21,22,23,24,25,26,27,28,29,30,31,32,33,34,35,36,37,38,39,40,41,42,43,44,45,46,47,48,49,50,51,52,53,54,55,56,57,58,59,60,61,62,63,64,65,66,67,68,69,70,71,72,73,74,75,76"
    schedulingWeights "100"
    levelsQoS 1
    queueSizes "32"
  ]
  node [
    id 11
    label "11"
    Country "Indonesia"
    Longitude 112.75083
    Internal 1
    Latitude -7.24917
    type "inner"
    schedulingPolicy "WFQ"
    tosToQoSqueue "39,53,55,59;40,41,57,58;56;37;60;54;61;74;43;42,75;44;38,45;73;33,36;34,35,0,1,2,3,4,5,6,7,8,9,10,11,12,13,14,15,16,17,18,19,20,21,22,23,24,25,26,27,28,29,30,31,32,46,47,48,49,50,51,52,62,63,64,65,66,67,68,69,70,71,72,76"
    schedulingWeights "0.001,0.001,0.001,0.001,0.001,0.001,0.001,0.001,0.001,0.001,0.001,0.001,0.001,35.644,64.343;6.395,13.173,0.001,7.523,0.001,0.001,0.001,0.001,0.348,0.374,0.381,0.756,0.001,35.644,35.401;19.186,13.173,7.37,0.001,7.922,7.588,7.823,0.431,0.001,0.374,0.001,0.001,0.405,0.001,35.723"
    levelsQoS 15
    queueSizes "32,32,32,32,32,32,32,32,32,32,32,32,32,32,32"
  ]
  node [
    id 12
    label "12"
    Country "Indonesia"
    Longitude 112.01667
    Internal 1
    Latitude -7.81667
    type "destination_embb"
    schedulingPolicy "FIFO"
    levelsQoS "1"
    schedulingWeights "-"
    tosToQoSqueue "0,1,2,3,4,5,6,7,8,9,10,11,12,13,14,15,16,17,18,19,20,21,22,23,24,25,26,27,28,29,30,31,32,33,34,35,36,37,38,39,40,41,42,43,44,45,46,47,48,49,50,51,52,53,54,55,56,57,58,59,60,61,62,63,64,65,66,67,68,69,70,71,72,73,74,75,76"
    queueSizes "32"
  ]
  node [
    id 13
    label "13"
    Country "Indonesia"
    Longitude 111.5239
    Internal 1
    Latitude -7.6298
    type "antenna"
    schedulingPolicy "WFQ"
    tosToQoSqueue "47,48;39,53,55,59;40,41,57,58;56;37,52;51;60;54;61;50,65,74;67;43,62,63,66;42,75;72;64,69;46;44,49,68;38,45;70,71,73;32,33,0,1,2,3,4,5,6,7,8,9,10,11,12,13,14,15,16,17,18,19,20,21,22,23,24,25,26,27,28,29,30,31,34,35,36,76"
    schedulingWeights "15.642,6.395,13.173,0.001,15.046,6.546,0.001,0.001,0.001,0.863,0.389,1.39,0.374,0.424,0.913,0.36,1.143,0.756,0.811,35.772;0.001,19.186,13.173,7.37,0.001,0.001,7.922,7.588,7.823,0.431,0.001,0.001,0.374,0.001,0.001,0.001,0.001,0.001,0.405,35.718;0.001,0.001,0.001,0.001,0.001,0.001,0.001,0.001,0.001,0.001,0.001,0.001,0.001,0.001,0.001,0.001,0.001,0.001,0.001,99.981;0.001,0.001,0.001,0.001,0.001,0.001,0.001,0.001,0.001,0.001,0.001,0.001,0.001,0.001,0.001,0.001,0.001,0.001,0.001,99.981;0.001,0.001,0.001,0.001,0.001,0.001,0.001,0.001,0.001,0.001,0.001,0.001,0.001,0.001,0.001,0.001,0.001,0.001,0.001,99.981;0.001,0.001,0.001,0.001,0.001,0.001,0.001,0.001,0.001,0.001,0.001,0.001,0.001,0.001,0.001,0.001,0.001,0.001,0.001,99.981;0.001,0.001,0.001,0.001,0.001,0.001,0.001,0.001,0.001,0.001,0.001,0.001,0.001,0.001,0.001,0.001,0.001,0.001,0.001,99.981;0.001,0.001,0.001,0.001,0.001,0.001,0.001,0.001,0.001,0.001,0.001,0.001,0.001,0.001,0.001,0.001,0.001,0.001,0.001,99.981;0.001,0.001,0.001,0.001,0.001,0.001,0.001,0.001,0.001,0.001,0.001,0.001,0.001,0.001,0.001,0.001,0.001,0.001,0.001,99.981;0.001,0.001,0.001,0.001,0.001,0.001,0.001,0.001,0.001,0.001,0.001,0.001,0.001,0.001,0.001,0.001,0.001,0.001,0.001,99.981;0.001,0.001,0.001,0.001,0.001,0.001,0.001,0.001,0.001,0.001,0.001,0.001,0.001,0.001,0.001,0.001,0.001,0.001,0.001,99.981;0.001,0.001,0.001,0.001,0.001,0.001,0.001,0.001,0.001,0.001,0.001,0.001,0.001,0.001,0.001,0.001,0.001,0.001,0.001,99.981;0.001,0.001,0.001,0.001,0.001,0.001,0.001,0.001,0.001,0.001,0.001,0.001,0.001,0.001,0.001,0.001,0.001,0.001,0.001,99.981;0.001,0.001,0.001,0.001,0.001,0.001,0.001,0.001,0.001,0.001,0.001,0.001,0.001,0.001,0.001,0.001,0.001,0.001,0.001,99.981;0.001,0.001,0.001,0.001,0.001,0.001,0.001,0.001,0.001,0.001,0.001,0.001,0.001,0.001,0.001,0.001,0.001,0.001,0.001,99.981;0.001,0.001,0.001,0.001,0.001,0.001,0.001,0.001,0.001,0.001,0.001,0.001,0.001,0.001,0.001,0.001,0.001,0.001,0.001,99.981;0.001,0.001,0.001,0.001,0.001,0.001,0.001,0.001,0.001,0.001,0.001,0.001,0.001,0.001,0.001,0.001,0.001,0.001,0.001,99.981;0.001,0.001,0.001,0.001,0.001,0.001,0.001,0.001,0.001,0.001,0.001,0.001,0.001,0.001,0.001,0.001,0.001,0.001,0.001,99.981;0.001,0.001,0.001,0.001,0.001,0.001,0.001,0.001,0.001,0.001,0.001,0.001,0.001,0.001,0.001,0.001,0.001,0.001,0.001,99.981;0.001,0.001,0.001,0.001,0.001,0.001,0.001,0.001,0.001,0.001,0.001,0.001,0.001,0.001,0.001,0.001,0.001,0.001,0.001,99.981;0.001,0.001,0.001,0.001,0.001,0.001,0.001,0.001,0.001,0.001,0.001,0.001,0.001,0.001,0.001,0.001,0.001,0.001,0.001,99.981;0.001,0.001,0.001,0.001,0.001,0.001,0.001,0.001,0.001,0.001,0.001,0.001,0.001,0.001,0.001,0.001,0.001,0.001,0.001,99.981;0.001,0.001,0.001,0.001,0.001,0.001,0.001,0.001,0.001,0.001,0.001,0.001,0.001,0.001,0.001,0.001,0.001,0.001,0.001,99.981;0.001,0.001,0.001,0.001,0.001,0.001,0.001,0.001,0.001,0.001,0.001,0.001,0.001,0.001,0.001,0.001,0.001,0.001,0.001,99.981;0.001,0.001,0.001,0.001,0.001,0.001,0.001,0.001,0.001,0.001,0.001,0.001,0.001,0.001,0.001,0.001,0.001,0.001,0.001,99.981;0.001,0.001,0.001,0.001,0.001,0.001,0.001,0.001,0.001,0.001,0.001,0.001,0.001,0.001,0.001,0.001,0.001,0.001,0.001,99.981;0.001,0.001,0.001,0.001,0.001,0.001,0.001,0.001,0.001,0.001,0.001,0.001,0.001,0.001,0.001,0.001,0.001,0.001,0.001,99.981;0.001,0.001,0.001,0.001,0.001,0.001,0.001,0.001,0.001,0.001,0.001,0.001,0.001,0.001,0.001,0.001,0.001,0.001,0.001,99.981;0.001,0.001,0.001,0.001,0.001,0.001,0.001,0.001,0.001,0.001,0.001,0.001,0.001,0.001,0.001,0.001,0.001,0.001,0.001,99.981;0.001,0.001,0.001,0.001,0.001,0.001,0.001,0.001,0.001,0.001,0.001,0.001,0.001,0.001,0.001,0.001,0.001,0.001,0.001,99.981;0.001,0.001,0.001,0.001,0.001,0.001,0.001,0.001,0.001,0.001,0.001,0.001,0.001,0.001,0.001,0.001,0.001,0.001,0.001,99.981;0.001,0.001,0.001,0.001,0.001,0.001,0.001,0.001,0.001,0.001,0.001,0.001,0.001,0.001,0.001,0.001,0.001,0.001,0.001,99.981;0.001,0.001,0.001,0.001,0.001,0.001,0.001,0.001,0.001,0.001,0.001,0.001,0.001,0.001,0.001,0.001,0.001,0.001,0.001,99.981"
    levelsQoS 20
    queueSizes "32,32,32,32,32,32,32,32,32,32,32,32,32,32,32,32,32,32,32,32"
  ]
  node [
    id 14
    label "14"
    Country "Indonesia"
    Longitude 112.05
    Internal 1
    Latitude -6.9
    type "inner"
    schedulingPolicy "WFQ"
    tosToQoSqueue "53,55,59;57,58;56;60;54;61;74;75;73;33;35,0,1,2,3,4,5,6,7,8,9,10,11,12,13,14,15,16,17,18,19,20,21,22,23,24,25,26,27,28,29,30,31,32,34,36,37,38,39,40,41,42,43,44,45,46,47,48,49,50,51,52,62,63,64,65,66,67,68,69,70,71,72,76"
    schedulingWeights "19.186,13.173,7.37,7.922,7.588,7.823,0.431,0.374,0.405,0.001,35.727;0.001,0.001,0.001,0.001,0.001,0.001,0.001,0.001,0.001,35.644,64.347"
    levelsQoS 11
    queueSizes "32,32,32,32,32,32,32,32,32,32,32"
  ]
  node [
    id 15
    label "15"
    Country "Indonesia"
    Longitude 114.3646
    Internal 1
    Latitude -8.2215
    type "antenna"
    schedulingPolicy "WFQ"
    tosToQoSqueue "39;40,41;37;43;42;44;38,45;36;34,0,1,2,3,4,5,6,7,8,9,10,11,12,13,14,15,16,17,18,19,20,21,22,23,24,25,26,27,28,29,30,31,32,33,35,46,47,48,49,50,51,52,53,54,55,56,57,58,59,60,61,62,63,64,65,66,67,68,69,70,71,72,73,74,75,76"
    schedulingWeights "0.001,0.001,0.001,0.001,0.001,0.001,0.001,0.001,99.992;6.395,13.173,7.523,0.348,0.374,0.381,0.756,35.644,35.407;0.001,0.001,0.001,0.001,0.001,0.001,0.001,0.001,99.992;0.001,0.001,0.001,0.001,0.001,0.001,0.001,0.001,99.992;0.001,0.001,0.001,0.001,0.001,0.001,0.001,0.001,99.992;0.001,0.001,0.001,0.001,0.001,0.001,0.001,0.001,99.992;0.001,0.001,0.001,0.001,0.001,0.001,0.001,0.001,99.992;0.001,0.001,0.001,0.001,0.001,0.001,0.001,0.001,99.992;0.001,0.001,0.001,0.001,0.001,0.001,0.001,0.001,99.992;0.001,0.001,0.001,0.001,0.001,0.001,0.001,0.001,99.992;0.001,0.001,0.001,0.001,0.001,0.001,0.001,0.001,99.992;0.001,0.001,0.001,0.001,0.001,0.001,0.001,0.001,99.992;0.001,0.001,0.001,0.001,0.001,0.001,0.001,0.001,99.992"
    levelsQoS 9
    queueSizes "32,32,32,32,32,32,32,32,32"
  ]
  node [
    id 16
    label "16"
    Country "Indonesia"
    Longitude 113.70317
    Internal 1
    Latitude -8.16604
    type "inner"
    schedulingPolicy "WFQ"
    tosToQoSqueue "39;40,41;37;43;42;44;38,45;33,36;34,35,0,1,2,3,4,5,6,7,8,9,10,11,12,13,14,15,16,17,18,19,20,21,22,23,24,25,26,27,28,29,30,31,32,46,47,48,49,50,51,52,53,54,55,56,57,58,59,60,61,62,63,64,65,66,67,68,69,70,71,72,73,74,75,76"
    schedulingWeights "0.001,0.001,0.001,0.001,0.001,0.001,0.001,0.001,99.992;6.395,13.173,7.523,0.348,0.374,0.381,0.756,35.644,35.407;0.001,0.001,0.001,0.001,0.001,0.001,0.001,35.644,64.349"
    levelsQoS 9
    queueSizes "32,32,32,32,32,32,32,32,32"
  ]
  node [
    id 17
    label "17"
    Country "Indonesia"
    Longitude 113.2159
    Internal 1
    Latitude -7.7543
    type "inner"
    schedulingPolicy "WFQ"
    tosToQoSqueue "39;40,41;37;43;42;44;38,45;33,36;34,35,0,1,2,3,4,5,6,7,8,9,10,11,12,13,14,15,16,17,18,19,20,21,22,23,24,25,26,27,28,29,30,31,32,46,47,48,49,50,51,52,53,54,55,56,57,58,59,60,61,62,63,64,65,66,67,68,69,70,71,72,73,74,75,76"
    schedulingWeights "6.395,13.173,7.523,0.348,0.374,0.381,0.756,35.644,35.407;0.001,0.001,0.001,0.001,0.001,0.001,0.001,35.644,64.349"
    levelsQoS 9
    queueSizes "32,32,32,32,32,32,32,32,32"
  ]
  node [
    id 18
    label "18"
    Country "Indonesia"
    Longitude 112.6304
    Internal 1
    Latitude -7.9797
    type "inner"
    schedulingPolicy "WFQ"
    tosToQoSqueue "33;35,0,1,2,3,4,5,6,7,8,9,10,11,12,13,14,15,16,17,18,19,20,21,22,23,24,25,26,27,28,29,30,31,32,34,36,37,38,39,40,41,42,43,44,45,46,47,48,49,50,51,52,53,54,55,56,57,58,59,60,61,62,63,64,65,66,67,68,69,70,71,72,73,74,75,76"
    schedulingWeights "35.644,64.356;0.001,99.999"
    levelsQoS 2
    queueSizes "32,32"
  ]
  node [
    id 19
    label "19"
    Internal 1
    type "inner"
    schedulingPolicy "WFQ"
    tosToQoSqueue "0,1,2,3,4,5,6,7,8,9,10,11,12,13,14,15,16,17,18,19,20,21,22,23,24,25,26,27,28,29,30,31,32,33,34,35,36,37,38,39,40,41,42,43,44,45,46,47,48,49,50,51,52,53,54,55,56,57,58,59,60,61,62,63,64,65,66,67,68,69,70,71,72,73,74,75,76"
    schedulingWeights "100"
    levelsQoS 1
    queueSizes "32"
  ]
  node [
    id 20
    label "20"
    Country "Indonesia"
    Longitude 105.85
    Internal 1
    Latitude -6.76667
    type "inner"
    schedulingPolicy "WFQ"
    tosToQoSqueue "50,65,74;67;43,62,63,66;42,75;72,76;64,69;46;44,49,68;38,45;70,71,73,0,1,2,3,4,5,6,7,8,9,10,11,12,13,14,15,16,17,18,19,20,21,22,23,24,25,26,27,28,29,30,31,32,33,34,35,36,37,39,40,41,47,48,51,52,53,54,55,56,57,58,59,60,61"
    schedulingWeights "0.001,0.001,0.001,0.001,0.001,0.001,0.001,0.001,0.001,99.991;1.294,0.389,1.39,0.749,0.847,0.913,0.36,1.143,0.756,92.159"
    levelsQoS 10
    queueSizes "32,32,32,32,32,32,32,32,32,32"
  ]
  node [
    id 21
    label "21"
    Country "Indonesia"
    Longitude 109.1402
    Internal 1
    Latitude -6.8694
    type "inner"
    schedulingPolicy "WFQ"
    tosToQoSqueue "39;40,41;37;43;42;44;38,45;32;35,0,1,2,3,4,5,6,7,8,9,10,11,12,13,14,15,16,17,18,19,20,21,22,23,24,25,26,27,28,29,30,31,33,34,36,46,47,48,49,50,51,52,53,54,55,56,57,58,59,60,61,62,63,64,65,66,67,68,69,70,71,72,73,74,75,76"
    schedulingWeights "0.001,0.001,0.001,0.001,0.001,0.001,0.001,0.001,99.992;6.395,13.173,7.523,0.348,0.374,0.381,0.756,35.644,35.407"
    levelsQoS 9
    queueSizes "32,32,32,32,32,32,32,32,32"
  ]
  node [
    id 22
    label "22"
    Country "Indonesia"
    Longitude 108.557
    Internal 1
    Latitude -6.7063
    type "inner"
    schedulingPolicy "WFQ"
    tosToQoSqueue "39;40,41;37;43;42;44;38,45;32;35,0,1,2,3,4,5,6,7,8,9,10,11,12,13,14,15,16,17,18,19,20,21,22,23,24,25,26,27,28,29,30,31,33,34,36,46,47,48,49,50,51,52,53,54,55,56,57,58,59,60,61,62,63,64,65,66,67,68,69,70,71,72,73,74,75,76"
    schedulingWeights "0.001,0.001,0.001,0.001,0.001,0.001,0.001,0.001,99.992;6.395,13.173,7.523,0.348,0.374,0.381,0.756,35.644,35.407"
    levelsQoS 9
    queueSizes "32,32,32,32,32,32,32,32,32"
  ]
  node [
    id 23
    label "23"
    Country "Indonesia"
    Longitude 107.61861
    Internal 1
    Latitude -6.90389
    type "inner"
    schedulingPolicy "WFQ"
    tosToQoSqueue "39;40,41;37;50,65,74;67;43,62,63,66;42,75;72,76;64,69;46;44,49,68;38,45;70,71,73;32;35,0,1,2,3,4,5,6,7,8,9,10,11,12,13,14,15,16,17,18,19,20,21,22,23,24,25,26,27,28,29,30,31,33,34,36,47,48,51,52,53,54,55,56,57,58,59,60,61"
    schedulingWeights "0.001,0.001,0.001,1.294,0.389,1.39,0.749,0.847,0.913,0.36,1.143,0.756,1.216,0.001,90.939;6.395,13.173,7.523,0.001,0.001,0.001,0.001,0.001,0.001,0.001,0.001,0.001,0.001,35.644,37.256;0.001,0.001,0.001,0.001,0.001,0.001,0.001,0.001,0.001,0.001,0.001,0.001,0.001,0.001,99.986;0.001,0.001,0.001,0.001,0.001,0.001,0.001,0.001,0.001,0.001,0.001,0.001,0.001,0.001,99.986"
    levelsQoS 15
    queueSizes "32,32,32,32,32,32,32,32,32,32,32,32,32,32,32"
  ]
  node [
    id 24
    label "24"
    Country "Indonesia"
    Longitude 107.30556
    Internal 1
    Latitude -6.30333
    type "inner"
    schedulingPolicy "WFQ"
    tosToQoSqueue "0,1,2,3,4,5,6,7,8,9,10,11,12,13,14,15,16,17,18,19,20,21,22,23,24,25,26,27,28,29,30,31,32,33,34,35,36,37,38,39,40,41,42,43,44,45,46,47,48,49,50,51,52,53,54,55,56,57,58,59,60,61,62,63,64,65,66,67,68,69,70,71,72,73,74,75,76"
    schedulingWeights "100;100"
    levelsQoS 1
    queueSizes "32"
  ]
  node [
    id 25
    label "25"
    Country "Indonesia"
    Longitude 106.84513
    Internal 1
    Latitude -6.21462
    type "destination_mmtc"
    schedulingPolicy "FIFO"
    levelsQoS "1"
    schedulingWeights "-"
    tosToQoSqueue "0,1,2,3,4,5,6,7,8,9,10,11,12,13,14,15,16,17,18,19,20,21,22,23,24,25,26,27,28,29,30,31,32,33,34,35,36,37,38,39,40,41,42,43,44,45,46,47,48,49,50,51,52,53,54,55,56,57,58,59,60,61,62,63,64,65,66,67,68,69,70,71,72,73,74,75,76"
    queueSizes "32"
  ]
  node [
    id 26
    label "26"
    Country "Indonesia"
    Longitude 106.78917
    Internal 1
    Latitude -6.59444
    type "inner"
    schedulingPolicy "WFQ"
    tosToQoSqueue "50,65,74;67;43,62,63,66;42,75;72,76;64,69;46;44,49,68;38,45;70,71,73,0,1,2,3,4,5,6,7,8,9,10,11,12,13,14,15,16,17,18,19,20,21,22,23,24,25,26,27,28,29,30,31,32,33,34,35,36,37,39,40,41,47,48,51,52,53,54,55,56,57,58,59,60,61"
    schedulingWeights "0.001,0.001,0.001,0.001,0.001,0.001,0.001,0.001,0.001,99.991;1.294,0.389,1.39,0.749,0.847,0.913,0.36,1.143,0.756,92.159;0.001,0.001,0.001,0.001,0.001,0.001,0.001,0.001,0.001,99.991"
    levelsQoS 10
    queueSizes "32,32,32,32,32,32,32,32,32,32"
  ]
  node [
    id 27
    label "27"
    Country "Indonesia"
    Longitude 106.1502
    Internal 1
    Latitude -6.1149
    type "inner"
    schedulingPolicy "WFQ"
    tosToQoSqueue "50,65,74;67;43,62,63,66;42,75;72,76;64,69;46;44,49,68;38,45;70,71,73,0,1,2,3,4,5,6,7,8,9,10,11,12,13,14,15,16,17,18,19,20,21,22,23,24,25,26,27,28,29,30,31,32,33,34,35,36,37,39,40,41,47,48,51,52,53,54,55,56,57,58,59,60,61"
    schedulingWeights "1.294,0.389,1.39,0.749,0.847,0.913,0.36,1.143,0.756,92.159;0.001,0.001,0.001,0.001,0.001,0.001,0.001,0.001,0.001,99.991"
    levelsQoS 10
    queueSizes "32,32,32,32,32,32,32,32,32,32"
  ]
  node [
    id 28
    label "28"
    Country "Indonesia"
    Longitude 105.88333
    Internal 1
    Latitude -6.06667
    type "inner"
    schedulingPolicy "WFQ"
    tosToQoSqueue "50,65,74;67;43,62,63,66;42,75;72,76;64,69;46;44,49,68;38,45;70,71,73,0,1,2,3,4,5,6,7,8,9,10,11,12,13,14,15,16,17,18,19,20,21,22,23,24,25,26,27,28,29,30,31,32,33,34,35,36,37,39,40,41,47,48,51,52,53,54,55,56,57,58,59,60,61"
    schedulingWeights "0.001,0.001,0.001,0.001,0.001,0.001,0.001,0.001,0.001,99.991;0.001,0.001,0.001,0.001,0.001,0.001,0.001,0.001,0.001,99.991;1.294,0.389,1.39,0.749,0.847,0.913,0.36,1.143,0.756,92.159"
    levelsQoS 10
    queueSizes "32,32,32,32,32,32,32,32,32,32"
  ]
  node [
    id 29
    label "29"
    schedulingPolicy "FIFO"
    levelsQoS "1"
    schedulingWeights "-"
    tosToQoSqueue "0,1,2,3,4,5,6,7,8,9,10,11,12,13,14,15,16,17,18,19,20,21,22,23,24,25,26,27,28,29,30,31,32,33,34,35,36,37,38,39,40,41,42,43,44,45,46,47,48,49,50,51,52,53,54,55,56,57,58,59,60,61,62,63,64,65,66,67,68,69,70,71,72,73,74,75,76"
    queueSizes "32"
    type "destination_urllc"
  ]
  node [
    id 30
    label "30"
    schedulingPolicy "FIFO"
    levelsQoS "1"
    schedulingWeights "-"
    tosToQoSqueue "0,1,2,3,4,5,6,7,8,9,10,11,12,13,14,15,16,17,18,19,20,21,22,23,24,25,26,27,28,29,30,31,32,33,34,35,36,37,38,39,40,41,42,43,44,45,46,47,48,49,50,51,52,53,54,55,56,57,58,59,60,61,62,63,64,65,66,67,68,69,70,71,72,73,74,75,76"
    queueSizes "32"
    type "destination_mmtc"
  ]
  node [
    id 31
    label "31"
    schedulingPolicy "FIFO"
    levelsQoS "1"
    schedulingWeights "-"
    tosToQoSqueue "0,1,2,3,4,5,6,7,8,9,10,11,12,13,14,15,16,17,18,19,20,21,22,23,24,25,26,27,28,29,30,31,32,33,34,35,36,37,38,39,40,41,42,43,44,45,46,47,48,49,50,51,52,53,54,55,56,57,58,59,60,61,62,63,64,65,66,67,68,69,70,71,72,73,74,75,76"
    queueSizes "32"
    type "destination_embb"
  ]
  node [
    id 32
    label "32"
    schedulingPolicy "FIFO"
    levelsQoS "1"
    schedulingWeights "-"
    tosToQoSqueue "0,1,2,3,4,5,6,7,8,9,10,11,12,13,14,15,16,17,18,19,20,21,22,23,24,25,26,27,28,29,30,31,32,33,34,35,36,37,38,39,40,41,42,43,44,45,46,47,48,49,50,51,52,53,54,55,56,57,58,59,60,61,62,63,64,65,66,67,68,69,70,71,72,73,74,75,76"
    queueSizes "32"
    type "origin_embb"
    reservation 17821800.0
  ]
  node [
    id 33
    label "33"
    schedulingPolicy "FIFO"
    levelsQoS "1"
    schedulingWeights "-"
    tosToQoSqueue "0,1,2,3,4,5,6,7,8,9,10,11,12,13,14,15,16,17,18,19,20,21,22,23,24,25,26,27,28,29,30,31,32,33,34,35,36,37,38,39,40,41,42,43,44,45,46,47,48,49,50,51,52,53,54,55,56,57,58,59,60,61,62,63,64,65,66,67,68,69,70,71,72,73,74,75,76"
    queueSizes "32"
    type "origin_embb"
    reservation 17821800.0
  ]
  node [
    id 34
    label "34"
    schedulingPolicy "FIFO"
    levelsQoS "1"
    schedulingWeights "-"
    tosToQoSqueue "0,1,2,3,4,5,6,7,8,9,10,11,12,13,14,15,16,17,18,19,20,21,22,23,24,25,26,27,28,29,30,31,32,33,34,35,36,37,38,39,40,41,42,43,44,45,46,47,48,49,50,51,52,53,54,55,56,57,58,59,60,61,62,63,64,65,66,67,68,69,70,71,72,73,74,75,76"
    queueSizes "32"
    type "origin_embb"
    reservation 17541000.0
  ]
  node [
    id 35
    label "35"
    schedulingPolicy "FIFO"
    levelsQoS "1"
    schedulingWeights "-"
    tosToQoSqueue "0,1,2,3,4,5,6,7,8,9,10,11,12,13,14,15,16,17,18,19,20,21,22,23,24,25,26,27,28,29,30,31,32,33,34,35,36,37,38,39,40,41,42,43,44,45,46,47,48,49,50,51,52,53,54,55,56,57,58,59,60,61,62,63,64,65,66,67,68,69,70,71,72,73,74,75,76"
    queueSizes "32"
    type "origin_embb"
    reservation 17541000.0
  ]
  node [
    id 36
    label "36"
    schedulingPolicy "FIFO"
    levelsQoS "1"
    schedulingWeights "-"
    tosToQoSqueue "0,1,2,3,4,5,6,7,8,9,10,11,12,13,14,15,16,17,18,19,20,21,22,23,24,25,26,27,28,29,30,31,32,33,34,35,36,37,38,39,40,41,42,43,44,45,46,47,48,49,50,51,52,53,54,55,56,57,58,59,60,61,62,63,64,65,66,67,68,69,70,71,72,73,74,75,76"
    queueSizes "32"
    type "origin_embb"
    reservation 17821800.0
  ]
  node [
    id 37
    label "37"
    schedulingPolicy "FIFO"
    levelsQoS "1"
    schedulingWeights "-"
    tosToQoSqueue "0,1,2,3,4,5,6,7,8,9,10,11,12,13,14,15,16,17,18,19,20,21,22,23,24,25,26,27,28,29,30,31,32,33,34,35,36,37,38,39,40,41,42,43,44,45,46,47,48,49,50,51,52,53,54,55,56,57,58,59,60,61,62,63,64,65,66,67,68,69,70,71,72,73,74,75,76"
    queueSizes "32"
    type "origin_urllc"
    reservation 3761450.0
  ]
  node [
    id 38
    label "38"
    schedulingPolicy "FIFO"
    levelsQoS "1"
    schedulingWeights "-"
    tosToQoSqueue "0,1,2,3,4,5,6,7,8,9,10,11,12,13,14,15,16,17,18,19,20,21,22,23,24,25,26,27,28,29,30,31,32,33,34,35,36,37,38,39,40,41,42,43,44,45,46,47,48,49,50,51,52,53,54,55,56,57,58,59,60,61,62,63,64,65,66,67,68,69,70,71,72,73,74,75,76"
    queueSizes "32"
    type "origin_mmtc"
    reservation 188960.0
  ]
  node [
    id 39
    label "39"
    schedulingPolicy "FIFO"
    levelsQoS "1"
    schedulingWeights "-"
    tosToQoSqueue "0,1,2,3,4,5,6,7,8,9,10,11,12,13,14,15,16,17,18,19,20,21,22,23,24,25,26,27,28,29,30,31,32,33,34,35,36,37,38,39,40,41,42,43,44,45,46,47,48,49,50,51,52,53,54,55,56,57,58,59,60,61,62,63,64,65,66,67,68,69,70,71,72,73,74,75,76"
    queueSizes "32"
    type "origin_urllc"
    reservation 3197600.0
  ]
  node [
    id 40
    label "40"
    schedulingPolicy "FIFO"
    levelsQoS "1"
    schedulingWeights "-"
    tosToQoSqueue "0,1,2,3,4,5,6,7,8,9,10,11,12,13,14,15,16,17,18,19,20,21,22,23,24,25,26,27,28,29,30,31,32,33,34,35,36,37,38,39,40,41,42,43,44,45,46,47,48,49,50,51,52,53,54,55,56,57,58,59,60,61,62,63,64,65,66,67,68,69,70,71,72,73,74,75,76"
    queueSizes "32"
    type "origin_urllc"
    reservation 3293150.0
  ]
  node [
    id 41
    label "41"
    schedulingPolicy "FIFO"
    levelsQoS "1"
    schedulingWeights "-"
    tosToQoSqueue "0,1,2,3,4,5,6,7,8,9,10,11,12,13,14,15,16,17,18,19,20,21,22,23,24,25,26,27,28,29,30,31,32,33,34,35,36,37,38,39,40,41,42,43,44,45,46,47,48,49,50,51,52,53,54,55,56,57,58,59,60,61,62,63,64,65,66,67,68,69,70,71,72,73,74,75,76"
    queueSizes "32"
    type "origin_urllc"
    reservation 3293150.0
  ]
  node [
    id 42
    label "42"
    schedulingPolicy "FIFO"
    levelsQoS "1"
    schedulingWeights "-"
    tosToQoSqueue "0,1,2,3,4,5,6,7,8,9,10,11,12,13,14,15,16,17,18,19,20,21,22,23,24,25,26,27,28,29,30,31,32,33,34,35,36,37,38,39,40,41,42,43,44,45,46,47,48,49,50,51,52,53,54,55,56,57,58,59,60,61,62,63,64,65,66,67,68,69,70,71,72,73,74,75,76"
    queueSizes "32"
    type "origin_mmtc"
    reservation 187160.0
  ]
  node [
    id 43
    label "43"
    schedulingPolicy "FIFO"
    levelsQoS "1"
    schedulingWeights "-"
    tosToQoSqueue "0,1,2,3,4,5,6,7,8,9,10,11,12,13,14,15,16,17,18,19,20,21,22,23,24,25,26,27,28,29,30,31,32,33,34,35,36,37,38,39,40,41,42,43,44,45,46,47,48,49,50,51,52,53,54,55,56,57,58,59,60,61,62,63,64,65,66,67,68,69,70,71,72,73,74,75,76"
    queueSizes "32"
    type "origin_mmtc"
    reservation 173780.0
  ]
  node [
    id 44
    label "44"
    schedulingPolicy "FIFO"
    levelsQoS "1"
    schedulingWeights "-"
    tosToQoSqueue "0,1,2,3,4,5,6,7,8,9,10,11,12,13,14,15,16,17,18,19,20,21,22,23,24,25,26,27,28,29,30,31,32,33,34,35,36,37,38,39,40,41,42,43,44,45,46,47,48,49,50,51,52,53,54,55,56,57,58,59,60,61,62,63,64,65,66,67,68,69,70,71,72,73,74,75,76"
    queueSizes "32"
    type "origin_mmtc"
    reservation 190460.0
  ]
  node [
    id 45
    label "45"
    schedulingPolicy "FIFO"
    levelsQoS "1"
    schedulingWeights "-"
    tosToQoSqueue "0,1,2,3,4,5,6,7,8,9,10,11,12,13,14,15,16,17,18,19,20,21,22,23,24,25,26,27,28,29,30,31,32,33,34,35,36,37,38,39,40,41,42,43,44,45,46,47,48,49,50,51,52,53,54,55,56,57,58,59,60,61,62,63,64,65,66,67,68,69,70,71,72,73,74,75,76"
    queueSizes "32"
    type "origin_mmtc"
    reservation 188960.0
  ]
  node [
    id 46
    label "46"
    schedulingPolicy "FIFO"
    levelsQoS "1"
    schedulingWeights "-"
    tosToQoSqueue "0,1,2,3,4,5,6,7,8,9,10,11,12,13,14,15,16,17,18,19,20,21,22,23,24,25,26,27,28,29,30,31,32,33,34,35,36,37,38,39,40,41,42,43,44,45,46,47,48,49,50,51,52,53,54,55,56,57,58,59,60,61,62,63,64,65,66,67,68,69,70,71,72,73,74,75,76"
    queueSizes "32"
    type "origin_mmtc"
    reservation 180020.0
  ]
  node [
    id 47
    label "47"
    schedulingPolicy "FIFO"
    levelsQoS "1"
    schedulingWeights "-"
    tosToQoSqueue "0,1,2,3,4,5,6,7,8,9,10,11,12,13,14,15,16,17,18,19,20,21,22,23,24,25,26,27,28,29,30,31,32,33,34,35,36,37,38,39,40,41,42,43,44,45,46,47,48,49,50,51,52,53,54,55,56,57,58,59,60,61,62,63,64,65,66,67,68,69,70,71,72,73,74,75,76"
    queueSizes "32"
    type "origin_urllc"
    reservation 3910550.0
  ]
  node [
    id 48
    label "48"
    schedulingPolicy "FIFO"
    levelsQoS "1"
    schedulingWeights "-"
    tosToQoSqueue "0,1,2,3,4,5,6,7,8,9,10,11,12,13,14,15,16,17,18,19,20,21,22,23,24,25,26,27,28,29,30,31,32,33,34,35,36,37,38,39,40,41,42,43,44,45,46,47,48,49,50,51,52,53,54,55,56,57,58,59,60,61,62,63,64,65,66,67,68,69,70,71,72,73,74,75,76"
    queueSizes "32"
    type "origin_urllc"
    reservation 3910550.0
  ]
  node [
    id 49
    label "49"
    schedulingPolicy "FIFO"
    levelsQoS "1"
    schedulingWeights "-"
    tosToQoSqueue "0,1,2,3,4,5,6,7,8,9,10,11,12,13,14,15,16,17,18,19,20,21,22,23,24,25,26,27,28,29,30,31,32,33,34,35,36,37,38,39,40,41,42,43,44,45,46,47,48,49,50,51,52,53,54,55,56,57,58,59,60,61,62,63,64,65,66,67,68,69,70,71,72,73,74,75,76"
    queueSizes "32"
    type "origin_mmtc"
    reservation 190460.0
  ]
  node [
    id 50
    label "50"
    schedulingPolicy "FIFO"
    levelsQoS "1"
    schedulingWeights "-"
    tosToQoSqueue "0,1,2,3,4,5,6,7,8,9,10,11,12,13,14,15,16,17,18,19,20,21,22,23,24,25,26,27,28,29,30,31,32,33,34,35,36,37,38,39,40,41,42,43,44,45,46,47,48,49,50,51,52,53,54,55,56,57,58,59,60,61,62,63,64,65,66,67,68,69,70,71,72,73,74,75,76"
    queueSizes "32"
    type "origin_mmtc"
    reservation 215660.0
  ]
  node [
    id 51
    label "51"
    schedulingPolicy "FIFO"
    levelsQoS "1"
    schedulingWeights "-"
    tosToQoSqueue "0,1,2,3,4,5,6,7,8,9,10,11,12,13,14,15,16,17,18,19,20,21,22,23,24,25,26,27,28,29,30,31,32,33,34,35,36,37,38,39,40,41,42,43,44,45,46,47,48,49,50,51,52,53,54,55,56,57,58,59,60,61,62,63,64,65,66,67,68,69,70,71,72,73,74,75,76"
    queueSizes "32"
    type "origin_urllc"
    reservation 3273200.0
  ]
  node [
    id 52
    label "52"
    schedulingPolicy "FIFO"
    levelsQoS "1"
    schedulingWeights "-"
    tosToQoSqueue "0,1,2,3,4,5,6,7,8,9,10,11,12,13,14,15,16,17,18,19,20,21,22,23,24,25,26,27,28,29,30,31,32,33,34,35,36,37,38,39,40,41,42,43,44,45,46,47,48,49,50,51,52,53,54,55,56,57,58,59,60,61,62,63,64,65,66,67,68,69,70,71,72,73,74,75,76"
    queueSizes "32"
    type "origin_urllc"
    reservation 3761450.0
  ]
  node [
    id 53
    label "53"
    schedulingPolicy "FIFO"
    levelsQoS "1"
    schedulingWeights "-"
    tosToQoSqueue "0,1,2,3,4,5,6,7,8,9,10,11,12,13,14,15,16,17,18,19,20,21,22,23,24,25,26,27,28,29,30,31,32,33,34,35,36,37,38,39,40,41,42,43,44,45,46,47,48,49,50,51,52,53,54,55,56,57,58,59,60,61,62,63,64,65,66,67,68,69,70,71,72,73,74,75,76"
    queueSizes "32"
    type "origin_urllc"
    reservation 3197600.0
  ]
  node [
    id 54
    label "54"
    schedulingPolicy "FIFO"
    levelsQoS "1"
    schedulingWeights "-"
    tosToQoSqueue "0,1,2,3,4,5,6,7,8,9,10,11,12,13,14,15,16,17,18,19,20,21,22,23,24,25,26,27,28,29,30,31,32,33,34,35,36,37,38,39,40,41,42,43,44,45,46,47,48,49,50,51,52,53,54,55,56,57,58,59,60,61,62,63,64,65,66,67,68,69,70,71,72,73,74,75,76"
    queueSizes "32"
    type "origin_urllc"
    reservation 3794000.0
  ]
  node [
    id 55
    label "55"
    schedulingPolicy "FIFO"
    levelsQoS "1"
    schedulingWeights "-"
    tosToQoSqueue "0,1,2,3,4,5,6,7,8,9,10,11,12,13,14,15,16,17,18,19,20,21,22,23,24,25,26,27,28,29,30,31,32,33,34,35,36,37,38,39,40,41,42,43,44,45,46,47,48,49,50,51,52,53,54,55,56,57,58,59,60,61,62,63,64,65,66,67,68,69,70,71,72,73,74,75,76"
    queueSizes "32"
    type "origin_urllc"
    reservation 3197600.0
  ]
  node [
    id 56
    label "56"
    schedulingPolicy "FIFO"
    levelsQoS "1"
    schedulingWeights "-"
    tosToQoSqueue "0,1,2,3,4,5,6,7,8,9,10,11,12,13,14,15,16,17,18,19,20,21,22,23,24,25,26,27,28,29,30,31,32,33,34,35,36,37,38,39,40,41,42,43,44,45,46,47,48,49,50,51,52,53,54,55,56,57,58,59,60,61,62,63,64,65,66,67,68,69,70,71,72,73,74,75,76"
    queueSizes "32"
    type "origin_urllc"
    reservation 3684800.0
  ]
  node [
    id 57
    label "57"
    schedulingPolicy "FIFO"
    levelsQoS "1"
    schedulingWeights "-"
    tosToQoSqueue "0,1,2,3,4,5,6,7,8,9,10,11,12,13,14,15,16,17,18,19,20,21,22,23,24,25,26,27,28,29,30,31,32,33,34,35,36,37,38,39,40,41,42,43,44,45,46,47,48,49,50,51,52,53,54,55,56,57,58,59,60,61,62,63,64,65,66,67,68,69,70,71,72,73,74,75,76"
    queueSizes "32"
    type "origin_urllc"
    reservation 3293150.0
  ]
  node [
    id 58
    label "58"
    schedulingPolicy "FIFO"
    levelsQoS "1"
    schedulingWeights "-"
    tosToQoSqueue "0,1,2,3,4,5,6,7,8,9,10,11,12,13,14,15,16,17,18,19,20,21,22,23,24,25,26,27,28,29,30,31,32,33,34,35,36,37,38,39,40,41,42,43,44,45,46,47,48,49,50,51,52,53,54,55,56,57,58,59,60,61,62,63,64,65,66,67,68,69,70,71,72,73,74,75,76"
    queueSizes "32"
    type "origin_urllc"
    reservation 3293150.0
  ]
  node [
    id 59
    label "59"
    schedulingPolicy "FIFO"
    levelsQoS "1"
    schedulingWeights "-"
    tosToQoSqueue "0,1,2,3,4,5,6,7,8,9,10,11,12,13,14,15,16,17,18,19,20,21,22,23,24,25,26,27,28,29,30,31,32,33,34,35,36,37,38,39,40,41,42,43,44,45,46,47,48,49,50,51,52,53,54,55,56,57,58,59,60,61,62,63,64,65,66,67,68,69,70,71,72,73,74,75,76"
    queueSizes "32"
    type "origin_urllc"
    reservation 3197600.0
  ]
  node [
    id 60
    label "60"
    schedulingPolicy "FIFO"
    levelsQoS "1"
    schedulingWeights "-"
    tosToQoSqueue "0,1,2,3,4,5,6,7,8,9,10,11,12,13,14,15,16,17,18,19,20,21,22,23,24,25,26,27,28,29,30,31,32,33,34,35,36,37,38,39,40,41,42,43,44,45,46,47,48,49,50,51,52,53,54,55,56,57,58,59,60,61,62,63,64,65,66,67,68,69,70,71,72,73,74,75,76"
    queueSizes "32"
    type "origin_urllc"
    reservation 3960950.0
  ]
  node [
    id 61
    label "61"
    schedulingPolicy "FIFO"
    levelsQoS "1"
    schedulingWeights "-"
    tosToQoSqueue "0,1,2,3,4,5,6,7,8,9,10,11,12,13,14,15,16,17,18,19,20,21,22,23,24,25,26,27,28,29,30,31,32,33,34,35,36,37,38,39,40,41,42,43,44,45,46,47,48,49,50,51,52,53,54,55,56,57,58,59,60,61,62,63,64,65,66,67,68,69,70,71,72,73,74,75,76"
    queueSizes "32"
    type "origin_urllc"
    reservation 3911600.0
  ]
  node [
    id 62
    label "62"
    schedulingPolicy "FIFO"
    levelsQoS "1"
    schedulingWeights "-"
    tosToQoSqueue "0,1,2,3,4,5,6,7,8,9,10,11,12,13,14,15,16,17,18,19,20,21,22,23,24,25,26,27,28,29,30,31,32,33,34,35,36,37,38,39,40,41,42,43,44,45,46,47,48,49,50,51,52,53,54,55,56,57,58,59,60,61,62,63,64,65,66,67,68,69,70,71,72,73,74,75,76"
    queueSizes "32"
    type "origin_mmtc"
    reservation 173780.0
  ]
  node [
    id 63
    label "63"
    schedulingPolicy "FIFO"
    levelsQoS "1"
    schedulingWeights "-"
    tosToQoSqueue "0,1,2,3,4,5,6,7,8,9,10,11,12,13,14,15,16,17,18,19,20,21,22,23,24,25,26,27,28,29,30,31,32,33,34,35,36,37,38,39,40,41,42,43,44,45,46,47,48,49,50,51,52,53,54,55,56,57,58,59,60,61,62,63,64,65,66,67,68,69,70,71,72,73,74,75,76"
    queueSizes "32"
    type "origin_mmtc"
    reservation 173780.0
  ]
  node [
    id 64
    label "64"
    schedulingPolicy "FIFO"
    levelsQoS "1"
    schedulingWeights "-"
    tosToQoSqueue "0,1,2,3,4,5,6,7,8,9,10,11,12,13,14,15,16,17,18,19,20,21,22,23,24,25,26,27,28,29,30,31,32,33,34,35,36,37,38,39,40,41,42,43,44,45,46,47,48,49,50,51,52,53,54,55,56,57,58,59,60,61,62,63,64,65,66,67,68,69,70,71,72,73,74,75,76"
    queueSizes "32"
    type "origin_mmtc"
    reservation 228260.0
  ]
  node [
    id 65
    label "65"
    schedulingPolicy "FIFO"
    levelsQoS "1"
    schedulingWeights "-"
    tosToQoSqueue "0,1,2,3,4,5,6,7,8,9,10,11,12,13,14,15,16,17,18,19,20,21,22,23,24,25,26,27,28,29,30,31,32,33,34,35,36,37,38,39,40,41,42,43,44,45,46,47,48,49,50,51,52,53,54,55,56,57,58,59,60,61,62,63,64,65,66,67,68,69,70,71,72,73,74,75,76"
    queueSizes "32"
    type "origin_mmtc"
    reservation 215660.0
  ]
  node [
    id 66
    label "66"
    schedulingPolicy "FIFO"
    levelsQoS "1"
    schedulingWeights "-"
    tosToQoSqueue "0,1,2,3,4,5,6,7,8,9,10,11,12,13,14,15,16,17,18,19,20,21,22,23,24,25,26,27,28,29,30,31,32,33,34,35,36,37,38,39,40,41,42,43,44,45,46,47,48,49,50,51,52,53,54,55,56,57,58,59,60,61,62,63,64,65,66,67,68,69,70,71,72,73,74,75,76"
    queueSizes "32"
    type "origin_mmtc"
    reservation 173780.0
  ]
  node [
    id 67
    label "67"
    schedulingPolicy "FIFO"
    levelsQoS "1"
    schedulingWeights "-"
    tosToQoSqueue "0,1,2,3,4,5,6,7,8,9,10,11,12,13,14,15,16,17,18,19,20,21,22,23,24,25,26,27,28,29,30,31,32,33,34,35,36,37,38,39,40,41,42,43,44,45,46,47,48,49,50,51,52,53,54,55,56,57,58,59,60,61,62,63,64,65,66,67,68,69,70,71,72,73,74,75,76"
    queueSizes "32"
    type "origin_mmtc"
    reservation 194540.0
  ]
  node [
    id 68
    label "68"
    schedulingPolicy "FIFO"
    levelsQoS "1"
    schedulingWeights "-"
    tosToQoSqueue "0,1,2,3,4,5,6,7,8,9,10,11,12,13,14,15,16,17,18,19,20,21,22,23,24,25,26,27,28,29,30,31,32,33,34,35,36,37,38,39,40,41,42,43,44,45,46,47,48,49,50,51,52,53,54,55,56,57,58,59,60,61,62,63,64,65,66,67,68,69,70,71,72,73,74,75,76"
    queueSizes "32"
    type "origin_mmtc"
    reservation 190460.0
  ]
  node [
    id 69
    label "69"
    schedulingPolicy "FIFO"
    levelsQoS "1"
    schedulingWeights "-"
    tosToQoSqueue "0,1,2,3,4,5,6,7,8,9,10,11,12,13,14,15,16,17,18,19,20,21,22,23,24,25,26,27,28,29,30,31,32,33,34,35,36,37,38,39,40,41,42,43,44,45,46,47,48,49,50,51,52,53,54,55,56,57,58,59,60,61,62,63,64,65,66,67,68,69,70,71,72,73,74,75,76"
    queueSizes "32"
    type "origin_mmtc"
    reservation 228260.0
  ]
  node [
    id 70
    label "70"
    schedulingPolicy "FIFO"
    levelsQoS "1"
    schedulingWeights "-"
    tosToQoSqueue "0,1,2,3,4,5,6,7,8,9,10,11,12,13,14,15,16,17,18,19,20,21,22,23,24,25,26,27,28,29,30,31,32,33,34,35,36,37,38,39,40,41,42,43,44,45,46,47,48,49,50,51,52,53,54,55,56,57,58,59,60,61,62,63,64,65,66,67,68,69,70,71,72,73,74,75,76"
    queueSizes "32"
    type "origin_mmtc"
    reservation 202700.0
  ]
  node [
    id 71
    label "71"
    schedulingPolicy "FIFO"
    levelsQoS "1"
    schedulingWeights "-"
    tosToQoSqueue "0,1,2,3,4,5,6,7,8,9,10,11,12,13,14,15,16,17,18,19,20,21,22,23,24,25,26,27,28,29,30,31,32,33,34,35,36,37,38,39,40,41,42,43,44,45,46,47,48,49,50,51,52,53,54,55,56,57,58,59,60,61,62,63,64,65,66,67,68,69,70,71,72,73,74,75,76"
    queueSizes "32"
    type "origin_mmtc"
    reservation 202700.0
  ]
  node [
    id 72
    label "72"
    schedulingPolicy "FIFO"
    levelsQoS "1"
    schedulingWeights "-"
    tosToQoSqueue "0,1,2,3,4,5,6,7,8,9,10,11,12,13,14,15,16,17,18,19,20,21,22,23,24,25,26,27,28,29,30,31,32,33,34,35,36,37,38,39,40,41,42,43,44,45,46,47,48,49,50,51,52,53,54,55,56,57,58,59,60,61,62,63,64,65,66,67,68,69,70,71,72,73,74,75,76"
    queueSizes "32"
    type "origin_mmtc"
    reservation 211760.0
  ]
  node [
    id 73
    label "73"
    schedulingPolicy "FIFO"
    levelsQoS "1"
    schedulingWeights "-"
    tosToQoSqueue "0,1,2,3,4,5,6,7,8,9,10,11,12,13,14,15,16,17,18,19,20,21,22,23,24,25,26,27,28,29,30,31,32,33,34,35,36,37,38,39,40,41,42,43,44,45,46,47,48,49,50,51,52,53,54,55,56,57,58,59,60,61,62,63,64,65,66,67,68,69,70,71,72,73,74,75,76"
    queueSizes "32"
    type "origin_mmtc"
    reservation 202700.0
  ]
  node [
    id 74
    label "74"
    schedulingPolicy "FIFO"
    levelsQoS "1"
    schedulingWeights "-"
    tosToQoSqueue "0,1,2,3,4,5,6,7,8,9,10,11,12,13,14,15,16,17,18,19,20,21,22,23,24,25,26,27,28,29,30,31,32,33,34,35,36,37,38,39,40,41,42,43,44,45,46,47,48,49,50,51,52,53,54,55,56,57,58,59,60,61,62,63,64,65,66,67,68,69,70,71,72,73,74,75,76"
    queueSizes "32"
    type "origin_mmtc"
    reservation 215660.0
  ]
  node [
    id 75
    label "75"
    schedulingPolicy "FIFO"
    levelsQoS "1"
    schedulingWeights "-"
    tosToQoSqueue "0,1,2,3,4,5,6,7,8,9,10,11,12,13,14,15,16,17,18,19,20,21,22,23,24,25,26,27,28,29,30,31,32,33,34,35,36,37,38,39,40,41,42,43,44,45,46,47,48,49,50,51,52,53,54,55,56,57,58,59,60,61,62,63,64,65,66,67,68,69,70,71,72,73,74,75,76"
    queueSizes "32"
    type "origin_mmtc"
    reservation 187160.0
  ]
  node [
    id 76
    label "76"
    schedulingPolicy "FIFO"
    levelsQoS "1"
    schedulingWeights "-"
    tosToQoSqueue "0,1,2,3,4,5,6,7,8,9,10,11,12,13,14,15,16,17,18,19,20,21,22,23,24,25,26,27,28,29,30,31,32,33,34,35,36,37,38,39,40,41,42,43,44,45,46,47,48,49,50,51,52,53,54,55,56,57,58,59,60,61,62,63,64,65,66,67,68,69,70,71,72,73,74,75,76"
    queueSizes "32"
    type "origin_mmtc"
    reservation 211760.0
  ]
  edge [
    source 0
    target 1
    key 0
    id "e15"
    bandwidth 50000000
    traffic "18000000,18000000,3500000,3500000,3500000,3500000"
    reservation "17821800.0,17541000.0,3761450.0,3197600.0,3293150.0,3293150.0"
    port 0
  ]
  edge [
    source 0
    target 3
    key 0
    id "e14"
    bandwidth 50000000
    traffic "200000,200000,200000,200000,200000,200000,200000,200000,200000,200000,200000,200000,200000,200000,200000,200000,200000,200000"
    reservation "180020.0,190460.0,215660.0,173780.0,173780.0,228260.0,215660.0,173780.0,194540.0,190460.0,228260.0,202700.0,202700.0,211760.0,202700.0,215660.0,187160.0,211760.0"
    port 1
  ]
  edge [
    source 1
    target 0
    key 0
    id "e15"
    bandwidth 50000000
    traffic "200000,200000,200000,200000,200000,200000,200000,200000,200000,200000,200000,200000,200000,200000,200000,200000,200000,200000"
    reservation "180020.0,190460.0,215660.0,173780.0,173780.0,228260.0,215660.0,173780.0,194540.0,190460.0,228260.0,202700.0,202700.0,211760.0,202700.0,215660.0,187160.0,211760.0"
    port 0
  ]
  edge [
    source 1
    target 6
    key 0
    id "e16"
    bandwidth 50000000
    traffic "18000000,18000000,3500000,3500000,3500000,3500000"
    reservation "17821800.0,17541000.0,3761450.0,3197600.0,3293150.0,3293150.0"
    port 1
  ]
  edge [
    source 2
    target 26
    key 0
    id "e10"
    bandwidth 50000000
    traffic "200000,200000,200000,200000,200000,200000,200000,200000,200000,200000,200000,200000,200000,200000,200000,200000,200000,200000,200000,200000,200000,200000,200000"
    reservation "188960.0,187160.0,173780.0,190460.0,188960.0,180020.0,190460.0,215660.0,173780.0,173780.0,228260.0,215660.0,173780.0,194540.0,190460.0,228260.0,202700.0,202700.0,211760.0,202700.0,215660.0,187160.0,211760.0"
    port 0
  ]
  edge [
    source 2
    target 23
    key 0
    id "e4"
    bandwidth 50000000
    traffic ""
    reservation ""
    port 1
  ]
  edge [
    source 3
    target 0
    key 0
    id "e14"
    bandwidth 50000000
    traffic "18000000,18000000,3500000,3500000,3500000,3500000"
    reservation "17821800.0,17541000.0,3761450.0,3197600.0,3293150.0,3293150.0"
    port 0
  ]
  edge [
    source 3
    target 23
    key 0
    id "e5"
    bandwidth 50000000
    traffic "200000,200000,200000,200000,200000,200000,200000,200000,200000,200000,200000,200000,200000,200000,200000,200000,200000,200000"
    reservation "180020.0,190460.0,215660.0,173780.0,173780.0,228260.0,215660.0,173780.0,194540.0,190460.0,228260.0,202700.0,202700.0,211760.0,202700.0,215660.0,187160.0,211760.0"
    port 1
  ]
  edge [
    source 4
    target 21
    key 0
    id "e0"
    bandwidth 50000000
    traffic "18000000,18000000,3500000,200000,3500000,3500000,3500000,200000,200000,200000,200000"
    reservation "17821800.0,17541000.0,3761450.0,188960.0,3197600.0,3293150.0,3293150.0,187160.0,173780.0,190460.0,188960.0"
    port 0
  ]
  edge [
    source 4
    target 5
    key 0
    id "e19"
    bandwidth 50000000
    traffic "200000"
    reservation "211760.0"
    port 1
  ]
  edge [
    source 4
    target 35
    key 0
    port 2
    weight 1
    bandwidth 50000000
    traffic ""
    reservation ""
  ]
  edge [
    source 4
    target 76
    key 0
    port 3
    weight 1
    bandwidth 50000000
    traffic ""
    reservation ""
  ]
  edge [
    source 5
    target 4
    key 0
    id "e19"
    bandwidth 50000000
    traffic "18000000,3500000,200000,3500000,3500000,3500000,200000,200000,200000,200000"
    reservation "17821800.0,3761450.0,188960.0,3197600.0,3293150.0,3293150.0,187160.0,173780.0,190460.0,188960.0"
    port 0
  ]
  edge [
    source 5
    target 8
    key 0
    id "e20"
    bandwidth 50000000
    traffic "18000000,18000000"
    reservation "17821800.0,17541000.0"
    port 1
  ]
  edge [
    source 5
    target 9
    key 0
    id "e21"
    bandwidth 50000000
    traffic "3500000,3500000,3500000,3500000,3500000,3500000,3500000,3500000,3500000,200000,200000,200000,200000"
    reservation "3197600.0,3794000.0,3197600.0,3684800.0,3293150.0,3293150.0,3197600.0,3960950.0,3911600.0,202700.0,215660.0,187160.0,211760.0"
    port 2
  ]
  edge [
    source 6
    target 1
    key 0
    id "e16"
    bandwidth 50000000
    traffic "200000,200000,200000,200000,200000,200000,200000,200000,200000,200000,200000,200000,200000,200000,200000,200000,200000,200000"
    reservation "180020.0,190460.0,215660.0,173780.0,173780.0,228260.0,215660.0,173780.0,194540.0,190460.0,228260.0,202700.0,202700.0,211760.0,202700.0,215660.0,187160.0,211760.0"
    port 0
  ]
  edge [
    source 6
    target 7
    key 0
    id "e17"
    bandwidth 50000000
    traffic "18000000,18000000"
    reservation "17821800.0,17541000.0"
    port 1
  ]
  edge [
    source 6
    target 29
    key 0
    port 2
    weight 1
    bandwidth 350000000
    traffic "3500000,3500000,3500000,3500000,3500000,3500000,3500000,3500000,3500000,3500000,3500000,3500000,3500000,3500000,3500000,3500000,3500000"
    reservation "3761450.0,3197600.0,3293150.0,3293150.0,3910550.0,3910550.0,3273200.0,3761450.0,3197600.0,3794000.0,3197600.0,3684800.0,3293150.0,3293150.0,3197600.0,3960950.0,3911600.0"
  ]
  edge [
    source 7
    target 6
    key 0
    id "e17"
    bandwidth 50000000
    traffic "200000,3500000,3500000,200000,200000,3500000,3500000,3500000,3500000,3500000,3500000,3500000,3500000,3500000,3500000,3500000,200000,200000,200000,200000,200000,200000,200000,200000,200000,200000,200000,200000,200000,200000,200000"
    reservation "180020.0,3910550.0,3910550.0,190460.0,215660.0,3273200.0,3761450.0,3197600.0,3794000.0,3197600.0,3684800.0,3293150.0,3293150.0,3197600.0,3960950.0,3911600.0,173780.0,173780.0,228260.0,215660.0,173780.0,194540.0,190460.0,228260.0,202700.0,202700.0,211760.0,202700.0,215660.0,187160.0,211760.0"
    port 0
  ]
  edge [
    source 7
    target 9
    key 0
    id "e18"
    bandwidth 50000000
    traffic "18000000,18000000"
    reservation "17821800.0,17541000.0"
    port 1
  ]
  edge [
    source 8
    target 5
    key 0
    id "e20"
    bandwidth 50000000
    traffic "18000000,3500000,3500000,3500000,3500000,3500000,3500000,3500000,3500000,3500000,200000,200000,200000"
    reservation "17821800.0,3197600.0,3794000.0,3197600.0,3684800.0,3293150.0,3293150.0,3197600.0,3960950.0,3911600.0,202700.0,215660.0,187160.0"
    port 0
  ]
  edge [
    source 8
    target 14
    key 0
    id "e22"
    bandwidth 50000000
    traffic "18000000,18000000"
    reservation "17821800.0,17541000.0"
    port 1
  ]
  edge [
    source 8
    target 32
    key 0
    port 2
    weight 1
    bandwidth 50000000
    traffic ""
    reservation ""
  ]
  edge [
    source 9
    target 5
    key 0
    id "e21"
    bandwidth 50000000
    traffic "18000000,18000000,3500000,200000,3500000,3500000,3500000,200000,200000,200000,200000"
    reservation "17821800.0,17541000.0,3761450.0,188960.0,3197600.0,3293150.0,3293150.0,187160.0,173780.0,190460.0,188960.0"
    port 0
  ]
  edge [
    source 9
    target 7
    key 0
    id "e18"
    bandwidth 50000000
    traffic "200000,3500000,3500000,200000,200000,3500000,3500000,3500000,3500000,3500000,3500000,3500000,3500000,3500000,3500000,3500000,200000,200000,200000,200000,200000,200000,200000,200000,200000,200000,200000,200000,200000,200000,200000"
    reservation "180020.0,3910550.0,3910550.0,190460.0,215660.0,3273200.0,3761450.0,3197600.0,3794000.0,3197600.0,3684800.0,3293150.0,3293150.0,3197600.0,3960950.0,3911600.0,173780.0,173780.0,228260.0,215660.0,173780.0,194540.0,190460.0,228260.0,202700.0,202700.0,211760.0,202700.0,215660.0,187160.0,211760.0"
    port 1
  ]
  edge [
    source 9
    target 13
    key 0
    id "e23"
    bandwidth 50000000
    traffic "18000000"
    reservation "17821800.0"
    port 2
  ]
  edge [
    source 10
    target 15
    key 0
    id "e32"
    bandwidth 50000000
    traffic ""
    reservation ""
    port 0
  ]
  edge [
    source 11
    target 17
    key 0
    id "e28"
    bandwidth 50000000
    traffic "18000000,18000000"
    reservation "17821800.0,17541000.0"
    port 0
  ]
  edge [
    source 11
    target 12
    key 0
    id "e27"
    bandwidth 50000000
    traffic "18000000,18000000,3500000,200000,3500000,3500000,3500000,200000,200000,200000,200000"
    reservation "17541000.0,17821800.0,3761450.0,188960.0,3197600.0,3293150.0,3293150.0,187160.0,173780.0,190460.0,188960.0"
    port 1
  ]
  edge [
    source 11
    target 14
    key 0
    id "e24"
    bandwidth 50000000
    traffic "3500000,3500000,3500000,3500000,3500000,3500000,3500000,3500000,3500000,200000,200000,200000"
    reservation "3197600.0,3794000.0,3197600.0,3684800.0,3293150.0,3293150.0,3197600.0,3960950.0,3911600.0,202700.0,215660.0,187160.0"
    port 2
  ]
  edge [
    source 12
    target 11
    key 0
    id "e27"
    bandwidth 50000000
    traffic "3500000,3500000,3500000,3500000,3500000,3500000,3500000,3500000,3500000,200000,200000,200000"
    reservation "3197600.0,3794000.0,3197600.0,3684800.0,3293150.0,3293150.0,3197600.0,3960950.0,3911600.0,202700.0,215660.0,187160.0"
    port 0
  ]
  edge [
    source 12
    target 18
    key 0
    id "e26"
    bandwidth 50000000
    traffic ""
    reservation ""
    port 1
  ]
  edge [
    source 12
    target 13
    key 0
    id "e25"
    bandwidth 50000000
    traffic "3500000,200000,3500000,3500000,3500000,200000,200000,200000,200000"
    reservation "3761450.0,188960.0,3197600.0,3293150.0,3293150.0,187160.0,173780.0,190460.0,188960.0"
    port 2
  ]
  edge [
    source 12
    target 31
    key 0
    port 3
    weight 1
    bandwidth 350000000
    traffic "18000000,18000000,18000000,18000000,18000000"
    reservation "17821800.0,17821800.0,17541000.0,17541000.0,17821800.0"
  ]
  edge [
    source 13
    target 9
    key 0
    id "e23"
    bandwidth 50000000
    traffic "18000000,3500000,200000,3500000,3500000,3500000,200000,200000,200000,200000,200000,3500000,3500000,200000,200000,3500000,3500000,200000,200000,200000,200000,200000,200000,200000,200000,200000,200000,200000"
    reservation "17821800.0,3761450.0,188960.0,3197600.0,3293150.0,3293150.0,187160.0,173780.0,190460.0,188960.0,180020.0,3910550.0,3910550.0,190460.0,215660.0,3273200.0,3761450.0,173780.0,173780.0,228260.0,215660.0,173780.0,194540.0,190460.0,228260.0,202700.0,202700.0,211760.0"
    port 0
  ]
  edge [
    source 13
    target 12
    key 0
    id "e25"
    bandwidth 50000000
    traffic "18000000,3500000,3500000,3500000,3500000,3500000,3500000,3500000,3500000,3500000,200000,200000,200000"
    reservation "17821800.0,3197600.0,3794000.0,3197600.0,3684800.0,3293150.0,3293150.0,3197600.0,3960950.0,3911600.0,202700.0,215660.0,187160.0"
    port 1
  ]
  edge [
    source 13
    target 33
    key 0
    port 2
    weight 1
    bandwidth 50000000
    traffic ""
    reservation ""
  ]
  edge [
    source 13
    target 46
    key 0
    port 3
    weight 1
    bandwidth 50000000
    traffic ""
    reservation ""
  ]
  edge [
    source 13
    target 47
    key 0
    port 4
    weight 1
    bandwidth 50000000
    traffic ""
    reservation ""
  ]
  edge [
    source 13
    target 48
    key 0
    port 5
    weight 1
    bandwidth 50000000
    traffic ""
    reservation ""
  ]
  edge [
    source 13
    target 49
    key 0
    port 6
    weight 1
    bandwidth 50000000
    traffic ""
    reservation ""
  ]
  edge [
    source 13
    target 50
    key 0
    port 7
    weight 1
    bandwidth 50000000
    traffic ""
    reservation ""
  ]
  edge [
    source 13
    target 51
    key 0
    port 8
    weight 1
    bandwidth 50000000
    traffic ""
    reservation ""
  ]
  edge [
    source 13
    target 52
    key 0
    port 9
    weight 1
    bandwidth 50000000
    traffic ""
    reservation ""
  ]
  edge [
    source 13
    target 53
    key 0
    port 10
    weight 1
    bandwidth 50000000
    traffic ""
    reservation ""
  ]
  edge [
    source 13
    target 54
    key 0
    port 11
    weight 1
    bandwidth 50000000
    traffic ""
    reservation ""
  ]
  edge [
    source 13
    target 55
    key 0
    port 12
    weight 1
    bandwidth 50000000
    traffic ""
    reservation ""
  ]
  edge [
    source 13
    target 56
    key 0
    port 13
    weight 1
    bandwidth 50000000
    traffic ""
    reservation ""
  ]
  edge [
    source 13
    target 57
    key 0
    port 14
    weight 1
    bandwidth 50000000
    traffic ""
    reservation ""
  ]
  edge [
    source 13
    target 58
    key 0
    port 15
    weight 1
    bandwidth 50000000
    traffic ""
    reservation ""
  ]
  edge [
    source 13
    target 59
    key 0
    port 16
    weight 1
    bandwidth 50000000
    traffic ""
    reservation ""
  ]
  edge [
    source 13
    target 60
    key 0
    port 17
    weight 1
    bandwidth 50000000
    traffic ""
    reservation ""
  ]
  edge [
    source 13
    target 61
    key 0
    port 18
    weight 1
    bandwidth 50000000
    traffic ""
    reservation ""
  ]
  edge [
    source 13
    target 62
    key 0
    port 19
    weight 1
    bandwidth 50000000
    traffic ""
    reservation ""
  ]
  edge [
    source 13
    target 63
    key 0
    port 20
    weight 1
    bandwidth 50000000
    traffic ""
    reservation ""
  ]
  edge [
    source 13
    target 64
    key 0
    port 21
    weight 1
    bandwidth 50000000
    traffic ""
    reservation ""
  ]
  edge [
    source 13
    target 65
    key 0
    port 22
    weight 1
    bandwidth 50000000
    traffic ""
    reservation ""
  ]
  edge [
    source 13
    target 66
    key 0
    port 23
    weight 1
    bandwidth 50000000
    traffic ""
    reservation ""
  ]
  edge [
    source 13
    target 67
    key 0
    port 24
    weight 1
    bandwidth 50000000
    traffic ""
    reservation ""
  ]
  edge [
    source 13
    target 68
    key 0
    port 25
    weight 1
    bandwidth 50000000
    traffic ""
    reservation ""
  ]
  edge [
    source 13
    target 69
    key 0
    port 26
    weight 1
    bandwidth 50000000
    traffic ""
    reservation ""
  ]
  edge [
    source 13
    target 70
    key 0
    port 27
    weight 1
    bandwidth 50000000
    traffic ""
    reservation ""
  ]
  edge [
    source 13
    target 71
    key 0
    port 28
    weight 1
    bandwidth 50000000
    traffic ""
    reservation ""
  ]
  edge [
    source 13
    target 72
    key 0
    port 29
    weight 1
    bandwidth 50000000
    traffic ""
    reservation ""
  ]
  edge [
    source 13
    target 73
    key 0
    port 30
    weight 1
    bandwidth 50000000
    traffic ""
    reservation ""
  ]
  edge [
    source 13
    target 74
    key 0
    port 31
    weight 1
    bandwidth 50000000
    traffic ""
    reservation ""
  ]
  edge [
    source 13
    target 75
    key 0
    port 32
    weight 1
    bandwidth 50000000
    traffic ""
    reservation ""
  ]
  edge [
    source 14
    target 8
    key 0
    id "e22"
    bandwidth 50000000
    traffic "3500000,3500000,3500000,3500000,3500000,3500000,3500000,3500000,3500000,200000,200000,200000"
    reservation "3197600.0,3794000.0,3197600.0,3684800.0,3293150.0,3293150.0,3197600.0,3960950.0,3911600.0,202700.0,215660.0,187160.0"
    port 0
  ]
  edge [
    source 14
    target 11
    key 0
    id "e24"
    bandwidth 50000000
    traffic "18000000,18000000"
    reservation "17821800.0,17541000.0"
    port 1
  ]
  edge [
    source 15
    target 10
    key 0
    id "e32"
    bandwidth 50000000
    traffic ""
    reservation ""
    port 0
  ]
  edge [
    source 15
    target 16
    key 0
    id "e31"
    bandwidth 50000000
    traffic "18000000,18000000,3500000,200000,3500000,3500000,3500000,200000,200000,200000,200000"
    reservation "17541000.0,17821800.0,3761450.0,188960.0,3197600.0,3293150.0,3293150.0,187160.0,173780.0,190460.0,188960.0"
    port 1
  ]
  edge [
    source 15
    target 34
    key 0
    port 2
    weight 1
    bandwidth 50000000
    traffic ""
    reservation ""
  ]
  edge [
    source 15
    target 36
    key 0
    port 3
    weight 1
    bandwidth 50000000
    traffic ""
    reservation ""
  ]
  edge [
    source 15
    target 37
    key 0
    port 4
    weight 1
    bandwidth 50000000
    traffic ""
    reservation ""
  ]
  edge [
    source 15
    target 38
    key 0
    port 5
    weight 1
    bandwidth 50000000
    traffic ""
    reservation ""
  ]
  edge [
    source 15
    target 39
    key 0
    port 6
    weight 1
    bandwidth 50000000
    traffic ""
    reservation ""
  ]
  edge [
    source 15
    target 40
    key 0
    port 7
    weight 1
    bandwidth 50000000
    traffic ""
    reservation ""
  ]
  edge [
    source 15
    target 41
    key 0
    port 8
    weight 1
    bandwidth 50000000
    traffic ""
    reservation ""
  ]
  edge [
    source 15
    target 42
    key 0
    port 9
    weight 1
    bandwidth 50000000
    traffic ""
    reservation ""
  ]
  edge [
    source 15
    target 43
    key 0
    port 10
    weight 1
    bandwidth 50000000
    traffic ""
    reservation ""
  ]
  edge [
    source 15
    target 44
    key 0
    port 11
    weight 1
    bandwidth 50000000
    traffic ""
    reservation ""
  ]
  edge [
    source 15
    target 45
    key 0
    port 12
    weight 1
    bandwidth 50000000
    traffic ""
    reservation ""
  ]
  edge [
    source 16
    target 15
    key 0
    id "e31"
    bandwidth 50000000
    traffic ""
    reservation ""
    port 0
  ]
  edge [
    source 16
    target 17
    key 0
    id "e30"
    bandwidth 50000000
    traffic "18000000,18000000,3500000,200000,3500000,3500000,3500000,200000,200000,200000,200000"
    reservation "17541000.0,17821800.0,3761450.0,188960.0,3197600.0,3293150.0,3293150.0,187160.0,173780.0,190460.0,188960.0"
    port 1
  ]
  edge [
    source 16
    target 18
    key 0
    id "e29"
    bandwidth 50000000
    traffic "18000000,18000000"
    reservation "17821800.0,17541000.0"
    port 2
  ]
  edge [
    source 17
    target 11
    key 0
    id "e28"
    bandwidth 50000000
    traffic "18000000,18000000,3500000,200000,3500000,3500000,3500000,200000,200000,200000,200000"
    reservation "17541000.0,17821800.0,3761450.0,188960.0,3197600.0,3293150.0,3293150.0,187160.0,173780.0,190460.0,188960.0"
    port 0
  ]
  edge [
    source 17
    target 16
    key 0
    id "e30"
    bandwidth 50000000
    traffic "18000000,18000000"
    reservation "17821800.0,17541000.0"
    port 1
  ]
  edge [
    source 18
    target 12
    key 0
    id "e26"
    bandwidth 50000000
    traffic "18000000,18000000"
    reservation "17821800.0,17541000.0"
    port 0
  ]
  edge [
    source 18
    target 16
    key 0
    id "e29"
    bandwidth 50000000
    traffic ""
    reservation ""
    port 1
  ]
  edge [
    source 19
    target 28
    key 0
    id "e12"
    bandwidth 50000000
    traffic ""
    reservation ""
    port 0
  ]
  edge [
    source 20
    target 26
    key 0
    id "e9"
    bandwidth 50000000
    traffic ""
    reservation ""
    port 0
  ]
  edge [
    source 20
    target 28
    key 0
    id "e13"
    bandwidth 50000000
    traffic "200000,200000,200000,200000,200000,200000,200000,200000,200000,200000,200000,200000,200000,200000,200000,200000,200000,200000,200000,200000,200000,200000,200000"
    reservation "188960.0,187160.0,173780.0,190460.0,188960.0,180020.0,190460.0,215660.0,173780.0,173780.0,228260.0,215660.0,173780.0,194540.0,190460.0,228260.0,202700.0,202700.0,211760.0,202700.0,215660.0,187160.0,211760.0"
    port 1
  ]
  edge [
    source 21
    target 4
    key 0
    id "e0"
    bandwidth 50000000
    traffic ""
    reservation ""
    port 0
  ]
  edge [
    source 21
    target 22
    key 0
    id "e1"
    bandwidth 50000000
    traffic "18000000,18000000,3500000,200000,3500000,3500000,3500000,200000,200000,200000,200000"
    reservation "17821800.0,17541000.0,3761450.0,188960.0,3197600.0,3293150.0,3293150.0,187160.0,173780.0,190460.0,188960.0"
    port 1
  ]
  edge [
    source 22
    target 21
    key 0
    id "e1"
    bandwidth 50000000
    traffic ""
    reservation ""
    port 0
  ]
  edge [
    source 22
    target 23
    key 0
    id "e2"
    bandwidth 50000000
    traffic "18000000,18000000,3500000,200000,3500000,3500000,3500000,200000,200000,200000,200000"
    reservation "17821800.0,17541000.0,3761450.0,188960.0,3197600.0,3293150.0,3293150.0,187160.0,173780.0,190460.0,188960.0"
    port 1
  ]
  edge [
    source 23
    target 2
    key 0
    id "e4"
    bandwidth 50000000
    traffic "200000,200000,200000,200000,200000,200000,200000,200000,200000,200000,200000,200000,200000,200000,200000,200000,200000,200000,200000,200000,200000,200000,200000"
    reservation "188960.0,187160.0,173780.0,190460.0,188960.0,180020.0,190460.0,215660.0,173780.0,173780.0,228260.0,215660.0,173780.0,194540.0,190460.0,228260.0,202700.0,202700.0,211760.0,202700.0,215660.0,187160.0,211760.0"
    port 0
  ]
  edge [
    source 23
    target 3
    key 0
    id "e5"
    bandwidth 50000000
    traffic "18000000,18000000,3500000,3500000,3500000,3500000"
    reservation "17821800.0,17541000.0,3761450.0,3197600.0,3293150.0,3293150.0"
    port 1
  ]
  edge [
    source 23
    target 22
    key 0
    id "e2"
    bandwidth 50000000
    traffic ""
    reservation ""
    port 2
  ]
  edge [
    source 23
    target 24
    key 0
    id "e3"
    bandwidth 50000000
    traffic ""
    reservation ""
    port 3
  ]
  edge [
    source 24
    target 23
    key 0
    id "e3"
    bandwidth 50000000
    traffic ""
    reservation ""
    port 0
  ]
  edge [
    source 24
    target 25
    key 0
    id "e6"
    bandwidth 50000000
    traffic ""
    reservation ""
    port 1
  ]
  edge [
    source 25
    target 24
    key 0
    id "e6"
    bandwidth 50000000
    traffic ""
    reservation ""
    port 0
  ]
  edge [
    source 25
    target 26
    key 0
    id "e7"
    bandwidth 50000000
    traffic ""
    reservation ""
    port 1
  ]
  edge [
    source 25
    target 27
    key 0
    id "e8"
    bandwidth 50000000
    traffic ""
    reservation ""
    port 2
  ]
  edge [
    source 25
    target 30
    key 0
    port 3
    weight 1
    bandwidth 350000000
    traffic "200000,200000,200000,200000,200000,200000,200000,200000,200000,200000,200000,200000,200000,200000,200000,200000,200000,200000,200000,200000,200000,200000,200000"
    reservation "188960.0,187160.0,173780.0,190460.0,188960.0,180020.0,190460.0,215660.0,173780.0,173780.0,228260.0,215660.0,173780.0,194540.0,190460.0,228260.0,202700.0,202700.0,211760.0,202700.0,215660.0,187160.0,211760.0"
  ]
  edge [
    source 26
    target 2
    key 0
    id "e10"
    bandwidth 50000000
    traffic ""
    reservation ""
    port 0
  ]
  edge [
    source 26
    target 20
    key 0
    id "e9"
    bandwidth 50000000
    traffic "200000,200000,200000,200000,200000,200000,200000,200000,200000,200000,200000,200000,200000,200000,200000,200000,200000,200000,200000,200000,200000,200000,200000"
    reservation "188960.0,187160.0,173780.0,190460.0,188960.0,180020.0,190460.0,215660.0,173780.0,173780.0,228260.0,215660.0,173780.0,194540.0,190460.0,228260.0,202700.0,202700.0,211760.0,202700.0,215660.0,187160.0,211760.0"
    port 1
  ]
  edge [
    source 26
    target 25
    key 0
    id "e7"
    bandwidth 50000000
    traffic ""
    reservation ""
    port 2
  ]
  edge [
    source 27
    target 25
    key 0
    id "e8"
    bandwidth 50000000
    traffic "200000,200000,200000,200000,200000,200000,200000,200000,200000,200000,200000,200000,200000,200000,200000,200000,200000,200000,200000,200000,200000,200000,200000"
    reservation "188960.0,187160.0,173780.0,190460.0,188960.0,180020.0,190460.0,215660.0,173780.0,173780.0,228260.0,215660.0,173780.0,194540.0,190460.0,228260.0,202700.0,202700.0,211760.0,202700.0,215660.0,187160.0,211760.0"
    port 0
  ]
  edge [
    source 27
    target 28
    key 0
    id "e11"
    bandwidth 50000000
    traffic ""
    reservation ""
    port 1
  ]
  edge [
    source 28
    target 19
    key 0
    id "e12"
    bandwidth 50000000
    traffic ""
    reservation ""
    port 0
  ]
  edge [
    source 28
    target 20
    key 0
    id "e13"
    bandwidth 50000000
    traffic ""
    reservation ""
    port 1
  ]
  edge [
    source 28
    target 27
    key 0
    id "e11"
    bandwidth 50000000
    traffic "200000,200000,200000,200000,200000,200000,200000,200000,200000,200000,200000,200000,200000,200000,200000,200000,200000,200000,200000,200000,200000,200000,200000"
    reservation "188960.0,187160.0,173780.0,190460.0,188960.0,180020.0,190460.0,215660.0,173780.0,173780.0,228260.0,215660.0,173780.0,194540.0,190460.0,228260.0,202700.0,202700.0,211760.0,202700.0,215660.0,187160.0,211760.0"
    port 2
  ]
  edge [
    source 29
    target 6
    key 0
    port 0
    weight 1
    bandwidth 350000000
    traffic ""
    reservation ""
  ]
  edge [
    source 30
    target 25
    key 0
    port 0
    weight 1
    bandwidth 350000000
    traffic ""
    reservation ""
  ]
  edge [
    source 31
    target 12
    key 0
    port 0
    weight 1
    bandwidth 350000000
    traffic ""
    reservation ""
  ]
  edge [
    source 32
    target 8
    key 0
    port 0
    weight 1
    bandwidth 50000000
    traffic "18000000"
    reservation "17821800.0"
  ]
  edge [
    source 33
    target 13
    key 0
    port 0
    weight 1
    bandwidth 50000000
    traffic "18000000"
    reservation "17821800.0"
  ]
  edge [
    source 34
    target 15
    key 0
    port 0
    weight 1
    bandwidth 50000000
    traffic "18000000"
    reservation "17541000.0"
  ]
  edge [
    source 35
    target 4
    key 0
    port 0
    weight 1
    bandwidth 50000000
    traffic "18000000"
    reservation "17541000.0"
  ]
  edge [
    source 36
    target 15
    key 0
    port 0
    weight 1
    bandwidth 50000000
    traffic "18000000"
    reservation "17821800.0"
  ]
  edge [
    source 37
    target 15
    key 0
    port 0
    weight 1
    bandwidth 50000000
    traffic "3500000"
    reservation "3761450.0"
  ]
  edge [
    source 38
    target 15
    key 0
    port 0
    weight 1
    bandwidth 50000000
    traffic "200000"
    reservation "188960.0"
  ]
  edge [
    source 39
    target 15
    key 0
    port 0
    weight 1
    bandwidth 50000000
    traffic "3500000"
    reservation "3197600.0"
  ]
  edge [
    source 40
    target 15
    key 0
    port 0
    weight 1
    bandwidth 50000000
    traffic "3500000"
    reservation "3293150.0"
  ]
  edge [
    source 41
    target 15
    key 0
    port 0
    weight 1
    bandwidth 50000000
    traffic "3500000"
    reservation "3293150.0"
  ]
  edge [
    source 42
    target 15
    key 0
    port 0
    weight 1
    bandwidth 50000000
    traffic "200000"
    reservation "187160.0"
  ]
  edge [
    source 43
    target 15
    key 0
    port 0
    weight 1
    bandwidth 50000000
    traffic "200000"
    reservation "173780.0"
  ]
  edge [
    source 44
    target 15
    key 0
    port 0
    weight 1
    bandwidth 50000000
    traffic "200000"
    reservation "190460.0"
  ]
  edge [
    source 45
    target 15
    key 0
    port 0
    weight 1
    bandwidth 50000000
    traffic "200000"
    reservation "188960.0"
  ]
  edge [
    source 46
    target 13
    key 0
    port 0
    weight 1
    bandwidth 50000000
    traffic "200000"
    reservation "180020.0"
  ]
  edge [
    source 47
    target 13
    key 0
    port 0
    weight 1
    bandwidth 50000000
    traffic "3500000"
    reservation "3910550.0"
  ]
  edge [
    source 48
    target 13
    key 0
    port 0
    weight 1
    bandwidth 50000000
    traffic "3500000"
    reservation "3910550.0"
  ]
  edge [
    source 49
    target 13
    key 0
    port 0
    weight 1
    bandwidth 50000000
    traffic "200000"
    reservation "190460.0"
  ]
  edge [
    source 50
    target 13
    key 0
    port 0
    weight 1
    bandwidth 50000000
    traffic "200000"
    reservation "215660.0"
  ]
  edge [
    source 51
    target 13
    key 0
    port 0
    weight 1
    bandwidth 50000000
    traffic "3500000"
    reservation "3273200.0"
  ]
  edge [
    source 52
    target 13
    key 0
    port 0
    weight 1
    bandwidth 50000000
    traffic "3500000"
    reservation "3761450.0"
  ]
  edge [
    source 53
    target 13
    key 0
    port 0
    weight 1
    bandwidth 50000000
    traffic "3500000"
    reservation "3197600.0"
  ]
  edge [
    source 54
    target 13
    key 0
    port 0
    weight 1
    bandwidth 50000000
    traffic "3500000"
    reservation "3794000.0"
  ]
  edge [
    source 55
    target 13
    key 0
    port 0
    weight 1
    bandwidth 50000000
    traffic "3500000"
    reservation "3197600.0"
  ]
  edge [
    source 56
    target 13
    key 0
    port 0
    weight 1
    bandwidth 50000000
    traffic "3500000"
    reservation "3684800.0"
  ]
  edge [
    source 57
    target 13
    key 0
    port 0
    weight 1
    bandwidth 50000000
    traffic "3500000"
    reservation "3293150.0"
  ]
  edge [
    source 58
    target 13
    key 0
    port 0
    weight 1
    bandwidth 50000000
    traffic "3500000"
    reservation "3293150.0"
  ]
  edge [
    source 59
    target 13
    key 0
    port 0
    weight 1
    bandwidth 50000000
    traffic "3500000"
    reservation "3197600.0"
  ]
  edge [
    source 60
    target 13
    key 0
    port 0
    weight 1
    bandwidth 50000000
    traffic "3500000"
    reservation "3960950.0"
  ]
  edge [
    source 61
    target 13
    key 0
    port 0
    weight 1
    bandwidth 50000000
    traffic "3500000"
    reservation "3911600.0"
  ]
  edge [
    source 62
    target 13
    key 0
    port 0
    weight 1
    bandwidth 50000000
    traffic "200000"
    reservation "173780.0"
  ]
  edge [
    source 63
    target 13
    key 0
    port 0
    weight 1
    bandwidth 50000000
    traffic "200000"
    reservation "173780.0"
  ]
  edge [
    source 64
    target 13
    key 0
    port 0
    weight 1
    bandwidth 50000000
    traffic "200000"
    reservation "228260.0"
  ]
  edge [
    source 65
    target 13
    key 0
    port 0
    weight 1
    bandwidth 50000000
    traffic "200000"
    reservation "215660.0"
  ]
  edge [
    source 66
    target 13
    key 0
    port 0
    weight 1
    bandwidth 50000000
    traffic "200000"
    reservation "173780.0"
  ]
  edge [
    source 67
    target 13
    key 0
    port 0
    weight 1
    bandwidth 50000000
    traffic "200000"
    reservation "194540.0"
  ]
  edge [
    source 68
    target 13
    key 0
    port 0
    weight 1
    bandwidth 50000000
    traffic "200000"
    reservation "190460.0"
  ]
  edge [
    source 69
    target 13
    key 0
    port 0
    weight 1
    bandwidth 50000000
    traffic "200000"
    reservation "228260.0"
  ]
  edge [
    source 70
    target 13
    key 0
    port 0
    weight 1
    bandwidth 50000000
    traffic "200000"
    reservation "202700.0"
  ]
  edge [
    source 71
    target 13
    key 0
    port 0
    weight 1
    bandwidth 50000000
    traffic "200000"
    reservation "202700.0"
  ]
  edge [
    source 72
    target 13
    key 0
    port 0
    weight 1
    bandwidth 50000000
    traffic "200000"
    reservation "211760.0"
  ]
  edge [
    source 73
    target 13
    key 0
    port 0
    weight 1
    bandwidth 50000000
    traffic "200000"
    reservation "202700.0"
  ]
  edge [
    source 74
    target 13
    key 0
    port 0
    weight 1
    bandwidth 50000000
    traffic "200000"
    reservation "215660.0"
  ]
  edge [
    source 75
    target 13
    key 0
    port 0
    weight 1
    bandwidth 50000000
    traffic "200000"
    reservation "187160.0"
  ]
  edge [
    source 76
    target 4
    key 0
    port 0
    weight 1
    bandwidth 50000000
    traffic "200000"
    reservation "211760.0"
  ]
]
