graph [
  directed 1
  multigraph 1
  GeoLocation "USA"
  GeoExtent "Country"
  Network "Sprint"
  Provenance "Secondary"
  Access 1
  Source "http://www.nthelp.com/images/sprint.jpg"
  Version "1.0"
  Type "COM"
  DateType "Current"
  Backbone 1
  Commercial 0
  label "Sprint"
  ToolsetVersion "0.3.34dev-20120328"
  Customer 1
  IX 0
  SourceGitVersion "e278b1b"
  DateModifier "="
  DateMonth "01"
  LastAccess "14/01/11"
  Layer "IP"
  Creator "Topology Zoo Toolset"
  Developed 1
  Transit 0
  NetworkDate "2011_01"
  DateYear "2011"
  LastProcessed "2011_09_01"
  Testbed 0
  levelsToS 101
  node [
    id 0
    label "0"
    Country "United States"
    Longitude -104.82025
    Internal 1
    Latitude 41.13998
    type "inner"
    schedulingPolicy "WFQ"
    tosToQoSqueue "54;17;28,30,32,65,68;22,26,35;73;25,63,67;20,27,29,58,62,72;23,64,69,70;19,24,31,71;21,66;14;15,0,1,2,3,4,5,6,7,8,9,10,11,12,13,16,18,33,34,36,37,38,39,40,41,42,43,44,45,46,47,48,49,50,51,52,53,55,56,57,59,60,61,74,75,76,77,78,79,80,81,82,83,84,85,86,87,88,89,90,91,92,93,94,95,96,97,98,99,100"
    schedulingWeights "0.001,0.001,0.001,0.001,0.001,0.001,0.001,0.001,0.001,0.001,0.001,99.989;15.777,0.001,1.824,0.001,0.866,1.6,2.233,2.493,0.818,0.789,73.274,0.324;0.001,12.421,2.736,2.187,0.001,0.8,2.233,0.831,2.453,0.789,0.001,75.547"
    levelsQoS 12
    queueSizes "32,32,32,32,32,32,32,32,32,32,32,32"
  ]
  node [
    id 1
    label "1"
    Country "United States"
    Longitude -84.38798
    Internal 1
    Latitude 33.749
    type "inner"
    schedulingPolicy "WFQ"
    tosToQoSqueue "18;17;28,30,32,34;22,26,35;33;25;20,27,29;23;19,24,31;21;14,0,1,2,3,4,5,6,7,8,9,10,11,12,13,15,16,36,37,38,39,40,41,42,43,44,45,46,47,48,49,50,51,52,53,54,55,56,57,58,59,60,61,62,63,64,65,66,67,68,69,70,71,72,73,74,75,76,77,78,79,80,81,82,83,84,85,86,87,88,89,90,91,92,93,94,95,96,97,98,99,100"
    schedulingWeights "15.777,12.421,3.648,2.187,0.866,0.8,2.233,0.831,2.453,0.789,57.995;0.001,0.001,0.001,0.001,0.001,0.001,0.001,0.001,0.001,0.001,99.99"
    levelsQoS 11
    queueSizes "32,32,32,32,32,32,32,32,32,32,32"
  ]
  node [
    id 2
    label "2"
    Country "United States"
    Longitude -105.27055
    Internal 1
    Latitude 40.01499
    type "inner"
    schedulingPolicy "WFQ"
    tosToQoSqueue "0,1,2,3,4,5,6,7,8,9,10,11,12,13,14,15,16,17,18,19,20,21,22,23,24,25,26,27,28,29,30,31,32,33,34,35,36,37,38,39,40,41,42,43,44,45,46,47,48,49,50,51,52,53,54,55,56,57,58,59,60,61,62,63,64,65,66,67,68,69,70,71,72,73,74,75,76,77,78,79,80,81,82,83,84,85,86,87,88,89,90,91,92,93,94,95,96,97,98,99,100"
    schedulingWeights "100"
    levelsQoS 1
    queueSizes "32"
  ]
  node [
    id 3
    label "3"
    Country "United States"
    Longitude -122.33207
    Internal 1
    Latitude 47.60621
    type "antenna"
    schedulingPolicy "WFQ"
    tosToQoSqueue "37;36;34,38,47,49,50;33,42,43,52;40,41,53;44;39,45,46,48,51;14;16,0,1,2,3,4,5,6,7,8,9,10,11,12,13,15,17,18,19,20,21,22,23,24,25,26,27,28,29,30,31,32,35,54,55,56,57,58,59,60,61,62,63,64,65,66,67,68,69,70,71,72,73,74,75,76,77,78,79,80,81,82,83,84,85,86,87,88,89,90,91,92,93,94,95,96,97,98,99,100"
    schedulingWeights "0.001,14.983,2.736,2.599,1.6,0.744,3.946,73.274,0.116;13.912,0.001,1.824,0.866,0.8,0.001,0.001,0.001,82.594;0.001,0.001,0.001,0.001,0.001,0.001,0.001,0.001,99.992;0.001,0.001,0.001,0.001,0.001,0.001,0.001,0.001,99.992;0.001,0.001,0.001,0.001,0.001,0.001,0.001,0.001,99.992;0.001,0.001,0.001,0.001,0.001,0.001,0.001,0.001,99.992;0.001,0.001,0.001,0.001,0.001,0.001,0.001,0.001,99.992;0.001,0.001,0.001,0.001,0.001,0.001,0.001,0.001,99.992;0.001,0.001,0.001,0.001,0.001,0.001,0.001,0.001,99.992;0.001,0.001,0.001,0.001,0.001,0.001,0.001,0.001,99.992;0.001,0.001,0.001,0.001,0.001,0.001,0.001,0.001,99.992;0.001,0.001,0.001,0.001,0.001,0.001,0.001,0.001,99.992;0.001,0.001,0.001,0.001,0.001,0.001,0.001,0.001,99.992;0.001,0.001,0.001,0.001,0.001,0.001,0.001,0.001,99.992;0.001,0.001,0.001,0.001,0.001,0.001,0.001,0.001,99.992;0.001,0.001,0.001,0.001,0.001,0.001,0.001,0.001,99.992;0.001,0.001,0.001,0.001,0.001,0.001,0.001,0.001,99.992;0.001,0.001,0.001,0.001,0.001,0.001,0.001,0.001,99.992;0.001,0.001,0.001,0.001,0.001,0.001,0.001,0.001,99.992;0.001,0.001,0.001,0.001,0.001,0.001,0.001,0.001,99.992;0.001,0.001,0.001,0.001,0.001,0.001,0.001,0.001,99.992"
    levelsQoS 9
    queueSizes "32,32,32,32,32,32,32,32,32"
  ]
  node [
    id 4
    label "4"
    Country "United States"
    Longitude -121.29078
    Internal 1
    Latitude 37.9577
    type "inner"
    schedulingPolicy "WFQ"
    tosToQoSqueue "54,55,56;17;59;37;36;57;61;28,30,32,34,38,47,49,50,65,68,75,78,80,81,83,89;22,26,35,94;33,42,43,52,73,76,79,90,95,96;25,40,41,53,63,67,82,98;20,27,29,44,58,62,72,74,84,85,86,91,93,97;23,64,69,70,77,87,92,99;19,24,31,71,88,100;21,39,45,46,48,51,66;14;15;16,0,1,2,3,4,5,6,7,8,9,10,11,12,13,18,60"
    schedulingWeights "0.001,12.421,0.001,0.001,0.001,0.001,0.001,2.736,2.187,0.001,0.8,2.233,0.831,2.453,0.789,0.001,75.499,0.042;0.001,0.001,0.001,0.001,0.001,0.001,0.001,0.912,0.001,0.866,0.001,0.001,0.001,0.001,0.001,73.274,0.001,24.933;0.001,0.001,0.001,0.001,0.001,0.001,0.001,0.001,0.001,0.001,0.001,0.001,0.001,0.001,0.001,0.001,0.001,99.983;0.001,0.001,0.001,13.912,0.001,0.001,0.001,3.648,0.001,1.733,2.4,2.233,2.493,0.818,0.789,0.001,0.001,71.965;0.001,0.001,0.001,0.001,14.983,0.001,0.001,7.297,0.729,6.065,3.2,5.955,3.324,1.636,3.946,0.001,0.001,52.858;47.33,0.001,14.294,0.001,0.001,15.945,13.983,0.001,0.001,0.001,0.001,0.001,0.001,0.001,0.001,0.001,0.001,8.435"
    levelsQoS 18
    queueSizes "32,32,32,32,32,32,32,32,32,32,32,32,32,32,32,32,32,32"
  ]
  node [
    id 5
    label "5"
    Country "United States"
    Longitude -117.9145
    Internal 1
    Latitude 33.83529
    type "antenna"
    schedulingPolicy "WFQ"
    tosToQoSqueue "18;17;28,30,32,34;22,26,35;33;25;20,27,29;23;19,24,31;21;15;16,0,1,2,3,4,5,6,7,8,9,10,11,12,13,14,36,37,38,39,40,41,42,43,44,45,46,47,48,49,50,51,52,53,54,55,56,57,58,59,60,61,62,63,64,65,66,67,68,69,70,71,72,73,74,75,76,77,78,79,80,81,82,83,84,85,86,87,88,89,90,91,92,93,94,95,96,97,98,99,100"
    schedulingWeights "0.001,12.421,2.736,2.187,0.001,0.8,2.233,0.831,2.453,0.789,75.499,0.048;15.777,0.001,0.912,0.001,0.866,0.001,0.001,0.001,0.001,0.001,0.001,82.437;0.001,0.001,0.001,0.001,0.001,0.001,0.001,0.001,0.001,0.001,0.001,99.989;0.001,0.001,0.001,0.001,0.001,0.001,0.001,0.001,0.001,0.001,0.001,99.989;0.001,0.001,0.001,0.001,0.001,0.001,0.001,0.001,0.001,0.001,0.001,99.989;0.001,0.001,0.001,0.001,0.001,0.001,0.001,0.001,0.001,0.001,0.001,99.989;0.001,0.001,0.001,0.001,0.001,0.001,0.001,0.001,0.001,0.001,0.001,99.989;0.001,0.001,0.001,0.001,0.001,0.001,0.001,0.001,0.001,0.001,0.001,99.989;0.001,0.001,0.001,0.001,0.001,0.001,0.001,0.001,0.001,0.001,0.001,99.989;0.001,0.001,0.001,0.001,0.001,0.001,0.001,0.001,0.001,0.001,0.001,99.989;0.001,0.001,0.001,0.001,0.001,0.001,0.001,0.001,0.001,0.001,0.001,99.989;0.001,0.001,0.001,0.001,0.001,0.001,0.001,0.001,0.001,0.001,0.001,99.989;0.001,0.001,0.001,0.001,0.001,0.001,0.001,0.001,0.001,0.001,0.001,99.989;0.001,0.001,0.001,0.001,0.001,0.001,0.001,0.001,0.001,0.001,0.001,99.989;0.001,0.001,0.001,0.001,0.001,0.001,0.001,0.001,0.001,0.001,0.001,99.989;0.001,0.001,0.001,0.001,0.001,0.001,0.001,0.001,0.001,0.001,0.001,99.989;0.001,0.001,0.001,0.001,0.001,0.001,0.001,0.001,0.001,0.001,0.001,99.989;0.001,0.001,0.001,0.001,0.001,0.001,0.001,0.001,0.001,0.001,0.001,99.989;0.001,0.001,0.001,0.001,0.001,0.001,0.001,0.001,0.001,0.001,0.001,99.989;0.001,0.001,0.001,0.001,0.001,0.001,0.001,0.001,0.001,0.001,0.001,99.989;0.001,0.001,0.001,0.001,0.001,0.001,0.001,0.001,0.001,0.001,0.001,99.989;0.001,0.001,0.001,0.001,0.001,0.001,0.001,0.001,0.001,0.001,0.001,99.989"
    levelsQoS 12
    queueSizes "32,32,32,32,32,32,32,32,32,32,32,32"
  ]
  node [
    id 6
    label "6"
    Country "United States"
    Longitude -97.32085
    Internal 1
    Latitude 32.72541
    type "destination_embb"
    schedulingPolicy "FIFO"
    levelsQoS "1"
    schedulingWeights "-"
    tosToQoSqueue "0,1,2,3,4,5,6,7,8,9,10,11,12,13,14,15,16,17,18,19,20,21,22,23,24,25,26,27,28,29,30,31,32,33,34,35,36,37,38,39,40,41,42,43,44,45,46,47,48,49,50,51,52,53,54,55,56,57,58,59,60,61,62,63,64,65,66,67,68,69,70,71,72,73,74,75,76,77,78,79,80,81,82,83,84,85,86,87,88,89,90,91,92,93,94,95,96,97,98,99,100"
    queueSizes "32"
  ]
  node [
    id 7
    label "7"
    Country "United States"
    Longitude -94.62746
    Internal 1
    Latitude 39.11417
    type "antenna"
    schedulingPolicy "WFQ"
    tosToQoSqueue "54,55,56;17;59;37;57;61;28,30,32,49,50,65,68,75,78,80,81,83,89;22,26,35,94;52,73,76,79,90,95,96;25,53,63,67,82,98;20,27,29,58,62,72,74,84,85,86,91,93,97;23,64,69,70,77,87,92,99;19,24,31,71,88,100;21,66;14,60;15,0,1,2,3,4,5,6,7,8,9,10,11,12,13,16,18,33,34,36,38,39,40,41,42,43,44,45,46,47,48,51"
    schedulingWeights "15.777,0.001,0.001,0.001,0.001,0.001,1.824,0.001,0.866,1.6,2.233,2.493,0.818,0.789,73.274,0.32;0.001,12.421,0.001,0.001,0.001,0.001,2.736,2.187,0.001,0.8,2.233,0.831,2.453,0.789,0.001,75.543;31.553,0.001,14.294,0.001,15.945,13.983,4.56,0.001,1.733,0.8,3.722,1.662,0.818,0.001,0.001,10.925;0.001,0.001,0.001,13.912,0.001,0.001,2.736,0.729,3.466,1.6,1.489,1.662,0.818,0.001,73.274,0.308;0.001,0.001,0.001,0.001,0.001,0.001,0.001,0.001,0.001,0.001,0.001,0.001,0.001,0.001,0.001,99.985;0.001,0.001,0.001,0.001,0.001,0.001,0.001,0.001,0.001,0.001,0.001,0.001,0.001,0.001,0.001,99.985;0.001,0.001,0.001,0.001,0.001,0.001,0.001,0.001,0.001,0.001,0.001,0.001,0.001,0.001,0.001,99.985;0.001,0.001,0.001,0.001,0.001,0.001,0.001,0.001,0.001,0.001,0.001,0.001,0.001,0.001,0.001,99.985;0.001,0.001,0.001,0.001,0.001,0.001,0.001,0.001,0.001,0.001,0.001,0.001,0.001,0.001,0.001,99.985;0.001,0.001,0.001,0.001,0.001,0.001,0.001,0.001,0.001,0.001,0.001,0.001,0.001,0.001,0.001,99.985;0.001,0.001,0.001,0.001,0.001,0.001,0.001,0.001,0.001,0.001,0.001,0.001,0.001,0.001,0.001,99.985;0.001,0.001,0.001,0.001,0.001,0.001,0.001,0.001,0.001,0.001,0.001,0.001,0.001,0.001,0.001,99.985;0.001,0.001,0.001,0.001,0.001,0.001,0.001,0.001,0.001,0.001,0.001,0.001,0.001,0.001,0.001,99.985;0.001,0.001,0.001,0.001,0.001,0.001,0.001,0.001,0.001,0.001,0.001,0.001,0.001,0.001,0.001,99.985;0.001,0.001,0.001,0.001,0.001,0.001,0.001,0.001,0.001,0.001,0.001,0.001,0.001,0.001,0.001,99.985;0.001,0.001,0.001,0.001,0.001,0.001,0.001,0.001,0.001,0.001,0.001,0.001,0.001,0.001,0.001,99.985;0.001,0.001,0.001,0.001,0.001,0.001,0.001,0.001,0.001,0.001,0.001,0.001,0.001,0.001,0.001,99.985;0.001,0.001,0.001,0.001,0.001,0.001,0.001,0.001,0.001,0.001,0.001,0.001,0.001,0.001,0.001,99.985;0.001,0.001,0.001,0.001,0.001,0.001,0.001,0.001,0.001,0.001,0.001,0.001,0.001,0.001,0.001,99.985;0.001,0.001,0.001,0.001,0.001,0.001,0.001,0.001,0.001,0.001,0.001,0.001,0.001,0.001,0.001,99.985;0.001,0.001,0.001,0.001,0.001,0.001,0.001,0.001,0.001,0.001,0.001,0.001,0.001,0.001,0.001,99.985;0.001,0.001,0.001,0.001,0.001,0.001,0.001,0.001,0.001,0.001,0.001,0.001,0.001,0.001,0.001,99.985;0.001,0.001,0.001,0.001,0.001,0.001,0.001,0.001,0.001,0.001,0.001,0.001,0.001,0.001,0.001,99.985;0.001,0.001,0.001,0.001,0.001,0.001,0.001,0.001,0.001,0.001,0.001,0.001,0.001,0.001,0.001,99.985;0.001,0.001,0.001,0.001,0.001,0.001,0.001,0.001,0.001,0.001,0.001,0.001,0.001,0.001,0.001,99.985;0.001,0.001,0.001,0.001,0.001,0.001,0.001,0.001,0.001,0.001,0.001,0.001,0.001,0.001,0.001,99.985;0.001,0.001,0.001,0.001,0.001,0.001,0.001,0.001,0.001,0.001,0.001,0.001,0.001,0.001,0.001,99.985;0.001,0.001,0.001,0.001,0.001,0.001,0.001,0.001,0.001,0.001,0.001,0.001,0.001,0.001,0.001,99.985;0.001,0.001,0.001,0.001,0.001,0.001,0.001,0.001,0.001,0.001,0.001,0.001,0.001,0.001,0.001,99.985;0.001,0.001,0.001,0.001,0.001,0.001,0.001,0.001,0.001,0.001,0.001,0.001,0.001,0.001,0.001,99.985;0.001,0.001,0.001,0.001,0.001,0.001,0.001,0.001,0.001,0.001,0.001,0.001,0.001,0.001,0.001,99.985;0.001,0.001,0.001,0.001,0.001,0.001,0.001,0.001,0.001,0.001,0.001,0.001,0.001,0.001,0.001,99.985;0.001,0.001,0.001,0.001,0.001,0.001,0.001,0.001,0.001,0.001,0.001,0.001,0.001,0.001,0.001,99.985;0.001,0.001,0.001,0.001,0.001,0.001,0.001,0.001,0.001,0.001,0.001,0.001,0.001,0.001,0.001,99.985;0.001,0.001,0.001,0.001,0.001,0.001,0.001,0.001,0.001,0.001,0.001,0.001,0.001,0.001,0.001,99.985;0.001,0.001,0.001,0.001,0.001,0.001,0.001,0.001,0.001,0.001,0.001,0.001,0.001,0.001,0.001,99.985;0.001,0.001,0.001,0.001,0.001,0.001,0.001,0.001,0.001,0.001,0.001,0.001,0.001,0.001,0.001,99.985;0.001,0.001,0.001,0.001,0.001,0.001,0.001,0.001,0.001,0.001,0.001,0.001,0.001,0.001,0.001,99.985;0.001,0.001,0.001,0.001,0.001,0.001,0.001,0.001,0.001,0.001,0.001,0.001,0.001,0.001,0.001,99.985;0.001,0.001,0.001,0.001,0.001,0.001,0.001,0.001,0.001,0.001,0.001,0.001,0.001,0.001,0.001,99.985;0.001,0.001,0.001,0.001,0.001,0.001,0.001,0.001,0.001,0.001,0.001,0.001,0.001,0.001,0.001,99.985;0.001,0.001,0.001,0.001,0.001,0.001,0.001,0.001,0.001,0.001,0.001,0.001,0.001,0.001,0.001,99.985;0.001,0.001,0.001,0.001,0.001,0.001,0.001,0.001,0.001,0.001,0.001,0.001,0.001,0.001,0.001,99.985;0.001,0.001,0.001,0.001,0.001,0.001,0.001,0.001,0.001,0.001,0.001,0.001,0.001,0.001,0.001,99.985;0.001,0.001,0.001,0.001,0.001,0.001,0.001,0.001,0.001,0.001,0.001,0.001,0.001,0.001,0.001,99.985;0.001,0.001,0.001,0.001,0.001,0.001,0.001,0.001,0.001,0.001,0.001,0.001,0.001,0.001,0.001,99.985;0.001,0.001,0.001,0.001,0.001,0.001,0.001,0.001,0.001,0.001,0.001,0.001,0.001,0.001,0.001,99.985;0.001,0.001,0.001,0.001,0.001,0.001,0.001,0.001,0.001,0.001,0.001,0.001,0.001,0.001,0.001,99.985;0.001,0.001,0.001,0.001,0.001,0.001,0.001,0.001,0.001,0.001,0.001,0.001,0.001,0.001,0.001,99.985;0.001,0.001,0.001,0.001,0.001,0.001,0.001,0.001,0.001,0.001,0.001,0.001,0.001,0.001,0.001,99.985;0.001,0.001,0.001,0.001,0.001,0.001,0.001,0.001,0.001,0.001,0.001,0.001,0.001,0.001,0.001,99.985;0.001,0.001,0.001,0.001,0.001,0.001,0.001,0.001,0.001,0.001,0.001,0.001,0.001,0.001,0.001,99.985"
    levelsQoS 16
    queueSizes "32,32,32,32,32,32,32,32,32,32,32,32,32,32,32,32"
  ]
  node [
    id 8
    label "8"
    Country "United States"
    Longitude -87.65005
    Internal 1
    Latitude 41.85003
    type "inner"
    schedulingPolicy "WFQ"
    tosToQoSqueue "55,56;59;37;36;57;61;34,38,47,49,50,65,68,75,78,80,81,83;33,42,43,52,73,76,79;40,41,53,63,67,82;44,58,62,72,74,84,85,86,91;64,69,70,77,87;71,88;39,45,46,48,51,66;14,0,1,2,3,4,5,6,7,8,9,10,11,12,13,15,16,17,18,19,20,21,22,23,24,25,26,27,28,29,30,31,32,35,54,60,89,90,92,93,94,95,96,97,98,99,100"
    schedulingWeights "0.001,0.001,0.001,0.001,0.001,0.001,0.001,0.001,0.001,0.001,0.001,0.001,0.001,99.987;31.553,14.294,0.001,14.983,15.945,0.001,6.385,3.466,2.4,4.466,1.662,0.818,3.946,0.081;0.001,0.001,13.912,0.001,0.001,0.001,1.824,0.866,0.8,0.001,0.001,0.001,0.001,82.589;0.001,0.001,0.001,0.001,0.001,13.983,2.736,1.733,1.6,2.233,2.493,0.818,0.789,73.61"
    levelsQoS 14
    queueSizes "32,32,32,32,32,32,32,32,32,32,32,32,32,32"
  ]
  node [
    id 9
    label "9"
    Country "United States"
    Longitude -74.00597
    Internal 1
    Latitude 40.71427
    type "destination_mmtc"
    schedulingPolicy "FIFO"
    levelsQoS "1"
    schedulingWeights "-"
    tosToQoSqueue "0,1,2,3,4,5,6,7,8,9,10,11,12,13,14,15,16,17,18,19,20,21,22,23,24,25,26,27,28,29,30,31,32,33,34,35,36,37,38,39,40,41,42,43,44,45,46,47,48,49,50,51,52,53,54,55,56,57,58,59,60,61,62,63,64,65,66,67,68,69,70,71,72,73,74,75,76,77,78,79,80,81,82,83,84,85,86,87,88,89,90,91,92,93,94,95,96,97,98,99,100"
    queueSizes "32"
  ]
  node [
    id 10
    label "10"
    Country "United States"
    Longitude -77.03637
    Internal 1
    Latitude 38.89511
    type "destination_urllc"
    schedulingPolicy "FIFO"
    levelsQoS "1"
    schedulingWeights "-"
    tosToQoSqueue "0,1,2,3,4,5,6,7,8,9,10,11,12,13,14,15,16,17,18,19,20,21,22,23,24,25,26,27,28,29,30,31,32,33,34,35,36,37,38,39,40,41,42,43,44,45,46,47,48,49,50,51,52,53,54,55,56,57,58,59,60,61,62,63,64,65,66,67,68,69,70,71,72,73,74,75,76,77,78,79,80,81,82,83,84,85,86,87,88,89,90,91,92,93,94,95,96,97,98,99,100"
    queueSizes "32"
  ]
  node [
    id 11
    label "11"
    schedulingPolicy "FIFO"
    levelsQoS "1"
    schedulingWeights "-"
    tosToQoSqueue "0,1,2,3,4,5,6,7,8,9,10,11,12,13,14,15,16,17,18,19,20,21,22,23,24,25,26,27,28,29,30,31,32,33,34,35,36,37,38,39,40,41,42,43,44,45,46,47,48,49,50,51,52,53,54,55,56,57,58,59,60,61,62,63,64,65,66,67,68,69,70,71,72,73,74,75,76,77,78,79,80,81,82,83,84,85,86,87,88,89,90,91,92,93,94,95,96,97,98,99,100"
    queueSizes "32"
    type "destination_urllc"
  ]
  node [
    id 12
    label "12"
    schedulingPolicy "FIFO"
    levelsQoS "1"
    schedulingWeights "-"
    tosToQoSqueue "0,1,2,3,4,5,6,7,8,9,10,11,12,13,14,15,16,17,18,19,20,21,22,23,24,25,26,27,28,29,30,31,32,33,34,35,36,37,38,39,40,41,42,43,44,45,46,47,48,49,50,51,52,53,54,55,56,57,58,59,60,61,62,63,64,65,66,67,68,69,70,71,72,73,74,75,76,77,78,79,80,81,82,83,84,85,86,87,88,89,90,91,92,93,94,95,96,97,98,99,100"
    queueSizes "32"
    type "destination_mmtc"
  ]
  node [
    id 13
    label "13"
    schedulingPolicy "FIFO"
    levelsQoS "1"
    schedulingWeights "-"
    tosToQoSqueue "0,1,2,3,4,5,6,7,8,9,10,11,12,13,14,15,16,17,18,19,20,21,22,23,24,25,26,27,28,29,30,31,32,33,34,35,36,37,38,39,40,41,42,43,44,45,46,47,48,49,50,51,52,53,54,55,56,57,58,59,60,61,62,63,64,65,66,67,68,69,70,71,72,73,74,75,76,77,78,79,80,81,82,83,84,85,86,87,88,89,90,91,92,93,94,95,96,97,98,99,100"
    queueSizes "32"
    type "destination_embb"
  ]
  node [
    id 14
    label "14"
    schedulingPolicy "FIFO"
    levelsQoS "1"
    schedulingWeights "-"
    tosToQoSqueue "0,1,2,3,4,5,6,7,8,9,10,11,12,13,14,15,16,17,18,19,20,21,22,23,24,25,26,27,28,29,30,31,32,33,34,35,36,37,38,39,40,41,42,43,44,45,46,47,48,49,50,51,52,53,54,55,56,57,58,59,60,61,62,63,64,65,66,67,68,69,70,71,72,73,74,75,76,77,78,79,80,81,82,83,84,85,86,87,88,89,90,91,92,93,94,95,96,97,98,99,100"
    queueSizes "32"
    type "origin_embb"
    reservation 18318600.0
  ]
  node [
    id 15
    label "15"
    schedulingPolicy "FIFO"
    levelsQoS "1"
    schedulingWeights "-"
    tosToQoSqueue "0,1,2,3,4,5,6,7,8,9,10,11,12,13,14,15,16,17,18,19,20,21,22,23,24,25,26,27,28,29,30,31,32,33,34,35,36,37,38,39,40,41,42,43,44,45,46,47,48,49,50,51,52,53,54,55,56,57,58,59,60,61,62,63,64,65,66,67,68,69,70,71,72,73,74,75,76,77,78,79,80,81,82,83,84,85,86,87,88,89,90,91,92,93,94,95,96,97,98,99,100"
    queueSizes "32"
    type "origin_embb"
    reservation 18874800.0
  ]
  node [
    id 16
    label "16"
    schedulingPolicy "FIFO"
    levelsQoS "1"
    schedulingWeights "-"
    tosToQoSqueue "0,1,2,3,4,5,6,7,8,9,10,11,12,13,14,15,16,17,18,19,20,21,22,23,24,25,26,27,28,29,30,31,32,33,34,35,36,37,38,39,40,41,42,43,44,45,46,47,48,49,50,51,52,53,54,55,56,57,58,59,60,61,62,63,64,65,66,67,68,69,70,71,72,73,74,75,76,77,78,79,80,81,82,83,84,85,86,87,88,89,90,91,92,93,94,95,96,97,98,99,100"
    queueSizes "32"
    type "origin_embb"
    reservation 20521800.0
  ]
  node [
    id 17
    label "17"
    schedulingPolicy "FIFO"
    levelsQoS "1"
    schedulingWeights "-"
    tosToQoSqueue "0,1,2,3,4,5,6,7,8,9,10,11,12,13,14,15,16,17,18,19,20,21,22,23,24,25,26,27,28,29,30,31,32,33,34,35,36,37,38,39,40,41,42,43,44,45,46,47,48,49,50,51,52,53,54,55,56,57,58,59,60,61,62,63,64,65,66,67,68,69,70,71,72,73,74,75,76,77,78,79,80,81,82,83,84,85,86,87,88,89,90,91,92,93,94,95,96,97,98,99,100"
    queueSizes "32"
    type "origin_urllc"
    reservation 3105200.0
  ]
  node [
    id 18
    label "18"
    schedulingPolicy "FIFO"
    levelsQoS "1"
    schedulingWeights "-"
    tosToQoSqueue "0,1,2,3,4,5,6,7,8,9,10,11,12,13,14,15,16,17,18,19,20,21,22,23,24,25,26,27,28,29,30,31,32,33,34,35,36,37,38,39,40,41,42,43,44,45,46,47,48,49,50,51,52,53,54,55,56,57,58,59,60,61,62,63,64,65,66,67,68,69,70,71,72,73,74,75,76,77,78,79,80,81,82,83,84,85,86,87,88,89,90,91,92,93,94,95,96,97,98,99,100"
    queueSizes "32"
    type "origin_urllc"
    reservation 3944150.0
  ]
  node [
    id 19
    label "19"
    schedulingPolicy "FIFO"
    levelsQoS "1"
    schedulingWeights "-"
    tosToQoSqueue "0,1,2,3,4,5,6,7,8,9,10,11,12,13,14,15,16,17,18,19,20,21,22,23,24,25,26,27,28,29,30,31,32,33,34,35,36,37,38,39,40,41,42,43,44,45,46,47,48,49,50,51,52,53,54,55,56,57,58,59,60,61,62,63,64,65,66,67,68,69,70,71,72,73,74,75,76,77,78,79,80,81,82,83,84,85,86,87,88,89,90,91,92,93,94,95,96,97,98,99,100"
    queueSizes "32"
    type "origin_mmtc"
    reservation 204440.0
  ]
  node [
    id 20
    label "20"
    schedulingPolicy "FIFO"
    levelsQoS "1"
    schedulingWeights "-"
    tosToQoSqueue "0,1,2,3,4,5,6,7,8,9,10,11,12,13,14,15,16,17,18,19,20,21,22,23,24,25,26,27,28,29,30,31,32,33,34,35,36,37,38,39,40,41,42,43,44,45,46,47,48,49,50,51,52,53,54,55,56,57,58,59,60,61,62,63,64,65,66,67,68,69,70,71,72,73,74,75,76,77,78,79,80,81,82,83,84,85,86,87,88,89,90,91,92,93,94,95,96,97,98,99,100"
    queueSizes "32"
    type "origin_mmtc"
    reservation 186080.0
  ]
  node [
    id 21
    label "21"
    schedulingPolicy "FIFO"
    levelsQoS "1"
    schedulingWeights "-"
    tosToQoSqueue "0,1,2,3,4,5,6,7,8,9,10,11,12,13,14,15,16,17,18,19,20,21,22,23,24,25,26,27,28,29,30,31,32,33,34,35,36,37,38,39,40,41,42,43,44,45,46,47,48,49,50,51,52,53,54,55,56,57,58,59,60,61,62,63,64,65,66,67,68,69,70,71,72,73,74,75,76,77,78,79,80,81,82,83,84,85,86,87,88,89,90,91,92,93,94,95,96,97,98,99,100"
    queueSizes "32"
    type "origin_mmtc"
    reservation 197300.0
  ]
  node [
    id 22
    label "22"
    schedulingPolicy "FIFO"
    levelsQoS "1"
    schedulingWeights "-"
    tosToQoSqueue "0,1,2,3,4,5,6,7,8,9,10,11,12,13,14,15,16,17,18,19,20,21,22,23,24,25,26,27,28,29,30,31,32,33,34,35,36,37,38,39,40,41,42,43,44,45,46,47,48,49,50,51,52,53,54,55,56,57,58,59,60,61,62,63,64,65,66,67,68,69,70,71,72,73,74,75,76,77,78,79,80,81,82,83,84,85,86,87,88,89,90,91,92,93,94,95,96,97,98,99,100"
    queueSizes "32"
    type "origin_mmtc"
    reservation 182240.0
  ]
  node [
    id 23
    label "23"
    schedulingPolicy "FIFO"
    levelsQoS "1"
    schedulingWeights "-"
    tosToQoSqueue "0,1,2,3,4,5,6,7,8,9,10,11,12,13,14,15,16,17,18,19,20,21,22,23,24,25,26,27,28,29,30,31,32,33,34,35,36,37,38,39,40,41,42,43,44,45,46,47,48,49,50,51,52,53,54,55,56,57,58,59,60,61,62,63,64,65,66,67,68,69,70,71,72,73,74,75,76,77,78,79,80,81,82,83,84,85,86,87,88,89,90,91,92,93,94,95,96,97,98,99,100"
    queueSizes "32"
    type "origin_mmtc"
    reservation 207740.0
  ]
  node [
    id 24
    label "24"
    schedulingPolicy "FIFO"
    levelsQoS "1"
    schedulingWeights "-"
    tosToQoSqueue "0,1,2,3,4,5,6,7,8,9,10,11,12,13,14,15,16,17,18,19,20,21,22,23,24,25,26,27,28,29,30,31,32,33,34,35,36,37,38,39,40,41,42,43,44,45,46,47,48,49,50,51,52,53,54,55,56,57,58,59,60,61,62,63,64,65,66,67,68,69,70,71,72,73,74,75,76,77,78,79,80,81,82,83,84,85,86,87,88,89,90,91,92,93,94,95,96,97,98,99,100"
    queueSizes "32"
    type "origin_mmtc"
    reservation 204440.0
  ]
  node [
    id 25
    label "25"
    schedulingPolicy "FIFO"
    levelsQoS "1"
    schedulingWeights "-"
    tosToQoSqueue "0,1,2,3,4,5,6,7,8,9,10,11,12,13,14,15,16,17,18,19,20,21,22,23,24,25,26,27,28,29,30,31,32,33,34,35,36,37,38,39,40,41,42,43,44,45,46,47,48,49,50,51,52,53,54,55,56,57,58,59,60,61,62,63,64,65,66,67,68,69,70,71,72,73,74,75,76,77,78,79,80,81,82,83,84,85,86,87,88,89,90,91,92,93,94,95,96,97,98,99,100"
    queueSizes "32"
    type "origin_mmtc"
    reservation 200000.0
  ]
  node [
    id 26
    label "26"
    schedulingPolicy "FIFO"
    levelsQoS "1"
    schedulingWeights "-"
    tosToQoSqueue "0,1,2,3,4,5,6,7,8,9,10,11,12,13,14,15,16,17,18,19,20,21,22,23,24,25,26,27,28,29,30,31,32,33,34,35,36,37,38,39,40,41,42,43,44,45,46,47,48,49,50,51,52,53,54,55,56,57,58,59,60,61,62,63,64,65,66,67,68,69,70,71,72,73,74,75,76,77,78,79,80,81,82,83,84,85,86,87,88,89,90,91,92,93,94,95,96,97,98,99,100"
    queueSizes "32"
    type "origin_mmtc"
    reservation 182240.0
  ]
  node [
    id 27
    label "27"
    schedulingPolicy "FIFO"
    levelsQoS "1"
    schedulingWeights "-"
    tosToQoSqueue "0,1,2,3,4,5,6,7,8,9,10,11,12,13,14,15,16,17,18,19,20,21,22,23,24,25,26,27,28,29,30,31,32,33,34,35,36,37,38,39,40,41,42,43,44,45,46,47,48,49,50,51,52,53,54,55,56,57,58,59,60,61,62,63,64,65,66,67,68,69,70,71,72,73,74,75,76,77,78,79,80,81,82,83,84,85,86,87,88,89,90,91,92,93,94,95,96,97,98,99,100"
    queueSizes "32"
    type "origin_mmtc"
    reservation 186080.0
  ]
  node [
    id 28
    label "28"
    schedulingPolicy "FIFO"
    levelsQoS "1"
    schedulingWeights "-"
    tosToQoSqueue "0,1,2,3,4,5,6,7,8,9,10,11,12,13,14,15,16,17,18,19,20,21,22,23,24,25,26,27,28,29,30,31,32,33,34,35,36,37,38,39,40,41,42,43,44,45,46,47,48,49,50,51,52,53,54,55,56,57,58,59,60,61,62,63,64,65,66,67,68,69,70,71,72,73,74,75,76,77,78,79,80,81,82,83,84,85,86,87,88,89,90,91,92,93,94,95,96,97,98,99,100"
    queueSizes "32"
    type "origin_mmtc"
    reservation 228020.0
  ]
  node [
    id 29
    label "29"
    schedulingPolicy "FIFO"
    levelsQoS "1"
    schedulingWeights "-"
    tosToQoSqueue "0,1,2,3,4,5,6,7,8,9,10,11,12,13,14,15,16,17,18,19,20,21,22,23,24,25,26,27,28,29,30,31,32,33,34,35,36,37,38,39,40,41,42,43,44,45,46,47,48,49,50,51,52,53,54,55,56,57,58,59,60,61,62,63,64,65,66,67,68,69,70,71,72,73,74,75,76,77,78,79,80,81,82,83,84,85,86,87,88,89,90,91,92,93,94,95,96,97,98,99,100"
    queueSizes "32"
    type "origin_mmtc"
    reservation 186080.0
  ]
  node [
    id 30
    label "30"
    schedulingPolicy "FIFO"
    levelsQoS "1"
    schedulingWeights "-"
    tosToQoSqueue "0,1,2,3,4,5,6,7,8,9,10,11,12,13,14,15,16,17,18,19,20,21,22,23,24,25,26,27,28,29,30,31,32,33,34,35,36,37,38,39,40,41,42,43,44,45,46,47,48,49,50,51,52,53,54,55,56,57,58,59,60,61,62,63,64,65,66,67,68,69,70,71,72,73,74,75,76,77,78,79,80,81,82,83,84,85,86,87,88,89,90,91,92,93,94,95,96,97,98,99,100"
    queueSizes "32"
    type "origin_mmtc"
    reservation 228020.0
  ]
  node [
    id 31
    label "31"
    schedulingPolicy "FIFO"
    levelsQoS "1"
    schedulingWeights "-"
    tosToQoSqueue "0,1,2,3,4,5,6,7,8,9,10,11,12,13,14,15,16,17,18,19,20,21,22,23,24,25,26,27,28,29,30,31,32,33,34,35,36,37,38,39,40,41,42,43,44,45,46,47,48,49,50,51,52,53,54,55,56,57,58,59,60,61,62,63,64,65,66,67,68,69,70,71,72,73,74,75,76,77,78,79,80,81,82,83,84,85,86,87,88,89,90,91,92,93,94,95,96,97,98,99,100"
    queueSizes "32"
    type "origin_mmtc"
    reservation 204440.0
  ]
  node [
    id 32
    label "32"
    schedulingPolicy "FIFO"
    levelsQoS "1"
    schedulingWeights "-"
    tosToQoSqueue "0,1,2,3,4,5,6,7,8,9,10,11,12,13,14,15,16,17,18,19,20,21,22,23,24,25,26,27,28,29,30,31,32,33,34,35,36,37,38,39,40,41,42,43,44,45,46,47,48,49,50,51,52,53,54,55,56,57,58,59,60,61,62,63,64,65,66,67,68,69,70,71,72,73,74,75,76,77,78,79,80,81,82,83,84,85,86,87,88,89,90,91,92,93,94,95,96,97,98,99,100"
    queueSizes "32"
    type "origin_mmtc"
    reservation 228020.0
  ]
  node [
    id 33
    label "33"
    schedulingPolicy "FIFO"
    levelsQoS "1"
    schedulingWeights "-"
    tosToQoSqueue "0,1,2,3,4,5,6,7,8,9,10,11,12,13,14,15,16,17,18,19,20,21,22,23,24,25,26,27,28,29,30,31,32,33,34,35,36,37,38,39,40,41,42,43,44,45,46,47,48,49,50,51,52,53,54,55,56,57,58,59,60,61,62,63,64,65,66,67,68,69,70,71,72,73,74,75,76,77,78,79,80,81,82,83,84,85,86,87,88,89,90,91,92,93,94,95,96,97,98,99,100"
    queueSizes "32"
    type "origin_mmtc"
    reservation 216620.0
  ]
  node [
    id 34
    label "34"
    schedulingPolicy "FIFO"
    levelsQoS "1"
    schedulingWeights "-"
    tosToQoSqueue "0,1,2,3,4,5,6,7,8,9,10,11,12,13,14,15,16,17,18,19,20,21,22,23,24,25,26,27,28,29,30,31,32,33,34,35,36,37,38,39,40,41,42,43,44,45,46,47,48,49,50,51,52,53,54,55,56,57,58,59,60,61,62,63,64,65,66,67,68,69,70,71,72,73,74,75,76,77,78,79,80,81,82,83,84,85,86,87,88,89,90,91,92,93,94,95,96,97,98,99,100"
    queueSizes "32"
    type "origin_mmtc"
    reservation 228020.0
  ]
  node [
    id 35
    label "35"
    schedulingPolicy "FIFO"
    levelsQoS "1"
    schedulingWeights "-"
    tosToQoSqueue "0,1,2,3,4,5,6,7,8,9,10,11,12,13,14,15,16,17,18,19,20,21,22,23,24,25,26,27,28,29,30,31,32,33,34,35,36,37,38,39,40,41,42,43,44,45,46,47,48,49,50,51,52,53,54,55,56,57,58,59,60,61,62,63,64,65,66,67,68,69,70,71,72,73,74,75,76,77,78,79,80,81,82,83,84,85,86,87,88,89,90,91,92,93,94,95,96,97,98,99,100"
    queueSizes "32"
    type "origin_mmtc"
    reservation 182240.0
  ]
  node [
    id 36
    label "36"
    schedulingPolicy "FIFO"
    levelsQoS "1"
    schedulingWeights "-"
    tosToQoSqueue "0,1,2,3,4,5,6,7,8,9,10,11,12,13,14,15,16,17,18,19,20,21,22,23,24,25,26,27,28,29,30,31,32,33,34,35,36,37,38,39,40,41,42,43,44,45,46,47,48,49,50,51,52,53,54,55,56,57,58,59,60,61,62,63,64,65,66,67,68,69,70,71,72,73,74,75,76,77,78,79,80,81,82,83,84,85,86,87,88,89,90,91,92,93,94,95,96,97,98,99,100"
    queueSizes "32"
    type "origin_urllc"
    reservation 3745700.0
  ]
  node [
    id 37
    label "37"
    schedulingPolicy "FIFO"
    levelsQoS "1"
    schedulingWeights "-"
    tosToQoSqueue "0,1,2,3,4,5,6,7,8,9,10,11,12,13,14,15,16,17,18,19,20,21,22,23,24,25,26,27,28,29,30,31,32,33,34,35,36,37,38,39,40,41,42,43,44,45,46,47,48,49,50,51,52,53,54,55,56,57,58,59,60,61,62,63,64,65,66,67,68,69,70,71,72,73,74,75,76,77,78,79,80,81,82,83,84,85,86,87,88,89,90,91,92,93,94,95,96,97,98,99,100"
    queueSizes "32"
    type "origin_urllc"
    reservation 3477950.0
  ]
  node [
    id 38
    label "38"
    schedulingPolicy "FIFO"
    levelsQoS "1"
    schedulingWeights "-"
    tosToQoSqueue "0,1,2,3,4,5,6,7,8,9,10,11,12,13,14,15,16,17,18,19,20,21,22,23,24,25,26,27,28,29,30,31,32,33,34,35,36,37,38,39,40,41,42,43,44,45,46,47,48,49,50,51,52,53,54,55,56,57,58,59,60,61,62,63,64,65,66,67,68,69,70,71,72,73,74,75,76,77,78,79,80,81,82,83,84,85,86,87,88,89,90,91,92,93,94,95,96,97,98,99,100"
    queueSizes "32"
    type "origin_mmtc"
    reservation 228020.0
  ]
  node [
    id 39
    label "39"
    schedulingPolicy "FIFO"
    levelsQoS "1"
    schedulingWeights "-"
    tosToQoSqueue "0,1,2,3,4,5,6,7,8,9,10,11,12,13,14,15,16,17,18,19,20,21,22,23,24,25,26,27,28,29,30,31,32,33,34,35,36,37,38,39,40,41,42,43,44,45,46,47,48,49,50,51,52,53,54,55,56,57,58,59,60,61,62,63,64,65,66,67,68,69,70,71,72,73,74,75,76,77,78,79,80,81,82,83,84,85,86,87,88,89,90,91,92,93,94,95,96,97,98,99,100"
    queueSizes "32"
    type "origin_mmtc"
    reservation 197300.0
  ]
  node [
    id 40
    label "40"
    schedulingPolicy "FIFO"
    levelsQoS "1"
    schedulingWeights "-"
    tosToQoSqueue "0,1,2,3,4,5,6,7,8,9,10,11,12,13,14,15,16,17,18,19,20,21,22,23,24,25,26,27,28,29,30,31,32,33,34,35,36,37,38,39,40,41,42,43,44,45,46,47,48,49,50,51,52,53,54,55,56,57,58,59,60,61,62,63,64,65,66,67,68,69,70,71,72,73,74,75,76,77,78,79,80,81,82,83,84,85,86,87,88,89,90,91,92,93,94,95,96,97,98,99,100"
    queueSizes "32"
    type "origin_mmtc"
    reservation 200000.0
  ]
  node [
    id 41
    label "41"
    schedulingPolicy "FIFO"
    levelsQoS "1"
    schedulingWeights "-"
    tosToQoSqueue "0,1,2,3,4,5,6,7,8,9,10,11,12,13,14,15,16,17,18,19,20,21,22,23,24,25,26,27,28,29,30,31,32,33,34,35,36,37,38,39,40,41,42,43,44,45,46,47,48,49,50,51,52,53,54,55,56,57,58,59,60,61,62,63,64,65,66,67,68,69,70,71,72,73,74,75,76,77,78,79,80,81,82,83,84,85,86,87,88,89,90,91,92,93,94,95,96,97,98,99,100"
    queueSizes "32"
    type "origin_mmtc"
    reservation 200000.0
  ]
  node [
    id 42
    label "42"
    schedulingPolicy "FIFO"
    levelsQoS "1"
    schedulingWeights "-"
    tosToQoSqueue "0,1,2,3,4,5,6,7,8,9,10,11,12,13,14,15,16,17,18,19,20,21,22,23,24,25,26,27,28,29,30,31,32,33,34,35,36,37,38,39,40,41,42,43,44,45,46,47,48,49,50,51,52,53,54,55,56,57,58,59,60,61,62,63,64,65,66,67,68,69,70,71,72,73,74,75,76,77,78,79,80,81,82,83,84,85,86,87,88,89,90,91,92,93,94,95,96,97,98,99,100"
    queueSizes "32"
    type "origin_mmtc"
    reservation 216620.0
  ]
  node [
    id 43
    label "43"
    schedulingPolicy "FIFO"
    levelsQoS "1"
    schedulingWeights "-"
    tosToQoSqueue "0,1,2,3,4,5,6,7,8,9,10,11,12,13,14,15,16,17,18,19,20,21,22,23,24,25,26,27,28,29,30,31,32,33,34,35,36,37,38,39,40,41,42,43,44,45,46,47,48,49,50,51,52,53,54,55,56,57,58,59,60,61,62,63,64,65,66,67,68,69,70,71,72,73,74,75,76,77,78,79,80,81,82,83,84,85,86,87,88,89,90,91,92,93,94,95,96,97,98,99,100"
    queueSizes "32"
    type "origin_mmtc"
    reservation 216620.0
  ]
  node [
    id 44
    label "44"
    schedulingPolicy "FIFO"
    levelsQoS "1"
    schedulingWeights "-"
    tosToQoSqueue "0,1,2,3,4,5,6,7,8,9,10,11,12,13,14,15,16,17,18,19,20,21,22,23,24,25,26,27,28,29,30,31,32,33,34,35,36,37,38,39,40,41,42,43,44,45,46,47,48,49,50,51,52,53,54,55,56,57,58,59,60,61,62,63,64,65,66,67,68,69,70,71,72,73,74,75,76,77,78,79,80,81,82,83,84,85,86,87,88,89,90,91,92,93,94,95,96,97,98,99,100"
    queueSizes "32"
    type "origin_mmtc"
    reservation 186080.0
  ]
  node [
    id 45
    label "45"
    schedulingPolicy "FIFO"
    levelsQoS "1"
    schedulingWeights "-"
    tosToQoSqueue "0,1,2,3,4,5,6,7,8,9,10,11,12,13,14,15,16,17,18,19,20,21,22,23,24,25,26,27,28,29,30,31,32,33,34,35,36,37,38,39,40,41,42,43,44,45,46,47,48,49,50,51,52,53,54,55,56,57,58,59,60,61,62,63,64,65,66,67,68,69,70,71,72,73,74,75,76,77,78,79,80,81,82,83,84,85,86,87,88,89,90,91,92,93,94,95,96,97,98,99,100"
    queueSizes "32"
    type "origin_mmtc"
    reservation 197300.0
  ]
  node [
    id 46
    label "46"
    schedulingPolicy "FIFO"
    levelsQoS "1"
    schedulingWeights "-"
    tosToQoSqueue "0,1,2,3,4,5,6,7,8,9,10,11,12,13,14,15,16,17,18,19,20,21,22,23,24,25,26,27,28,29,30,31,32,33,34,35,36,37,38,39,40,41,42,43,44,45,46,47,48,49,50,51,52,53,54,55,56,57,58,59,60,61,62,63,64,65,66,67,68,69,70,71,72,73,74,75,76,77,78,79,80,81,82,83,84,85,86,87,88,89,90,91,92,93,94,95,96,97,98,99,100"
    queueSizes "32"
    type "origin_mmtc"
    reservation 197300.0
  ]
  node [
    id 47
    label "47"
    schedulingPolicy "FIFO"
    levelsQoS "1"
    schedulingWeights "-"
    tosToQoSqueue "0,1,2,3,4,5,6,7,8,9,10,11,12,13,14,15,16,17,18,19,20,21,22,23,24,25,26,27,28,29,30,31,32,33,34,35,36,37,38,39,40,41,42,43,44,45,46,47,48,49,50,51,52,53,54,55,56,57,58,59,60,61,62,63,64,65,66,67,68,69,70,71,72,73,74,75,76,77,78,79,80,81,82,83,84,85,86,87,88,89,90,91,92,93,94,95,96,97,98,99,100"
    queueSizes "32"
    type "origin_mmtc"
    reservation 228020.0
  ]
  node [
    id 48
    label "48"
    schedulingPolicy "FIFO"
    levelsQoS "1"
    schedulingWeights "-"
    tosToQoSqueue "0,1,2,3,4,5,6,7,8,9,10,11,12,13,14,15,16,17,18,19,20,21,22,23,24,25,26,27,28,29,30,31,32,33,34,35,36,37,38,39,40,41,42,43,44,45,46,47,48,49,50,51,52,53,54,55,56,57,58,59,60,61,62,63,64,65,66,67,68,69,70,71,72,73,74,75,76,77,78,79,80,81,82,83,84,85,86,87,88,89,90,91,92,93,94,95,96,97,98,99,100"
    queueSizes "32"
    type "origin_mmtc"
    reservation 197300.0
  ]
  node [
    id 49
    label "49"
    schedulingPolicy "FIFO"
    levelsQoS "1"
    schedulingWeights "-"
    tosToQoSqueue "0,1,2,3,4,5,6,7,8,9,10,11,12,13,14,15,16,17,18,19,20,21,22,23,24,25,26,27,28,29,30,31,32,33,34,35,36,37,38,39,40,41,42,43,44,45,46,47,48,49,50,51,52,53,54,55,56,57,58,59,60,61,62,63,64,65,66,67,68,69,70,71,72,73,74,75,76,77,78,79,80,81,82,83,84,85,86,87,88,89,90,91,92,93,94,95,96,97,98,99,100"
    queueSizes "32"
    type "origin_mmtc"
    reservation 228020.0
  ]
  node [
    id 50
    label "50"
    schedulingPolicy "FIFO"
    levelsQoS "1"
    schedulingWeights "-"
    tosToQoSqueue "0,1,2,3,4,5,6,7,8,9,10,11,12,13,14,15,16,17,18,19,20,21,22,23,24,25,26,27,28,29,30,31,32,33,34,35,36,37,38,39,40,41,42,43,44,45,46,47,48,49,50,51,52,53,54,55,56,57,58,59,60,61,62,63,64,65,66,67,68,69,70,71,72,73,74,75,76,77,78,79,80,81,82,83,84,85,86,87,88,89,90,91,92,93,94,95,96,97,98,99,100"
    queueSizes "32"
    type "origin_mmtc"
    reservation 228020.0
  ]
  node [
    id 51
    label "51"
    schedulingPolicy "FIFO"
    levelsQoS "1"
    schedulingWeights "-"
    tosToQoSqueue "0,1,2,3,4,5,6,7,8,9,10,11,12,13,14,15,16,17,18,19,20,21,22,23,24,25,26,27,28,29,30,31,32,33,34,35,36,37,38,39,40,41,42,43,44,45,46,47,48,49,50,51,52,53,54,55,56,57,58,59,60,61,62,63,64,65,66,67,68,69,70,71,72,73,74,75,76,77,78,79,80,81,82,83,84,85,86,87,88,89,90,91,92,93,94,95,96,97,98,99,100"
    queueSizes "32"
    type "origin_mmtc"
    reservation 197300.0
  ]
  node [
    id 52
    label "52"
    schedulingPolicy "FIFO"
    levelsQoS "1"
    schedulingWeights "-"
    tosToQoSqueue "0,1,2,3,4,5,6,7,8,9,10,11,12,13,14,15,16,17,18,19,20,21,22,23,24,25,26,27,28,29,30,31,32,33,34,35,36,37,38,39,40,41,42,43,44,45,46,47,48,49,50,51,52,53,54,55,56,57,58,59,60,61,62,63,64,65,66,67,68,69,70,71,72,73,74,75,76,77,78,79,80,81,82,83,84,85,86,87,88,89,90,91,92,93,94,95,96,97,98,99,100"
    queueSizes "32"
    type "origin_mmtc"
    reservation 216620.0
  ]
  node [
    id 53
    label "53"
    schedulingPolicy "FIFO"
    levelsQoS "1"
    schedulingWeights "-"
    tosToQoSqueue "0,1,2,3,4,5,6,7,8,9,10,11,12,13,14,15,16,17,18,19,20,21,22,23,24,25,26,27,28,29,30,31,32,33,34,35,36,37,38,39,40,41,42,43,44,45,46,47,48,49,50,51,52,53,54,55,56,57,58,59,60,61,62,63,64,65,66,67,68,69,70,71,72,73,74,75,76,77,78,79,80,81,82,83,84,85,86,87,88,89,90,91,92,93,94,95,96,97,98,99,100"
    queueSizes "32"
    type "origin_mmtc"
    reservation 200000.0
  ]
  node [
    id 54
    label "54"
    schedulingPolicy "FIFO"
    levelsQoS "1"
    schedulingWeights "-"
    tosToQoSqueue "0,1,2,3,4,5,6,7,8,9,10,11,12,13,14,15,16,17,18,19,20,21,22,23,24,25,26,27,28,29,30,31,32,33,34,35,36,37,38,39,40,41,42,43,44,45,46,47,48,49,50,51,52,53,54,55,56,57,58,59,60,61,62,63,64,65,66,67,68,69,70,71,72,73,74,75,76,77,78,79,80,81,82,83,84,85,86,87,88,89,90,91,92,93,94,95,96,97,98,99,100"
    queueSizes "32"
    type "origin_urllc"
    reservation 3944150.0
  ]
  node [
    id 55
    label "55"
    schedulingPolicy "FIFO"
    levelsQoS "1"
    schedulingWeights "-"
    tosToQoSqueue "0,1,2,3,4,5,6,7,8,9,10,11,12,13,14,15,16,17,18,19,20,21,22,23,24,25,26,27,28,29,30,31,32,33,34,35,36,37,38,39,40,41,42,43,44,45,46,47,48,49,50,51,52,53,54,55,56,57,58,59,60,61,62,63,64,65,66,67,68,69,70,71,72,73,74,75,76,77,78,79,80,81,82,83,84,85,86,87,88,89,90,91,92,93,94,95,96,97,98,99,100"
    queueSizes "32"
    type "origin_urllc"
    reservation 3944150.0
  ]
  node [
    id 56
    label "56"
    schedulingPolicy "FIFO"
    levelsQoS "1"
    schedulingWeights "-"
    tosToQoSqueue "0,1,2,3,4,5,6,7,8,9,10,11,12,13,14,15,16,17,18,19,20,21,22,23,24,25,26,27,28,29,30,31,32,33,34,35,36,37,38,39,40,41,42,43,44,45,46,47,48,49,50,51,52,53,54,55,56,57,58,59,60,61,62,63,64,65,66,67,68,69,70,71,72,73,74,75,76,77,78,79,80,81,82,83,84,85,86,87,88,89,90,91,92,93,94,95,96,97,98,99,100"
    queueSizes "32"
    type "origin_urllc"
    reservation 3944150.0
  ]
  node [
    id 57
    label "57"
    schedulingPolicy "FIFO"
    levelsQoS "1"
    schedulingWeights "-"
    tosToQoSqueue "0,1,2,3,4,5,6,7,8,9,10,11,12,13,14,15,16,17,18,19,20,21,22,23,24,25,26,27,28,29,30,31,32,33,34,35,36,37,38,39,40,41,42,43,44,45,46,47,48,49,50,51,52,53,54,55,56,57,58,59,60,61,62,63,64,65,66,67,68,69,70,71,72,73,74,75,76,77,78,79,80,81,82,83,84,85,86,87,88,89,90,91,92,93,94,95,96,97,98,99,100"
    queueSizes "32"
    type "origin_urllc"
    reservation 3986150.0
  ]
  node [
    id 58
    label "58"
    schedulingPolicy "FIFO"
    levelsQoS "1"
    schedulingWeights "-"
    tosToQoSqueue "0,1,2,3,4,5,6,7,8,9,10,11,12,13,14,15,16,17,18,19,20,21,22,23,24,25,26,27,28,29,30,31,32,33,34,35,36,37,38,39,40,41,42,43,44,45,46,47,48,49,50,51,52,53,54,55,56,57,58,59,60,61,62,63,64,65,66,67,68,69,70,71,72,73,74,75,76,77,78,79,80,81,82,83,84,85,86,87,88,89,90,91,92,93,94,95,96,97,98,99,100"
    queueSizes "32"
    type "origin_mmtc"
    reservation 186080.0
  ]
  node [
    id 59
    label "59"
    schedulingPolicy "FIFO"
    levelsQoS "1"
    schedulingWeights "-"
    tosToQoSqueue "0,1,2,3,4,5,6,7,8,9,10,11,12,13,14,15,16,17,18,19,20,21,22,23,24,25,26,27,28,29,30,31,32,33,34,35,36,37,38,39,40,41,42,43,44,45,46,47,48,49,50,51,52,53,54,55,56,57,58,59,60,61,62,63,64,65,66,67,68,69,70,71,72,73,74,75,76,77,78,79,80,81,82,83,84,85,86,87,88,89,90,91,92,93,94,95,96,97,98,99,100"
    queueSizes "32"
    type "origin_urllc"
    reservation 3573500.0
  ]
  node [
    id 60
    label "60"
    schedulingPolicy "FIFO"
    levelsQoS "1"
    schedulingWeights "-"
    tosToQoSqueue "0,1,2,3,4,5,6,7,8,9,10,11,12,13,14,15,16,17,18,19,20,21,22,23,24,25,26,27,28,29,30,31,32,33,34,35,36,37,38,39,40,41,42,43,44,45,46,47,48,49,50,51,52,53,54,55,56,57,58,59,60,61,62,63,64,65,66,67,68,69,70,71,72,73,74,75,76,77,78,79,80,81,82,83,84,85,86,87,88,89,90,91,92,93,94,95,96,97,98,99,100"
    queueSizes "32"
    type "origin_embb"
    reservation 18318600.0
  ]
  node [
    id 61
    label "61"
    schedulingPolicy "FIFO"
    levelsQoS "1"
    schedulingWeights "-"
    tosToQoSqueue "0,1,2,3,4,5,6,7,8,9,10,11,12,13,14,15,16,17,18,19,20,21,22,23,24,25,26,27,28,29,30,31,32,33,34,35,36,37,38,39,40,41,42,43,44,45,46,47,48,49,50,51,52,53,54,55,56,57,58,59,60,61,62,63,64,65,66,67,68,69,70,71,72,73,74,75,76,77,78,79,80,81,82,83,84,85,86,87,88,89,90,91,92,93,94,95,96,97,98,99,100"
    queueSizes "32"
    type "origin_urllc"
    reservation 3495800.0
  ]
  node [
    id 62
    label "62"
    schedulingPolicy "FIFO"
    levelsQoS "1"
    schedulingWeights "-"
    tosToQoSqueue "0,1,2,3,4,5,6,7,8,9,10,11,12,13,14,15,16,17,18,19,20,21,22,23,24,25,26,27,28,29,30,31,32,33,34,35,36,37,38,39,40,41,42,43,44,45,46,47,48,49,50,51,52,53,54,55,56,57,58,59,60,61,62,63,64,65,66,67,68,69,70,71,72,73,74,75,76,77,78,79,80,81,82,83,84,85,86,87,88,89,90,91,92,93,94,95,96,97,98,99,100"
    queueSizes "32"
    type "origin_mmtc"
    reservation 186080.0
  ]
  node [
    id 63
    label "63"
    schedulingPolicy "FIFO"
    levelsQoS "1"
    schedulingWeights "-"
    tosToQoSqueue "0,1,2,3,4,5,6,7,8,9,10,11,12,13,14,15,16,17,18,19,20,21,22,23,24,25,26,27,28,29,30,31,32,33,34,35,36,37,38,39,40,41,42,43,44,45,46,47,48,49,50,51,52,53,54,55,56,57,58,59,60,61,62,63,64,65,66,67,68,69,70,71,72,73,74,75,76,77,78,79,80,81,82,83,84,85,86,87,88,89,90,91,92,93,94,95,96,97,98,99,100"
    queueSizes "32"
    type "origin_mmtc"
    reservation 200000.0
  ]
  node [
    id 64
    label "64"
    schedulingPolicy "FIFO"
    levelsQoS "1"
    schedulingWeights "-"
    tosToQoSqueue "0,1,2,3,4,5,6,7,8,9,10,11,12,13,14,15,16,17,18,19,20,21,22,23,24,25,26,27,28,29,30,31,32,33,34,35,36,37,38,39,40,41,42,43,44,45,46,47,48,49,50,51,52,53,54,55,56,57,58,59,60,61,62,63,64,65,66,67,68,69,70,71,72,73,74,75,76,77,78,79,80,81,82,83,84,85,86,87,88,89,90,91,92,93,94,95,96,97,98,99,100"
    queueSizes "32"
    type "origin_mmtc"
    reservation 207740.0
  ]
  node [
    id 65
    label "65"
    schedulingPolicy "FIFO"
    levelsQoS "1"
    schedulingWeights "-"
    tosToQoSqueue "0,1,2,3,4,5,6,7,8,9,10,11,12,13,14,15,16,17,18,19,20,21,22,23,24,25,26,27,28,29,30,31,32,33,34,35,36,37,38,39,40,41,42,43,44,45,46,47,48,49,50,51,52,53,54,55,56,57,58,59,60,61,62,63,64,65,66,67,68,69,70,71,72,73,74,75,76,77,78,79,80,81,82,83,84,85,86,87,88,89,90,91,92,93,94,95,96,97,98,99,100"
    queueSizes "32"
    type "origin_mmtc"
    reservation 228020.0
  ]
  node [
    id 66
    label "66"
    schedulingPolicy "FIFO"
    levelsQoS "1"
    schedulingWeights "-"
    tosToQoSqueue "0,1,2,3,4,5,6,7,8,9,10,11,12,13,14,15,16,17,18,19,20,21,22,23,24,25,26,27,28,29,30,31,32,33,34,35,36,37,38,39,40,41,42,43,44,45,46,47,48,49,50,51,52,53,54,55,56,57,58,59,60,61,62,63,64,65,66,67,68,69,70,71,72,73,74,75,76,77,78,79,80,81,82,83,84,85,86,87,88,89,90,91,92,93,94,95,96,97,98,99,100"
    queueSizes "32"
    type "origin_mmtc"
    reservation 197300.0
  ]
  node [
    id 67
    label "67"
    schedulingPolicy "FIFO"
    levelsQoS "1"
    schedulingWeights "-"
    tosToQoSqueue "0,1,2,3,4,5,6,7,8,9,10,11,12,13,14,15,16,17,18,19,20,21,22,23,24,25,26,27,28,29,30,31,32,33,34,35,36,37,38,39,40,41,42,43,44,45,46,47,48,49,50,51,52,53,54,55,56,57,58,59,60,61,62,63,64,65,66,67,68,69,70,71,72,73,74,75,76,77,78,79,80,81,82,83,84,85,86,87,88,89,90,91,92,93,94,95,96,97,98,99,100"
    queueSizes "32"
    type "origin_mmtc"
    reservation 200000.0
  ]
  node [
    id 68
    label "68"
    schedulingPolicy "FIFO"
    levelsQoS "1"
    schedulingWeights "-"
    tosToQoSqueue "0,1,2,3,4,5,6,7,8,9,10,11,12,13,14,15,16,17,18,19,20,21,22,23,24,25,26,27,28,29,30,31,32,33,34,35,36,37,38,39,40,41,42,43,44,45,46,47,48,49,50,51,52,53,54,55,56,57,58,59,60,61,62,63,64,65,66,67,68,69,70,71,72,73,74,75,76,77,78,79,80,81,82,83,84,85,86,87,88,89,90,91,92,93,94,95,96,97,98,99,100"
    queueSizes "32"
    type "origin_mmtc"
    reservation 228020.0
  ]
  node [
    id 69
    label "69"
    schedulingPolicy "FIFO"
    levelsQoS "1"
    schedulingWeights "-"
    tosToQoSqueue "0,1,2,3,4,5,6,7,8,9,10,11,12,13,14,15,16,17,18,19,20,21,22,23,24,25,26,27,28,29,30,31,32,33,34,35,36,37,38,39,40,41,42,43,44,45,46,47,48,49,50,51,52,53,54,55,56,57,58,59,60,61,62,63,64,65,66,67,68,69,70,71,72,73,74,75,76,77,78,79,80,81,82,83,84,85,86,87,88,89,90,91,92,93,94,95,96,97,98,99,100"
    queueSizes "32"
    type "origin_mmtc"
    reservation 207740.0
  ]
  node [
    id 70
    label "70"
    schedulingPolicy "FIFO"
    levelsQoS "1"
    schedulingWeights "-"
    tosToQoSqueue "0,1,2,3,4,5,6,7,8,9,10,11,12,13,14,15,16,17,18,19,20,21,22,23,24,25,26,27,28,29,30,31,32,33,34,35,36,37,38,39,40,41,42,43,44,45,46,47,48,49,50,51,52,53,54,55,56,57,58,59,60,61,62,63,64,65,66,67,68,69,70,71,72,73,74,75,76,77,78,79,80,81,82,83,84,85,86,87,88,89,90,91,92,93,94,95,96,97,98,99,100"
    queueSizes "32"
    type "origin_mmtc"
    reservation 207740.0
  ]
  node [
    id 71
    label "71"
    schedulingPolicy "FIFO"
    levelsQoS "1"
    schedulingWeights "-"
    tosToQoSqueue "0,1,2,3,4,5,6,7,8,9,10,11,12,13,14,15,16,17,18,19,20,21,22,23,24,25,26,27,28,29,30,31,32,33,34,35,36,37,38,39,40,41,42,43,44,45,46,47,48,49,50,51,52,53,54,55,56,57,58,59,60,61,62,63,64,65,66,67,68,69,70,71,72,73,74,75,76,77,78,79,80,81,82,83,84,85,86,87,88,89,90,91,92,93,94,95,96,97,98,99,100"
    queueSizes "32"
    type "origin_mmtc"
    reservation 204440.0
  ]
  node [
    id 72
    label "72"
    schedulingPolicy "FIFO"
    levelsQoS "1"
    schedulingWeights "-"
    tosToQoSqueue "0,1,2,3,4,5,6,7,8,9,10,11,12,13,14,15,16,17,18,19,20,21,22,23,24,25,26,27,28,29,30,31,32,33,34,35,36,37,38,39,40,41,42,43,44,45,46,47,48,49,50,51,52,53,54,55,56,57,58,59,60,61,62,63,64,65,66,67,68,69,70,71,72,73,74,75,76,77,78,79,80,81,82,83,84,85,86,87,88,89,90,91,92,93,94,95,96,97,98,99,100"
    queueSizes "32"
    type "origin_mmtc"
    reservation 186080.0
  ]
  node [
    id 73
    label "73"
    schedulingPolicy "FIFO"
    levelsQoS "1"
    schedulingWeights "-"
    tosToQoSqueue "0,1,2,3,4,5,6,7,8,9,10,11,12,13,14,15,16,17,18,19,20,21,22,23,24,25,26,27,28,29,30,31,32,33,34,35,36,37,38,39,40,41,42,43,44,45,46,47,48,49,50,51,52,53,54,55,56,57,58,59,60,61,62,63,64,65,66,67,68,69,70,71,72,73,74,75,76,77,78,79,80,81,82,83,84,85,86,87,88,89,90,91,92,93,94,95,96,97,98,99,100"
    queueSizes "32"
    type "origin_mmtc"
    reservation 216620.0
  ]
  node [
    id 74
    label "74"
    schedulingPolicy "FIFO"
    levelsQoS "1"
    schedulingWeights "-"
    tosToQoSqueue "0,1,2,3,4,5,6,7,8,9,10,11,12,13,14,15,16,17,18,19,20,21,22,23,24,25,26,27,28,29,30,31,32,33,34,35,36,37,38,39,40,41,42,43,44,45,46,47,48,49,50,51,52,53,54,55,56,57,58,59,60,61,62,63,64,65,66,67,68,69,70,71,72,73,74,75,76,77,78,79,80,81,82,83,84,85,86,87,88,89,90,91,92,93,94,95,96,97,98,99,100"
    queueSizes "32"
    type "origin_mmtc"
    reservation 186080.0
  ]
  node [
    id 75
    label "75"
    schedulingPolicy "FIFO"
    levelsQoS "1"
    schedulingWeights "-"
    tosToQoSqueue "0,1,2,3,4,5,6,7,8,9,10,11,12,13,14,15,16,17,18,19,20,21,22,23,24,25,26,27,28,29,30,31,32,33,34,35,36,37,38,39,40,41,42,43,44,45,46,47,48,49,50,51,52,53,54,55,56,57,58,59,60,61,62,63,64,65,66,67,68,69,70,71,72,73,74,75,76,77,78,79,80,81,82,83,84,85,86,87,88,89,90,91,92,93,94,95,96,97,98,99,100"
    queueSizes "32"
    type "origin_mmtc"
    reservation 228020.0
  ]
  node [
    id 76
    label "76"
    schedulingPolicy "FIFO"
    levelsQoS "1"
    schedulingWeights "-"
    tosToQoSqueue "0,1,2,3,4,5,6,7,8,9,10,11,12,13,14,15,16,17,18,19,20,21,22,23,24,25,26,27,28,29,30,31,32,33,34,35,36,37,38,39,40,41,42,43,44,45,46,47,48,49,50,51,52,53,54,55,56,57,58,59,60,61,62,63,64,65,66,67,68,69,70,71,72,73,74,75,76,77,78,79,80,81,82,83,84,85,86,87,88,89,90,91,92,93,94,95,96,97,98,99,100"
    queueSizes "32"
    type "origin_mmtc"
    reservation 216620.0
  ]
  node [
    id 77
    label "77"
    schedulingPolicy "FIFO"
    levelsQoS "1"
    schedulingWeights "-"
    tosToQoSqueue "0,1,2,3,4,5,6,7,8,9,10,11,12,13,14,15,16,17,18,19,20,21,22,23,24,25,26,27,28,29,30,31,32,33,34,35,36,37,38,39,40,41,42,43,44,45,46,47,48,49,50,51,52,53,54,55,56,57,58,59,60,61,62,63,64,65,66,67,68,69,70,71,72,73,74,75,76,77,78,79,80,81,82,83,84,85,86,87,88,89,90,91,92,93,94,95,96,97,98,99,100"
    queueSizes "32"
    type "origin_mmtc"
    reservation 207740.0
  ]
  node [
    id 78
    label "78"
    schedulingPolicy "FIFO"
    levelsQoS "1"
    schedulingWeights "-"
    tosToQoSqueue "0,1,2,3,4,5,6,7,8,9,10,11,12,13,14,15,16,17,18,19,20,21,22,23,24,25,26,27,28,29,30,31,32,33,34,35,36,37,38,39,40,41,42,43,44,45,46,47,48,49,50,51,52,53,54,55,56,57,58,59,60,61,62,63,64,65,66,67,68,69,70,71,72,73,74,75,76,77,78,79,80,81,82,83,84,85,86,87,88,89,90,91,92,93,94,95,96,97,98,99,100"
    queueSizes "32"
    type "origin_mmtc"
    reservation 228020.0
  ]
  node [
    id 79
    label "79"
    schedulingPolicy "FIFO"
    levelsQoS "1"
    schedulingWeights "-"
    tosToQoSqueue "0,1,2,3,4,5,6,7,8,9,10,11,12,13,14,15,16,17,18,19,20,21,22,23,24,25,26,27,28,29,30,31,32,33,34,35,36,37,38,39,40,41,42,43,44,45,46,47,48,49,50,51,52,53,54,55,56,57,58,59,60,61,62,63,64,65,66,67,68,69,70,71,72,73,74,75,76,77,78,79,80,81,82,83,84,85,86,87,88,89,90,91,92,93,94,95,96,97,98,99,100"
    queueSizes "32"
    type "origin_mmtc"
    reservation 216620.0
  ]
  node [
    id 80
    label "80"
    schedulingPolicy "FIFO"
    levelsQoS "1"
    schedulingWeights "-"
    tosToQoSqueue "0,1,2,3,4,5,6,7,8,9,10,11,12,13,14,15,16,17,18,19,20,21,22,23,24,25,26,27,28,29,30,31,32,33,34,35,36,37,38,39,40,41,42,43,44,45,46,47,48,49,50,51,52,53,54,55,56,57,58,59,60,61,62,63,64,65,66,67,68,69,70,71,72,73,74,75,76,77,78,79,80,81,82,83,84,85,86,87,88,89,90,91,92,93,94,95,96,97,98,99,100"
    queueSizes "32"
    type "origin_mmtc"
    reservation 228020.0
  ]
  node [
    id 81
    label "81"
    schedulingPolicy "FIFO"
    levelsQoS "1"
    schedulingWeights "-"
    tosToQoSqueue "0,1,2,3,4,5,6,7,8,9,10,11,12,13,14,15,16,17,18,19,20,21,22,23,24,25,26,27,28,29,30,31,32,33,34,35,36,37,38,39,40,41,42,43,44,45,46,47,48,49,50,51,52,53,54,55,56,57,58,59,60,61,62,63,64,65,66,67,68,69,70,71,72,73,74,75,76,77,78,79,80,81,82,83,84,85,86,87,88,89,90,91,92,93,94,95,96,97,98,99,100"
    queueSizes "32"
    type "origin_mmtc"
    reservation 228020.0
  ]
  node [
    id 82
    label "82"
    schedulingPolicy "FIFO"
    levelsQoS "1"
    schedulingWeights "-"
    tosToQoSqueue "0,1,2,3,4,5,6,7,8,9,10,11,12,13,14,15,16,17,18,19,20,21,22,23,24,25,26,27,28,29,30,31,32,33,34,35,36,37,38,39,40,41,42,43,44,45,46,47,48,49,50,51,52,53,54,55,56,57,58,59,60,61,62,63,64,65,66,67,68,69,70,71,72,73,74,75,76,77,78,79,80,81,82,83,84,85,86,87,88,89,90,91,92,93,94,95,96,97,98,99,100"
    queueSizes "32"
    type "origin_mmtc"
    reservation 200000.0
  ]
  node [
    id 83
    label "83"
    schedulingPolicy "FIFO"
    levelsQoS "1"
    schedulingWeights "-"
    tosToQoSqueue "0,1,2,3,4,5,6,7,8,9,10,11,12,13,14,15,16,17,18,19,20,21,22,23,24,25,26,27,28,29,30,31,32,33,34,35,36,37,38,39,40,41,42,43,44,45,46,47,48,49,50,51,52,53,54,55,56,57,58,59,60,61,62,63,64,65,66,67,68,69,70,71,72,73,74,75,76,77,78,79,80,81,82,83,84,85,86,87,88,89,90,91,92,93,94,95,96,97,98,99,100"
    queueSizes "32"
    type "origin_mmtc"
    reservation 228020.0
  ]
  node [
    id 84
    label "84"
    schedulingPolicy "FIFO"
    levelsQoS "1"
    schedulingWeights "-"
    tosToQoSqueue "0,1,2,3,4,5,6,7,8,9,10,11,12,13,14,15,16,17,18,19,20,21,22,23,24,25,26,27,28,29,30,31,32,33,34,35,36,37,38,39,40,41,42,43,44,45,46,47,48,49,50,51,52,53,54,55,56,57,58,59,60,61,62,63,64,65,66,67,68,69,70,71,72,73,74,75,76,77,78,79,80,81,82,83,84,85,86,87,88,89,90,91,92,93,94,95,96,97,98,99,100"
    queueSizes "32"
    type "origin_mmtc"
    reservation 186080.0
  ]
  node [
    id 85
    label "85"
    schedulingPolicy "FIFO"
    levelsQoS "1"
    schedulingWeights "-"
    tosToQoSqueue "0,1,2,3,4,5,6,7,8,9,10,11,12,13,14,15,16,17,18,19,20,21,22,23,24,25,26,27,28,29,30,31,32,33,34,35,36,37,38,39,40,41,42,43,44,45,46,47,48,49,50,51,52,53,54,55,56,57,58,59,60,61,62,63,64,65,66,67,68,69,70,71,72,73,74,75,76,77,78,79,80,81,82,83,84,85,86,87,88,89,90,91,92,93,94,95,96,97,98,99,100"
    queueSizes "32"
    type "origin_mmtc"
    reservation 186080.0
  ]
  node [
    id 86
    label "86"
    schedulingPolicy "FIFO"
    levelsQoS "1"
    schedulingWeights "-"
    tosToQoSqueue "0,1,2,3,4,5,6,7,8,9,10,11,12,13,14,15,16,17,18,19,20,21,22,23,24,25,26,27,28,29,30,31,32,33,34,35,36,37,38,39,40,41,42,43,44,45,46,47,48,49,50,51,52,53,54,55,56,57,58,59,60,61,62,63,64,65,66,67,68,69,70,71,72,73,74,75,76,77,78,79,80,81,82,83,84,85,86,87,88,89,90,91,92,93,94,95,96,97,98,99,100"
    queueSizes "32"
    type "origin_mmtc"
    reservation 186080.0
  ]
  node [
    id 87
    label "87"
    schedulingPolicy "FIFO"
    levelsQoS "1"
    schedulingWeights "-"
    tosToQoSqueue "0,1,2,3,4,5,6,7,8,9,10,11,12,13,14,15,16,17,18,19,20,21,22,23,24,25,26,27,28,29,30,31,32,33,34,35,36,37,38,39,40,41,42,43,44,45,46,47,48,49,50,51,52,53,54,55,56,57,58,59,60,61,62,63,64,65,66,67,68,69,70,71,72,73,74,75,76,77,78,79,80,81,82,83,84,85,86,87,88,89,90,91,92,93,94,95,96,97,98,99,100"
    queueSizes "32"
    type "origin_mmtc"
    reservation 207740.0
  ]
  node [
    id 88
    label "88"
    schedulingPolicy "FIFO"
    levelsQoS "1"
    schedulingWeights "-"
    tosToQoSqueue "0,1,2,3,4,5,6,7,8,9,10,11,12,13,14,15,16,17,18,19,20,21,22,23,24,25,26,27,28,29,30,31,32,33,34,35,36,37,38,39,40,41,42,43,44,45,46,47,48,49,50,51,52,53,54,55,56,57,58,59,60,61,62,63,64,65,66,67,68,69,70,71,72,73,74,75,76,77,78,79,80,81,82,83,84,85,86,87,88,89,90,91,92,93,94,95,96,97,98,99,100"
    queueSizes "32"
    type "origin_mmtc"
    reservation 204440.0
  ]
  node [
    id 89
    label "89"
    schedulingPolicy "FIFO"
    levelsQoS "1"
    schedulingWeights "-"
    tosToQoSqueue "0,1,2,3,4,5,6,7,8,9,10,11,12,13,14,15,16,17,18,19,20,21,22,23,24,25,26,27,28,29,30,31,32,33,34,35,36,37,38,39,40,41,42,43,44,45,46,47,48,49,50,51,52,53,54,55,56,57,58,59,60,61,62,63,64,65,66,67,68,69,70,71,72,73,74,75,76,77,78,79,80,81,82,83,84,85,86,87,88,89,90,91,92,93,94,95,96,97,98,99,100"
    queueSizes "32"
    type "origin_mmtc"
    reservation 228020.0
  ]
  node [
    id 90
    label "90"
    schedulingPolicy "FIFO"
    levelsQoS "1"
    schedulingWeights "-"
    tosToQoSqueue "0,1,2,3,4,5,6,7,8,9,10,11,12,13,14,15,16,17,18,19,20,21,22,23,24,25,26,27,28,29,30,31,32,33,34,35,36,37,38,39,40,41,42,43,44,45,46,47,48,49,50,51,52,53,54,55,56,57,58,59,60,61,62,63,64,65,66,67,68,69,70,71,72,73,74,75,76,77,78,79,80,81,82,83,84,85,86,87,88,89,90,91,92,93,94,95,96,97,98,99,100"
    queueSizes "32"
    type "origin_mmtc"
    reservation 216620.0
  ]
  node [
    id 91
    label "91"
    schedulingPolicy "FIFO"
    levelsQoS "1"
    schedulingWeights "-"
    tosToQoSqueue "0,1,2,3,4,5,6,7,8,9,10,11,12,13,14,15,16,17,18,19,20,21,22,23,24,25,26,27,28,29,30,31,32,33,34,35,36,37,38,39,40,41,42,43,44,45,46,47,48,49,50,51,52,53,54,55,56,57,58,59,60,61,62,63,64,65,66,67,68,69,70,71,72,73,74,75,76,77,78,79,80,81,82,83,84,85,86,87,88,89,90,91,92,93,94,95,96,97,98,99,100"
    queueSizes "32"
    type "origin_mmtc"
    reservation 186080.0
  ]
  node [
    id 92
    label "92"
    schedulingPolicy "FIFO"
    levelsQoS "1"
    schedulingWeights "-"
    tosToQoSqueue "0,1,2,3,4,5,6,7,8,9,10,11,12,13,14,15,16,17,18,19,20,21,22,23,24,25,26,27,28,29,30,31,32,33,34,35,36,37,38,39,40,41,42,43,44,45,46,47,48,49,50,51,52,53,54,55,56,57,58,59,60,61,62,63,64,65,66,67,68,69,70,71,72,73,74,75,76,77,78,79,80,81,82,83,84,85,86,87,88,89,90,91,92,93,94,95,96,97,98,99,100"
    queueSizes "32"
    type "origin_mmtc"
    reservation 207740.0
  ]
  node [
    id 93
    label "93"
    schedulingPolicy "FIFO"
    levelsQoS "1"
    schedulingWeights "-"
    tosToQoSqueue "0,1,2,3,4,5,6,7,8,9,10,11,12,13,14,15,16,17,18,19,20,21,22,23,24,25,26,27,28,29,30,31,32,33,34,35,36,37,38,39,40,41,42,43,44,45,46,47,48,49,50,51,52,53,54,55,56,57,58,59,60,61,62,63,64,65,66,67,68,69,70,71,72,73,74,75,76,77,78,79,80,81,82,83,84,85,86,87,88,89,90,91,92,93,94,95,96,97,98,99,100"
    queueSizes "32"
    type "origin_mmtc"
    reservation 186080.0
  ]
  node [
    id 94
    label "94"
    schedulingPolicy "FIFO"
    levelsQoS "1"
    schedulingWeights "-"
    tosToQoSqueue "0,1,2,3,4,5,6,7,8,9,10,11,12,13,14,15,16,17,18,19,20,21,22,23,24,25,26,27,28,29,30,31,32,33,34,35,36,37,38,39,40,41,42,43,44,45,46,47,48,49,50,51,52,53,54,55,56,57,58,59,60,61,62,63,64,65,66,67,68,69,70,71,72,73,74,75,76,77,78,79,80,81,82,83,84,85,86,87,88,89,90,91,92,93,94,95,96,97,98,99,100"
    queueSizes "32"
    type "origin_mmtc"
    reservation 182240.0
  ]
  node [
    id 95
    label "95"
    schedulingPolicy "FIFO"
    levelsQoS "1"
    schedulingWeights "-"
    tosToQoSqueue "0,1,2,3,4,5,6,7,8,9,10,11,12,13,14,15,16,17,18,19,20,21,22,23,24,25,26,27,28,29,30,31,32,33,34,35,36,37,38,39,40,41,42,43,44,45,46,47,48,49,50,51,52,53,54,55,56,57,58,59,60,61,62,63,64,65,66,67,68,69,70,71,72,73,74,75,76,77,78,79,80,81,82,83,84,85,86,87,88,89,90,91,92,93,94,95,96,97,98,99,100"
    queueSizes "32"
    type "origin_mmtc"
    reservation 216620.0
  ]
  node [
    id 96
    label "96"
    schedulingPolicy "FIFO"
    levelsQoS "1"
    schedulingWeights "-"
    tosToQoSqueue "0,1,2,3,4,5,6,7,8,9,10,11,12,13,14,15,16,17,18,19,20,21,22,23,24,25,26,27,28,29,30,31,32,33,34,35,36,37,38,39,40,41,42,43,44,45,46,47,48,49,50,51,52,53,54,55,56,57,58,59,60,61,62,63,64,65,66,67,68,69,70,71,72,73,74,75,76,77,78,79,80,81,82,83,84,85,86,87,88,89,90,91,92,93,94,95,96,97,98,99,100"
    queueSizes "32"
    type "origin_mmtc"
    reservation 216620.0
  ]
  node [
    id 97
    label "97"
    schedulingPolicy "FIFO"
    levelsQoS "1"
    schedulingWeights "-"
    tosToQoSqueue "0,1,2,3,4,5,6,7,8,9,10,11,12,13,14,15,16,17,18,19,20,21,22,23,24,25,26,27,28,29,30,31,32,33,34,35,36,37,38,39,40,41,42,43,44,45,46,47,48,49,50,51,52,53,54,55,56,57,58,59,60,61,62,63,64,65,66,67,68,69,70,71,72,73,74,75,76,77,78,79,80,81,82,83,84,85,86,87,88,89,90,91,92,93,94,95,96,97,98,99,100"
    queueSizes "32"
    type "origin_mmtc"
    reservation 186080.0
  ]
  node [
    id 98
    label "98"
    schedulingPolicy "FIFO"
    levelsQoS "1"
    schedulingWeights "-"
    tosToQoSqueue "0,1,2,3,4,5,6,7,8,9,10,11,12,13,14,15,16,17,18,19,20,21,22,23,24,25,26,27,28,29,30,31,32,33,34,35,36,37,38,39,40,41,42,43,44,45,46,47,48,49,50,51,52,53,54,55,56,57,58,59,60,61,62,63,64,65,66,67,68,69,70,71,72,73,74,75,76,77,78,79,80,81,82,83,84,85,86,87,88,89,90,91,92,93,94,95,96,97,98,99,100"
    queueSizes "32"
    type "origin_mmtc"
    reservation 200000.0
  ]
  node [
    id 99
    label "99"
    schedulingPolicy "FIFO"
    levelsQoS "1"
    schedulingWeights "-"
    tosToQoSqueue "0,1,2,3,4,5,6,7,8,9,10,11,12,13,14,15,16,17,18,19,20,21,22,23,24,25,26,27,28,29,30,31,32,33,34,35,36,37,38,39,40,41,42,43,44,45,46,47,48,49,50,51,52,53,54,55,56,57,58,59,60,61,62,63,64,65,66,67,68,69,70,71,72,73,74,75,76,77,78,79,80,81,82,83,84,85,86,87,88,89,90,91,92,93,94,95,96,97,98,99,100"
    queueSizes "32"
    type "origin_mmtc"
    reservation 207740.0
  ]
  node [
    id 100
    label "100"
    schedulingPolicy "FIFO"
    levelsQoS "1"
    schedulingWeights "-"
    tosToQoSqueue "0,1,2,3,4,5,6,7,8,9,10,11,12,13,14,15,16,17,18,19,20,21,22,23,24,25,26,27,28,29,30,31,32,33,34,35,36,37,38,39,40,41,42,43,44,45,46,47,48,49,50,51,52,53,54,55,56,57,58,59,60,61,62,63,64,65,66,67,68,69,70,71,72,73,74,75,76,77,78,79,80,81,82,83,84,85,86,87,88,89,90,91,92,93,94,95,96,97,98,99,100"
    queueSizes "32"
    type "origin_mmtc"
    reservation 204440.0
  ]
  edge [
    source 0
    target 2
    key 0
    LinkType "DS-3"
    LinkLabel "45 Mbps DS-3"
    LinkNote "45 Mbps "
    bandwidth 25000000
    traffic ""
    reservation ""
    port 0
  ]
  edge [
    source 0
    target 4
    key 0
    LinkType "DS-3"
    LinkLabel "45 Mbps DS-3"
    LinkNote "45 Mbps "
    bandwidth 25000000
    traffic "18000000,3500000,200000,200000,200000,200000,200000,200000,200000,200000,200000,200000,200000,200000,200000"
    reservation "18318600.0,3944150.0,186080.0,186080.0,200000.0,207740.0,228020.0,197300.0,200000.0,228020.0,207740.0,207740.0,204440.0,186080.0,216620.0"
    port 1
  ]
  edge [
    source 0
    target 7
    key 0
    LinkType "DS-3"
    LinkLabel "45 Mbps DS-3"
    LinkNote "45 Mbps "
    bandwidth 25000000
    traffic "18000000,3500000,200000,200000,200000,200000,200000,200000,200000,200000,200000,200000,200000,200000,200000,200000,200000"
    reservation "18874800.0,3105200.0,204440.0,186080.0,197300.0,182240.0,207740.0,204440.0,200000.0,182240.0,186080.0,228020.0,186080.0,228020.0,204440.0,228020.0,182240.0"
    port 2
  ]
  edge [
    source 1
    target 10
    key 0
    LinkType "DS-3"
    LinkLabel "45 Mbps DS-3"
    LinkNote "45 Mbps "
    bandwidth 25000000
    traffic "3500000,3500000,200000,200000,200000,200000,200000,200000,200000,200000,200000,200000,200000,200000,200000,200000,200000,200000,200000"
    reservation "3105200.0,3944150.0,204440.0,186080.0,197300.0,182240.0,207740.0,204440.0,200000.0,182240.0,186080.0,228020.0,186080.0,228020.0,204440.0,228020.0,216620.0,228020.0,182240.0"
    port 0
  ]
  edge [
    source 1
    target 6
    key 0
    LinkType "DS-3"
    LinkLabel "45 Mbps DS-3"
    LinkNote "45 Mbps "
    bandwidth 25000000
    traffic "18000000"
    reservation "18318600.0"
    port 1
  ]
  edge [
    source 2
    target 0
    key 0
    LinkType "DS-3"
    LinkLabel "45 Mbps DS-3"
    LinkNote "45 Mbps "
    bandwidth 25000000
    traffic ""
    reservation ""
    port 0
  ]
  edge [
    source 3
    target 8
    key 0
    LinkType "DS-3"
    LinkLabel "45 Mbps DS-3"
    LinkNote "45 Mbps "
    bandwidth 25000000
    traffic "18000000,200000,200000,3500000,200000,200000,200000,200000,200000,200000,200000,200000,200000,200000,200000,200000"
    reservation "18318600.0,216620.0,228020.0,3745700.0,228020.0,197300.0,200000.0,200000.0,216620.0,216620.0,186080.0,197300.0,197300.0,228020.0,197300.0,197300.0"
    port 0
  ]
  edge [
    source 3
    target 4
    key 0
    LinkType "DS-3"
    LinkLabel "45 Mbps DS-3"
    LinkNote "45 Mbps "
    bandwidth 25000000
    traffic "18000000,3500000,200000,200000,200000,200000"
    reservation "20521800.0,3477950.0,228020.0,228020.0,216620.0,200000.0"
    port 1
  ]
  edge [
    source 3
    target 16
    key 0
    port 2
    weight 1
    bandwidth 50000000
    traffic ""
    reservation ""
  ]
  edge [
    source 3
    target 36
    key 0
    port 3
    weight 1
    bandwidth 50000000
    traffic ""
    reservation ""
  ]
  edge [
    source 3
    target 37
    key 0
    port 4
    weight 1
    bandwidth 50000000
    traffic ""
    reservation ""
  ]
  edge [
    source 3
    target 38
    key 0
    port 5
    weight 1
    bandwidth 50000000
    traffic ""
    reservation ""
  ]
  edge [
    source 3
    target 39
    key 0
    port 6
    weight 1
    bandwidth 50000000
    traffic ""
    reservation ""
  ]
  edge [
    source 3
    target 40
    key 0
    port 7
    weight 1
    bandwidth 50000000
    traffic ""
    reservation ""
  ]
  edge [
    source 3
    target 41
    key 0
    port 8
    weight 1
    bandwidth 50000000
    traffic ""
    reservation ""
  ]
  edge [
    source 3
    target 42
    key 0
    port 9
    weight 1
    bandwidth 50000000
    traffic ""
    reservation ""
  ]
  edge [
    source 3
    target 43
    key 0
    port 10
    weight 1
    bandwidth 50000000
    traffic ""
    reservation ""
  ]
  edge [
    source 3
    target 44
    key 0
    port 11
    weight 1
    bandwidth 50000000
    traffic ""
    reservation ""
  ]
  edge [
    source 3
    target 45
    key 0
    port 12
    weight 1
    bandwidth 50000000
    traffic ""
    reservation ""
  ]
  edge [
    source 3
    target 46
    key 0
    port 13
    weight 1
    bandwidth 50000000
    traffic ""
    reservation ""
  ]
  edge [
    source 3
    target 47
    key 0
    port 14
    weight 1
    bandwidth 50000000
    traffic ""
    reservation ""
  ]
  edge [
    source 3
    target 48
    key 0
    port 15
    weight 1
    bandwidth 50000000
    traffic ""
    reservation ""
  ]
  edge [
    source 3
    target 49
    key 0
    port 16
    weight 1
    bandwidth 50000000
    traffic ""
    reservation ""
  ]
  edge [
    source 3
    target 50
    key 0
    port 17
    weight 1
    bandwidth 50000000
    traffic ""
    reservation ""
  ]
  edge [
    source 3
    target 51
    key 0
    port 18
    weight 1
    bandwidth 50000000
    traffic ""
    reservation ""
  ]
  edge [
    source 3
    target 52
    key 0
    port 19
    weight 1
    bandwidth 50000000
    traffic ""
    reservation ""
  ]
  edge [
    source 3
    target 53
    key 0
    port 20
    weight 1
    bandwidth 50000000
    traffic ""
    reservation ""
  ]
  edge [
    source 4
    target 0
    key 0
    LinkType "DS-3"
    LinkLabel "45 Mbps DS-3"
    LinkNote "45 Mbps "
    bandwidth 25000000
    traffic "18000000,3500000,200000,200000,200000,200000,200000,200000,200000,200000,200000,200000,200000,200000,200000,200000,200000"
    reservation "18874800.0,3105200.0,204440.0,186080.0,197300.0,182240.0,207740.0,204440.0,200000.0,182240.0,186080.0,228020.0,186080.0,228020.0,204440.0,228020.0,182240.0"
    port 0
  ]
  edge [
    source 4
    target 3
    key 0
    LinkType "DS-3"
    LinkLabel "45 Mbps DS-3"
    LinkNote "45 Mbps "
    bandwidth 25000000
    traffic "18000000,200000,200000"
    reservation "18318600.0,216620.0,228020.0"
    port 1
  ]
  edge [
    source 4
    target 5
    key 0
    LinkType "DS-3"
    LinkLabel "45 Mbps DS-3"
    LinkNote "45 Mbps "
    bandwidth 25000000
    traffic "18000000"
    reservation "20521800.0"
    port 2
  ]
  edge [
    source 4
    target 8
    key 0
    LinkType "DS-3"
    LinkLabel "45 Mbps DS-3"
    LinkNote "45 Mbps "
    bandwidth 25000000
    traffic "3500000,200000,200000,200000,200000,200000,200000,200000,200000,200000,200000,200000,200000,200000,200000,200000,200000,200000"
    reservation "3477950.0,228020.0,228020.0,216620.0,200000.0,186080.0,186080.0,200000.0,207740.0,228020.0,197300.0,200000.0,228020.0,207740.0,207740.0,204440.0,186080.0,216620.0"
    port 3
  ]
  edge [
    source 4
    target 9
    key 0
    LinkType "DS-3"
    LinkLabel "45 Mbps DS-3"
    LinkNote "45 Mbps "
    bandwidth 25000000
    traffic "3500000,200000,200000,200000,200000,200000,200000,200000,200000,200000,200000,200000,200000,200000,200000,200000,200000,200000,200000,200000,200000,200000,200000,200000,200000,200000,200000,200000,200000,200000,200000,200000,200000,200000,200000,200000,200000,200000,200000,200000"
    reservation "3745700.0,228020.0,197300.0,200000.0,200000.0,216620.0,216620.0,186080.0,197300.0,197300.0,228020.0,197300.0,197300.0,186080.0,228020.0,216620.0,207740.0,228020.0,216620.0,228020.0,228020.0,200000.0,228020.0,186080.0,186080.0,186080.0,207740.0,204440.0,228020.0,216620.0,186080.0,207740.0,186080.0,182240.0,216620.0,216620.0,186080.0,200000.0,207740.0,204440.0"
    port 4
  ]
  edge [
    source 4
    target 10
    key 0
    LinkType "DS-3"
    LinkLabel "45 Mbps DS-3"
    LinkNote "45 Mbps "
    bandwidth 25000000
    traffic "3500000,3500000,3500000,3500000,3500000,3500000"
    reservation "3944150.0,3944150.0,3944150.0,3986150.0,3573500.0,3495800.0"
    port 5
  ]
  edge [
    source 5
    target 4
    key 0
    LinkType "DS-3"
    LinkLabel "45 Mbps DS-3"
    LinkNote "45 Mbps "
    bandwidth 25000000
    traffic "18000000,3500000,200000,200000,200000,200000,200000,200000,200000,200000,200000,200000,200000,200000,200000,200000,200000"
    reservation "18874800.0,3105200.0,204440.0,186080.0,197300.0,182240.0,207740.0,204440.0,200000.0,182240.0,186080.0,228020.0,186080.0,228020.0,204440.0,228020.0,182240.0"
    port 0
  ]
  edge [
    source 5
    target 6
    key 0
    LinkType "DS-3"
    LinkLabel "45 Mbps DS-3"
    LinkNote "45 Mbps "
    bandwidth 25000000
    traffic "18000000,3500000,200000,200000"
    reservation "20521800.0,3944150.0,216620.0,228020.0"
    port 1
  ]
  edge [
    source 5
    target 15
    key 0
    port 2
    weight 1
    bandwidth 50000000
    traffic ""
    reservation ""
  ]
  edge [
    source 5
    target 17
    key 0
    port 3
    weight 1
    bandwidth 50000000
    traffic ""
    reservation ""
  ]
  edge [
    source 5
    target 18
    key 0
    port 4
    weight 1
    bandwidth 50000000
    traffic ""
    reservation ""
  ]
  edge [
    source 5
    target 19
    key 0
    port 5
    weight 1
    bandwidth 50000000
    traffic ""
    reservation ""
  ]
  edge [
    source 5
    target 20
    key 0
    port 6
    weight 1
    bandwidth 50000000
    traffic ""
    reservation ""
  ]
  edge [
    source 5
    target 21
    key 0
    port 7
    weight 1
    bandwidth 50000000
    traffic ""
    reservation ""
  ]
  edge [
    source 5
    target 22
    key 0
    port 8
    weight 1
    bandwidth 50000000
    traffic ""
    reservation ""
  ]
  edge [
    source 5
    target 23
    key 0
    port 9
    weight 1
    bandwidth 50000000
    traffic ""
    reservation ""
  ]
  edge [
    source 5
    target 24
    key 0
    port 10
    weight 1
    bandwidth 50000000
    traffic ""
    reservation ""
  ]
  edge [
    source 5
    target 25
    key 0
    port 11
    weight 1
    bandwidth 50000000
    traffic ""
    reservation ""
  ]
  edge [
    source 5
    target 26
    key 0
    port 12
    weight 1
    bandwidth 50000000
    traffic ""
    reservation ""
  ]
  edge [
    source 5
    target 27
    key 0
    port 13
    weight 1
    bandwidth 50000000
    traffic ""
    reservation ""
  ]
  edge [
    source 5
    target 28
    key 0
    port 14
    weight 1
    bandwidth 50000000
    traffic ""
    reservation ""
  ]
  edge [
    source 5
    target 29
    key 0
    port 15
    weight 1
    bandwidth 50000000
    traffic ""
    reservation ""
  ]
  edge [
    source 5
    target 30
    key 0
    port 16
    weight 1
    bandwidth 50000000
    traffic ""
    reservation ""
  ]
  edge [
    source 5
    target 31
    key 0
    port 17
    weight 1
    bandwidth 50000000
    traffic ""
    reservation ""
  ]
  edge [
    source 5
    target 32
    key 0
    port 18
    weight 1
    bandwidth 50000000
    traffic ""
    reservation ""
  ]
  edge [
    source 5
    target 33
    key 0
    port 19
    weight 1
    bandwidth 50000000
    traffic ""
    reservation ""
  ]
  edge [
    source 5
    target 34
    key 0
    port 20
    weight 1
    bandwidth 50000000
    traffic ""
    reservation ""
  ]
  edge [
    source 5
    target 35
    key 0
    port 21
    weight 1
    bandwidth 50000000
    traffic ""
    reservation ""
  ]
  edge [
    source 6
    target 1
    key 0
    LinkType "DS-3"
    LinkLabel "45 Mbps DS-3"
    LinkNote "45 Mbps "
    bandwidth 25000000
    traffic "3500000,3500000,200000,200000,200000,200000,200000,200000,200000,200000,200000,200000,200000,200000,200000,200000,200000,200000,200000"
    reservation "3105200.0,3944150.0,204440.0,186080.0,197300.0,182240.0,207740.0,204440.0,200000.0,182240.0,186080.0,228020.0,186080.0,228020.0,204440.0,228020.0,216620.0,228020.0,182240.0"
    port 0
  ]
  edge [
    source 6
    target 5
    key 0
    LinkType "DS-3"
    LinkLabel "45 Mbps DS-3"
    LinkNote "45 Mbps "
    bandwidth 25000000
    traffic ""
    reservation ""
    port 1
  ]
  edge [
    source 6
    target 10
    key 0
    LinkType "DS-3"
    LinkLabel "45 Mbps DS-3"
    LinkNote "45 Mbps "
    bandwidth 25000000
    traffic ""
    reservation ""
    port 2
  ]
  edge [
    source 6
    target 7
    key 0
    LinkType "DS-3"
    LinkLabel "45 Mbps DS-3"
    LinkNote "45 Mbps "
    bandwidth 25000000
    traffic ""
    reservation ""
    port 3
  ]
  edge [
    source 6
    target 13
    key 0
    port 4
    weight 1
    bandwidth 350000000
    traffic "18000000,18000000,18000000,18000000"
    reservation "18318600.0,18874800.0,20521800.0,18318600.0"
  ]
  edge [
    source 7
    target 0
    key 0
    LinkType "DS-3"
    LinkLabel "45 Mbps DS-3"
    LinkNote "45 Mbps "
    bandwidth 25000000
    traffic "18000000,3500000,200000,200000,200000,200000,200000,200000,200000,200000,200000,200000,200000,200000,200000"
    reservation "18318600.0,3944150.0,186080.0,186080.0,200000.0,207740.0,228020.0,197300.0,200000.0,228020.0,207740.0,207740.0,204440.0,186080.0,216620.0"
    port 0
  ]
  edge [
    source 7
    target 6
    key 0
    LinkType "DS-3"
    LinkLabel "45 Mbps DS-3"
    LinkNote "45 Mbps "
    bandwidth 25000000
    traffic "18000000,3500000,200000,200000,200000,200000,200000,200000,200000,200000,200000,200000,200000,200000,200000,200000,200000"
    reservation "18874800.0,3105200.0,204440.0,186080.0,197300.0,182240.0,207740.0,204440.0,200000.0,182240.0,186080.0,228020.0,186080.0,228020.0,204440.0,228020.0,182240.0"
    port 1
  ]
  edge [
    source 7
    target 8
    key 0
    LinkType "DS-3"
    LinkLabel "45 Mbps DS-3"
    LinkNote "45 Mbps "
    bandwidth 25000000
    traffic "3500000,3500000,3500000,3500000,3500000,200000,200000,200000,200000,200000,200000,200000,200000,200000,200000,200000,200000,200000,200000,200000,200000"
    reservation "3944150.0,3944150.0,3986150.0,3573500.0,3495800.0,186080.0,228020.0,216620.0,207740.0,228020.0,216620.0,228020.0,228020.0,200000.0,228020.0,186080.0,186080.0,186080.0,207740.0,204440.0,186080.0"
    port 2
  ]
  edge [
    source 7
    target 10
    key 0
    LinkType "DS-3"
    LinkLabel "45 Mbps DS-3"
    LinkNote "45 Mbps "
    bandwidth 25000000
    traffic "3500000,200000,200000,200000,200000,18000000,200000,200000,200000,200000,200000,200000,200000,200000,200000,200000,200000"
    reservation "3477950.0,228020.0,228020.0,216620.0,200000.0,18318600.0,228020.0,216620.0,207740.0,186080.0,182240.0,216620.0,216620.0,186080.0,200000.0,207740.0,204440.0"
    port 3
  ]
  edge [
    source 7
    target 14
    key 0
    port 4
    weight 1
    bandwidth 50000000
    traffic ""
    reservation ""
  ]
  edge [
    source 7
    target 54
    key 0
    port 5
    weight 1
    bandwidth 50000000
    traffic ""
    reservation ""
  ]
  edge [
    source 7
    target 55
    key 0
    port 6
    weight 1
    bandwidth 50000000
    traffic ""
    reservation ""
  ]
  edge [
    source 7
    target 56
    key 0
    port 7
    weight 1
    bandwidth 50000000
    traffic ""
    reservation ""
  ]
  edge [
    source 7
    target 57
    key 0
    port 8
    weight 1
    bandwidth 50000000
    traffic ""
    reservation ""
  ]
  edge [
    source 7
    target 58
    key 0
    port 9
    weight 1
    bandwidth 50000000
    traffic ""
    reservation ""
  ]
  edge [
    source 7
    target 59
    key 0
    port 10
    weight 1
    bandwidth 50000000
    traffic ""
    reservation ""
  ]
  edge [
    source 7
    target 60
    key 0
    port 11
    weight 1
    bandwidth 50000000
    traffic ""
    reservation ""
  ]
  edge [
    source 7
    target 61
    key 0
    port 12
    weight 1
    bandwidth 50000000
    traffic ""
    reservation ""
  ]
  edge [
    source 7
    target 62
    key 0
    port 13
    weight 1
    bandwidth 50000000
    traffic ""
    reservation ""
  ]
  edge [
    source 7
    target 63
    key 0
    port 14
    weight 1
    bandwidth 50000000
    traffic ""
    reservation ""
  ]
  edge [
    source 7
    target 64
    key 0
    port 15
    weight 1
    bandwidth 50000000
    traffic ""
    reservation ""
  ]
  edge [
    source 7
    target 65
    key 0
    port 16
    weight 1
    bandwidth 50000000
    traffic ""
    reservation ""
  ]
  edge [
    source 7
    target 66
    key 0
    port 17
    weight 1
    bandwidth 50000000
    traffic ""
    reservation ""
  ]
  edge [
    source 7
    target 67
    key 0
    port 18
    weight 1
    bandwidth 50000000
    traffic ""
    reservation ""
  ]
  edge [
    source 7
    target 68
    key 0
    port 19
    weight 1
    bandwidth 50000000
    traffic ""
    reservation ""
  ]
  edge [
    source 7
    target 69
    key 0
    port 20
    weight 1
    bandwidth 50000000
    traffic ""
    reservation ""
  ]
  edge [
    source 7
    target 70
    key 0
    port 21
    weight 1
    bandwidth 50000000
    traffic ""
    reservation ""
  ]
  edge [
    source 7
    target 71
    key 0
    port 22
    weight 1
    bandwidth 50000000
    traffic ""
    reservation ""
  ]
  edge [
    source 7
    target 72
    key 0
    port 23
    weight 1
    bandwidth 50000000
    traffic ""
    reservation ""
  ]
  edge [
    source 7
    target 73
    key 0
    port 24
    weight 1
    bandwidth 50000000
    traffic ""
    reservation ""
  ]
  edge [
    source 7
    target 74
    key 0
    port 25
    weight 1
    bandwidth 50000000
    traffic ""
    reservation ""
  ]
  edge [
    source 7
    target 75
    key 0
    port 26
    weight 1
    bandwidth 50000000
    traffic ""
    reservation ""
  ]
  edge [
    source 7
    target 76
    key 0
    port 27
    weight 1
    bandwidth 50000000
    traffic ""
    reservation ""
  ]
  edge [
    source 7
    target 77
    key 0
    port 28
    weight 1
    bandwidth 50000000
    traffic ""
    reservation ""
  ]
  edge [
    source 7
    target 78
    key 0
    port 29
    weight 1
    bandwidth 50000000
    traffic ""
    reservation ""
  ]
  edge [
    source 7
    target 79
    key 0
    port 30
    weight 1
    bandwidth 50000000
    traffic ""
    reservation ""
  ]
  edge [
    source 7
    target 80
    key 0
    port 31
    weight 1
    bandwidth 50000000
    traffic ""
    reservation ""
  ]
  edge [
    source 7
    target 81
    key 0
    port 32
    weight 1
    bandwidth 50000000
    traffic ""
    reservation ""
  ]
  edge [
    source 7
    target 82
    key 0
    port 33
    weight 1
    bandwidth 50000000
    traffic ""
    reservation ""
  ]
  edge [
    source 7
    target 83
    key 0
    port 34
    weight 1
    bandwidth 50000000
    traffic ""
    reservation ""
  ]
  edge [
    source 7
    target 84
    key 0
    port 35
    weight 1
    bandwidth 50000000
    traffic ""
    reservation ""
  ]
  edge [
    source 7
    target 85
    key 0
    port 36
    weight 1
    bandwidth 50000000
    traffic ""
    reservation ""
  ]
  edge [
    source 7
    target 86
    key 0
    port 37
    weight 1
    bandwidth 50000000
    traffic ""
    reservation ""
  ]
  edge [
    source 7
    target 87
    key 0
    port 38
    weight 1
    bandwidth 50000000
    traffic ""
    reservation ""
  ]
  edge [
    source 7
    target 88
    key 0
    port 39
    weight 1
    bandwidth 50000000
    traffic ""
    reservation ""
  ]
  edge [
    source 7
    target 89
    key 0
    port 40
    weight 1
    bandwidth 50000000
    traffic ""
    reservation ""
  ]
  edge [
    source 7
    target 90
    key 0
    port 41
    weight 1
    bandwidth 50000000
    traffic ""
    reservation ""
  ]
  edge [
    source 7
    target 91
    key 0
    port 42
    weight 1
    bandwidth 50000000
    traffic ""
    reservation ""
  ]
  edge [
    source 7
    target 92
    key 0
    port 43
    weight 1
    bandwidth 50000000
    traffic ""
    reservation ""
  ]
  edge [
    source 7
    target 93
    key 0
    port 44
    weight 1
    bandwidth 50000000
    traffic ""
    reservation ""
  ]
  edge [
    source 7
    target 94
    key 0
    port 45
    weight 1
    bandwidth 50000000
    traffic ""
    reservation ""
  ]
  edge [
    source 7
    target 95
    key 0
    port 46
    weight 1
    bandwidth 50000000
    traffic ""
    reservation ""
  ]
  edge [
    source 7
    target 96
    key 0
    port 47
    weight 1
    bandwidth 50000000
    traffic ""
    reservation ""
  ]
  edge [
    source 7
    target 97
    key 0
    port 48
    weight 1
    bandwidth 50000000
    traffic ""
    reservation ""
  ]
  edge [
    source 7
    target 98
    key 0
    port 49
    weight 1
    bandwidth 50000000
    traffic ""
    reservation ""
  ]
  edge [
    source 7
    target 99
    key 0
    port 50
    weight 1
    bandwidth 50000000
    traffic ""
    reservation ""
  ]
  edge [
    source 7
    target 100
    key 0
    port 51
    weight 1
    bandwidth 50000000
    traffic ""
    reservation ""
  ]
  edge [
    source 8
    target 3
    key 0
    LinkType "DS-3"
    LinkLabel "45 Mbps DS-3"
    LinkNote "45 Mbps "
    bandwidth 25000000
    traffic ""
    reservation ""
    port 0
  ]
  edge [
    source 8
    target 4
    key 0
    LinkType "DS-3"
    LinkLabel "45 Mbps DS-3"
    LinkNote "45 Mbps "
    bandwidth 25000000
    traffic "3500000,200000,200000,200000,200000,200000,200000,200000,200000,200000,200000,200000,200000,3500000,3500000,3500000,3500000,200000,200000,200000,200000,200000,200000,200000,200000,200000,200000,200000,200000,200000,200000,200000,200000"
    reservation "3745700.0,228020.0,197300.0,200000.0,200000.0,216620.0,216620.0,186080.0,197300.0,197300.0,228020.0,197300.0,197300.0,3944150.0,3944150.0,3986150.0,3573500.0,186080.0,228020.0,216620.0,207740.0,228020.0,216620.0,228020.0,228020.0,200000.0,228020.0,186080.0,186080.0,186080.0,207740.0,204440.0,186080.0"
    port 1
  ]
  edge [
    source 8
    target 7
    key 0
    LinkType "DS-3"
    LinkLabel "45 Mbps DS-3"
    LinkNote "45 Mbps "
    bandwidth 25000000
    traffic "3500000,200000,200000,200000,200000"
    reservation "3477950.0,228020.0,228020.0,216620.0,200000.0"
    port 2
  ]
  edge [
    source 8
    target 9
    key 0
    LinkType "DS-3"
    LinkLabel "45 Mbps DS-3"
    LinkNote "45 Mbps "
    bandwidth 25000000
    traffic "18000000,200000,200000,200000,3500000,200000,200000,200000,200000,200000,200000,200000,200000,200000,200000,200000,200000"
    reservation "18318600.0,216620.0,228020.0,186080.0,3495800.0,186080.0,200000.0,207740.0,228020.0,197300.0,200000.0,228020.0,207740.0,207740.0,204440.0,186080.0,216620.0"
    port 3
  ]
  edge [
    source 9
    target 4
    key 0
    LinkType "DS-3"
    LinkLabel "45 Mbps DS-3"
    LinkNote "45 Mbps "
    bandwidth 25000000
    traffic "3500000"
    reservation "3495800.0"
    port 0
  ]
  edge [
    source 9
    target 8
    key 0
    LinkType "DS-3"
    LinkLabel "45 Mbps DS-3"
    LinkNote "45 Mbps "
    bandwidth 25000000
    traffic ""
    reservation ""
    port 1
  ]
  edge [
    source 9
    target 10
    key 0
    LinkType "DS-3"
    LinkLabel "45 Mbps DS-3"
    LinkNote "45 Mbps "
    bandwidth 25000000
    traffic "18000000,3500000"
    reservation "18318600.0,3745700.0"
    port 2
  ]
  edge [
    source 9
    target 12
    key 0
    port 3
    weight 1
    bandwidth 350000000
    traffic "200000,200000,200000,200000,200000,200000,200000,200000,200000,200000,200000,200000,200000,200000,200000,200000,200000,200000,200000,200000,200000,200000,200000,200000,200000,200000,200000,200000,200000,200000,200000,200000,200000,200000,200000,200000,200000,200000,200000,200000,200000,200000,200000,200000,200000,200000,200000,200000,200000,200000,200000,200000,200000,200000,200000,200000,200000,200000,200000,200000,200000,200000,200000,200000,200000,200000,200000,200000,200000,200000,200000,200000,200000"
    reservation "204440.0,186080.0,197300.0,182240.0,207740.0,204440.0,200000.0,182240.0,186080.0,228020.0,186080.0,228020.0,204440.0,228020.0,216620.0,228020.0,182240.0,228020.0,197300.0,200000.0,200000.0,216620.0,216620.0,186080.0,197300.0,197300.0,228020.0,197300.0,228020.0,228020.0,197300.0,216620.0,200000.0,186080.0,186080.0,200000.0,207740.0,228020.0,197300.0,200000.0,228020.0,207740.0,207740.0,204440.0,186080.0,216620.0,186080.0,228020.0,216620.0,207740.0,228020.0,216620.0,228020.0,228020.0,200000.0,228020.0,186080.0,186080.0,186080.0,207740.0,204440.0,228020.0,216620.0,186080.0,207740.0,186080.0,182240.0,216620.0,216620.0,186080.0,200000.0,207740.0,204440.0"
  ]
  edge [
    source 10
    target 1
    key 0
    LinkType "DS-3"
    LinkLabel "45 Mbps DS-3"
    LinkNote "45 Mbps "
    bandwidth 25000000
    traffic "18000000"
    reservation "18318600.0"
    port 0
  ]
  edge [
    source 10
    target 4
    key 0
    LinkType "DS-3"
    LinkLabel "45 Mbps DS-3"
    LinkNote "45 Mbps "
    bandwidth 25000000
    traffic "200000,200000,200000,200000,200000,200000,200000,200000,200000,200000,200000,200000,200000"
    reservation "216620.0,228020.0,228020.0,216620.0,207740.0,186080.0,182240.0,216620.0,216620.0,186080.0,200000.0,207740.0,204440.0"
    port 1
  ]
  edge [
    source 10
    target 6
    key 0
    LinkType "DS-3"
    LinkLabel "45 Mbps DS-3"
    LinkNote "45 Mbps "
    bandwidth 25000000
    traffic "18000000"
    reservation "18318600.0"
    port 2
  ]
  edge [
    source 10
    target 7
    key 0
    LinkType "DS-3"
    LinkLabel "45 Mbps DS-3"
    LinkNote "45 Mbps "
    bandwidth 25000000
    traffic ""
    reservation ""
    port 3
  ]
  edge [
    source 10
    target 9
    key 0
    LinkType "DS-3"
    LinkLabel "45 Mbps DS-3"
    LinkNote "45 Mbps "
    bandwidth 25000000
    traffic "200000,200000,200000,200000,200000,200000,200000,200000,200000,200000,200000,200000,200000,200000,200000,200000,200000,200000,200000"
    reservation "204440.0,186080.0,197300.0,182240.0,207740.0,204440.0,200000.0,182240.0,186080.0,228020.0,186080.0,228020.0,204440.0,228020.0,182240.0,228020.0,228020.0,216620.0,200000.0"
    port 4
  ]
  edge [
    source 10
    target 11
    key 0
    port 5
    weight 1
    bandwidth 350000000
    traffic "3500000,3500000,3500000,3500000,3500000,3500000,3500000,3500000,3500000,3500000"
    reservation "3105200.0,3944150.0,3745700.0,3477950.0,3944150.0,3944150.0,3944150.0,3986150.0,3573500.0,3495800.0"
  ]
  edge [
    source 11
    target 10
    key 0
    port 0
    weight 1
    bandwidth 350000000
    traffic ""
    reservation ""
  ]
  edge [
    source 12
    target 9
    key 0
    port 0
    weight 1
    bandwidth 350000000
    traffic ""
    reservation ""
  ]
  edge [
    source 13
    target 6
    key 0
    port 0
    weight 1
    bandwidth 350000000
    traffic ""
    reservation ""
  ]
  edge [
    source 14
    target 7
    key 0
    port 0
    weight 1
    bandwidth 50000000
    traffic "18000000"
    reservation "18318600.0"
  ]
  edge [
    source 15
    target 5
    key 0
    port 0
    weight 1
    bandwidth 50000000
    traffic "18000000"
    reservation "18874800.0"
  ]
  edge [
    source 16
    target 3
    key 0
    port 0
    weight 1
    bandwidth 50000000
    traffic "18000000"
    reservation "20521800.0"
  ]
  edge [
    source 17
    target 5
    key 0
    port 0
    weight 1
    bandwidth 50000000
    traffic "3500000"
    reservation "3105200.0"
  ]
  edge [
    source 18
    target 5
    key 0
    port 0
    weight 1
    bandwidth 50000000
    traffic "3500000"
    reservation "3944150.0"
  ]
  edge [
    source 19
    target 5
    key 0
    port 0
    weight 1
    bandwidth 50000000
    traffic "200000"
    reservation "204440.0"
  ]
  edge [
    source 20
    target 5
    key 0
    port 0
    weight 1
    bandwidth 50000000
    traffic "200000"
    reservation "186080.0"
  ]
  edge [
    source 21
    target 5
    key 0
    port 0
    weight 1
    bandwidth 50000000
    traffic "200000"
    reservation "197300.0"
  ]
  edge [
    source 22
    target 5
    key 0
    port 0
    weight 1
    bandwidth 50000000
    traffic "200000"
    reservation "182240.0"
  ]
  edge [
    source 23
    target 5
    key 0
    port 0
    weight 1
    bandwidth 50000000
    traffic "200000"
    reservation "207740.0"
  ]
  edge [
    source 24
    target 5
    key 0
    port 0
    weight 1
    bandwidth 50000000
    traffic "200000"
    reservation "204440.0"
  ]
  edge [
    source 25
    target 5
    key 0
    port 0
    weight 1
    bandwidth 50000000
    traffic "200000"
    reservation "200000.0"
  ]
  edge [
    source 26
    target 5
    key 0
    port 0
    weight 1
    bandwidth 50000000
    traffic "200000"
    reservation "182240.0"
  ]
  edge [
    source 27
    target 5
    key 0
    port 0
    weight 1
    bandwidth 50000000
    traffic "200000"
    reservation "186080.0"
  ]
  edge [
    source 28
    target 5
    key 0
    port 0
    weight 1
    bandwidth 50000000
    traffic "200000"
    reservation "228020.0"
  ]
  edge [
    source 29
    target 5
    key 0
    port 0
    weight 1
    bandwidth 50000000
    traffic "200000"
    reservation "186080.0"
  ]
  edge [
    source 30
    target 5
    key 0
    port 0
    weight 1
    bandwidth 50000000
    traffic "200000"
    reservation "228020.0"
  ]
  edge [
    source 31
    target 5
    key 0
    port 0
    weight 1
    bandwidth 50000000
    traffic "200000"
    reservation "204440.0"
  ]
  edge [
    source 32
    target 5
    key 0
    port 0
    weight 1
    bandwidth 50000000
    traffic "200000"
    reservation "228020.0"
  ]
  edge [
    source 33
    target 5
    key 0
    port 0
    weight 1
    bandwidth 50000000
    traffic "200000"
    reservation "216620.0"
  ]
  edge [
    source 34
    target 5
    key 0
    port 0
    weight 1
    bandwidth 50000000
    traffic "200000"
    reservation "228020.0"
  ]
  edge [
    source 35
    target 5
    key 0
    port 0
    weight 1
    bandwidth 50000000
    traffic "200000"
    reservation "182240.0"
  ]
  edge [
    source 36
    target 3
    key 0
    port 0
    weight 1
    bandwidth 50000000
    traffic "3500000"
    reservation "3745700.0"
  ]
  edge [
    source 37
    target 3
    key 0
    port 0
    weight 1
    bandwidth 50000000
    traffic "3500000"
    reservation "3477950.0"
  ]
  edge [
    source 38
    target 3
    key 0
    port 0
    weight 1
    bandwidth 50000000
    traffic "200000"
    reservation "228020.0"
  ]
  edge [
    source 39
    target 3
    key 0
    port 0
    weight 1
    bandwidth 50000000
    traffic "200000"
    reservation "197300.0"
  ]
  edge [
    source 40
    target 3
    key 0
    port 0
    weight 1
    bandwidth 50000000
    traffic "200000"
    reservation "200000.0"
  ]
  edge [
    source 41
    target 3
    key 0
    port 0
    weight 1
    bandwidth 50000000
    traffic "200000"
    reservation "200000.0"
  ]
  edge [
    source 42
    target 3
    key 0
    port 0
    weight 1
    bandwidth 50000000
    traffic "200000"
    reservation "216620.0"
  ]
  edge [
    source 43
    target 3
    key 0
    port 0
    weight 1
    bandwidth 50000000
    traffic "200000"
    reservation "216620.0"
  ]
  edge [
    source 44
    target 3
    key 0
    port 0
    weight 1
    bandwidth 50000000
    traffic "200000"
    reservation "186080.0"
  ]
  edge [
    source 45
    target 3
    key 0
    port 0
    weight 1
    bandwidth 50000000
    traffic "200000"
    reservation "197300.0"
  ]
  edge [
    source 46
    target 3
    key 0
    port 0
    weight 1
    bandwidth 50000000
    traffic "200000"
    reservation "197300.0"
  ]
  edge [
    source 47
    target 3
    key 0
    port 0
    weight 1
    bandwidth 50000000
    traffic "200000"
    reservation "228020.0"
  ]
  edge [
    source 48
    target 3
    key 0
    port 0
    weight 1
    bandwidth 50000000
    traffic "200000"
    reservation "197300.0"
  ]
  edge [
    source 49
    target 3
    key 0
    port 0
    weight 1
    bandwidth 50000000
    traffic "200000"
    reservation "228020.0"
  ]
  edge [
    source 50
    target 3
    key 0
    port 0
    weight 1
    bandwidth 50000000
    traffic "200000"
    reservation "228020.0"
  ]
  edge [
    source 51
    target 3
    key 0
    port 0
    weight 1
    bandwidth 50000000
    traffic "200000"
    reservation "197300.0"
  ]
  edge [
    source 52
    target 3
    key 0
    port 0
    weight 1
    bandwidth 50000000
    traffic "200000"
    reservation "216620.0"
  ]
  edge [
    source 53
    target 3
    key 0
    port 0
    weight 1
    bandwidth 50000000
    traffic "200000"
    reservation "200000.0"
  ]
  edge [
    source 54
    target 7
    key 0
    port 0
    weight 1
    bandwidth 50000000
    traffic "3500000"
    reservation "3944150.0"
  ]
  edge [
    source 55
    target 7
    key 0
    port 0
    weight 1
    bandwidth 50000000
    traffic "3500000"
    reservation "3944150.0"
  ]
  edge [
    source 56
    target 7
    key 0
    port 0
    weight 1
    bandwidth 50000000
    traffic "3500000"
    reservation "3944150.0"
  ]
  edge [
    source 57
    target 7
    key 0
    port 0
    weight 1
    bandwidth 50000000
    traffic "3500000"
    reservation "3986150.0"
  ]
  edge [
    source 58
    target 7
    key 0
    port 0
    weight 1
    bandwidth 50000000
    traffic "200000"
    reservation "186080.0"
  ]
  edge [
    source 59
    target 7
    key 0
    port 0
    weight 1
    bandwidth 50000000
    traffic "3500000"
    reservation "3573500.0"
  ]
  edge [
    source 60
    target 7
    key 0
    port 0
    weight 1
    bandwidth 50000000
    traffic "18000000"
    reservation "18318600.0"
  ]
  edge [
    source 61
    target 7
    key 0
    port 0
    weight 1
    bandwidth 50000000
    traffic "3500000"
    reservation "3495800.0"
  ]
  edge [
    source 62
    target 7
    key 0
    port 0
    weight 1
    bandwidth 50000000
    traffic "200000"
    reservation "186080.0"
  ]
  edge [
    source 63
    target 7
    key 0
    port 0
    weight 1
    bandwidth 50000000
    traffic "200000"
    reservation "200000.0"
  ]
  edge [
    source 64
    target 7
    key 0
    port 0
    weight 1
    bandwidth 50000000
    traffic "200000"
    reservation "207740.0"
  ]
  edge [
    source 65
    target 7
    key 0
    port 0
    weight 1
    bandwidth 50000000
    traffic "200000"
    reservation "228020.0"
  ]
  edge [
    source 66
    target 7
    key 0
    port 0
    weight 1
    bandwidth 50000000
    traffic "200000"
    reservation "197300.0"
  ]
  edge [
    source 67
    target 7
    key 0
    port 0
    weight 1
    bandwidth 50000000
    traffic "200000"
    reservation "200000.0"
  ]
  edge [
    source 68
    target 7
    key 0
    port 0
    weight 1
    bandwidth 50000000
    traffic "200000"
    reservation "228020.0"
  ]
  edge [
    source 69
    target 7
    key 0
    port 0
    weight 1
    bandwidth 50000000
    traffic "200000"
    reservation "207740.0"
  ]
  edge [
    source 70
    target 7
    key 0
    port 0
    weight 1
    bandwidth 50000000
    traffic "200000"
    reservation "207740.0"
  ]
  edge [
    source 71
    target 7
    key 0
    port 0
    weight 1
    bandwidth 50000000
    traffic "200000"
    reservation "204440.0"
  ]
  edge [
    source 72
    target 7
    key 0
    port 0
    weight 1
    bandwidth 50000000
    traffic "200000"
    reservation "186080.0"
  ]
  edge [
    source 73
    target 7
    key 0
    port 0
    weight 1
    bandwidth 50000000
    traffic "200000"
    reservation "216620.0"
  ]
  edge [
    source 74
    target 7
    key 0
    port 0
    weight 1
    bandwidth 50000000
    traffic "200000"
    reservation "186080.0"
  ]
  edge [
    source 75
    target 7
    key 0
    port 0
    weight 1
    bandwidth 50000000
    traffic "200000"
    reservation "228020.0"
  ]
  edge [
    source 76
    target 7
    key 0
    port 0
    weight 1
    bandwidth 50000000
    traffic "200000"
    reservation "216620.0"
  ]
  edge [
    source 77
    target 7
    key 0
    port 0
    weight 1
    bandwidth 50000000
    traffic "200000"
    reservation "207740.0"
  ]
  edge [
    source 78
    target 7
    key 0
    port 0
    weight 1
    bandwidth 50000000
    traffic "200000"
    reservation "228020.0"
  ]
  edge [
    source 79
    target 7
    key 0
    port 0
    weight 1
    bandwidth 50000000
    traffic "200000"
    reservation "216620.0"
  ]
  edge [
    source 80
    target 7
    key 0
    port 0
    weight 1
    bandwidth 50000000
    traffic "200000"
    reservation "228020.0"
  ]
  edge [
    source 81
    target 7
    key 0
    port 0
    weight 1
    bandwidth 50000000
    traffic "200000"
    reservation "228020.0"
  ]
  edge [
    source 82
    target 7
    key 0
    port 0
    weight 1
    bandwidth 50000000
    traffic "200000"
    reservation "200000.0"
  ]
  edge [
    source 83
    target 7
    key 0
    port 0
    weight 1
    bandwidth 50000000
    traffic "200000"
    reservation "228020.0"
  ]
  edge [
    source 84
    target 7
    key 0
    port 0
    weight 1
    bandwidth 50000000
    traffic "200000"
    reservation "186080.0"
  ]
  edge [
    source 85
    target 7
    key 0
    port 0
    weight 1
    bandwidth 50000000
    traffic "200000"
    reservation "186080.0"
  ]
  edge [
    source 86
    target 7
    key 0
    port 0
    weight 1
    bandwidth 50000000
    traffic "200000"
    reservation "186080.0"
  ]
  edge [
    source 87
    target 7
    key 0
    port 0
    weight 1
    bandwidth 50000000
    traffic "200000"
    reservation "207740.0"
  ]
  edge [
    source 88
    target 7
    key 0
    port 0
    weight 1
    bandwidth 50000000
    traffic "200000"
    reservation "204440.0"
  ]
  edge [
    source 89
    target 7
    key 0
    port 0
    weight 1
    bandwidth 50000000
    traffic "200000"
    reservation "228020.0"
  ]
  edge [
    source 90
    target 7
    key 0
    port 0
    weight 1
    bandwidth 50000000
    traffic "200000"
    reservation "216620.0"
  ]
  edge [
    source 91
    target 7
    key 0
    port 0
    weight 1
    bandwidth 50000000
    traffic "200000"
    reservation "186080.0"
  ]
  edge [
    source 92
    target 7
    key 0
    port 0
    weight 1
    bandwidth 50000000
    traffic "200000"
    reservation "207740.0"
  ]
  edge [
    source 93
    target 7
    key 0
    port 0
    weight 1
    bandwidth 50000000
    traffic "200000"
    reservation "186080.0"
  ]
  edge [
    source 94
    target 7
    key 0
    port 0
    weight 1
    bandwidth 50000000
    traffic "200000"
    reservation "182240.0"
  ]
  edge [
    source 95
    target 7
    key 0
    port 0
    weight 1
    bandwidth 50000000
    traffic "200000"
    reservation "216620.0"
  ]
  edge [
    source 96
    target 7
    key 0
    port 0
    weight 1
    bandwidth 50000000
    traffic "200000"
    reservation "216620.0"
  ]
  edge [
    source 97
    target 7
    key 0
    port 0
    weight 1
    bandwidth 50000000
    traffic "200000"
    reservation "186080.0"
  ]
  edge [
    source 98
    target 7
    key 0
    port 0
    weight 1
    bandwidth 50000000
    traffic "200000"
    reservation "200000.0"
  ]
  edge [
    source 99
    target 7
    key 0
    port 0
    weight 1
    bandwidth 50000000
    traffic "200000"
    reservation "207740.0"
  ]
  edge [
    source 100
    target 7
    key 0
    port 0
    weight 1
    bandwidth 50000000
    traffic "200000"
    reservation "204440.0"
  ]
]
