graph [
  directed 1
  multigraph 1
  GeoLocation "Romania"
  GeoExtent "Country"
  Network "RoEduNet"
  Provenance "Primary"
  Note "Taken from slide 8 of presentation. Names from https://admin.roedu.net/weathermap/ Geant Peering at Bucharest from slide 4"
  Source "http://www.ces.net/events/2010/cef/p/rusu.pdf"
  Version "1.0"
  Type "REN"
  DateType "Historic"
  Backbone 1
  Commercial 0
  label "RoedunetFibre"
  ToolsetVersion "0.3.34dev-20120328"
  Customer 0
  IX 0
  SourceGitVersion "e278b1b"
  DateModifier "="
  DateMonth "09"
  LastAccess "6/07/11"
  Access 0
  Layer "Simplified Fibre"
  Creator "Topology Zoo Toolset"
  Developed 0
  Transit 0
  NetworkDate "2010_09"
  DateYear "2010"
  LastProcessed "2011_09_01"
  Testbed 0
  levelsToS 97
  node [
    id 0
    label "0"
    Country "Romania"
    Longitude 23.8
    Internal 1
    Latitude 44.31667
    type "antenna"
    schedulingPolicy "WFQ"
    tosToQoSqueue "59,71;57,76;55;56;64,74;79;82;80;77;62,75;54,69;60,67,68;70,78;58,63;66;72;73;88;89;53,86,87;81;90;84;83;85;65;51;61,0,1,2,3,4,5,6,7,8,9,10,11,12,13,14,15,16,17,18,19,20,21,22,23,24,25,26,27,28,29,30,31,32,33,34,35,36,37,38,39,40,41,42,43,44,45,46,47,48,49,50,52,91,92,93,94,95,96"
    schedulingWeights "0.001,0.001,0.001,0.001,0.001,0.001,0.001,0.001,0.001,0.001,0.001,0.001,0.001,0.001,0.001,0.001,0.001,0.001,0.001,0.001,0.001,0.001,0.001,0.001,0.001,0.001,0.001,99.973;5.25,4.109,4.679,5.108,4.934,0.001,0.001,0.001,0.001,5.273,5.103,4.822,0.001,9.076,0.001,0.001,4.093,0.001,0.001,0.293,0.001,0.001,0.001,0.001,0.001,0.001,21.919,25.325;0.001,0.001,0.001,0.001,0.001,0.001,0.001,0.001,0.001,0.001,0.001,0.001,0.001,0.001,0.001,0.001,0.001,0.001,0.001,0.001,0.001,0.001,0.001,0.001,0.001,0.001,0.001,99.973;5.25,4.109,0.001,0.001,4.934,4.896,5.362,4.623,4.391,5.273,5.103,9.644,8.407,0.001,5.206,4.872,0.001,0.306,0.243,0.587,0.295,0.277,0.273,0.269,0.273,25.354,0.001,0.048;0.001,0.001,0.001,0.001,0.001,0.001,0.001,0.001,0.001,0.001,0.001,0.001,0.001,0.001,0.001,0.001,0.001,0.001,0.001,0.001,0.001,0.001,0.001,0.001,0.001,0.001,0.001,99.973;0.001,0.001,0.001,0.001,0.001,0.001,0.001,0.001,0.001,0.001,0.001,0.001,0.001,0.001,0.001,0.001,0.001,0.001,0.001,0.001,0.001,0.001,0.001,0.001,0.001,0.001,0.001,99.973;0.001,0.001,0.001,0.001,0.001,0.001,0.001,0.001,0.001,0.001,0.001,0.001,0.001,0.001,0.001,0.001,0.001,0.001,0.001,0.001,0.001,0.001,0.001,0.001,0.001,0.001,0.001,99.973;0.001,0.001,0.001,0.001,0.001,0.001,0.001,0.001,0.001,0.001,0.001,0.001,0.001,0.001,0.001,0.001,0.001,0.001,0.001,0.001,0.001,0.001,0.001,0.001,0.001,0.001,0.001,99.973;0.001,0.001,0.001,0.001,0.001,0.001,0.001,0.001,0.001,0.001,0.001,0.001,0.001,0.001,0.001,0.001,0.001,0.001,0.001,0.001,0.001,0.001,0.001,0.001,0.001,0.001,0.001,99.973;0.001,0.001,0.001,0.001,0.001,0.001,0.001,0.001,0.001,0.001,0.001,0.001,0.001,0.001,0.001,0.001,0.001,0.001,0.001,0.001,0.001,0.001,0.001,0.001,0.001,0.001,0.001,99.973;0.001,0.001,0.001,0.001,0.001,0.001,0.001,0.001,0.001,0.001,0.001,0.001,0.001,0.001,0.001,0.001,0.001,0.001,0.001,0.001,0.001,0.001,0.001,0.001,0.001,0.001,0.001,99.973;0.001,0.001,0.001,0.001,0.001,0.001,0.001,0.001,0.001,0.001,0.001,0.001,0.001,0.001,0.001,0.001,0.001,0.001,0.001,0.001,0.001,0.001,0.001,0.001,0.001,0.001,0.001,99.973;0.001,0.001,0.001,0.001,0.001,0.001,0.001,0.001,0.001,0.001,0.001,0.001,0.001,0.001,0.001,0.001,0.001,0.001,0.001,0.001,0.001,0.001,0.001,0.001,0.001,0.001,0.001,99.973;0.001,0.001,0.001,0.001,0.001,0.001,0.001,0.001,0.001,0.001,0.001,0.001,0.001,0.001,0.001,0.001,0.001,0.001,0.001,0.001,0.001,0.001,0.001,0.001,0.001,0.001,0.001,99.973;0.001,0.001,0.001,0.001,0.001,0.001,0.001,0.001,0.001,0.001,0.001,0.001,0.001,0.001,0.001,0.001,0.001,0.001,0.001,0.001,0.001,0.001,0.001,0.001,0.001,0.001,0.001,99.973;0.001,0.001,0.001,0.001,0.001,0.001,0.001,0.001,0.001,0.001,0.001,0.001,0.001,0.001,0.001,0.001,0.001,0.001,0.001,0.001,0.001,0.001,0.001,0.001,0.001,0.001,0.001,99.973;0.001,0.001,0.001,0.001,0.001,0.001,0.001,0.001,0.001,0.001,0.001,0.001,0.001,0.001,0.001,0.001,0.001,0.001,0.001,0.001,0.001,0.001,0.001,0.001,0.001,0.001,0.001,99.973;0.001,0.001,0.001,0.001,0.001,0.001,0.001,0.001,0.001,0.001,0.001,0.001,0.001,0.001,0.001,0.001,0.001,0.001,0.001,0.001,0.001,0.001,0.001,0.001,0.001,0.001,0.001,99.973;0.001,0.001,0.001,0.001,0.001,0.001,0.001,0.001,0.001,0.001,0.001,0.001,0.001,0.001,0.001,0.001,0.001,0.001,0.001,0.001,0.001,0.001,0.001,0.001,0.001,0.001,0.001,99.973;0.001,0.001,0.001,0.001,0.001,0.001,0.001,0.001,0.001,0.001,0.001,0.001,0.001,0.001,0.001,0.001,0.001,0.001,0.001,0.001,0.001,0.001,0.001,0.001,0.001,0.001,0.001,99.973;0.001,0.001,0.001,0.001,0.001,0.001,0.001,0.001,0.001,0.001,0.001,0.001,0.001,0.001,0.001,0.001,0.001,0.001,0.001,0.001,0.001,0.001,0.001,0.001,0.001,0.001,0.001,99.973;0.001,0.001,0.001,0.001,0.001,0.001,0.001,0.001,0.001,0.001,0.001,0.001,0.001,0.001,0.001,0.001,0.001,0.001,0.001,0.001,0.001,0.001,0.001,0.001,0.001,0.001,0.001,99.973;0.001,0.001,0.001,0.001,0.001,0.001,0.001,0.001,0.001,0.001,0.001,0.001,0.001,0.001,0.001,0.001,0.001,0.001,0.001,0.001,0.001,0.001,0.001,0.001,0.001,0.001,0.001,99.973;0.001,0.001,0.001,0.001,0.001,0.001,0.001,0.001,0.001,0.001,0.001,0.001,0.001,0.001,0.001,0.001,0.001,0.001,0.001,0.001,0.001,0.001,0.001,0.001,0.001,0.001,0.001,99.973;0.001,0.001,0.001,0.001,0.001,0.001,0.001,0.001,0.001,0.001,0.001,0.001,0.001,0.001,0.001,0.001,0.001,0.001,0.001,0.001,0.001,0.001,0.001,0.001,0.001,0.001,0.001,99.973;0.001,0.001,0.001,0.001,0.001,0.001,0.001,0.001,0.001,0.001,0.001,0.001,0.001,0.001,0.001,0.001,0.001,0.001,0.001,0.001,0.001,0.001,0.001,0.001,0.001,0.001,0.001,99.973;0.001,0.001,0.001,0.001,0.001,0.001,0.001,0.001,0.001,0.001,0.001,0.001,0.001,0.001,0.001,0.001,0.001,0.001,0.001,0.001,0.001,0.001,0.001,0.001,0.001,0.001,0.001,99.973;0.001,0.001,0.001,0.001,0.001,0.001,0.001,0.001,0.001,0.001,0.001,0.001,0.001,0.001,0.001,0.001,0.001,0.001,0.001,0.001,0.001,0.001,0.001,0.001,0.001,0.001,0.001,99.973;0.001,0.001,0.001,0.001,0.001,0.001,0.001,0.001,0.001,0.001,0.001,0.001,0.001,0.001,0.001,0.001,0.001,0.001,0.001,0.001,0.001,0.001,0.001,0.001,0.001,0.001,0.001,99.973;0.001,0.001,0.001,0.001,0.001,0.001,0.001,0.001,0.001,0.001,0.001,0.001,0.001,0.001,0.001,0.001,0.001,0.001,0.001,0.001,0.001,0.001,0.001,0.001,0.001,0.001,0.001,99.973;0.001,0.001,0.001,0.001,0.001,0.001,0.001,0.001,0.001,0.001,0.001,0.001,0.001,0.001,0.001,0.001,0.001,0.001,0.001,0.001,0.001,0.001,0.001,0.001,0.001,0.001,0.001,99.973;0.001,0.001,0.001,0.001,0.001,0.001,0.001,0.001,0.001,0.001,0.001,0.001,0.001,0.001,0.001,0.001,0.001,0.001,0.001,0.001,0.001,0.001,0.001,0.001,0.001,0.001,0.001,99.973;0.001,0.001,0.001,0.001,0.001,0.001,0.001,0.001,0.001,0.001,0.001,0.001,0.001,0.001,0.001,0.001,0.001,0.001,0.001,0.001,0.001,0.001,0.001,0.001,0.001,0.001,0.001,99.973;0.001,0.001,0.001,0.001,0.001,0.001,0.001,0.001,0.001,0.001,0.001,0.001,0.001,0.001,0.001,0.001,0.001,0.001,0.001,0.001,0.001,0.001,0.001,0.001,0.001,0.001,0.001,99.973;0.001,0.001,0.001,0.001,0.001,0.001,0.001,0.001,0.001,0.001,0.001,0.001,0.001,0.001,0.001,0.001,0.001,0.001,0.001,0.001,0.001,0.001,0.001,0.001,0.001,0.001,0.001,99.973;0.001,0.001,0.001,0.001,0.001,0.001,0.001,0.001,0.001,0.001,0.001,0.001,0.001,0.001,0.001,0.001,0.001,0.001,0.001,0.001,0.001,0.001,0.001,0.001,0.001,0.001,0.001,99.973;0.001,0.001,0.001,0.001,0.001,0.001,0.001,0.001,0.001,0.001,0.001,0.001,0.001,0.001,0.001,0.001,0.001,0.001,0.001,0.001,0.001,0.001,0.001,0.001,0.001,0.001,0.001,99.973;0.001,0.001,0.001,0.001,0.001,0.001,0.001,0.001,0.001,0.001,0.001,0.001,0.001,0.001,0.001,0.001,0.001,0.001,0.001,0.001,0.001,0.001,0.001,0.001,0.001,0.001,0.001,99.973;0.001,0.001,0.001,0.001,0.001,0.001,0.001,0.001,0.001,0.001,0.001,0.001,0.001,0.001,0.001,0.001,0.001,0.001,0.001,0.001,0.001,0.001,0.001,0.001,0.001,0.001,0.001,99.973;0.001,0.001,0.001,0.001,0.001,0.001,0.001,0.001,0.001,0.001,0.001,0.001,0.001,0.001,0.001,0.001,0.001,0.001,0.001,0.001,0.001,0.001,0.001,0.001,0.001,0.001,0.001,99.973;0.001,0.001,0.001,0.001,0.001,0.001,0.001,0.001,0.001,0.001,0.001,0.001,0.001,0.001,0.001,0.001,0.001,0.001,0.001,0.001,0.001,0.001,0.001,0.001,0.001,0.001,0.001,99.973;0.001,0.001,0.001,0.001,0.001,0.001,0.001,0.001,0.001,0.001,0.001,0.001,0.001,0.001,0.001,0.001,0.001,0.001,0.001,0.001,0.001,0.001,0.001,0.001,0.001,0.001,0.001,99.973;0.001,0.001,0.001,0.001,0.001,0.001,0.001,0.001,0.001,0.001,0.001,0.001,0.001,0.001,0.001,0.001,0.001,0.001,0.001,0.001,0.001,0.001,0.001,0.001,0.001,0.001,0.001,99.973;0.001,0.001,0.001,0.001,0.001,0.001,0.001,0.001,0.001,0.001,0.001,0.001,0.001,0.001,0.001,0.001,0.001,0.001,0.001,0.001,0.001,0.001,0.001,0.001,0.001,0.001,0.001,99.973"
    levelsQoS 28
    queueSizes "32,32,32,32,32,32,32,32,32,32,32,32,32,32,32,32,32,32,32,32,32,32,32,32,32,32,32,32"
  ]
  node [
    id 1
    label "1"
    Country "Romania"
    Longitude 24.36667
    Internal 1
    Latitude 44.43333
    type "inner"
    schedulingPolicy "WFQ"
    tosToQoSqueue "0,1,2,3,4,5,6,7,8,9,10,11,12,13,14,15,16,17,18,19,20,21,22,23,24,25,26,27,28,29,30,31,32,33,34,35,36,37,38,39,40,41,42,43,44,45,46,47,48,49,50,51,52,53,54,55,56,57,58,59,60,61,62,63,64,65,66,67,68,69,70,71,72,73,74,75,76,77,78,79,80,81,82,83,84,85,86,87,88,89,90,91,92,93,94,95,96"
    schedulingWeights "100"
    levelsQoS 1
    queueSizes "32"
  ]
  node [
    id 2
    label "2"
    Country "Romania"
    Longitude 23.28333
    Internal 1
    Latitude 45.05
    type "inner"
    schedulingPolicy "WFQ"
    tosToQoSqueue "59;57;55;56;64;62;54;60;58,63;73;53;51;61,0,1,2,3,4,5,6,7,8,9,10,11,12,13,14,15,16,17,18,19,20,21,22,23,24,25,26,27,28,29,30,31,32,33,34,35,36,37,38,39,40,41,42,43,44,45,46,47,48,49,50,52,65,66,67,68,69,70,71,72,74,75,76,77,78,79,80,81,82,83,84,85,86,87,88,89,90,91,92,93,94,95,96"
    schedulingWeights "0.001,0.001,0.001,0.001,0.001,0.001,0.001,0.001,0.001,0.001,0.001,0.001,99.988;5.25,4.109,4.679,5.108,4.934,5.273,5.103,4.822,9.076,4.093,0.293,21.919,25.34"
    levelsQoS 13
    queueSizes "32,32,32,32,32,32,32,32,32,32,32,32,32"
  ]
  node [
    id 3
    label "3"
    Country "Romania"
    Longitude 24.36667
    Internal 1
    Latitude 45.1
    type "inner"
    schedulingPolicy "WFQ"
    tosToQoSqueue "0,1,2,3,4,5,6,7,8,9,10,11,12,13,14,15,16,17,18,19,20,21,22,23,24,25,26,27,28,29,30,31,32,33,34,35,36,37,38,39,40,41,42,43,44,45,46,47,48,49,50,51,52,53,54,55,56,57,58,59,60,61,62,63,64,65,66,67,68,69,70,71,72,73,74,75,76,77,78,79,80,81,82,83,84,85,86,87,88,89,90,91,92,93,94,95,96"
    schedulingWeights "100"
    levelsQoS 1
    queueSizes "32"
  ]
  node [
    id 4
    label "4"
    Country "Romania"
    Longitude 26.10626
    Internal 1
    Latitude 44.43225
    type "inner"
    schedulingPolicy "WFQ"
    tosToQoSqueue "71,91;76;74;79;82;80;77;75;94;95;69,92;67,68;70,78;66;72;96;88;89;86,87;81;90;93;84;83;85;65;51;52;61,0,1,2,3,4,5,6,7,8,9,10,11,12,13,14,15,16,17,18,19,20,21,22,23,24,25,26,27,28,29,30,31,32,33,34,35,36,37,38,39,40,41,42,43,44,45,46,47,48,49,50,53,54,55,56,57,58,59,60,62,63,64,73"
    schedulingWeights "0.001,0.001,0.001,0.001,0.001,0.001,0.001,0.001,0.001,0.001,0.001,0.001,0.001,0.001,0.001,0.001,0.001,0.001,0.001,0.001,0.001,0.001,0.001,0.001,0.001,0.001,0.001,0.001,99.972;0.001,0.001,0.001,0.001,0.001,0.001,0.001,0.001,0.001,0.001,0.001,0.001,0.001,0.001,0.001,0.001,0.001,0.001,0.001,0.001,0.001,0.001,0.001,0.001,0.001,0.001,0.001,0.001,99.972;0.001,0.001,0.001,0.001,0.001,0.001,0.001,0.001,0.001,0.001,0.001,0.001,0.001,0.001,0.001,0.001,0.001,0.001,0.001,0.001,0.001,0.001,0.001,0.001,0.001,25.354,21.919,22.711,29.991;10.501,4.109,4.934,4.896,5.362,4.623,4.391,5.273,5.248,5.242,10.207,9.644,8.407,5.206,4.872,4.093,0.306,0.243,0.587,0.295,0.277,0.286,0.273,0.269,0.273,0.001,0.001,0.001,0.181;0.001,0.001,0.001,0.001,0.001,0.001,0.001,0.001,0.001,0.001,0.001,0.001,0.001,0.001,0.001,0.001,0.001,0.001,0.001,0.001,0.001,0.001,0.001,0.001,0.001,0.001,0.001,0.001,99.972;0.001,0.001,0.001,0.001,0.001,0.001,0.001,0.001,0.001,0.001,0.001,0.001,0.001,0.001,0.001,0.001,0.001,0.001,0.001,0.001,0.001,0.001,0.001,0.001,0.001,0.001,0.001,0.001,99.972"
    levelsQoS 29
    queueSizes "32,32,32,32,32,32,32,32,32,32,32,32,32,32,32,32,32,32,32,32,32,32,32,32,32,32,32,32,32"
  ]
  node [
    id 5
    label "5"
    Country "Romania"
    Longitude 26.63333
    Internal 1
    Latitude 44.71667
    type "inner"
    schedulingPolicy "WFQ"
    tosToQoSqueue "0,1,2,3,4,5,6,7,8,9,10,11,12,13,14,15,16,17,18,19,20,21,22,23,24,25,26,27,28,29,30,31,32,33,34,35,36,37,38,39,40,41,42,43,44,45,46,47,48,49,50,51,52,53,54,55,56,57,58,59,60,61,62,63,64,65,66,67,68,69,70,71,72,73,74,75,76,77,78,79,80,81,82,83,84,85,86,87,88,89,90,91,92,93,94,95,96"
    schedulingWeights "100"
    levelsQoS 1
    queueSizes "32"
  ]
  node [
    id 6
    label "6"
    Country "Romania"
    Longitude 25.33333
    Internal 1
    Latitude 43.98333
    type "inner"
    schedulingPolicy "WFQ"
    tosToQoSqueue "0,1,2,3,4,5,6,7,8,9,10,11,12,13,14,15,16,17,18,19,20,21,22,23,24,25,26,27,28,29,30,31,32,33,34,35,36,37,38,39,40,41,42,43,44,45,46,47,48,49,50,51,52,53,54,55,56,57,58,59,60,61,62,63,64,65,66,67,68,69,70,71,72,73,74,75,76,77,78,79,80,81,82,83,84,85,86,87,88,89,90,91,92,93,94,95,96"
    schedulingWeights "100"
    levelsQoS 1
    queueSizes "32"
  ]
  node [
    id 7
    label "7"
    Country "Romania"
    Longitude 25.96667
    Internal 1
    Latitude 43.88333
    type "destination_embb"
    schedulingPolicy "FIFO"
    levelsQoS "1"
    schedulingWeights "-"
    tosToQoSqueue "0,1,2,3,4,5,6,7,8,9,10,11,12,13,14,15,16,17,18,19,20,21,22,23,24,25,26,27,28,29,30,31,32,33,34,35,36,37,38,39,40,41,42,43,44,45,46,47,48,49,50,51,52,53,54,55,56,57,58,59,60,61,62,63,64,65,66,67,68,69,70,71,72,73,74,75,76,77,78,79,80,81,82,83,84,85,86,87,88,89,90,91,92,93,94,95,96"
    queueSizes "32"
  ]
  node [
    id 8
    label "8"
    Country "Romania"
    Longitude 27.33333
    Internal 1
    geocode_id "683022"
    Latitude 44.2
    type "antenna"
    schedulingPolicy "WFQ"
    tosToQoSqueue "91;94;95;92;96;93;52,0,1,2,3,4,5,6,7,8,9,10,11,12,13,14,15,16,17,18,19,20,21,22,23,24,25,26,27,28,29,30,31,32,33,34,35,36,37,38,39,40,41,42,43,44,45,46,47,48,49,50,51,53,54,55,56,57,58,59,60,61,62,63,64,65,66,67,68,69,70,71,72,73,74,75,76,77,78,79,80,81,82,83,84,85,86,87,88,89,90"
    schedulingWeights "5.25,5.248,5.242,5.103,4.093,0.286,74.778;0.001,0.001,0.001,0.001,0.001,0.001,99.994;0.001,0.001,0.001,0.001,0.001,0.001,99.994;0.001,0.001,0.001,0.001,0.001,0.001,99.994;0.001,0.001,0.001,0.001,0.001,0.001,99.994;0.001,0.001,0.001,0.001,0.001,0.001,99.994;0.001,0.001,0.001,0.001,0.001,0.001,99.994;0.001,0.001,0.001,0.001,0.001,0.001,99.994"
    levelsQoS 7
    queueSizes "32,32,32,32,32,32,32"
  ]
  node [
    id 9
    label "9"
    Country "Romania"
    Longitude 28.65
    Internal 1
    Latitude 44.18333
    type "inner"
    schedulingPolicy "WFQ"
    tosToQoSqueue "0,1,2,3,4,5,6,7,8,9,10,11,12,13,14,15,16,17,18,19,20,21,22,23,24,25,26,27,28,29,30,31,32,33,34,35,36,37,38,39,40,41,42,43,44,45,46,47,48,49,50,51,52,53,54,55,56,57,58,59,60,61,62,63,64,65,66,67,68,69,70,71,72,73,74,75,76,77,78,79,80,81,82,83,84,85,86,87,88,89,90,91,92,93,94,95,96"
    schedulingWeights "100"
    levelsQoS 1
    queueSizes "32"
  ]
  node [
    id 10
    label "10"
    Country "Romania"
    Longitude 25.3
    Internal 1
    Latitude 46.3
    type "inner"
    schedulingPolicy "WFQ"
    tosToQoSqueue "0,1,2,3,4,5,6,7,8,9,10,11,12,13,14,15,16,17,18,19,20,21,22,23,24,25,26,27,28,29,30,31,32,33,34,35,36,37,38,39,40,41,42,43,44,45,46,47,48,49,50,51,52,53,54,55,56,57,58,59,60,61,62,63,64,65,66,67,68,69,70,71,72,73,74,75,76,77,78,79,80,81,82,83,84,85,86,87,88,89,90,91,92,93,94,95,96"
    schedulingWeights "100"
    levelsQoS 1
    queueSizes "32"
  ]
  node [
    id 11
    label "11"
    Country "Romania"
    Longitude 26.18333
    Internal 1
    Latitude 45.85
    type "inner"
    schedulingPolicy "WFQ"
    tosToQoSqueue "0,1,2,3,4,5,6,7,8,9,10,11,12,13,14,15,16,17,18,19,20,21,22,23,24,25,26,27,28,29,30,31,32,33,34,35,36,37,38,39,40,41,42,43,44,45,46,47,48,49,50,51,52,53,54,55,56,57,58,59,60,61,62,63,64,65,66,67,68,69,70,71,72,73,74,75,76,77,78,79,80,81,82,83,84,85,86,87,88,89,90,91,92,93,94,95,96"
    schedulingWeights "100;100"
    levelsQoS 1
    queueSizes "32"
  ]
  node [
    id 12
    label "12"
    Country "Romania"
    Longitude 23.58333
    Internal 1
    Latitude 46.06667
    type "destination_urllc"
    schedulingPolicy "FIFO"
    levelsQoS "1"
    schedulingWeights "-"
    tosToQoSqueue "0,1,2,3,4,5,6,7,8,9,10,11,12,13,14,15,16,17,18,19,20,21,22,23,24,25,26,27,28,29,30,31,32,33,34,35,36,37,38,39,40,41,42,43,44,45,46,47,48,49,50,51,52,53,54,55,56,57,58,59,60,61,62,63,64,65,66,67,68,69,70,71,72,73,74,75,76,77,78,79,80,81,82,83,84,85,86,87,88,89,90,91,92,93,94,95,96"
    queueSizes "32"
  ]
  node [
    id 13
    label "13"
    Country "Romania"
    Longitude 25.60613
    Internal 1
    Latitude 45.64861
    type "inner"
    schedulingPolicy "WFQ"
    tosToQoSqueue "71,91;76;74;79;82;80;77;75;94;95;69,92;67,68;70,78;66;72;96;88;89;86,87;81;90;93;84;83;85,0,1,2,3,4,5,6,7,8,9,10,11,12,13,14,15,16,17,18,19,20,21,22,23,24,25,26,27,28,29,30,31,32,33,34,35,36,37,38,39,40,41,42,43,44,45,46,47,48,49,50,51,52,53,54,55,56,57,58,59,60,61,62,63,64,65,73"
    schedulingWeights "0.001,0.001,0.001,0.001,0.001,0.001,0.001,0.001,0.001,0.001,0.001,0.001,0.001,0.001,0.001,0.001,0.001,0.001,0.001,0.001,0.001,0.001,0.001,0.001,99.976;10.501,4.109,4.934,4.896,5.362,4.623,4.391,5.273,5.248,5.242,10.207,9.644,8.407,5.206,4.872,4.093,0.306,0.243,0.587,0.295,0.277,0.286,0.273,0.269,0.457;0.001,0.001,0.001,0.001,0.001,0.001,0.001,0.001,0.001,0.001,0.001,0.001,0.001,0.001,0.001,0.001,0.001,0.001,0.001,0.001,0.001,0.001,0.001,0.001,99.976"
    levelsQoS 25
    queueSizes "32,32,32,32,32,32,32,32,32,32,32,32,32,32,32,32,32,32,32,32,32,32,32,32,32"
  ]
  node [
    id 14
    label "14"
    Country "Romania"
    Longitude 24.86667
    Internal 1
    Latitude 44.85
    type "inner"
    schedulingPolicy "WFQ"
    tosToQoSqueue "53;51;61,0,1,2,3,4,5,6,7,8,9,10,11,12,13,14,15,16,17,18,19,20,21,22,23,24,25,26,27,28,29,30,31,32,33,34,35,36,37,38,39,40,41,42,43,44,45,46,47,48,49,50,52,54,55,56,57,58,59,60,62,63,64,65,66,67,68,69,70,71,72,73,74,75,76,77,78,79,80,81,82,83,84,85,86,87,88,89,90,91,92,93,94,95,96"
    schedulingWeights "0.001,0.001,99.998;0.293,21.919,77.787"
    levelsQoS 3
    queueSizes "32,32,32"
  ]
  node [
    id 15
    label "15"
    Country "Romania"
    Longitude 25.45
    Internal 1
    Latitude 44.93333
    type "inner"
    schedulingPolicy "WFQ"
    tosToQoSqueue "53;51;61,0,1,2,3,4,5,6,7,8,9,10,11,12,13,14,15,16,17,18,19,20,21,22,23,24,25,26,27,28,29,30,31,32,33,34,35,36,37,38,39,40,41,42,43,44,45,46,47,48,49,50,52,54,55,56,57,58,59,60,62,63,64,65,66,67,68,69,70,71,72,73,74,75,76,77,78,79,80,81,82,83,84,85,86,87,88,89,90,91,92,93,94,95,96"
    schedulingWeights "0.001,0.001,99.998;0.293,21.919,77.787"
    levelsQoS 3
    queueSizes "32,32,32"
  ]
  node [
    id 16
    label "16"
    Country "Romania"
    Longitude 26.01667
    Internal 1
    Latitude 44.95
    type "inner"
    schedulingPolicy "WFQ"
    tosToQoSqueue "71,91;76;74;79;82;80;77;75;94;95;69,92;67,68;70,78;66;72;96;88;89;53,86,87;81;90;93;84;83;85;51;61,0,1,2,3,4,5,6,7,8,9,10,11,12,13,14,15,16,17,18,19,20,21,22,23,24,25,26,27,28,29,30,31,32,33,34,35,36,37,38,39,40,41,42,43,44,45,46,47,48,49,50,52,54,55,56,57,58,59,60,62,63,64,65,73"
    schedulingWeights "0.001,0.001,0.001,0.001,0.001,0.001,0.001,0.001,0.001,0.001,0.001,0.001,0.001,0.001,0.001,0.001,0.001,0.001,0.001,0.001,0.001,0.001,0.001,0.001,0.001,21.919,78.056;10.501,4.109,4.934,4.896,5.362,4.623,4.391,5.273,5.248,5.242,10.207,9.644,8.407,5.206,4.872,4.093,0.306,0.243,0.587,0.295,0.277,0.286,0.273,0.269,0.273,0.001,0.183;0.001,0.001,0.001,0.001,0.001,0.001,0.001,0.001,0.001,0.001,0.001,0.001,0.001,0.001,0.001,0.001,0.001,0.001,0.001,0.001,0.001,0.001,0.001,0.001,0.001,0.001,99.974;0.001,0.001,0.001,0.001,0.001,0.001,0.001,0.001,0.001,0.001,0.001,0.001,0.001,0.001,0.001,0.001,0.001,0.001,0.293,0.001,0.001,0.001,0.001,0.001,0.001,0.001,99.682"
    levelsQoS 27
    queueSizes "32,32,32,32,32,32,32,32,32,32,32,32,32,32,32,32,32,32,32,32,32,32,32,32,32,32,32"
  ]
  node [
    id 17
    label "17"
    Country "Romania"
    Longitude 26.83333
    Internal 1
    Latitude 45.15
    type "inner"
    schedulingPolicy "WFQ"
    tosToQoSqueue "53,0,1,2,3,4,5,6,7,8,9,10,11,12,13,14,15,16,17,18,19,20,21,22,23,24,25,26,27,28,29,30,31,32,33,34,35,36,37,38,39,40,41,42,43,44,45,46,47,48,49,50,51,52,54,55,56,57,58,59,60,61,62,63,64,65,66,67,68,69,70,71,72,73,74,75,76,77,78,79,80,81,82,83,84,85,86,87,88,89,90,91,92,93,94,95,96"
    schedulingWeights "100;100"
    levelsQoS 1
    queueSizes "32"
  ]
  node [
    id 18
    label "18"
    Country "Romania"
    Longitude 27.18333
    Internal 1
    Latitude 45.7
    type "inner"
    schedulingPolicy "WFQ"
    tosToQoSqueue "53,0,1,2,3,4,5,6,7,8,9,10,11,12,13,14,15,16,17,18,19,20,21,22,23,24,25,26,27,28,29,30,31,32,33,34,35,36,37,38,39,40,41,42,43,44,45,46,47,48,49,50,51,52,54,55,56,57,58,59,60,61,62,63,64,65,66,67,68,69,70,71,72,73,74,75,76,77,78,79,80,81,82,83,84,85,86,87,88,89,90,91,92,93,94,95,96"
    schedulingWeights "100;100"
    levelsQoS 1
    queueSizes "32"
  ]
  node [
    id 19
    label "19"
    Country "Romania"
    Longitude 26.9
    Internal 1
    Latitude 46.56667
    type "inner"
    schedulingPolicy "WFQ"
    tosToQoSqueue "53,0,1,2,3,4,5,6,7,8,9,10,11,12,13,14,15,16,17,18,19,20,21,22,23,24,25,26,27,28,29,30,31,32,33,34,35,36,37,38,39,40,41,42,43,44,45,46,47,48,49,50,51,52,54,55,56,57,58,59,60,61,62,63,64,65,66,67,68,69,70,71,72,73,74,75,76,77,78,79,80,81,82,83,84,85,86,87,88,89,90,91,92,93,94,95,96"
    schedulingWeights "100;100"
    levelsQoS 1
    queueSizes "32"
  ]
  node [
    id 20
    label "20"
    Internal 0
    type "inner"
    schedulingPolicy "WFQ"
    tosToQoSqueue "0,1,2,3,4,5,6,7,8,9,10,11,12,13,14,15,16,17,18,19,20,21,22,23,24,25,26,27,28,29,30,31,32,33,34,35,36,37,38,39,40,41,42,43,44,45,46,47,48,49,50,51,52,53,54,55,56,57,58,59,60,61,62,63,64,65,66,67,68,69,70,71,72,73,74,75,76,77,78,79,80,81,82,83,84,85,86,87,88,89,90,91,92,93,94,95,96"
    schedulingWeights "100"
    levelsQoS 1
    queueSizes "32"
  ]
  node [
    id 21
    label "21"
    Country "Romania"
    Longitude 24.15
    Internal 1
    Latitude 45.8
    type "inner"
    schedulingPolicy "WFQ"
    tosToQoSqueue "53;51;61,0,1,2,3,4,5,6,7,8,9,10,11,12,13,14,15,16,17,18,19,20,21,22,23,24,25,26,27,28,29,30,31,32,33,34,35,36,37,38,39,40,41,42,43,44,45,46,47,48,49,50,52,54,55,56,57,58,59,60,62,63,64,65,66,67,68,69,70,71,72,73,74,75,76,77,78,79,80,81,82,83,84,85,86,87,88,89,90,91,92,93,94,95,96"
    schedulingWeights "0.293,21.919,77.787;0.001,0.001,99.998"
    levelsQoS 3
    queueSizes "32,32,32"
  ]
  node [
    id 22
    label "22"
    hyperedge 1
    Internal 1
    type "destination_mmtc"
    schedulingPolicy "FIFO"
    levelsQoS "1"
    schedulingWeights "-"
    tosToQoSqueue "0,1,2,3,4,5,6,7,8,9,10,11,12,13,14,15,16,17,18,19,20,21,22,23,24,25,26,27,28,29,30,31,32,33,34,35,36,37,38,39,40,41,42,43,44,45,46,47,48,49,50,51,52,53,54,55,56,57,58,59,60,61,62,63,64,65,66,67,68,69,70,71,72,73,74,75,76,77,78,79,80,81,82,83,84,85,86,87,88,89,90,91,92,93,94,95,96"
    queueSizes "32"
  ]
  node [
    id 23
    label "23"
    hyperedge 1
    Internal 1
    type "inner"
    schedulingPolicy "WFQ"
    tosToQoSqueue "53,0,1,2,3,4,5,6,7,8,9,10,11,12,13,14,15,16,17,18,19,20,21,22,23,24,25,26,27,28,29,30,31,32,33,34,35,36,37,38,39,40,41,42,43,44,45,46,47,48,49,50,51,52,54,55,56,57,58,59,60,61,62,63,64,65,66,67,68,69,70,71,72,73,74,75,76,77,78,79,80,81,82,83,84,85,86,87,88,89,90,91,92,93,94,95,96"
    schedulingWeights "100;100;100"
    levelsQoS 1
    queueSizes "32"
  ]
  node [
    id 24
    label "24"
    hyperedge 1
    Internal 1
    type "inner"
    schedulingPolicy "WFQ"
    tosToQoSqueue "71,91;76;74;79;82;80;77;75;94;95;69,92;67,68;70,78;66;72;96;88;89;86,87;81;90;93;84;83;85,0,1,2,3,4,5,6,7,8,9,10,11,12,13,14,15,16,17,18,19,20,21,22,23,24,25,26,27,28,29,30,31,32,33,34,35,36,37,38,39,40,41,42,43,44,45,46,47,48,49,50,51,52,53,54,55,56,57,58,59,60,61,62,63,64,65,73"
    schedulingWeights "0.001,0.001,0.001,0.001,0.001,0.001,0.001,0.001,0.001,0.001,0.001,0.001,0.001,0.001,0.001,0.001,0.001,0.001,0.001,0.001,0.001,0.001,0.001,0.001,99.976;10.501,4.109,4.934,4.896,5.362,4.623,4.391,5.273,5.248,5.242,10.207,9.644,8.407,5.206,4.872,4.093,0.306,0.243,0.587,0.295,0.277,0.286,0.273,0.269,0.457"
    levelsQoS 25
    queueSizes "32,32,32,32,32,32,32,32,32,32,32,32,32,32,32,32,32,32,32,32,32,32,32,32,32"
  ]
  node [
    id 25
    label "25"
    hyperedge 1
    Internal 1
    type "inner"
    schedulingPolicy "WFQ"
    tosToQoSqueue "71,91;76;74;79;82;80;77;75;94;95;69,92;67,68;70,78;66;72;96;88;89;53,86,87;81;90;93;84;83;85;51;61,0,1,2,3,4,5,6,7,8,9,10,11,12,13,14,15,16,17,18,19,20,21,22,23,24,25,26,27,28,29,30,31,32,33,34,35,36,37,38,39,40,41,42,43,44,45,46,47,48,49,50,52,54,55,56,57,58,59,60,62,63,64,65,73"
    schedulingWeights "10.501,4.109,4.934,4.896,5.362,4.623,4.391,5.273,5.248,5.242,10.207,9.644,8.407,5.206,4.872,4.093,0.306,0.243,0.587,0.295,0.277,0.286,0.273,0.269,0.273,0.001,0.183;0.001,0.001,0.001,0.001,0.001,0.001,0.001,0.001,0.001,0.001,0.001,0.001,0.001,0.001,0.001,0.001,0.001,0.001,0.293,0.001,0.001,0.001,0.001,0.001,0.001,21.919,77.763;0.001,0.001,0.001,0.001,0.001,0.001,0.001,0.001,0.001,0.001,0.001,0.001,0.001,0.001,0.001,0.001,0.001,0.001,0.001,0.001,0.001,0.001,0.001,0.001,0.001,0.001,99.974;0.001,0.001,0.001,0.001,0.001,0.001,0.001,0.001,0.001,0.001,0.001,0.001,0.001,0.001,0.001,0.001,0.001,0.001,0.001,0.001,0.001,0.001,0.001,0.001,0.001,0.001,99.974"
    levelsQoS 27
    queueSizes "32,32,32,32,32,32,32,32,32,32,32,32,32,32,32,32,32,32,32,32,32,32,32,32,32,32,32"
  ]
  node [
    id 26
    label "26"
    Internal 0
    type "inner"
    schedulingPolicy "WFQ"
    tosToQoSqueue "0,1,2,3,4,5,6,7,8,9,10,11,12,13,14,15,16,17,18,19,20,21,22,23,24,25,26,27,28,29,30,31,32,33,34,35,36,37,38,39,40,41,42,43,44,45,46,47,48,49,50,51,52,53,54,55,56,57,58,59,60,61,62,63,64,65,66,67,68,69,70,71,72,73,74,75,76,77,78,79,80,81,82,83,84,85,86,87,88,89,90,91,92,93,94,95,96"
    schedulingWeights "100"
    levelsQoS 1
    queueSizes "32"
  ]
  node [
    id 27
    label "27"
    hyperedge 1
    Internal 1
    type "inner"
    schedulingPolicy "WFQ"
    tosToQoSqueue "91;94;95;92;96;93;52,0,1,2,3,4,5,6,7,8,9,10,11,12,13,14,15,16,17,18,19,20,21,22,23,24,25,26,27,28,29,30,31,32,33,34,35,36,37,38,39,40,41,42,43,44,45,46,47,48,49,50,51,53,54,55,56,57,58,59,60,61,62,63,64,65,66,67,68,69,70,71,72,73,74,75,76,77,78,79,80,81,82,83,84,85,86,87,88,89,90"
    schedulingWeights "5.25,5.248,5.242,5.103,4.093,0.286,74.778;0.001,0.001,0.001,0.001,0.001,0.001,99.994;0.001,0.001,0.001,0.001,0.001,0.001,99.994;0.001,0.001,0.001,0.001,0.001,0.001,99.994;0.001,0.001,0.001,0.001,0.001,0.001,99.994"
    levelsQoS 7
    queueSizes "32,32,32,32,32,32,32"
  ]
  node [
    id 28
    label "28"
    Country "Romania"
    Longitude 24.55747
    Internal 1
    Latitude 46.54245
    type "inner"
    schedulingPolicy "WFQ"
    tosToQoSqueue "0,1,2,3,4,5,6,7,8,9,10,11,12,13,14,15,16,17,18,19,20,21,22,23,24,25,26,27,28,29,30,31,32,33,34,35,36,37,38,39,40,41,42,43,44,45,46,47,48,49,50,51,52,53,54,55,56,57,58,59,60,61,62,63,64,65,66,67,68,69,70,71,72,73,74,75,76,77,78,79,80,81,82,83,84,85,86,87,88,89,90,91,92,93,94,95,96"
    schedulingWeights "100"
    levelsQoS 1
    queueSizes "32"
  ]
  node [
    id 29
    label "29"
    Country "Romania"
    Longitude 24.50011
    Internal 1
    Latitude 47.13316
    type "inner"
    schedulingPolicy "WFQ"
    tosToQoSqueue "0,1,2,3,4,5,6,7,8,9,10,11,12,13,14,15,16,17,18,19,20,21,22,23,24,25,26,27,28,29,30,31,32,33,34,35,36,37,38,39,40,41,42,43,44,45,46,47,48,49,50,51,52,53,54,55,56,57,58,59,60,61,62,63,64,65,66,67,68,69,70,71,72,73,74,75,76,77,78,79,80,81,82,83,84,85,86,87,88,89,90,91,92,93,94,95,96"
    schedulingWeights "100"
    levelsQoS 1
    queueSizes "32"
  ]
  node [
    id 30
    label "30"
    Country "Romania"
    Longitude 27.73333
    Internal 1
    Latitude 46.63333
    type "inner"
    schedulingPolicy "WFQ"
    tosToQoSqueue "0,1,2,3,4,5,6,7,8,9,10,11,12,13,14,15,16,17,18,19,20,21,22,23,24,25,26,27,28,29,30,31,32,33,34,35,36,37,38,39,40,41,42,43,44,45,46,47,48,49,50,51,52,53,54,55,56,57,58,59,60,61,62,63,64,65,66,67,68,69,70,71,72,73,74,75,76,77,78,79,80,81,82,83,84,85,86,87,88,89,90,91,92,93,94,95,96"
    schedulingWeights "100;100"
    levelsQoS 1
    queueSizes "32"
  ]
  node [
    id 31
    label "31"
    Country "Romania"
    Longitude 28.05
    Internal 1
    Latitude 45.45
    type "inner"
    schedulingPolicy "WFQ"
    tosToQoSqueue "0,1,2,3,4,5,6,7,8,9,10,11,12,13,14,15,16,17,18,19,20,21,22,23,24,25,26,27,28,29,30,31,32,33,34,35,36,37,38,39,40,41,42,43,44,45,46,47,48,49,50,51,52,53,54,55,56,57,58,59,60,61,62,63,64,65,66,67,68,69,70,71,72,73,74,75,76,77,78,79,80,81,82,83,84,85,86,87,88,89,90,91,92,93,94,95,96"
    schedulingWeights "100;100;100"
    levelsQoS 1
    queueSizes "32"
  ]
  node [
    id 32
    label "32"
    Country "Romania"
    Longitude 28.8
    Internal 1
    Latitude 45.16667
    type "inner"
    schedulingPolicy "WFQ"
    tosToQoSqueue "0,1,2,3,4,5,6,7,8,9,10,11,12,13,14,15,16,17,18,19,20,21,22,23,24,25,26,27,28,29,30,31,32,33,34,35,36,37,38,39,40,41,42,43,44,45,46,47,48,49,50,51,52,53,54,55,56,57,58,59,60,61,62,63,64,65,66,67,68,69,70,71,72,73,74,75,76,77,78,79,80,81,82,83,84,85,86,87,88,89,90,91,92,93,94,95,96"
    schedulingWeights "100"
    levelsQoS 1
    queueSizes "32"
  ]
  node [
    id 33
    label "33"
    Country "Romania"
    Longitude 27.98333
    Internal 1
    Latitude 45.26667
    type "inner"
    schedulingPolicy "WFQ"
    tosToQoSqueue "0,1,2,3,4,5,6,7,8,9,10,11,12,13,14,15,16,17,18,19,20,21,22,23,24,25,26,27,28,29,30,31,32,33,34,35,36,37,38,39,40,41,42,43,44,45,46,47,48,49,50,51,52,53,54,55,56,57,58,59,60,61,62,63,64,65,66,67,68,69,70,71,72,73,74,75,76,77,78,79,80,81,82,83,84,85,86,87,88,89,90,91,92,93,94,95,96"
    schedulingWeights "100;100"
    levelsQoS 1
    queueSizes "32"
  ]
  node [
    id 34
    label "34"
    Country "Romania"
    Longitude 26.33333
    Internal 1
    Latitude 46.91667
    type "inner"
    schedulingPolicy "WFQ"
    tosToQoSqueue "0,1,2,3,4,5,6,7,8,9,10,11,12,13,14,15,16,17,18,19,20,21,22,23,24,25,26,27,28,29,30,31,32,33,34,35,36,37,38,39,40,41,42,43,44,45,46,47,48,49,50,51,52,53,54,55,56,57,58,59,60,61,62,63,64,65,66,67,68,69,70,71,72,73,74,75,76,77,78,79,80,81,82,83,84,85,86,87,88,89,90,91,92,93,94,95,96"
    schedulingWeights "100"
    levelsQoS 1
    queueSizes "32"
  ]
  node [
    id 35
    label "35"
    Country "Romania"
    Longitude 26.25
    Internal 1
    Latitude 47.63333
    type "inner"
    schedulingPolicy "WFQ"
    tosToQoSqueue "53,0,1,2,3,4,5,6,7,8,9,10,11,12,13,14,15,16,17,18,19,20,21,22,23,24,25,26,27,28,29,30,31,32,33,34,35,36,37,38,39,40,41,42,43,44,45,46,47,48,49,50,51,52,54,55,56,57,58,59,60,61,62,63,64,65,66,67,68,69,70,71,72,73,74,75,76,77,78,79,80,81,82,83,84,85,86,87,88,89,90,91,92,93,94,95,96"
    schedulingWeights "100;100"
    levelsQoS 1
    queueSizes "32"
  ]
  node [
    id 36
    label "36"
    Country "Romania"
    Longitude 26.66667
    Internal 1
    Latitude 47.75
    type "inner"
    schedulingPolicy "WFQ"
    tosToQoSqueue "0,1,2,3,4,5,6,7,8,9,10,11,12,13,14,15,16,17,18,19,20,21,22,23,24,25,26,27,28,29,30,31,32,33,34,35,36,37,38,39,40,41,42,43,44,45,46,47,48,49,50,51,52,53,54,55,56,57,58,59,60,61,62,63,64,65,66,67,68,69,70,71,72,73,74,75,76,77,78,79,80,81,82,83,84,85,86,87,88,89,90,91,92,93,94,95,96"
    schedulingWeights "100"
    levelsQoS 1
    queueSizes "32"
  ]
  node [
    id 37
    label "37"
    Country "Romania"
    Longitude 27.6
    Internal 1
    Latitude 47.16667
    type "inner"
    schedulingPolicy "WFQ"
    tosToQoSqueue "0,1,2,3,4,5,6,7,8,9,10,11,12,13,14,15,16,17,18,19,20,21,22,23,24,25,26,27,28,29,30,31,32,33,34,35,36,37,38,39,40,41,42,43,44,45,46,47,48,49,50,51,52,53,54,55,56,57,58,59,60,61,62,63,64,65,66,67,68,69,70,71,72,73,74,75,76,77,78,79,80,81,82,83,84,85,86,87,88,89,90,91,92,93,94,95,96"
    schedulingWeights "100;100;100"
    levelsQoS 1
    queueSizes "32"
  ]
  node [
    id 38
    label "38"
    Country "Romania"
    Longitude 21.88917
    Internal 1
    Latitude 45.30083
    type "inner"
    schedulingPolicy "WFQ"
    tosToQoSqueue "0,1,2,3,4,5,6,7,8,9,10,11,12,13,14,15,16,17,18,19,20,21,22,23,24,25,26,27,28,29,30,31,32,33,34,35,36,37,38,39,40,41,42,43,44,45,46,47,48,49,50,51,52,53,54,55,56,57,58,59,60,61,62,63,64,65,66,67,68,69,70,71,72,73,74,75,76,77,78,79,80,81,82,83,84,85,86,87,88,89,90,91,92,93,94,95,96"
    schedulingWeights "100"
    levelsQoS 1
    queueSizes "32"
  ]
  node [
    id 39
    label "39"
    Country "Romania"
    Longitude 22.65611
    Internal 1
    Latitude 44.63194
    type "inner"
    schedulingPolicy "WFQ"
    tosToQoSqueue "0,1,2,3,4,5,6,7,8,9,10,11,12,13,14,15,16,17,18,19,20,21,22,23,24,25,26,27,28,29,30,31,32,33,34,35,36,37,38,39,40,41,42,43,44,45,46,47,48,49,50,51,52,53,54,55,56,57,58,59,60,61,62,63,64,65,66,67,68,69,70,71,72,73,74,75,76,77,78,79,80,81,82,83,84,85,86,87,88,89,90,91,92,93,94,95,96"
    schedulingWeights "100"
    levelsQoS 1
    queueSizes "32"
  ]
  node [
    id 40
    label "40"
    Country "Romania"
    Longitude 22.88333
    Internal 1
    Latitude 47.8
    type "inner"
    schedulingPolicy "WFQ"
    tosToQoSqueue "88;89;86,87;81;90;93;84;83;85,0,1,2,3,4,5,6,7,8,9,10,11,12,13,14,15,16,17,18,19,20,21,22,23,24,25,26,27,28,29,30,31,32,33,34,35,36,37,38,39,40,41,42,43,44,45,46,47,48,49,50,51,52,53,54,55,56,57,58,59,60,61,62,63,64,65,66,67,68,69,70,71,72,73,74,75,76,77,78,79,80,82,91,92,94,95,96"
    schedulingWeights "0.306,0.243,0.587,0.295,0.277,0.286,0.273,0.269,97.465;0.001,0.001,0.001,0.001,0.001,0.001,0.001,0.001,99.992"
    levelsQoS 9
    queueSizes "32,32,32,32,32,32,32,32,32"
  ]
  node [
    id 41
    label "41"
    Country "Romania"
    Longitude 23.56808
    Internal 1
    Latitude 47.65729
    type "inner"
    schedulingPolicy "WFQ"
    tosToQoSqueue "88;89;86,87;81;90;93;84;83;85,0,1,2,3,4,5,6,7,8,9,10,11,12,13,14,15,16,17,18,19,20,21,22,23,24,25,26,27,28,29,30,31,32,33,34,35,36,37,38,39,40,41,42,43,44,45,46,47,48,49,50,51,52,53,54,55,56,57,58,59,60,61,62,63,64,65,66,67,68,69,70,71,72,73,74,75,76,77,78,79,80,82,91,92,94,95,96"
    schedulingWeights "0.306,0.243,0.587,0.295,0.277,0.286,0.273,0.269,97.465;0.001,0.001,0.001,0.001,0.001,0.001,0.001,0.001,99.992"
    levelsQoS 9
    queueSizes "32,32,32,32,32,32,32,32,32"
  ]
  node [
    id 42
    label "42"
    Country "Romania"
    Longitude 23.6
    Internal 1
    Latitude 46.76667
    type "inner"
    schedulingPolicy "WFQ"
    tosToQoSqueue "0,1,2,3,4,5,6,7,8,9,10,11,12,13,14,15,16,17,18,19,20,21,22,23,24,25,26,27,28,29,30,31,32,33,34,35,36,37,38,39,40,41,42,43,44,45,46,47,48,49,50,51,52,53,54,55,56,57,58,59,60,61,62,63,64,65,66,67,68,69,70,71,72,73,74,75,76,77,78,79,80,81,82,83,84,85,86,87,88,89,90,91,92,93,94,95,96"
    schedulingWeights "100;100;100;100;100;100"
    levelsQoS 1
    queueSizes "32"
  ]
  node [
    id 43
    label "43"
    Country "Romania"
    Longitude 23.05
    Internal 1
    Latitude 47.2
    type "inner"
    schedulingPolicy "WFQ"
    tosToQoSqueue "0,1,2,3,4,5,6,7,8,9,10,11,12,13,14,15,16,17,18,19,20,21,22,23,24,25,26,27,28,29,30,31,32,33,34,35,36,37,38,39,40,41,42,43,44,45,46,47,48,49,50,51,52,53,54,55,56,57,58,59,60,61,62,63,64,65,66,67,68,69,70,71,72,73,74,75,76,77,78,79,80,81,82,83,84,85,86,87,88,89,90,91,92,93,94,95,96"
    schedulingWeights "100"
    levelsQoS 1
    queueSizes "32"
  ]
  node [
    id 44
    label "44"
    Country "Romania"
    Longitude 21.93333
    Internal 1
    Latitude 47.06667
    type "inner"
    schedulingPolicy "WFQ"
    tosToQoSqueue "88;89;86,87;81;90;93;84;83;85,0,1,2,3,4,5,6,7,8,9,10,11,12,13,14,15,16,17,18,19,20,21,22,23,24,25,26,27,28,29,30,31,32,33,34,35,36,37,38,39,40,41,42,43,44,45,46,47,48,49,50,51,52,53,54,55,56,57,58,59,60,61,62,63,64,65,66,67,68,69,70,71,72,73,74,75,76,77,78,79,80,82,91,92,94,95,96"
    schedulingWeights "0.306,0.243,0.587,0.295,0.277,0.286,0.273,0.269,97.465;0.001,0.001,0.001,0.001,0.001,0.001,0.001,0.001,99.992;0.001,0.001,0.001,0.001,0.001,0.001,0.001,0.001,99.992"
    levelsQoS 9
    queueSizes "32,32,32,32,32,32,32,32,32"
  ]
  node [
    id 45
    label "45"
    Country "Romania"
    Longitude 21.31667
    Internal 1
    Latitude 46.18333
    type "inner"
    schedulingPolicy "WFQ"
    tosToQoSqueue "88;89;86,87;81;90;93;84;83;85,0,1,2,3,4,5,6,7,8,9,10,11,12,13,14,15,16,17,18,19,20,21,22,23,24,25,26,27,28,29,30,31,32,33,34,35,36,37,38,39,40,41,42,43,44,45,46,47,48,49,50,51,52,53,54,55,56,57,58,59,60,61,62,63,64,65,66,67,68,69,70,71,72,73,74,75,76,77,78,79,80,82,91,92,94,95,96"
    schedulingWeights "0.306,0.243,0.587,0.295,0.277,0.286,0.273,0.269,97.465;0.001,0.001,0.001,0.001,0.001,0.001,0.001,0.001,99.992;0.001,0.001,0.001,0.001,0.001,0.001,0.001,0.001,99.992"
    levelsQoS 9
    queueSizes "32,32,32,32,32,32,32,32,32"
  ]
  node [
    id 46
    label "46"
    Country "Romania"
    Longitude 21.22722
    Internal 1
    Latitude 45.74944
    type "inner"
    schedulingPolicy "WFQ"
    tosToQoSqueue "0,1,2,3,4,5,6,7,8,9,10,11,12,13,14,15,16,17,18,19,20,21,22,23,24,25,26,27,28,29,30,31,32,33,34,35,36,37,38,39,40,41,42,43,44,45,46,47,48,49,50,51,52,53,54,55,56,57,58,59,60,61,62,63,64,65,66,67,68,69,70,71,72,73,74,75,76,77,78,79,80,81,82,83,84,85,86,87,88,89,90,91,92,93,94,95,96"
    schedulingWeights "100;100"
    levelsQoS 1
    queueSizes "32"
  ]
  node [
    id 47
    label "47"
    Country "Romania"
    Longitude 22.9
    Internal 1
    Latitude 45.75
    type "inner"
    schedulingPolicy "WFQ"
    tosToQoSqueue "59;57;55;56;64;62;54;60;58,63;73;88;89;53,86,87;81;90;93;84;83;85;51;61,0,1,2,3,4,5,6,7,8,9,10,11,12,13,14,15,16,17,18,19,20,21,22,23,24,25,26,27,28,29,30,31,32,33,34,35,36,37,38,39,40,41,42,43,44,45,46,47,48,49,50,52,65,66,67,68,69,70,71,72,74,75,76,77,78,79,80,82,91,92,94,95,96"
    schedulingWeights "0.001,0.001,0.001,0.001,0.001,0.001,0.001,0.001,0.001,0.001,0.001,0.001,0.001,0.001,0.001,0.001,0.001,0.001,0.001,0.001,99.98;5.25,4.109,4.679,5.108,4.934,5.273,5.103,4.822,9.076,4.093,0.001,0.001,0.293,0.001,0.001,0.001,0.001,0.001,0.001,21.919,25.332;0.001,0.001,0.001,0.001,0.001,0.001,0.001,0.001,0.001,0.001,0.306,0.243,0.587,0.295,0.277,0.286,0.273,0.269,0.273,0.001,97.181"
    levelsQoS 21
    queueSizes "32,32,32,32,32,32,32,32,32,32,32,32,32,32,32,32,32,32,32,32,32"
  ]
  node [
    id 48
    label "48"
    schedulingPolicy "FIFO"
    levelsQoS "1"
    schedulingWeights "-"
    tosToQoSqueue "0,1,2,3,4,5,6,7,8,9,10,11,12,13,14,15,16,17,18,19,20,21,22,23,24,25,26,27,28,29,30,31,32,33,34,35,36,37,38,39,40,41,42,43,44,45,46,47,48,49,50,51,52,53,54,55,56,57,58,59,60,61,62,63,64,65,66,67,68,69,70,71,72,73,74,75,76,77,78,79,80,81,82,83,84,85,86,87,88,89,90,91,92,93,94,95,96"
    queueSizes "32"
    type "destination_urllc"
  ]
  node [
    id 49
    label "49"
    schedulingPolicy "FIFO"
    levelsQoS "1"
    schedulingWeights "-"
    tosToQoSqueue "0,1,2,3,4,5,6,7,8,9,10,11,12,13,14,15,16,17,18,19,20,21,22,23,24,25,26,27,28,29,30,31,32,33,34,35,36,37,38,39,40,41,42,43,44,45,46,47,48,49,50,51,52,53,54,55,56,57,58,59,60,61,62,63,64,65,66,67,68,69,70,71,72,73,74,75,76,77,78,79,80,81,82,83,84,85,86,87,88,89,90,91,92,93,94,95,96"
    queueSizes "32"
    type "destination_mmtc"
  ]
  node [
    id 50
    label "50"
    schedulingPolicy "FIFO"
    levelsQoS "1"
    schedulingWeights "-"
    tosToQoSqueue "0,1,2,3,4,5,6,7,8,9,10,11,12,13,14,15,16,17,18,19,20,21,22,23,24,25,26,27,28,29,30,31,32,33,34,35,36,37,38,39,40,41,42,43,44,45,46,47,48,49,50,51,52,53,54,55,56,57,58,59,60,61,62,63,64,65,66,67,68,69,70,71,72,73,74,75,76,77,78,79,80,81,82,83,84,85,86,87,88,89,90,91,92,93,94,95,96"
    queueSizes "32"
    type "destination_embb"
  ]
  node [
    id 51
    label "51"
    schedulingPolicy "FIFO"
    levelsQoS "1"
    schedulingWeights "-"
    tosToQoSqueue "0,1,2,3,4,5,6,7,8,9,10,11,12,13,14,15,16,17,18,19,20,21,22,23,24,25,26,27,28,29,30,31,32,33,34,35,36,37,38,39,40,41,42,43,44,45,46,47,48,49,50,51,52,53,54,55,56,57,58,59,60,61,62,63,64,65,66,67,68,69,70,71,72,73,74,75,76,77,78,79,80,81,82,83,84,85,86,87,88,89,90,91,92,93,94,95,96"
    queueSizes "32"
    type "origin_embb"
    reservation 16439400.0
  ]
  node [
    id 52
    label "52"
    schedulingPolicy "FIFO"
    levelsQoS "1"
    schedulingWeights "-"
    tosToQoSqueue "0,1,2,3,4,5,6,7,8,9,10,11,12,13,14,15,16,17,18,19,20,21,22,23,24,25,26,27,28,29,30,31,32,33,34,35,36,37,38,39,40,41,42,43,44,45,46,47,48,49,50,51,52,53,54,55,56,57,58,59,60,61,62,63,64,65,66,67,68,69,70,71,72,73,74,75,76,77,78,79,80,81,82,83,84,85,86,87,88,89,90,91,92,93,94,95,96"
    queueSizes "32"
    type "origin_embb"
    reservation 17033400.0
  ]
  node [
    id 53
    label "53"
    schedulingPolicy "FIFO"
    levelsQoS "1"
    schedulingWeights "-"
    tosToQoSqueue "0,1,2,3,4,5,6,7,8,9,10,11,12,13,14,15,16,17,18,19,20,21,22,23,24,25,26,27,28,29,30,31,32,33,34,35,36,37,38,39,40,41,42,43,44,45,46,47,48,49,50,51,52,53,54,55,56,57,58,59,60,61,62,63,64,65,66,67,68,69,70,71,72,73,74,75,76,77,78,79,80,81,82,83,84,85,86,87,88,89,90,91,92,93,94,95,96"
    queueSizes "32"
    type "origin_mmtc"
    reservation 219980.0
  ]
  node [
    id 54
    label "54"
    schedulingPolicy "FIFO"
    levelsQoS "1"
    schedulingWeights "-"
    tosToQoSqueue "0,1,2,3,4,5,6,7,8,9,10,11,12,13,14,15,16,17,18,19,20,21,22,23,24,25,26,27,28,29,30,31,32,33,34,35,36,37,38,39,40,41,42,43,44,45,46,47,48,49,50,51,52,53,54,55,56,57,58,59,60,61,62,63,64,65,66,67,68,69,70,71,72,73,74,75,76,77,78,79,80,81,82,83,84,85,86,87,88,89,90,91,92,93,94,95,96"
    queueSizes "32"
    type "origin_urllc"
    reservation 3827600.0
  ]
  node [
    id 55
    label "55"
    schedulingPolicy "FIFO"
    levelsQoS "1"
    schedulingWeights "-"
    tosToQoSqueue "0,1,2,3,4,5,6,7,8,9,10,11,12,13,14,15,16,17,18,19,20,21,22,23,24,25,26,27,28,29,30,31,32,33,34,35,36,37,38,39,40,41,42,43,44,45,46,47,48,49,50,51,52,53,54,55,56,57,58,59,60,61,62,63,64,65,66,67,68,69,70,71,72,73,74,75,76,77,78,79,80,81,82,83,84,85,86,87,88,89,90,91,92,93,94,95,96"
    queueSizes "32"
    type "origin_urllc"
    reservation 3509450.0
  ]
  node [
    id 56
    label "56"
    schedulingPolicy "FIFO"
    levelsQoS "1"
    schedulingWeights "-"
    tosToQoSqueue "0,1,2,3,4,5,6,7,8,9,10,11,12,13,14,15,16,17,18,19,20,21,22,23,24,25,26,27,28,29,30,31,32,33,34,35,36,37,38,39,40,41,42,43,44,45,46,47,48,49,50,51,52,53,54,55,56,57,58,59,60,61,62,63,64,65,66,67,68,69,70,71,72,73,74,75,76,77,78,79,80,81,82,83,84,85,86,87,88,89,90,91,92,93,94,95,96"
    queueSizes "32"
    type "origin_urllc"
    reservation 3830750.0
  ]
  node [
    id 57
    label "57"
    schedulingPolicy "FIFO"
    levelsQoS "1"
    schedulingWeights "-"
    tosToQoSqueue "0,1,2,3,4,5,6,7,8,9,10,11,12,13,14,15,16,17,18,19,20,21,22,23,24,25,26,27,28,29,30,31,32,33,34,35,36,37,38,39,40,41,42,43,44,45,46,47,48,49,50,51,52,53,54,55,56,57,58,59,60,61,62,63,64,65,66,67,68,69,70,71,72,73,74,75,76,77,78,79,80,81,82,83,84,85,86,87,88,89,90,91,92,93,94,95,96"
    queueSizes "32"
    type "origin_urllc"
    reservation 3082100.0
  ]
  node [
    id 58
    label "58"
    schedulingPolicy "FIFO"
    levelsQoS "1"
    schedulingWeights "-"
    tosToQoSqueue "0,1,2,3,4,5,6,7,8,9,10,11,12,13,14,15,16,17,18,19,20,21,22,23,24,25,26,27,28,29,30,31,32,33,34,35,36,37,38,39,40,41,42,43,44,45,46,47,48,49,50,51,52,53,54,55,56,57,58,59,60,61,62,63,64,65,66,67,68,69,70,71,72,73,74,75,76,77,78,79,80,81,82,83,84,85,86,87,88,89,90,91,92,93,94,95,96"
    queueSizes "32"
    type "origin_urllc"
    reservation 3403400.0
  ]
  node [
    id 59
    label "59"
    schedulingPolicy "FIFO"
    levelsQoS "1"
    schedulingWeights "-"
    tosToQoSqueue "0,1,2,3,4,5,6,7,8,9,10,11,12,13,14,15,16,17,18,19,20,21,22,23,24,25,26,27,28,29,30,31,32,33,34,35,36,37,38,39,40,41,42,43,44,45,46,47,48,49,50,51,52,53,54,55,56,57,58,59,60,61,62,63,64,65,66,67,68,69,70,71,72,73,74,75,76,77,78,79,80,81,82,83,84,85,86,87,88,89,90,91,92,93,94,95,96"
    queueSizes "32"
    type "origin_urllc"
    reservation 3937850.0
  ]
  node [
    id 60
    label "60"
    schedulingPolicy "FIFO"
    levelsQoS "1"
    schedulingWeights "-"
    tosToQoSqueue "0,1,2,3,4,5,6,7,8,9,10,11,12,13,14,15,16,17,18,19,20,21,22,23,24,25,26,27,28,29,30,31,32,33,34,35,36,37,38,39,40,41,42,43,44,45,46,47,48,49,50,51,52,53,54,55,56,57,58,59,60,61,62,63,64,65,66,67,68,69,70,71,72,73,74,75,76,77,78,79,80,81,82,83,84,85,86,87,88,89,90,91,92,93,94,95,96"
    queueSizes "32"
    type "origin_urllc"
    reservation 3616550.0
  ]
  node [
    id 61
    label "61"
    schedulingPolicy "FIFO"
    levelsQoS "1"
    schedulingWeights "-"
    tosToQoSqueue "0,1,2,3,4,5,6,7,8,9,10,11,12,13,14,15,16,17,18,19,20,21,22,23,24,25,26,27,28,29,30,31,32,33,34,35,36,37,38,39,40,41,42,43,44,45,46,47,48,49,50,51,52,53,54,55,56,57,58,59,60,61,62,63,64,65,66,67,68,69,70,71,72,73,74,75,76,77,78,79,80,81,82,83,84,85,86,87,88,89,90,91,92,93,94,95,96"
    queueSizes "32"
    type "origin_embb"
    reservation 18923400.0
  ]
  node [
    id 62
    label "62"
    schedulingPolicy "FIFO"
    levelsQoS "1"
    schedulingWeights "-"
    tosToQoSqueue "0,1,2,3,4,5,6,7,8,9,10,11,12,13,14,15,16,17,18,19,20,21,22,23,24,25,26,27,28,29,30,31,32,33,34,35,36,37,38,39,40,41,42,43,44,45,46,47,48,49,50,51,52,53,54,55,56,57,58,59,60,61,62,63,64,65,66,67,68,69,70,71,72,73,74,75,76,77,78,79,80,81,82,83,84,85,86,87,88,89,90,91,92,93,94,95,96"
    queueSizes "32"
    type "origin_urllc"
    reservation 3954650.0
  ]
  node [
    id 63
    label "63"
    schedulingPolicy "FIFO"
    levelsQoS "1"
    schedulingWeights "-"
    tosToQoSqueue "0,1,2,3,4,5,6,7,8,9,10,11,12,13,14,15,16,17,18,19,20,21,22,23,24,25,26,27,28,29,30,31,32,33,34,35,36,37,38,39,40,41,42,43,44,45,46,47,48,49,50,51,52,53,54,55,56,57,58,59,60,61,62,63,64,65,66,67,68,69,70,71,72,73,74,75,76,77,78,79,80,81,82,83,84,85,86,87,88,89,90,91,92,93,94,95,96"
    queueSizes "32"
    type "origin_urllc"
    reservation 3403400.0
  ]
  node [
    id 64
    label "64"
    schedulingPolicy "FIFO"
    levelsQoS "1"
    schedulingWeights "-"
    tosToQoSqueue "0,1,2,3,4,5,6,7,8,9,10,11,12,13,14,15,16,17,18,19,20,21,22,23,24,25,26,27,28,29,30,31,32,33,34,35,36,37,38,39,40,41,42,43,44,45,46,47,48,49,50,51,52,53,54,55,56,57,58,59,60,61,62,63,64,65,66,67,68,69,70,71,72,73,74,75,76,77,78,79,80,81,82,83,84,85,86,87,88,89,90,91,92,93,94,95,96"
    queueSizes "32"
    type "origin_urllc"
    reservation 3700550.0
  ]
  node [
    id 65
    label "65"
    schedulingPolicy "FIFO"
    levelsQoS "1"
    schedulingWeights "-"
    tosToQoSqueue "0,1,2,3,4,5,6,7,8,9,10,11,12,13,14,15,16,17,18,19,20,21,22,23,24,25,26,27,28,29,30,31,32,33,34,35,36,37,38,39,40,41,42,43,44,45,46,47,48,49,50,51,52,53,54,55,56,57,58,59,60,61,62,63,64,65,66,67,68,69,70,71,72,73,74,75,76,77,78,79,80,81,82,83,84,85,86,87,88,89,90,91,92,93,94,95,96"
    queueSizes "32"
    type "origin_embb"
    reservation 19015200.0
  ]
  node [
    id 66
    label "66"
    schedulingPolicy "FIFO"
    levelsQoS "1"
    schedulingWeights "-"
    tosToQoSqueue "0,1,2,3,4,5,6,7,8,9,10,11,12,13,14,15,16,17,18,19,20,21,22,23,24,25,26,27,28,29,30,31,32,33,34,35,36,37,38,39,40,41,42,43,44,45,46,47,48,49,50,51,52,53,54,55,56,57,58,59,60,61,62,63,64,65,66,67,68,69,70,71,72,73,74,75,76,77,78,79,80,81,82,83,84,85,86,87,88,89,90,91,92,93,94,95,96"
    queueSizes "32"
    type "origin_urllc"
    reservation 3904250.0
  ]
  node [
    id 67
    label "67"
    schedulingPolicy "FIFO"
    levelsQoS "1"
    schedulingWeights "-"
    tosToQoSqueue "0,1,2,3,4,5,6,7,8,9,10,11,12,13,14,15,16,17,18,19,20,21,22,23,24,25,26,27,28,29,30,31,32,33,34,35,36,37,38,39,40,41,42,43,44,45,46,47,48,49,50,51,52,53,54,55,56,57,58,59,60,61,62,63,64,65,66,67,68,69,70,71,72,73,74,75,76,77,78,79,80,81,82,83,84,85,86,87,88,89,90,91,92,93,94,95,96"
    queueSizes "32"
    type "origin_urllc"
    reservation 3616550.0
  ]
  node [
    id 68
    label "68"
    schedulingPolicy "FIFO"
    levelsQoS "1"
    schedulingWeights "-"
    tosToQoSqueue "0,1,2,3,4,5,6,7,8,9,10,11,12,13,14,15,16,17,18,19,20,21,22,23,24,25,26,27,28,29,30,31,32,33,34,35,36,37,38,39,40,41,42,43,44,45,46,47,48,49,50,51,52,53,54,55,56,57,58,59,60,61,62,63,64,65,66,67,68,69,70,71,72,73,74,75,76,77,78,79,80,81,82,83,84,85,86,87,88,89,90,91,92,93,94,95,96"
    queueSizes "32"
    type "origin_urllc"
    reservation 3616550.0
  ]
  node [
    id 69
    label "69"
    schedulingPolicy "FIFO"
    levelsQoS "1"
    schedulingWeights "-"
    tosToQoSqueue "0,1,2,3,4,5,6,7,8,9,10,11,12,13,14,15,16,17,18,19,20,21,22,23,24,25,26,27,28,29,30,31,32,33,34,35,36,37,38,39,40,41,42,43,44,45,46,47,48,49,50,51,52,53,54,55,56,57,58,59,60,61,62,63,64,65,66,67,68,69,70,71,72,73,74,75,76,77,78,79,80,81,82,83,84,85,86,87,88,89,90,91,92,93,94,95,96"
    queueSizes "32"
    type "origin_urllc"
    reservation 3827600.0
  ]
  node [
    id 70
    label "70"
    schedulingPolicy "FIFO"
    levelsQoS "1"
    schedulingWeights "-"
    tosToQoSqueue "0,1,2,3,4,5,6,7,8,9,10,11,12,13,14,15,16,17,18,19,20,21,22,23,24,25,26,27,28,29,30,31,32,33,34,35,36,37,38,39,40,41,42,43,44,45,46,47,48,49,50,51,52,53,54,55,56,57,58,59,60,61,62,63,64,65,66,67,68,69,70,71,72,73,74,75,76,77,78,79,80,81,82,83,84,85,86,87,88,89,90,91,92,93,94,95,96"
    queueSizes "32"
    type "origin_urllc"
    reservation 3152450.0
  ]
  node [
    id 71
    label "71"
    schedulingPolicy "FIFO"
    levelsQoS "1"
    schedulingWeights "-"
    tosToQoSqueue "0,1,2,3,4,5,6,7,8,9,10,11,12,13,14,15,16,17,18,19,20,21,22,23,24,25,26,27,28,29,30,31,32,33,34,35,36,37,38,39,40,41,42,43,44,45,46,47,48,49,50,51,52,53,54,55,56,57,58,59,60,61,62,63,64,65,66,67,68,69,70,71,72,73,74,75,76,77,78,79,80,81,82,83,84,85,86,87,88,89,90,91,92,93,94,95,96"
    queueSizes "32"
    type "origin_urllc"
    reservation 3937850.0
  ]
  node [
    id 72
    label "72"
    schedulingPolicy "FIFO"
    levelsQoS "1"
    schedulingWeights "-"
    tosToQoSqueue "0,1,2,3,4,5,6,7,8,9,10,11,12,13,14,15,16,17,18,19,20,21,22,23,24,25,26,27,28,29,30,31,32,33,34,35,36,37,38,39,40,41,42,43,44,45,46,47,48,49,50,51,52,53,54,55,56,57,58,59,60,61,62,63,64,65,66,67,68,69,70,71,72,73,74,75,76,77,78,79,80,81,82,83,84,85,86,87,88,89,90,91,92,93,94,95,96"
    queueSizes "32"
    type "origin_urllc"
    reservation 3654350.0
  ]
  node [
    id 73
    label "73"
    schedulingPolicy "FIFO"
    levelsQoS "1"
    schedulingWeights "-"
    tosToQoSqueue "0,1,2,3,4,5,6,7,8,9,10,11,12,13,14,15,16,17,18,19,20,21,22,23,24,25,26,27,28,29,30,31,32,33,34,35,36,37,38,39,40,41,42,43,44,45,46,47,48,49,50,51,52,53,54,55,56,57,58,59,60,61,62,63,64,65,66,67,68,69,70,71,72,73,74,75,76,77,78,79,80,81,82,83,84,85,86,87,88,89,90,91,92,93,94,95,96"
    queueSizes "32"
    type "origin_urllc"
    reservation 3069500.0
  ]
  node [
    id 74
    label "74"
    schedulingPolicy "FIFO"
    levelsQoS "1"
    schedulingWeights "-"
    tosToQoSqueue "0,1,2,3,4,5,6,7,8,9,10,11,12,13,14,15,16,17,18,19,20,21,22,23,24,25,26,27,28,29,30,31,32,33,34,35,36,37,38,39,40,41,42,43,44,45,46,47,48,49,50,51,52,53,54,55,56,57,58,59,60,61,62,63,64,65,66,67,68,69,70,71,72,73,74,75,76,77,78,79,80,81,82,83,84,85,86,87,88,89,90,91,92,93,94,95,96"
    queueSizes "32"
    type "origin_urllc"
    reservation 3700550.0
  ]
  node [
    id 75
    label "75"
    schedulingPolicy "FIFO"
    levelsQoS "1"
    schedulingWeights "-"
    tosToQoSqueue "0,1,2,3,4,5,6,7,8,9,10,11,12,13,14,15,16,17,18,19,20,21,22,23,24,25,26,27,28,29,30,31,32,33,34,35,36,37,38,39,40,41,42,43,44,45,46,47,48,49,50,51,52,53,54,55,56,57,58,59,60,61,62,63,64,65,66,67,68,69,70,71,72,73,74,75,76,77,78,79,80,81,82,83,84,85,86,87,88,89,90,91,92,93,94,95,96"
    queueSizes "32"
    type "origin_urllc"
    reservation 3954650.0
  ]
  node [
    id 76
    label "76"
    schedulingPolicy "FIFO"
    levelsQoS "1"
    schedulingWeights "-"
    tosToQoSqueue "0,1,2,3,4,5,6,7,8,9,10,11,12,13,14,15,16,17,18,19,20,21,22,23,24,25,26,27,28,29,30,31,32,33,34,35,36,37,38,39,40,41,42,43,44,45,46,47,48,49,50,51,52,53,54,55,56,57,58,59,60,61,62,63,64,65,66,67,68,69,70,71,72,73,74,75,76,77,78,79,80,81,82,83,84,85,86,87,88,89,90,91,92,93,94,95,96"
    queueSizes "32"
    type "origin_urllc"
    reservation 3082100.0
  ]
  node [
    id 77
    label "77"
    schedulingPolicy "FIFO"
    levelsQoS "1"
    schedulingWeights "-"
    tosToQoSqueue "0,1,2,3,4,5,6,7,8,9,10,11,12,13,14,15,16,17,18,19,20,21,22,23,24,25,26,27,28,29,30,31,32,33,34,35,36,37,38,39,40,41,42,43,44,45,46,47,48,49,50,51,52,53,54,55,56,57,58,59,60,61,62,63,64,65,66,67,68,69,70,71,72,73,74,75,76,77,78,79,80,81,82,83,84,85,86,87,88,89,90,91,92,93,94,95,96"
    queueSizes "32"
    type "origin_urllc"
    reservation 3293150.0
  ]
  node [
    id 78
    label "78"
    schedulingPolicy "FIFO"
    levelsQoS "1"
    schedulingWeights "-"
    tosToQoSqueue "0,1,2,3,4,5,6,7,8,9,10,11,12,13,14,15,16,17,18,19,20,21,22,23,24,25,26,27,28,29,30,31,32,33,34,35,36,37,38,39,40,41,42,43,44,45,46,47,48,49,50,51,52,53,54,55,56,57,58,59,60,61,62,63,64,65,66,67,68,69,70,71,72,73,74,75,76,77,78,79,80,81,82,83,84,85,86,87,88,89,90,91,92,93,94,95,96"
    queueSizes "32"
    type "origin_urllc"
    reservation 3152450.0
  ]
  node [
    id 79
    label "79"
    schedulingPolicy "FIFO"
    levelsQoS "1"
    schedulingWeights "-"
    tosToQoSqueue "0,1,2,3,4,5,6,7,8,9,10,11,12,13,14,15,16,17,18,19,20,21,22,23,24,25,26,27,28,29,30,31,32,33,34,35,36,37,38,39,40,41,42,43,44,45,46,47,48,49,50,51,52,53,54,55,56,57,58,59,60,61,62,63,64,65,66,67,68,69,70,71,72,73,74,75,76,77,78,79,80,81,82,83,84,85,86,87,88,89,90,91,92,93,94,95,96"
    queueSizes "32"
    type "origin_urllc"
    reservation 3672200.0
  ]
  node [
    id 80
    label "80"
    schedulingPolicy "FIFO"
    levelsQoS "1"
    schedulingWeights "-"
    tosToQoSqueue "0,1,2,3,4,5,6,7,8,9,10,11,12,13,14,15,16,17,18,19,20,21,22,23,24,25,26,27,28,29,30,31,32,33,34,35,36,37,38,39,40,41,42,43,44,45,46,47,48,49,50,51,52,53,54,55,56,57,58,59,60,61,62,63,64,65,66,67,68,69,70,71,72,73,74,75,76,77,78,79,80,81,82,83,84,85,86,87,88,89,90,91,92,93,94,95,96"
    queueSizes "32"
    type "origin_urllc"
    reservation 3467450.0
  ]
  node [
    id 81
    label "81"
    schedulingPolicy "FIFO"
    levelsQoS "1"
    schedulingWeights "-"
    tosToQoSqueue "0,1,2,3,4,5,6,7,8,9,10,11,12,13,14,15,16,17,18,19,20,21,22,23,24,25,26,27,28,29,30,31,32,33,34,35,36,37,38,39,40,41,42,43,44,45,46,47,48,49,50,51,52,53,54,55,56,57,58,59,60,61,62,63,64,65,66,67,68,69,70,71,72,73,74,75,76,77,78,79,80,81,82,83,84,85,86,87,88,89,90,91,92,93,94,95,96"
    queueSizes "32"
    type "origin_mmtc"
    reservation 221240.0
  ]
  node [
    id 82
    label "82"
    schedulingPolicy "FIFO"
    levelsQoS "1"
    schedulingWeights "-"
    tosToQoSqueue "0,1,2,3,4,5,6,7,8,9,10,11,12,13,14,15,16,17,18,19,20,21,22,23,24,25,26,27,28,29,30,31,32,33,34,35,36,37,38,39,40,41,42,43,44,45,46,47,48,49,50,51,52,53,54,55,56,57,58,59,60,61,62,63,64,65,66,67,68,69,70,71,72,73,74,75,76,77,78,79,80,81,82,83,84,85,86,87,88,89,90,91,92,93,94,95,96"
    queueSizes "32"
    type "origin_urllc"
    reservation 4021850.0
  ]
  node [
    id 83
    label "83"
    schedulingPolicy "FIFO"
    levelsQoS "1"
    schedulingWeights "-"
    tosToQoSqueue "0,1,2,3,4,5,6,7,8,9,10,11,12,13,14,15,16,17,18,19,20,21,22,23,24,25,26,27,28,29,30,31,32,33,34,35,36,37,38,39,40,41,42,43,44,45,46,47,48,49,50,51,52,53,54,55,56,57,58,59,60,61,62,63,64,65,66,67,68,69,70,71,72,73,74,75,76,77,78,79,80,81,82,83,84,85,86,87,88,89,90,91,92,93,94,95,96"
    queueSizes "32"
    type "origin_mmtc"
    reservation 201380.0
  ]
  node [
    id 84
    label "84"
    schedulingPolicy "FIFO"
    levelsQoS "1"
    schedulingWeights "-"
    tosToQoSqueue "0,1,2,3,4,5,6,7,8,9,10,11,12,13,14,15,16,17,18,19,20,21,22,23,24,25,26,27,28,29,30,31,32,33,34,35,36,37,38,39,40,41,42,43,44,45,46,47,48,49,50,51,52,53,54,55,56,57,58,59,60,61,62,63,64,65,66,67,68,69,70,71,72,73,74,75,76,77,78,79,80,81,82,83,84,85,86,87,88,89,90,91,92,93,94,95,96"
    queueSizes "32"
    type "origin_mmtc"
    reservation 204680.0
  ]
  node [
    id 85
    label "85"
    schedulingPolicy "FIFO"
    levelsQoS "1"
    schedulingWeights "-"
    tosToQoSqueue "0,1,2,3,4,5,6,7,8,9,10,11,12,13,14,15,16,17,18,19,20,21,22,23,24,25,26,27,28,29,30,31,32,33,34,35,36,37,38,39,40,41,42,43,44,45,46,47,48,49,50,51,52,53,54,55,56,57,58,59,60,61,62,63,64,65,66,67,68,69,70,71,72,73,74,75,76,77,78,79,80,81,82,83,84,85,86,87,88,89,90,91,92,93,94,95,96"
    queueSizes "32"
    type "origin_mmtc"
    reservation 204560.0
  ]
  node [
    id 86
    label "86"
    schedulingPolicy "FIFO"
    levelsQoS "1"
    schedulingWeights "-"
    tosToQoSqueue "0,1,2,3,4,5,6,7,8,9,10,11,12,13,14,15,16,17,18,19,20,21,22,23,24,25,26,27,28,29,30,31,32,33,34,35,36,37,38,39,40,41,42,43,44,45,46,47,48,49,50,51,52,53,54,55,56,57,58,59,60,61,62,63,64,65,66,67,68,69,70,71,72,73,74,75,76,77,78,79,80,81,82,83,84,85,86,87,88,89,90,91,92,93,94,95,96"
    queueSizes "32"
    type "origin_mmtc"
    reservation 219980.0
  ]
  node [
    id 87
    label "87"
    schedulingPolicy "FIFO"
    levelsQoS "1"
    schedulingWeights "-"
    tosToQoSqueue "0,1,2,3,4,5,6,7,8,9,10,11,12,13,14,15,16,17,18,19,20,21,22,23,24,25,26,27,28,29,30,31,32,33,34,35,36,37,38,39,40,41,42,43,44,45,46,47,48,49,50,51,52,53,54,55,56,57,58,59,60,61,62,63,64,65,66,67,68,69,70,71,72,73,74,75,76,77,78,79,80,81,82,83,84,85,86,87,88,89,90,91,92,93,94,95,96"
    queueSizes "32"
    type "origin_mmtc"
    reservation 219980.0
  ]
  node [
    id 88
    label "88"
    schedulingPolicy "FIFO"
    levelsQoS "1"
    schedulingWeights "-"
    tosToQoSqueue "0,1,2,3,4,5,6,7,8,9,10,11,12,13,14,15,16,17,18,19,20,21,22,23,24,25,26,27,28,29,30,31,32,33,34,35,36,37,38,39,40,41,42,43,44,45,46,47,48,49,50,51,52,53,54,55,56,57,58,59,60,61,62,63,64,65,66,67,68,69,70,71,72,73,74,75,76,77,78,79,80,81,82,83,84,85,86,87,88,89,90,91,92,93,94,95,96"
    queueSizes "32"
    type "origin_mmtc"
    reservation 229280.0
  ]
  node [
    id 89
    label "89"
    schedulingPolicy "FIFO"
    levelsQoS "1"
    schedulingWeights "-"
    tosToQoSqueue "0,1,2,3,4,5,6,7,8,9,10,11,12,13,14,15,16,17,18,19,20,21,22,23,24,25,26,27,28,29,30,31,32,33,34,35,36,37,38,39,40,41,42,43,44,45,46,47,48,49,50,51,52,53,54,55,56,57,58,59,60,61,62,63,64,65,66,67,68,69,70,71,72,73,74,75,76,77,78,79,80,81,82,83,84,85,86,87,88,89,90,91,92,93,94,95,96"
    queueSizes "32"
    type "origin_mmtc"
    reservation 182420.0
  ]
  node [
    id 90
    label "90"
    schedulingPolicy "FIFO"
    levelsQoS "1"
    schedulingWeights "-"
    tosToQoSqueue "0,1,2,3,4,5,6,7,8,9,10,11,12,13,14,15,16,17,18,19,20,21,22,23,24,25,26,27,28,29,30,31,32,33,34,35,36,37,38,39,40,41,42,43,44,45,46,47,48,49,50,51,52,53,54,55,56,57,58,59,60,61,62,63,64,65,66,67,68,69,70,71,72,73,74,75,76,77,78,79,80,81,82,83,84,85,86,87,88,89,90,91,92,93,94,95,96"
    queueSizes "32"
    type "origin_mmtc"
    reservation 207800.0
  ]
  node [
    id 91
    label "91"
    schedulingPolicy "FIFO"
    levelsQoS "1"
    schedulingWeights "-"
    tosToQoSqueue "0,1,2,3,4,5,6,7,8,9,10,11,12,13,14,15,16,17,18,19,20,21,22,23,24,25,26,27,28,29,30,31,32,33,34,35,36,37,38,39,40,41,42,43,44,45,46,47,48,49,50,51,52,53,54,55,56,57,58,59,60,61,62,63,64,65,66,67,68,69,70,71,72,73,74,75,76,77,78,79,80,81,82,83,84,85,86,87,88,89,90,91,92,93,94,95,96"
    queueSizes "32"
    type "origin_urllc"
    reservation 3937850.0
  ]
  node [
    id 92
    label "92"
    schedulingPolicy "FIFO"
    levelsQoS "1"
    schedulingWeights "-"
    tosToQoSqueue "0,1,2,3,4,5,6,7,8,9,10,11,12,13,14,15,16,17,18,19,20,21,22,23,24,25,26,27,28,29,30,31,32,33,34,35,36,37,38,39,40,41,42,43,44,45,46,47,48,49,50,51,52,53,54,55,56,57,58,59,60,61,62,63,64,65,66,67,68,69,70,71,72,73,74,75,76,77,78,79,80,81,82,83,84,85,86,87,88,89,90,91,92,93,94,95,96"
    queueSizes "32"
    type "origin_urllc"
    reservation 3827600.0
  ]
  node [
    id 93
    label "93"
    schedulingPolicy "FIFO"
    levelsQoS "1"
    schedulingWeights "-"
    tosToQoSqueue "0,1,2,3,4,5,6,7,8,9,10,11,12,13,14,15,16,17,18,19,20,21,22,23,24,25,26,27,28,29,30,31,32,33,34,35,36,37,38,39,40,41,42,43,44,45,46,47,48,49,50,51,52,53,54,55,56,57,58,59,60,61,62,63,64,65,66,67,68,69,70,71,72,73,74,75,76,77,78,79,80,81,82,83,84,85,86,87,88,89,90,91,92,93,94,95,96"
    queueSizes "32"
    type "origin_mmtc"
    reservation 214460.0
  ]
  node [
    id 94
    label "94"
    schedulingPolicy "FIFO"
    levelsQoS "1"
    schedulingWeights "-"
    tosToQoSqueue "0,1,2,3,4,5,6,7,8,9,10,11,12,13,14,15,16,17,18,19,20,21,22,23,24,25,26,27,28,29,30,31,32,33,34,35,36,37,38,39,40,41,42,43,44,45,46,47,48,49,50,51,52,53,54,55,56,57,58,59,60,61,62,63,64,65,66,67,68,69,70,71,72,73,74,75,76,77,78,79,80,81,82,83,84,85,86,87,88,89,90,91,92,93,94,95,96"
    queueSizes "32"
    type "origin_urllc"
    reservation 3935750.0
  ]
  node [
    id 95
    label "95"
    schedulingPolicy "FIFO"
    levelsQoS "1"
    schedulingWeights "-"
    tosToQoSqueue "0,1,2,3,4,5,6,7,8,9,10,11,12,13,14,15,16,17,18,19,20,21,22,23,24,25,26,27,28,29,30,31,32,33,34,35,36,37,38,39,40,41,42,43,44,45,46,47,48,49,50,51,52,53,54,55,56,57,58,59,60,61,62,63,64,65,66,67,68,69,70,71,72,73,74,75,76,77,78,79,80,81,82,83,84,85,86,87,88,89,90,91,92,93,94,95,96"
    queueSizes "32"
    type "origin_urllc"
    reservation 3931550.0
  ]
  node [
    id 96
    label "96"
    schedulingPolicy "FIFO"
    levelsQoS "1"
    schedulingWeights "-"
    tosToQoSqueue "0,1,2,3,4,5,6,7,8,9,10,11,12,13,14,15,16,17,18,19,20,21,22,23,24,25,26,27,28,29,30,31,32,33,34,35,36,37,38,39,40,41,42,43,44,45,46,47,48,49,50,51,52,53,54,55,56,57,58,59,60,61,62,63,64,65,66,67,68,69,70,71,72,73,74,75,76,77,78,79,80,81,82,83,84,85,86,87,88,89,90,91,92,93,94,95,96"
    queueSizes "32"
    type "origin_urllc"
    reservation 3069500.0
  ]
  edge [
    source 0
    target 1
    key 0
    LinkLabel "Blue Dashed"
    bandwidth 75000000
    traffic ""
    reservation ""
    port 0
  ]
  edge [
    source 0
    target 2
    key 0
    id "e16"
    bandwidth 75000000
    traffic "18000000,200000,3500000,3500000,3500000,3500000,3500000,3500000,3500000,18000000,3500000,3500000,3500000,3500000"
    reservation "16439400.0,219980.0,3827600.0,3509450.0,3830750.0,3082100.0,3403400.0,3937850.0,3616550.0,18923400.0,3954650.0,3403400.0,3700550.0,3069500.0"
    port 1
  ]
  edge [
    source 0
    target 3
    key 0
    LinkLabel "Blue Dashed"
    bandwidth 75000000
    traffic ""
    reservation ""
    port 2
  ]
  edge [
    source 0
    target 4
    key 0
    id "e18"
    bandwidth 75000000
    traffic "18000000,3500000,3500000,3500000,3500000,3500000,3500000,3500000,3500000,3500000,3500000,3500000,3500000,3500000,3500000,200000,3500000,200000,200000,200000,200000,200000,200000,200000,200000"
    reservation "19015200.0,3904250.0,3616550.0,3616550.0,3827600.0,3152450.0,3937850.0,3654350.0,3700550.0,3954650.0,3082100.0,3293150.0,3152450.0,3672200.0,3467450.0,221240.0,4021850.0,201380.0,204680.0,204560.0,219980.0,219980.0,229280.0,182420.0,207800.0"
    port 3
  ]
  edge [
    source 0
    target 39
    key 0
    id "e15"
    bandwidth 75000000
    traffic ""
    reservation ""
    port 4
  ]
  edge [
    source 0
    target 51
    key 0
    port 5
    weight 1
    bandwidth 50000000
    traffic ""
    reservation ""
  ]
  edge [
    source 0
    target 53
    key 0
    port 6
    weight 1
    bandwidth 50000000
    traffic ""
    reservation ""
  ]
  edge [
    source 0
    target 54
    key 0
    port 7
    weight 1
    bandwidth 50000000
    traffic ""
    reservation ""
  ]
  edge [
    source 0
    target 55
    key 0
    port 8
    weight 1
    bandwidth 50000000
    traffic ""
    reservation ""
  ]
  edge [
    source 0
    target 56
    key 0
    port 9
    weight 1
    bandwidth 50000000
    traffic ""
    reservation ""
  ]
  edge [
    source 0
    target 57
    key 0
    port 10
    weight 1
    bandwidth 50000000
    traffic ""
    reservation ""
  ]
  edge [
    source 0
    target 58
    key 0
    port 11
    weight 1
    bandwidth 50000000
    traffic ""
    reservation ""
  ]
  edge [
    source 0
    target 59
    key 0
    port 12
    weight 1
    bandwidth 50000000
    traffic ""
    reservation ""
  ]
  edge [
    source 0
    target 60
    key 0
    port 13
    weight 1
    bandwidth 50000000
    traffic ""
    reservation ""
  ]
  edge [
    source 0
    target 61
    key 0
    port 14
    weight 1
    bandwidth 50000000
    traffic ""
    reservation ""
  ]
  edge [
    source 0
    target 62
    key 0
    port 15
    weight 1
    bandwidth 50000000
    traffic ""
    reservation ""
  ]
  edge [
    source 0
    target 63
    key 0
    port 16
    weight 1
    bandwidth 50000000
    traffic ""
    reservation ""
  ]
  edge [
    source 0
    target 64
    key 0
    port 17
    weight 1
    bandwidth 50000000
    traffic ""
    reservation ""
  ]
  edge [
    source 0
    target 65
    key 0
    port 18
    weight 1
    bandwidth 50000000
    traffic ""
    reservation ""
  ]
  edge [
    source 0
    target 66
    key 0
    port 19
    weight 1
    bandwidth 50000000
    traffic ""
    reservation ""
  ]
  edge [
    source 0
    target 67
    key 0
    port 20
    weight 1
    bandwidth 50000000
    traffic ""
    reservation ""
  ]
  edge [
    source 0
    target 68
    key 0
    port 21
    weight 1
    bandwidth 50000000
    traffic ""
    reservation ""
  ]
  edge [
    source 0
    target 69
    key 0
    port 22
    weight 1
    bandwidth 50000000
    traffic ""
    reservation ""
  ]
  edge [
    source 0
    target 70
    key 0
    port 23
    weight 1
    bandwidth 50000000
    traffic ""
    reservation ""
  ]
  edge [
    source 0
    target 71
    key 0
    port 24
    weight 1
    bandwidth 50000000
    traffic ""
    reservation ""
  ]
  edge [
    source 0
    target 72
    key 0
    port 25
    weight 1
    bandwidth 50000000
    traffic ""
    reservation ""
  ]
  edge [
    source 0
    target 73
    key 0
    port 26
    weight 1
    bandwidth 50000000
    traffic ""
    reservation ""
  ]
  edge [
    source 0
    target 74
    key 0
    port 27
    weight 1
    bandwidth 50000000
    traffic ""
    reservation ""
  ]
  edge [
    source 0
    target 75
    key 0
    port 28
    weight 1
    bandwidth 50000000
    traffic ""
    reservation ""
  ]
  edge [
    source 0
    target 76
    key 0
    port 29
    weight 1
    bandwidth 50000000
    traffic ""
    reservation ""
  ]
  edge [
    source 0
    target 77
    key 0
    port 30
    weight 1
    bandwidth 50000000
    traffic ""
    reservation ""
  ]
  edge [
    source 0
    target 78
    key 0
    port 31
    weight 1
    bandwidth 50000000
    traffic ""
    reservation ""
  ]
  edge [
    source 0
    target 79
    key 0
    port 32
    weight 1
    bandwidth 50000000
    traffic ""
    reservation ""
  ]
  edge [
    source 0
    target 80
    key 0
    port 33
    weight 1
    bandwidth 50000000
    traffic ""
    reservation ""
  ]
  edge [
    source 0
    target 81
    key 0
    port 34
    weight 1
    bandwidth 50000000
    traffic ""
    reservation ""
  ]
  edge [
    source 0
    target 82
    key 0
    port 35
    weight 1
    bandwidth 50000000
    traffic ""
    reservation ""
  ]
  edge [
    source 0
    target 83
    key 0
    port 36
    weight 1
    bandwidth 50000000
    traffic ""
    reservation ""
  ]
  edge [
    source 0
    target 84
    key 0
    port 37
    weight 1
    bandwidth 50000000
    traffic ""
    reservation ""
  ]
  edge [
    source 0
    target 85
    key 0
    port 38
    weight 1
    bandwidth 50000000
    traffic ""
    reservation ""
  ]
  edge [
    source 0
    target 86
    key 0
    port 39
    weight 1
    bandwidth 50000000
    traffic ""
    reservation ""
  ]
  edge [
    source 0
    target 87
    key 0
    port 40
    weight 1
    bandwidth 50000000
    traffic ""
    reservation ""
  ]
  edge [
    source 0
    target 88
    key 0
    port 41
    weight 1
    bandwidth 50000000
    traffic ""
    reservation ""
  ]
  edge [
    source 0
    target 89
    key 0
    port 42
    weight 1
    bandwidth 50000000
    traffic ""
    reservation ""
  ]
  edge [
    source 0
    target 90
    key 0
    port 43
    weight 1
    bandwidth 50000000
    traffic ""
    reservation ""
  ]
  edge [
    source 1
    target 0
    key 0
    LinkLabel "Blue Dashed"
    bandwidth 75000000
    traffic ""
    reservation ""
    port 0
  ]
  edge [
    source 2
    target 0
    key 0
    id "e16"
    bandwidth 75000000
    traffic ""
    reservation ""
    port 0
  ]
  edge [
    source 2
    target 47
    key 0
    id "e13"
    bandwidth 75000000
    traffic "18000000,200000,3500000,3500000,3500000,3500000,3500000,3500000,3500000,18000000,3500000,3500000,3500000,3500000"
    reservation "16439400.0,219980.0,3827600.0,3509450.0,3830750.0,3082100.0,3403400.0,3937850.0,3616550.0,18923400.0,3954650.0,3403400.0,3700550.0,3069500.0"
    port 1
  ]
  edge [
    source 3
    target 0
    key 0
    LinkLabel "Blue Dashed"
    bandwidth 75000000
    traffic ""
    reservation ""
    port 0
  ]
  edge [
    source 4
    target 0
    key 0
    id "e18"
    bandwidth 75000000
    traffic ""
    reservation ""
    port 0
  ]
  edge [
    source 4
    target 6
    key 0
    LinkLabel "Blue Dashed"
    bandwidth 75000000
    traffic ""
    reservation ""
    port 1
  ]
  edge [
    source 4
    target 7
    key 0
    id "e21"
    bandwidth 75000000
    traffic "18000000,18000000,18000000,18000000"
    reservation "16439400.0,17033400.0,18923400.0,19015200.0"
    port 2
  ]
  edge [
    source 4
    target 16
    key 0
    id "e22"
    bandwidth 75000000
    traffic "3500000,3500000,3500000,3500000,3500000,3500000,3500000,3500000,3500000,3500000,3500000,3500000,3500000,3500000,200000,3500000,200000,200000,200000,200000,200000,200000,200000,200000,3500000,3500000,200000,3500000,3500000,3500000"
    reservation "3904250.0,3616550.0,3616550.0,3827600.0,3152450.0,3937850.0,3654350.0,3700550.0,3954650.0,3082100.0,3293150.0,3152450.0,3672200.0,3467450.0,221240.0,4021850.0,201380.0,204680.0,204560.0,219980.0,219980.0,229280.0,182420.0,207800.0,3937850.0,3827600.0,214460.0,3935750.0,3931550.0,3069500.0"
    port 3
  ]
  edge [
    source 4
    target 26
    key 0
    id "e24"
    bandwidth 75000000
    traffic ""
    reservation ""
    port 4
  ]
  edge [
    source 4
    target 27
    key 0
    id "e23"
    bandwidth 75000000
    traffic ""
    reservation ""
    port 5
  ]
  edge [
    source 5
    target 27
    key 0
    id "e25"
    bandwidth 75000000
    traffic ""
    reservation ""
    port 0
  ]
  edge [
    source 6
    target 4
    key 0
    LinkLabel "Blue Dashed"
    bandwidth 75000000
    traffic ""
    reservation ""
    port 0
  ]
  edge [
    source 7
    target 4
    key 0
    id "e21"
    bandwidth 75000000
    traffic ""
    reservation ""
    port 0
  ]
  edge [
    source 7
    target 50
    key 0
    port 1
    weight 1
    bandwidth 350000000
    traffic "18000000,18000000,18000000,18000000"
    reservation "16439400.0,17033400.0,18923400.0,19015200.0"
  ]
  edge [
    source 8
    target 27
    key 0
    id "e26"
    bandwidth 75000000
    traffic "18000000,3500000,3500000,200000,3500000,3500000,3500000"
    reservation "17033400.0,3937850.0,3827600.0,214460.0,3935750.0,3931550.0,3069500.0"
    port 0
  ]
  edge [
    source 8
    target 52
    key 0
    port 1
    weight 1
    bandwidth 50000000
    traffic ""
    reservation ""
  ]
  edge [
    source 8
    target 91
    key 0
    port 2
    weight 1
    bandwidth 50000000
    traffic ""
    reservation ""
  ]
  edge [
    source 8
    target 92
    key 0
    port 3
    weight 1
    bandwidth 50000000
    traffic ""
    reservation ""
  ]
  edge [
    source 8
    target 93
    key 0
    port 4
    weight 1
    bandwidth 50000000
    traffic ""
    reservation ""
  ]
  edge [
    source 8
    target 94
    key 0
    port 5
    weight 1
    bandwidth 50000000
    traffic ""
    reservation ""
  ]
  edge [
    source 8
    target 95
    key 0
    port 6
    weight 1
    bandwidth 50000000
    traffic ""
    reservation ""
  ]
  edge [
    source 8
    target 96
    key 0
    port 7
    weight 1
    bandwidth 50000000
    traffic ""
    reservation ""
  ]
  edge [
    source 9
    target 27
    key 0
    id "e27"
    bandwidth 75000000
    traffic ""
    reservation ""
    port 0
  ]
  edge [
    source 10
    target 11
    key 0
    id "e49"
    bandwidth 75000000
    traffic ""
    reservation ""
    port 0
  ]
  edge [
    source 11
    target 10
    key 0
    id "e49"
    bandwidth 75000000
    traffic ""
    reservation ""
    port 0
  ]
  edge [
    source 11
    target 13
    key 0
    id "e41"
    bandwidth 75000000
    traffic ""
    reservation ""
    port 1
  ]
  edge [
    source 12
    target 25
    key 0
    id "e38"
    bandwidth 75000000
    traffic "18000000,200000,18000000"
    reservation "16439400.0,219980.0,18923400.0"
    port 0
  ]
  edge [
    source 12
    target 47
    key 0
    id "e14"
    bandwidth 75000000
    traffic "200000,200000,200000,200000,200000,200000,200000,200000,200000,200000"
    reservation "221240.0,201380.0,204680.0,204560.0,219980.0,219980.0,229280.0,182420.0,207800.0,214460.0"
    port 1
  ]
  edge [
    source 12
    target 48
    key 0
    port 2
    weight 1
    bandwidth 350000000
    traffic "3500000,3500000,3500000,3500000,3500000,3500000,3500000,3500000,3500000,3500000,3500000,3500000,3500000,3500000,3500000,3500000,3500000,3500000,3500000,3500000,3500000,3500000,3500000,3500000,3500000,3500000,3500000,3500000,3500000,3500000,3500000"
    reservation "3827600.0,3509450.0,3830750.0,3082100.0,3403400.0,3937850.0,3616550.0,3954650.0,3403400.0,3700550.0,3904250.0,3616550.0,3616550.0,3827600.0,3152450.0,3937850.0,3654350.0,3069500.0,3700550.0,3954650.0,3082100.0,3293150.0,3152450.0,3672200.0,3467450.0,4021850.0,3937850.0,3827600.0,3935750.0,3931550.0,3069500.0"
  ]
  edge [
    source 13
    target 11
    key 0
    id "e41"
    bandwidth 75000000
    traffic ""
    reservation ""
    port 0
  ]
  edge [
    source 13
    target 24
    key 0
    id "e40"
    bandwidth 75000000
    traffic "3500000,3500000,3500000,3500000,3500000,3500000,3500000,3500000,3500000,3500000,3500000,3500000,3500000,3500000,200000,3500000,200000,200000,200000,200000,200000,200000,200000,200000,3500000,3500000,200000,3500000,3500000,3500000"
    reservation "3904250.0,3616550.0,3616550.0,3827600.0,3152450.0,3937850.0,3654350.0,3700550.0,3954650.0,3082100.0,3293150.0,3152450.0,3672200.0,3467450.0,221240.0,4021850.0,201380.0,204680.0,204560.0,219980.0,219980.0,229280.0,182420.0,207800.0,3937850.0,3827600.0,214460.0,3935750.0,3931550.0,3069500.0"
    port 1
  ]
  edge [
    source 13
    target 16
    key 0
    id "e39"
    bandwidth 75000000
    traffic ""
    reservation ""
    port 2
  ]
  edge [
    source 14
    target 21
    key 0
    id "e42"
    bandwidth 75000000
    traffic ""
    reservation ""
    port 0
  ]
  edge [
    source 14
    target 15
    key 0
    id "e43"
    bandwidth 75000000
    traffic "18000000,200000,18000000"
    reservation "16439400.0,219980.0,18923400.0"
    port 1
  ]
  edge [
    source 15
    target 14
    key 0
    id "e43"
    bandwidth 75000000
    traffic ""
    reservation ""
    port 0
  ]
  edge [
    source 15
    target 16
    key 0
    id "e44"
    bandwidth 75000000
    traffic "18000000,200000,18000000"
    reservation "16439400.0,219980.0,18923400.0"
    port 1
  ]
  edge [
    source 16
    target 4
    key 0
    id "e22"
    bandwidth 75000000
    traffic "18000000,18000000"
    reservation "16439400.0,18923400.0"
    port 0
  ]
  edge [
    source 16
    target 13
    key 0
    id "e39"
    bandwidth 75000000
    traffic "3500000,3500000,3500000,3500000,3500000,3500000,3500000,3500000,3500000,3500000,3500000,3500000,3500000,3500000,200000,3500000,200000,200000,200000,200000,200000,200000,200000,200000,3500000,3500000,200000,3500000,3500000,3500000"
    reservation "3904250.0,3616550.0,3616550.0,3827600.0,3152450.0,3937850.0,3654350.0,3700550.0,3954650.0,3082100.0,3293150.0,3152450.0,3672200.0,3467450.0,221240.0,4021850.0,201380.0,204680.0,204560.0,219980.0,219980.0,229280.0,182420.0,207800.0,3937850.0,3827600.0,214460.0,3935750.0,3931550.0,3069500.0"
    port 1
  ]
  edge [
    source 16
    target 15
    key 0
    id "e44"
    bandwidth 75000000
    traffic ""
    reservation ""
    port 2
  ]
  edge [
    source 16
    target 17
    key 0
    id "e45"
    bandwidth 75000000
    traffic "200000"
    reservation "219980.0"
    port 3
  ]
  edge [
    source 17
    target 16
    key 0
    id "e45"
    bandwidth 75000000
    traffic ""
    reservation ""
    port 0
  ]
  edge [
    source 17
    target 18
    key 0
    id "e46"
    bandwidth 75000000
    traffic "200000"
    reservation "219980.0"
    port 1
  ]
  edge [
    source 18
    target 17
    key 0
    id "e46"
    bandwidth 75000000
    traffic ""
    reservation ""
    port 0
  ]
  edge [
    source 18
    target 19
    key 0
    id "e47"
    bandwidth 75000000
    traffic "200000"
    reservation "219980.0"
    port 1
  ]
  edge [
    source 19
    target 18
    key 0
    id "e47"
    bandwidth 75000000
    traffic ""
    reservation ""
    port 0
  ]
  edge [
    source 19
    target 23
    key 0
    id "e48"
    bandwidth 75000000
    traffic "200000"
    reservation "219980.0"
    port 1
  ]
  edge [
    source 20
    target 37
    key 0
    id "e33"
    bandwidth 75000000
    traffic ""
    reservation ""
    port 0
  ]
  edge [
    source 21
    target 14
    key 0
    id "e42"
    bandwidth 75000000
    traffic "18000000,200000,18000000"
    reservation "16439400.0,219980.0,18923400.0"
    port 0
  ]
  edge [
    source 21
    target 25
    key 0
    id "e50"
    bandwidth 75000000
    traffic ""
    reservation ""
    port 1
  ]
  edge [
    source 22
    target 41
    key 0
    id "e2"
    bandwidth 75000000
    traffic ""
    reservation ""
    port 0
  ]
  edge [
    source 22
    target 42
    key 0
    id "e5"
    bandwidth 75000000
    traffic ""
    reservation ""
    port 1
  ]
  edge [
    source 22
    target 35
    key 0
    id "e37"
    bandwidth 75000000
    traffic ""
    reservation ""
    port 2
  ]
  edge [
    source 22
    target 49
    key 0
    port 3
    weight 1
    bandwidth 350000000
    traffic "200000,200000,200000,200000,200000,200000,200000,200000,200000,200000,200000"
    reservation "219980.0,221240.0,201380.0,204680.0,204560.0,219980.0,219980.0,229280.0,182420.0,207800.0,214460.0"
  ]
  edge [
    source 23
    target 19
    key 0
    id "e48"
    bandwidth 75000000
    traffic ""
    reservation ""
    port 0
  ]
  edge [
    source 23
    target 35
    key 0
    id "e36"
    bandwidth 75000000
    traffic "200000"
    reservation "219980.0"
    port 1
  ]
  edge [
    source 23
    target 36
    key 0
    id "e35"
    bandwidth 75000000
    traffic ""
    reservation ""
    port 2
  ]
  edge [
    source 24
    target 13
    key 0
    id "e40"
    bandwidth 75000000
    traffic ""
    reservation ""
    port 0
  ]
  edge [
    source 24
    target 25
    key 0
    id "e51"
    bandwidth 75000000
    traffic "3500000,3500000,3500000,3500000,3500000,3500000,3500000,3500000,3500000,3500000,3500000,3500000,3500000,3500000,200000,3500000,200000,200000,200000,200000,200000,200000,200000,200000,3500000,3500000,200000,3500000,3500000,3500000"
    reservation "3904250.0,3616550.0,3616550.0,3827600.0,3152450.0,3937850.0,3654350.0,3700550.0,3954650.0,3082100.0,3293150.0,3152450.0,3672200.0,3467450.0,221240.0,4021850.0,201380.0,204680.0,204560.0,219980.0,219980.0,229280.0,182420.0,207800.0,3937850.0,3827600.0,214460.0,3935750.0,3931550.0,3069500.0"
    port 1
  ]
  edge [
    source 25
    target 12
    key 0
    id "e38"
    bandwidth 75000000
    traffic "3500000,3500000,3500000,3500000,3500000,3500000,3500000,3500000,3500000,3500000,3500000,3500000,3500000,3500000,200000,3500000,200000,200000,200000,200000,200000,200000,200000,200000,3500000,3500000,200000,3500000,3500000,3500000"
    reservation "3904250.0,3616550.0,3616550.0,3827600.0,3152450.0,3937850.0,3654350.0,3700550.0,3954650.0,3082100.0,3293150.0,3152450.0,3672200.0,3467450.0,221240.0,4021850.0,201380.0,204680.0,204560.0,219980.0,219980.0,229280.0,182420.0,207800.0,3937850.0,3827600.0,214460.0,3935750.0,3931550.0,3069500.0"
    port 0
  ]
  edge [
    source 25
    target 21
    key 0
    id "e50"
    bandwidth 75000000
    traffic "18000000,200000,18000000"
    reservation "16439400.0,219980.0,18923400.0"
    port 1
  ]
  edge [
    source 25
    target 24
    key 0
    id "e51"
    bandwidth 75000000
    traffic ""
    reservation ""
    port 2
  ]
  edge [
    source 25
    target 42
    key 0
    id "e6"
    bandwidth 75000000
    traffic ""
    reservation ""
    port 3
  ]
  edge [
    source 26
    target 4
    key 0
    id "e24"
    bandwidth 75000000
    traffic ""
    reservation ""
    port 0
  ]
  edge [
    source 27
    target 4
    key 0
    id "e23"
    bandwidth 75000000
    traffic "18000000,3500000,3500000,200000,3500000,3500000,3500000"
    reservation "17033400.0,3937850.0,3827600.0,214460.0,3935750.0,3931550.0,3069500.0"
    port 0
  ]
  edge [
    source 27
    target 5
    key 0
    id "e25"
    bandwidth 75000000
    traffic ""
    reservation ""
    port 1
  ]
  edge [
    source 27
    target 8
    key 0
    id "e26"
    bandwidth 75000000
    traffic ""
    reservation ""
    port 2
  ]
  edge [
    source 27
    target 9
    key 0
    id "e27"
    bandwidth 75000000
    traffic ""
    reservation ""
    port 3
  ]
  edge [
    source 27
    target 33
    key 0
    id "e28"
    bandwidth 75000000
    traffic ""
    reservation ""
    port 4
  ]
  edge [
    source 28
    target 42
    key 0
    id "e8"
    bandwidth 75000000
    traffic ""
    reservation ""
    port 0
  ]
  edge [
    source 29
    target 42
    key 0
    LinkLabel "Blue Dashed"
    bandwidth 75000000
    traffic ""
    reservation ""
    port 0
  ]
  edge [
    source 30
    target 37
    key 0
    id "e32"
    bandwidth 75000000
    traffic ""
    reservation ""
    port 0
  ]
  edge [
    source 30
    target 31
    key 0
    id "e31"
    bandwidth 75000000
    traffic ""
    reservation ""
    port 1
  ]
  edge [
    source 31
    target 30
    key 0
    id "e31"
    bandwidth 75000000
    traffic ""
    reservation ""
    port 0
  ]
  edge [
    source 31
    target 32
    key 0
    LinkLabel "Blue Dashed"
    bandwidth 75000000
    traffic ""
    reservation ""
    port 1
  ]
  edge [
    source 31
    target 33
    key 0
    id "e29"
    bandwidth 75000000
    traffic ""
    reservation ""
    port 2
  ]
  edge [
    source 32
    target 31
    key 0
    LinkLabel "Blue Dashed"
    bandwidth 75000000
    traffic ""
    reservation ""
    port 0
  ]
  edge [
    source 33
    target 27
    key 0
    id "e28"
    bandwidth 75000000
    traffic ""
    reservation ""
    port 0
  ]
  edge [
    source 33
    target 31
    key 0
    id "e29"
    bandwidth 75000000
    traffic ""
    reservation ""
    port 1
  ]
  edge [
    source 34
    target 37
    key 0
    LinkLabel "Blue Dashed"
    bandwidth 75000000
    traffic ""
    reservation ""
    port 0
  ]
  edge [
    source 35
    target 22
    key 0
    id "e37"
    bandwidth 75000000
    traffic "200000"
    reservation "219980.0"
    port 0
  ]
  edge [
    source 35
    target 23
    key 0
    id "e36"
    bandwidth 75000000
    traffic ""
    reservation ""
    port 1
  ]
  edge [
    source 36
    target 23
    key 0
    id "e35"
    bandwidth 75000000
    traffic ""
    reservation ""
    port 0
  ]
  edge [
    source 37
    target 20
    key 0
    id "e33"
    bandwidth 75000000
    traffic ""
    reservation ""
    port 0
  ]
  edge [
    source 37
    target 30
    key 0
    id "e32"
    bandwidth 75000000
    traffic ""
    reservation ""
    port 1
  ]
  edge [
    source 37
    target 34
    key 0
    LinkLabel "Blue Dashed"
    bandwidth 75000000
    traffic ""
    reservation ""
    port 2
  ]
  edge [
    source 38
    target 46
    key 0
    id "e12"
    bandwidth 75000000
    traffic ""
    reservation ""
    port 0
  ]
  edge [
    source 39
    target 0
    key 0
    id "e15"
    bandwidth 75000000
    traffic ""
    reservation ""
    port 0
  ]
  edge [
    source 40
    target 41
    key 0
    id "e0"
    bandwidth 75000000
    traffic "200000,200000,200000,200000,200000,200000,200000,200000,200000,200000"
    reservation "221240.0,201380.0,204680.0,204560.0,219980.0,219980.0,229280.0,182420.0,207800.0,214460.0"
    port 0
  ]
  edge [
    source 40
    target 44
    key 0
    id "e1"
    bandwidth 75000000
    traffic ""
    reservation ""
    port 1
  ]
  edge [
    source 41
    target 22
    key 0
    id "e2"
    bandwidth 75000000
    traffic "200000,200000,200000,200000,200000,200000,200000,200000,200000,200000"
    reservation "221240.0,201380.0,204680.0,204560.0,219980.0,219980.0,229280.0,182420.0,207800.0,214460.0"
    port 0
  ]
  edge [
    source 41
    target 40
    key 0
    id "e0"
    bandwidth 75000000
    traffic ""
    reservation ""
    port 1
  ]
  edge [
    source 42
    target 22
    key 0
    id "e5"
    bandwidth 75000000
    traffic ""
    reservation ""
    port 0
  ]
  edge [
    source 42
    target 25
    key 0
    id "e6"
    bandwidth 75000000
    traffic ""
    reservation ""
    port 1
  ]
  edge [
    source 42
    target 28
    key 0
    id "e8"
    bandwidth 75000000
    traffic ""
    reservation ""
    port 2
  ]
  edge [
    source 42
    target 29
    key 0
    LinkLabel "Blue Dashed"
    bandwidth 75000000
    traffic ""
    reservation ""
    port 3
  ]
  edge [
    source 42
    target 43
    key 0
    LinkLabel "Blue Dashed"
    bandwidth 75000000
    traffic ""
    reservation ""
    port 4
  ]
  edge [
    source 42
    target 44
    key 0
    id "e4"
    bandwidth 75000000
    traffic ""
    reservation ""
    port 5
  ]
  edge [
    source 43
    target 42
    key 0
    LinkLabel "Blue Dashed"
    bandwidth 75000000
    traffic ""
    reservation ""
    port 0
  ]
  edge [
    source 44
    target 40
    key 0
    id "e1"
    bandwidth 75000000
    traffic "200000,200000,200000,200000,200000,200000,200000,200000,200000,200000"
    reservation "221240.0,201380.0,204680.0,204560.0,219980.0,219980.0,229280.0,182420.0,207800.0,214460.0"
    port 0
  ]
  edge [
    source 44
    target 42
    key 0
    id "e4"
    bandwidth 75000000
    traffic ""
    reservation ""
    port 1
  ]
  edge [
    source 44
    target 45
    key 0
    id "e9"
    bandwidth 75000000
    traffic ""
    reservation ""
    port 2
  ]
  edge [
    source 45
    target 44
    key 0
    id "e9"
    bandwidth 75000000
    traffic "200000,200000,200000,200000,200000,200000,200000,200000,200000,200000"
    reservation "221240.0,201380.0,204680.0,204560.0,219980.0,219980.0,229280.0,182420.0,207800.0,214460.0"
    port 0
  ]
  edge [
    source 45
    target 46
    key 0
    id "e10"
    bandwidth 75000000
    traffic ""
    reservation ""
    port 1
  ]
  edge [
    source 45
    target 47
    key 0
    id "e11"
    bandwidth 75000000
    traffic ""
    reservation ""
    port 2
  ]
  edge [
    source 46
    target 38
    key 0
    id "e12"
    bandwidth 75000000
    traffic ""
    reservation ""
    port 0
  ]
  edge [
    source 46
    target 45
    key 0
    id "e10"
    bandwidth 75000000
    traffic ""
    reservation ""
    port 1
  ]
  edge [
    source 47
    target 2
    key 0
    id "e13"
    bandwidth 75000000
    traffic ""
    reservation ""
    port 0
  ]
  edge [
    source 47
    target 12
    key 0
    id "e14"
    bandwidth 75000000
    traffic "18000000,200000,3500000,3500000,3500000,3500000,3500000,3500000,3500000,18000000,3500000,3500000,3500000,3500000"
    reservation "16439400.0,219980.0,3827600.0,3509450.0,3830750.0,3082100.0,3403400.0,3937850.0,3616550.0,18923400.0,3954650.0,3403400.0,3700550.0,3069500.0"
    port 1
  ]
  edge [
    source 47
    target 45
    key 0
    id "e11"
    bandwidth 75000000
    traffic "200000,200000,200000,200000,200000,200000,200000,200000,200000,200000"
    reservation "221240.0,201380.0,204680.0,204560.0,219980.0,219980.0,229280.0,182420.0,207800.0,214460.0"
    port 2
  ]
  edge [
    source 48
    target 12
    key 0
    port 0
    weight 1
    bandwidth 350000000
    traffic ""
    reservation ""
  ]
  edge [
    source 49
    target 22
    key 0
    port 0
    weight 1
    bandwidth 350000000
    traffic ""
    reservation ""
  ]
  edge [
    source 50
    target 7
    key 0
    port 0
    weight 1
    bandwidth 350000000
    traffic ""
    reservation ""
  ]
  edge [
    source 51
    target 0
    key 0
    port 0
    weight 1
    bandwidth 50000000
    traffic "18000000"
    reservation "16439400.0"
  ]
  edge [
    source 52
    target 8
    key 0
    port 0
    weight 1
    bandwidth 50000000
    traffic "18000000"
    reservation "17033400.0"
  ]
  edge [
    source 53
    target 0
    key 0
    port 0
    weight 1
    bandwidth 50000000
    traffic "200000"
    reservation "219980.0"
  ]
  edge [
    source 54
    target 0
    key 0
    port 0
    weight 1
    bandwidth 50000000
    traffic "3500000"
    reservation "3827600.0"
  ]
  edge [
    source 55
    target 0
    key 0
    port 0
    weight 1
    bandwidth 50000000
    traffic "3500000"
    reservation "3509450.0"
  ]
  edge [
    source 56
    target 0
    key 0
    port 0
    weight 1
    bandwidth 50000000
    traffic "3500000"
    reservation "3830750.0"
  ]
  edge [
    source 57
    target 0
    key 0
    port 0
    weight 1
    bandwidth 50000000
    traffic "3500000"
    reservation "3082100.0"
  ]
  edge [
    source 58
    target 0
    key 0
    port 0
    weight 1
    bandwidth 50000000
    traffic "3500000"
    reservation "3403400.0"
  ]
  edge [
    source 59
    target 0
    key 0
    port 0
    weight 1
    bandwidth 50000000
    traffic "3500000"
    reservation "3937850.0"
  ]
  edge [
    source 60
    target 0
    key 0
    port 0
    weight 1
    bandwidth 50000000
    traffic "3500000"
    reservation "3616550.0"
  ]
  edge [
    source 61
    target 0
    key 0
    port 0
    weight 1
    bandwidth 50000000
    traffic "18000000"
    reservation "18923400.0"
  ]
  edge [
    source 62
    target 0
    key 0
    port 0
    weight 1
    bandwidth 50000000
    traffic "3500000"
    reservation "3954650.0"
  ]
  edge [
    source 63
    target 0
    key 0
    port 0
    weight 1
    bandwidth 50000000
    traffic "3500000"
    reservation "3403400.0"
  ]
  edge [
    source 64
    target 0
    key 0
    port 0
    weight 1
    bandwidth 50000000
    traffic "3500000"
    reservation "3700550.0"
  ]
  edge [
    source 65
    target 0
    key 0
    port 0
    weight 1
    bandwidth 50000000
    traffic "18000000"
    reservation "19015200.0"
  ]
  edge [
    source 66
    target 0
    key 0
    port 0
    weight 1
    bandwidth 50000000
    traffic "3500000"
    reservation "3904250.0"
  ]
  edge [
    source 67
    target 0
    key 0
    port 0
    weight 1
    bandwidth 50000000
    traffic "3500000"
    reservation "3616550.0"
  ]
  edge [
    source 68
    target 0
    key 0
    port 0
    weight 1
    bandwidth 50000000
    traffic "3500000"
    reservation "3616550.0"
  ]
  edge [
    source 69
    target 0
    key 0
    port 0
    weight 1
    bandwidth 50000000
    traffic "3500000"
    reservation "3827600.0"
  ]
  edge [
    source 70
    target 0
    key 0
    port 0
    weight 1
    bandwidth 50000000
    traffic "3500000"
    reservation "3152450.0"
  ]
  edge [
    source 71
    target 0
    key 0
    port 0
    weight 1
    bandwidth 50000000
    traffic "3500000"
    reservation "3937850.0"
  ]
  edge [
    source 72
    target 0
    key 0
    port 0
    weight 1
    bandwidth 50000000
    traffic "3500000"
    reservation "3654350.0"
  ]
  edge [
    source 73
    target 0
    key 0
    port 0
    weight 1
    bandwidth 50000000
    traffic "3500000"
    reservation "3069500.0"
  ]
  edge [
    source 74
    target 0
    key 0
    port 0
    weight 1
    bandwidth 50000000
    traffic "3500000"
    reservation "3700550.0"
  ]
  edge [
    source 75
    target 0
    key 0
    port 0
    weight 1
    bandwidth 50000000
    traffic "3500000"
    reservation "3954650.0"
  ]
  edge [
    source 76
    target 0
    key 0
    port 0
    weight 1
    bandwidth 50000000
    traffic "3500000"
    reservation "3082100.0"
  ]
  edge [
    source 77
    target 0
    key 0
    port 0
    weight 1
    bandwidth 50000000
    traffic "3500000"
    reservation "3293150.0"
  ]
  edge [
    source 78
    target 0
    key 0
    port 0
    weight 1
    bandwidth 50000000
    traffic "3500000"
    reservation "3152450.0"
  ]
  edge [
    source 79
    target 0
    key 0
    port 0
    weight 1
    bandwidth 50000000
    traffic "3500000"
    reservation "3672200.0"
  ]
  edge [
    source 80
    target 0
    key 0
    port 0
    weight 1
    bandwidth 50000000
    traffic "3500000"
    reservation "3467450.0"
  ]
  edge [
    source 81
    target 0
    key 0
    port 0
    weight 1
    bandwidth 50000000
    traffic "200000"
    reservation "221240.0"
  ]
  edge [
    source 82
    target 0
    key 0
    port 0
    weight 1
    bandwidth 50000000
    traffic "3500000"
    reservation "4021850.0"
  ]
  edge [
    source 83
    target 0
    key 0
    port 0
    weight 1
    bandwidth 50000000
    traffic "200000"
    reservation "201380.0"
  ]
  edge [
    source 84
    target 0
    key 0
    port 0
    weight 1
    bandwidth 50000000
    traffic "200000"
    reservation "204680.0"
  ]
  edge [
    source 85
    target 0
    key 0
    port 0
    weight 1
    bandwidth 50000000
    traffic "200000"
    reservation "204560.0"
  ]
  edge [
    source 86
    target 0
    key 0
    port 0
    weight 1
    bandwidth 50000000
    traffic "200000"
    reservation "219980.0"
  ]
  edge [
    source 87
    target 0
    key 0
    port 0
    weight 1
    bandwidth 50000000
    traffic "200000"
    reservation "219980.0"
  ]
  edge [
    source 88
    target 0
    key 0
    port 0
    weight 1
    bandwidth 50000000
    traffic "200000"
    reservation "229280.0"
  ]
  edge [
    source 89
    target 0
    key 0
    port 0
    weight 1
    bandwidth 50000000
    traffic "200000"
    reservation "182420.0"
  ]
  edge [
    source 90
    target 0
    key 0
    port 0
    weight 1
    bandwidth 50000000
    traffic "200000"
    reservation "207800.0"
  ]
  edge [
    source 91
    target 8
    key 0
    port 0
    weight 1
    bandwidth 50000000
    traffic "3500000"
    reservation "3937850.0"
  ]
  edge [
    source 92
    target 8
    key 0
    port 0
    weight 1
    bandwidth 50000000
    traffic "3500000"
    reservation "3827600.0"
  ]
  edge [
    source 93
    target 8
    key 0
    port 0
    weight 1
    bandwidth 50000000
    traffic "200000"
    reservation "214460.0"
  ]
  edge [
    source 94
    target 8
    key 0
    port 0
    weight 1
    bandwidth 50000000
    traffic "3500000"
    reservation "3935750.0"
  ]
  edge [
    source 95
    target 8
    key 0
    port 0
    weight 1
    bandwidth 50000000
    traffic "3500000"
    reservation "3931550.0"
  ]
  edge [
    source 96
    target 8
    key 0
    port 0
    weight 1
    bandwidth 50000000
    traffic "3500000"
    reservation "3069500.0"
  ]
]
