graph [
  directed 1
  multigraph 1
  GeoLocation "Australia"
  GeoExtent "Country"
  Network "AARNET"
  Provenance "Primary"
  Access 0
  Source "http://www.aarnet.edu.au/aarnet3.aspx"
  Version "1.0"
  Type "REN"
  DateType "Current"
  Backbone 1
  Commercial 0
  label "Aarnet"
  ToolsetVersion "0.3.34dev-20120328"
  Customer 0
  IX 0
  SourceGitVersion "e278b1b"
  DateModifier "="
  DateMonth "08"
  LastAccess "3/08/10"
  Layer "IP"
  Creator "Topology Zoo Toolset"
  Developed 1
  Transit 0
  NetworkDate "2010_08"
  DateYear "2010"
  LastProcessed "2011_09_01"
  Testbed 0
  levelsToS 75
  node [
    id 0
    label "0"
    Country "Australia"
    Longitude 151.20732
    Internal 1
    Latitude -33.86785
    type "destination_mmtc"
    schedulingPolicy "FIFO"
    levelsQoS "1"
    schedulingWeights "-"
    tosToQoSqueue "0,1,2,3,4,5,6,7,8,9,10,11,12,13,14,15,16,17,18,19,20,21,22,23,24,25,26,27,28,29,30,31,32,33,34,35,36,37,38,39,40,41,42,43,44,45,46,47,48,49,50,51,52,53,54,55,56,57,58,59,60,61,62,63,64,65,66,67,68,69,70,71,72,73,74"
    queueSizes "32"
  ]
  node [
    id 1
    label "1"
    Country "Australia"
    Longitude 153.02809
    Internal 1
    Latitude -27.46794
    type "destination_urllc"
    schedulingPolicy "FIFO"
    levelsQoS "1"
    schedulingWeights "-"
    tosToQoSqueue "0,1,2,3,4,5,6,7,8,9,10,11,12,13,14,15,16,17,18,19,20,21,22,23,24,25,26,27,28,29,30,31,32,33,34,35,36,37,38,39,40,41,42,43,44,45,46,47,48,49,50,51,52,53,54,55,56,57,58,59,60,61,62,63,64,65,66,67,68,69,70,71,72,73,74"
    queueSizes "32"
  ]
  node [
    id 2
    label "2"
    Country "Australia"
    Longitude 149.12807
    Internal 1
    Latitude -35.28346
    type "antenna"
    schedulingPolicy "WFQ"
    tosToQoSqueue "38;40;25;27;30,33,34;26;41;39;31,36;52,53,55,56;51,58;46,49,57,60;47,48,50,59;54;23;24;22,0,1,2,3,4,5,6,7,8,9,10,11,12,13,14,15,16,17,18,19,20,21,28,29,32,35,37,42,43,44,45,61,62,63,64,65,66,67,68,69,70,71,72,73,74"
    schedulingWeights "0.001,7.214,0.001,0.001,0.001,0.001,7.317,7.802,0.001,1.699,0.911,1.545,1.416,0.426,0.001,35.676,35.987;6.483,0.001,6.912,7.466,22.109,6.769,0.001,0.001,15.138,0.001,0.001,0.001,0.001,0.001,32.846,0.001,2.267;0.001,0.001,0.001,0.001,0.001,0.001,0.001,0.001,0.001,0.001,0.001,0.001,0.001,0.001,0.001,0.001,99.984"
    levelsQoS 17
    queueSizes "32,32,32,32,32,32,32,32,32,32,32,32,32,32,32,32,32"
  ]
  node [
    id 3
    label "3"
    Country "Australia"
    Longitude 151.20732
    Internal 1
    Latitude -33.86785
    type "inner"
    schedulingPolicy "WFQ"
    tosToQoSqueue "38;40;42;43;25;27;30,33,34,44;26;41,45;39;31,36;65,67,73;64,70;72;63,66,68,71;61,62,69,74;24;22,0,1,2,3,4,5,6,7,8,9,10,11,12,13,14,15,16,17,18,19,20,21,23,28,29,32,35,37,46,47,48,49,50,51,52,53,54,55,56,57,58,59,60"
    schedulingWeights "0.001,0.001,6.964,7.754,0.001,0.001,7.37,0.001,7.317,0.001,0.001,1.274,0.911,0.386,1.416,1.702,0.001,64.898;6.483,7.214,0.001,0.001,6.912,7.466,22.109,6.769,7.317,7.802,15.138,0.001,0.001,0.001,0.001,0.001,0.001,12.781;0.001,0.001,0.001,0.001,0.001,0.001,0.001,0.001,0.001,0.001,0.001,0.001,0.001,0.001,0.001,0.001,0.001,99.983;0.001,0.001,0.001,0.001,0.001,0.001,0.001,0.001,0.001,0.001,0.001,0.001,0.001,0.001,0.001,0.001,35.676,64.308"
    levelsQoS 18
    queueSizes "32,32,32,32,32,32,32,32,32,32,32,32,32,32,32,32,32,32"
  ]
  node [
    id 4
    label "4"
    Country "Australia"
    Longitude 146.8
    Internal 1
    Latitude -19.25
    type "inner"
    schedulingPolicy "WFQ"
    tosToQoSqueue "38;25;27;30,33,34;26;31,36;35;29,32;28;37;23,0,1,2,3,4,5,6,7,8,9,10,11,12,13,14,15,16,17,18,19,20,21,22,24,39,40,41,42,43,44,45,46,47,48,49,50,51,52,53,54,55,56,57,58,59,60,61,62,63,64,65,66,67,68,69,70,71,72,73,74"
    schedulingWeights "0.001,0.001,0.001,0.001,0.001,0.001,0.001,0.001,0.001,0.001,99.99;6.483,6.912,7.466,22.109,6.769,15.138,0.425,0.911,0.386,0.426,32.975"
    levelsQoS 11
    queueSizes "32,32,32,32,32,32,32,32,32,32,32"
  ]
  node [
    id 5
    label "5"
    Country "Australia"
    Longitude 145.76667
    Internal 1
    Latitude -16.91667
    type "antenna"
    schedulingPolicy "WFQ"
    tosToQoSqueue "38;25;27;30,33,34;26;31,36;35;29,32;28;37;23,0,1,2,3,4,5,6,7,8,9,10,11,12,13,14,15,16,17,18,19,20,21,22,24,39,40,41,42,43,44,45,46,47,48,49,50,51,52,53,54,55,56,57,58,59,60,61,62,63,64,65,66,67,68,69,70,71,72,73,74"
    schedulingWeights "6.483,6.912,7.466,22.109,6.769,15.138,0.425,0.911,0.386,0.426,32.975;0.001,0.001,0.001,0.001,0.001,0.001,0.001,0.001,0.001,0.001,99.99;0.001,0.001,0.001,0.001,0.001,0.001,0.001,0.001,0.001,0.001,99.99;0.001,0.001,0.001,0.001,0.001,0.001,0.001,0.001,0.001,0.001,99.99;0.001,0.001,0.001,0.001,0.001,0.001,0.001,0.001,0.001,0.001,99.99;0.001,0.001,0.001,0.001,0.001,0.001,0.001,0.001,0.001,0.001,99.99;0.001,0.001,0.001,0.001,0.001,0.001,0.001,0.001,0.001,0.001,99.99;0.001,0.001,0.001,0.001,0.001,0.001,0.001,0.001,0.001,0.001,99.99;0.001,0.001,0.001,0.001,0.001,0.001,0.001,0.001,0.001,0.001,99.99;0.001,0.001,0.001,0.001,0.001,0.001,0.001,0.001,0.001,0.001,99.99;0.001,0.001,0.001,0.001,0.001,0.001,0.001,0.001,0.001,0.001,99.99;0.001,0.001,0.001,0.001,0.001,0.001,0.001,0.001,0.001,0.001,99.99;0.001,0.001,0.001,0.001,0.001,0.001,0.001,0.001,0.001,0.001,99.99;0.001,0.001,0.001,0.001,0.001,0.001,0.001,0.001,0.001,0.001,99.99;0.001,0.001,0.001,0.001,0.001,0.001,0.001,0.001,0.001,0.001,99.99;0.001,0.001,0.001,0.001,0.001,0.001,0.001,0.001,0.001,0.001,99.99"
    levelsQoS 11
    queueSizes "32,32,32,32,32,32,32,32,32,32,32"
  ]
  node [
    id 6
    label "6"
    Country "Australia"
    Longitude 153.02809
    Internal 1
    Latitude -27.46794
    type "inner"
    schedulingPolicy "WFQ"
    tosToQoSqueue "38;42;43;25;27;30,33,34,44;26;45;31,36;35;29,32;28;37;23,0,1,2,3,4,5,6,7,8,9,10,11,12,13,14,15,16,17,18,19,20,21,22,24,39,40,41,46,47,48,49,50,51,52,53,54,55,56,57,58,59,60,61,62,63,64,65,66,67,68,69,70,71,72,73,74"
    schedulingWeights "6.483,0.001,0.001,6.912,7.466,22.109,6.769,0.001,15.138,0.425,0.911,0.386,0.426,32.972;0.001,6.964,7.754,0.001,0.001,7.37,0.001,7.317,0.001,0.001,0.001,0.001,0.001,70.586;0.001,0.001,0.001,0.001,0.001,0.001,0.001,0.001,0.001,0.001,0.001,0.001,0.001,99.987"
    levelsQoS 14
    queueSizes "32,32,32,32,32,32,32,32,32,32,32,32,32,32"
  ]
  node [
    id 7
    label "7"
    Country "Australia"
    Longitude 150.5
    Internal 1
    Latitude -23.38333
    type "inner"
    schedulingPolicy "WFQ"
    tosToQoSqueue "38;25;27;30,33,34;26;31,36;35;29,32;28;37;23,0,1,2,3,4,5,6,7,8,9,10,11,12,13,14,15,16,17,18,19,20,21,22,24,39,40,41,42,43,44,45,46,47,48,49,50,51,52,53,54,55,56,57,58,59,60,61,62,63,64,65,66,67,68,69,70,71,72,73,74"
    schedulingWeights "0.001,0.001,0.001,0.001,0.001,0.001,0.001,0.001,0.001,0.001,99.99;6.483,6.912,7.466,22.109,6.769,15.138,0.425,0.911,0.386,0.426,32.975"
    levelsQoS 11
    queueSizes "32,32,32,32,32,32,32,32,32,32,32"
  ]
  node [
    id 8
    label "8"
    Country "Australia"
    Longitude 151.65
    Internal 1
    Latitude -30.51667
    type "inner"
    schedulingPolicy "WFQ"
    tosToQoSqueue "0,1,2,3,4,5,6,7,8,9,10,11,12,13,14,15,16,17,18,19,20,21,22,23,24,25,26,27,28,29,30,31,32,33,34,35,36,37,38,39,40,41,42,43,44,45,46,47,48,49,50,51,52,53,54,55,56,57,58,59,60,61,62,63,64,65,66,67,68,69,70,71,72,73,74"
    schedulingWeights "100"
    levelsQoS 1
    queueSizes "32"
  ]
  node [
    id 9
    label "9"
    Country "Australia"
    Longitude 147.32941
    Internal 1
    Latitude -42.87936
    type "destination_embb"
    schedulingPolicy "FIFO"
    levelsQoS "1"
    schedulingWeights "-"
    tosToQoSqueue "0,1,2,3,4,5,6,7,8,9,10,11,12,13,14,15,16,17,18,19,20,21,22,23,24,25,26,27,28,29,30,31,32,33,34,35,36,37,38,39,40,41,42,43,44,45,46,47,48,49,50,51,52,53,54,55,56,57,58,59,60,61,62,63,64,65,66,67,68,69,70,71,72,73,74"
    queueSizes "32"
  ]
  node [
    id 10
    label "10"
    Country "Australia"
    Longitude 149.12807
    Internal 1
    Latitude -35.28346
    type "inner"
    schedulingPolicy "WFQ"
    tosToQoSqueue "38;40;25;27;30,33,34;26;41;39;31,36;52,53,55,56;51,58;46,49,57,60;47,48,50,59;54;23;24;22,0,1,2,3,4,5,6,7,8,9,10,11,12,13,14,15,16,17,18,19,20,21,28,29,32,35,37,42,43,44,45,61,62,63,64,65,66,67,68,69,70,71,72,73,74"
    schedulingWeights "0.001,7.214,0.001,0.001,0.001,0.001,7.317,7.802,0.001,1.699,0.911,1.545,1.416,0.426,0.001,35.676,35.987;6.483,0.001,6.912,7.466,22.109,6.769,0.001,0.001,15.138,0.001,0.001,0.001,0.001,0.001,32.846,0.001,2.267"
    levelsQoS 17
    queueSizes "32,32,32,32,32,32,32,32,32,32,32,32,32,32,32,32,32"
  ]
  node [
    id 11
    label "11"
    Country "Australia"
    Longitude 115.83333
    Internal 1
    Latitude -31.93333
    type "inner"
    schedulingPolicy "WFQ"
    tosToQoSqueue "42;43;44;45;67,73;70;72;66,68,71;69,74,0,1,2,3,4,5,6,7,8,9,10,11,12,13,14,15,16,17,18,19,20,21,22,23,24,25,26,27,28,29,30,31,32,33,34,35,36,37,38,39,40,41,46,47,48,49,50,51,52,53,54,55,56,57,58,59,60,61,62,63,64,65"
    schedulingWeights "6.964,7.754,7.37,7.317,0.849,0.455,0.386,1.062,67.842;0.001,0.001,0.001,0.001,0.001,0.001,0.001,0.001,99.992"
    levelsQoS 9
    queueSizes "32,32,32,32,32,32,32,32,32"
  ]
  node [
    id 12
    label "12"
    Country "Australia"
    Longitude 115.83333
    Internal 1
    Latitude -31.93333
    type "inner"
    schedulingPolicy "WFQ"
    tosToQoSqueue "42;43;44;45;67,73;70;72;66,68,71;69,74,0,1,2,3,4,5,6,7,8,9,10,11,12,13,14,15,16,17,18,19,20,21,22,23,24,25,26,27,28,29,30,31,32,33,34,35,36,37,38,39,40,41,46,47,48,49,50,51,52,53,54,55,56,57,58,59,60,61,62,63,64,65"
    schedulingWeights "0.001,0.001,0.001,0.001,0.001,0.001,0.001,0.001,99.992;6.964,7.754,7.37,7.317,0.849,0.455,0.386,1.062,67.842"
    levelsQoS 9
    queueSizes "32,32,32,32,32,32,32,32,32"
  ]
  node [
    id 13
    label "13"
    Country "Australia"
    Longitude 138.6
    Internal 1
    Latitude -34.93333
    type "inner"
    schedulingPolicy "WFQ"
    tosToQoSqueue "42;43;44;45;67,73;70;72;66,68,71;69,74,0,1,2,3,4,5,6,7,8,9,10,11,12,13,14,15,16,17,18,19,20,21,22,23,24,25,26,27,28,29,30,31,32,33,34,35,36,37,38,39,40,41,46,47,48,49,50,51,52,53,54,55,56,57,58,59,60,61,62,63,64,65"
    schedulingWeights "6.964,7.754,7.37,7.317,0.849,0.455,0.386,1.062,67.842;0.001,0.001,0.001,0.001,0.001,0.001,0.001,0.001,99.992;0.001,0.001,0.001,0.001,0.001,0.001,0.001,0.001,99.992;0.001,0.001,0.001,0.001,0.001,0.001,0.001,0.001,99.992"
    levelsQoS 9
    queueSizes "32,32,32,32,32,32,32,32,32"
  ]
  node [
    id 14
    label "14"
    Country "Australia"
    Longitude 138.6
    Internal 1
    Latitude -34.93333
    type "inner"
    schedulingPolicy "WFQ"
    tosToQoSqueue "42;43;44;45;67,73;70;72;66,68,71;69,74,0,1,2,3,4,5,6,7,8,9,10,11,12,13,14,15,16,17,18,19,20,21,22,23,24,25,26,27,28,29,30,31,32,33,34,35,36,37,38,39,40,41,46,47,48,49,50,51,52,53,54,55,56,57,58,59,60,61,62,63,64,65"
    schedulingWeights "0.001,0.001,0.001,0.001,0.001,0.001,0.001,0.001,99.992;0.001,0.001,0.001,0.001,0.001,0.001,0.001,0.001,99.992;6.964,7.754,7.37,7.317,0.849,0.455,0.386,1.062,67.842;0.001,0.001,0.001,0.001,0.001,0.001,0.001,0.001,99.992"
    levelsQoS 9
    queueSizes "32,32,32,32,32,32,32,32,32"
  ]
  node [
    id 15
    label "15"
    Country "Australia"
    Longitude 144.96332
    Internal 1
    Latitude -37.814
    type "antenna"
    schedulingPolicy "WFQ"
    tosToQoSqueue "38;40;42;43;25;27;30,33,34,44;26;41,45;39;31,36;52,53,55,56,65,67,73;51,58,64,70;46,49,57,60,72;47,48,50,59,63,66,68,71;54,61,62,69,74;23;22,0,1,2,3,4,5,6,7,8,9,10,11,12,13,14,15,16,17,18,19,20,21,24,28,29,32,35,37"
    schedulingWeights "0.001,7.214,0.001,0.001,0.001,0.001,0.001,0.001,7.317,7.802,0.001,1.699,0.911,1.545,1.416,0.426,0.001,71.661;6.483,0.001,0.001,0.001,6.912,7.466,22.109,6.769,0.001,0.001,15.138,0.425,0.455,0.001,0.354,0.851,32.846,0.185;0.001,0.001,6.964,7.754,0.001,0.001,7.37,0.001,7.317,0.001,0.001,0.849,0.455,0.386,1.062,0.851,0.001,66.983;0.001,0.001,0.001,0.001,0.001,0.001,0.001,0.001,0.001,0.001,0.001,0.001,0.001,0.001,0.001,0.001,0.001,99.983;0.001,0.001,0.001,0.001,0.001,0.001,0.001,0.001,0.001,0.001,0.001,0.001,0.001,0.001,0.001,0.001,0.001,99.983;0.001,0.001,0.001,0.001,0.001,0.001,0.001,0.001,0.001,0.001,0.001,0.001,0.001,0.001,0.001,0.001,0.001,99.983;0.001,0.001,0.001,0.001,0.001,0.001,0.001,0.001,0.001,0.001,0.001,0.001,0.001,0.001,0.001,0.001,0.001,99.983;0.001,0.001,0.001,0.001,0.001,0.001,0.001,0.001,0.001,0.001,0.001,0.001,0.001,0.001,0.001,0.001,0.001,99.983;0.001,0.001,0.001,0.001,0.001,0.001,0.001,0.001,0.001,0.001,0.001,0.001,0.001,0.001,0.001,0.001,0.001,99.983;0.001,0.001,0.001,0.001,0.001,0.001,0.001,0.001,0.001,0.001,0.001,0.001,0.001,0.001,0.001,0.001,0.001,99.983;0.001,0.001,0.001,0.001,0.001,0.001,0.001,0.001,0.001,0.001,0.001,0.001,0.001,0.001,0.001,0.001,0.001,99.983;0.001,0.001,0.001,0.001,0.001,0.001,0.001,0.001,0.001,0.001,0.001,0.001,0.001,0.001,0.001,0.001,0.001,99.983;0.001,0.001,0.001,0.001,0.001,0.001,0.001,0.001,0.001,0.001,0.001,0.001,0.001,0.001,0.001,0.001,0.001,99.983;0.001,0.001,0.001,0.001,0.001,0.001,0.001,0.001,0.001,0.001,0.001,0.001,0.001,0.001,0.001,0.001,0.001,99.983;0.001,0.001,0.001,0.001,0.001,0.001,0.001,0.001,0.001,0.001,0.001,0.001,0.001,0.001,0.001,0.001,0.001,99.983;0.001,0.001,0.001,0.001,0.001,0.001,0.001,0.001,0.001,0.001,0.001,0.001,0.001,0.001,0.001,0.001,0.001,99.983;0.001,0.001,0.001,0.001,0.001,0.001,0.001,0.001,0.001,0.001,0.001,0.001,0.001,0.001,0.001,0.001,0.001,99.983;0.001,0.001,0.001,0.001,0.001,0.001,0.001,0.001,0.001,0.001,0.001,0.001,0.001,0.001,0.001,0.001,0.001,99.983;0.001,0.001,0.001,0.001,0.001,0.001,0.001,0.001,0.001,0.001,0.001,0.001,0.001,0.001,0.001,0.001,0.001,99.983;0.001,0.001,0.001,0.001,0.001,0.001,0.001,0.001,0.001,0.001,0.001,0.001,0.001,0.001,0.001,0.001,0.001,99.983;0.001,0.001,0.001,0.001,0.001,0.001,0.001,0.001,0.001,0.001,0.001,0.001,0.001,0.001,0.001,0.001,0.001,99.983;0.001,0.001,0.001,0.001,0.001,0.001,0.001,0.001,0.001,0.001,0.001,0.001,0.001,0.001,0.001,0.001,0.001,99.983;0.001,0.001,0.001,0.001,0.001,0.001,0.001,0.001,0.001,0.001,0.001,0.001,0.001,0.001,0.001,0.001,0.001,99.983;0.001,0.001,0.001,0.001,0.001,0.001,0.001,0.001,0.001,0.001,0.001,0.001,0.001,0.001,0.001,0.001,0.001,99.983;0.001,0.001,0.001,0.001,0.001,0.001,0.001,0.001,0.001,0.001,0.001,0.001,0.001,0.001,0.001,0.001,0.001,99.983;0.001,0.001,0.001,0.001,0.001,0.001,0.001,0.001,0.001,0.001,0.001,0.001,0.001,0.001,0.001,0.001,0.001,99.983;0.001,0.001,0.001,0.001,0.001,0.001,0.001,0.001,0.001,0.001,0.001,0.001,0.001,0.001,0.001,0.001,0.001,99.983;0.001,0.001,0.001,0.001,0.001,0.001,0.001,0.001,0.001,0.001,0.001,0.001,0.001,0.001,0.001,0.001,0.001,99.983;0.001,0.001,0.001,0.001,0.001,0.001,0.001,0.001,0.001,0.001,0.001,0.001,0.001,0.001,0.001,0.001,0.001,99.983;0.001,0.001,0.001,0.001,0.001,0.001,0.001,0.001,0.001,0.001,0.001,0.001,0.001,0.001,0.001,0.001,0.001,99.983;0.001,0.001,0.001,0.001,0.001,0.001,0.001,0.001,0.001,0.001,0.001,0.001,0.001,0.001,0.001,0.001,0.001,99.983;0.001,0.001,0.001,0.001,0.001,0.001,0.001,0.001,0.001,0.001,0.001,0.001,0.001,0.001,0.001,0.001,0.001,99.983;0.001,0.001,0.001,0.001,0.001,0.001,0.001,0.001,0.001,0.001,0.001,0.001,0.001,0.001,0.001,0.001,0.001,99.983;0.001,0.001,0.001,0.001,0.001,0.001,0.001,0.001,0.001,0.001,0.001,0.001,0.001,0.001,0.001,0.001,0.001,99.983;0.001,0.001,0.001,0.001,0.001,0.001,0.001,0.001,0.001,0.001,0.001,0.001,0.001,0.001,0.001,0.001,0.001,99.983;0.001,0.001,0.001,0.001,0.001,0.001,0.001,0.001,0.001,0.001,0.001,0.001,0.001,0.001,0.001,0.001,0.001,99.983;0.001,0.001,0.001,0.001,0.001,0.001,0.001,0.001,0.001,0.001,0.001,0.001,0.001,0.001,0.001,0.001,0.001,99.983;0.001,0.001,0.001,0.001,0.001,0.001,0.001,0.001,0.001,0.001,0.001,0.001,0.001,0.001,0.001,0.001,0.001,99.983;0.001,0.001,0.001,0.001,0.001,0.001,0.001,0.001,0.001,0.001,0.001,0.001,0.001,0.001,0.001,0.001,0.001,99.983;0.001,0.001,0.001,0.001,0.001,0.001,0.001,0.001,0.001,0.001,0.001,0.001,0.001,0.001,0.001,0.001,0.001,99.983;0.001,0.001,0.001,0.001,0.001,0.001,0.001,0.001,0.001,0.001,0.001,0.001,0.001,0.001,0.001,0.001,0.001,99.983"
    levelsQoS 18
    queueSizes "32,32,32,32,32,32,32,32,32,32,32,32,32,32,32,32,32,32"
  ]
  node [
    id 16
    label "16"
    Country "Australia"
    Longitude 144.96332
    Internal 1
    Latitude -37.814
    type "inner"
    schedulingPolicy "WFQ"
    tosToQoSqueue "38;42;43;25;27;30,33,34,44;26;45;31,36;65,67,73;64,70;72;63,66,68,71;61,62,69,74;24;22,0,1,2,3,4,5,6,7,8,9,10,11,12,13,14,15,16,17,18,19,20,21,23,28,29,32,35,37,39,40,41,46,47,48,49,50,51,52,53,54,55,56,57,58,59,60"
    schedulingWeights "6.483,6.964,7.754,6.912,7.466,29.478,6.769,7.317,15.138,1.274,0.911,0.386,1.416,1.702,0.001,0.027;0.001,0.001,0.001,0.001,0.001,0.001,0.001,0.001,0.001,0.001,0.001,0.001,0.001,0.001,35.676,64.31;0.001,0.001,0.001,0.001,0.001,0.001,0.001,0.001,0.001,0.001,0.001,0.001,0.001,0.001,0.001,99.985;0.001,0.001,0.001,0.001,0.001,0.001,0.001,0.001,0.001,0.001,0.001,0.001,0.001,0.001,0.001,99.985"
    levelsQoS 16
    queueSizes "32,32,32,32,32,32,32,32,32,32,32,32,32,32,32,32"
  ]
  node [
    id 17
    label "17"
    Country "Australia"
    Longitude 133.88333
    Internal 1
    Latitude -23.7
    type "inner"
    schedulingPolicy "WFQ"
    tosToQoSqueue "0,1,2,3,4,5,6,7,8,9,10,11,12,13,14,15,16,17,18,19,20,21,22,23,24,25,26,27,28,29,30,31,32,33,34,35,36,37,38,39,40,41,42,43,44,45,46,47,48,49,50,51,52,53,54,55,56,57,58,59,60,61,62,63,64,65,66,67,68,69,70,71,72,73,74"
    schedulingWeights "100;100"
    levelsQoS 1
    queueSizes "32"
  ]
  node [
    id 18
    label "18"
    Country "Australia"
    Longitude 130.84185
    Internal 1
    Latitude -12.46113
    type "inner"
    schedulingPolicy "WFQ"
    tosToQoSqueue "0,1,2,3,4,5,6,7,8,9,10,11,12,13,14,15,16,17,18,19,20,21,22,23,24,25,26,27,28,29,30,31,32,33,34,35,36,37,38,39,40,41,42,43,44,45,46,47,48,49,50,51,52,53,54,55,56,57,58,59,60,61,62,63,64,65,66,67,68,69,70,71,72,73,74"
    schedulingWeights "100;100"
    levelsQoS 1
    queueSizes "32"
  ]
  node [
    id 19
    label "19"
    schedulingPolicy "FIFO"
    levelsQoS "1"
    schedulingWeights "-"
    tosToQoSqueue "0,1,2,3,4,5,6,7,8,9,10,11,12,13,14,15,16,17,18,19,20,21,22,23,24,25,26,27,28,29,30,31,32,33,34,35,36,37,38,39,40,41,42,43,44,45,46,47,48,49,50,51,52,53,54,55,56,57,58,59,60,61,62,63,64,65,66,67,68,69,70,71,72,73,74"
    queueSizes "32"
    type "destination_urllc"
  ]
  node [
    id 20
    label "20"
    schedulingPolicy "FIFO"
    levelsQoS "1"
    schedulingWeights "-"
    tosToQoSqueue "0,1,2,3,4,5,6,7,8,9,10,11,12,13,14,15,16,17,18,19,20,21,22,23,24,25,26,27,28,29,30,31,32,33,34,35,36,37,38,39,40,41,42,43,44,45,46,47,48,49,50,51,52,53,54,55,56,57,58,59,60,61,62,63,64,65,66,67,68,69,70,71,72,73,74"
    queueSizes "32"
    type "destination_mmtc"
  ]
  node [
    id 21
    label "21"
    schedulingPolicy "FIFO"
    levelsQoS "1"
    schedulingWeights "-"
    tosToQoSqueue "0,1,2,3,4,5,6,7,8,9,10,11,12,13,14,15,16,17,18,19,20,21,22,23,24,25,26,27,28,29,30,31,32,33,34,35,36,37,38,39,40,41,42,43,44,45,46,47,48,49,50,51,52,53,54,55,56,57,58,59,60,61,62,63,64,65,66,67,68,69,70,71,72,73,74"
    queueSizes "32"
    type "destination_embb"
  ]
  node [
    id 22
    label "22"
    schedulingPolicy "FIFO"
    levelsQoS "1"
    schedulingWeights "-"
    tosToQoSqueue "0,1,2,3,4,5,6,7,8,9,10,11,12,13,14,15,16,17,18,19,20,21,22,23,24,25,26,27,28,29,30,31,32,33,34,35,36,37,38,39,40,41,42,43,44,45,46,47,48,49,50,51,52,53,54,55,56,57,58,59,60,61,62,63,64,65,66,67,68,69,70,71,72,73,74"
    queueSizes "32"
    type "origin_embb"
    reservation 17946000.0
  ]
  node [
    id 23
    label "23"
    schedulingPolicy "FIFO"
    levelsQoS "1"
    schedulingWeights "-"
    tosToQoSqueue "0,1,2,3,4,5,6,7,8,9,10,11,12,13,14,15,16,17,18,19,20,21,22,23,24,25,26,27,28,29,30,31,32,33,34,35,36,37,38,39,40,41,42,43,44,45,46,47,48,49,50,51,52,53,54,55,56,57,58,59,60,61,62,63,64,65,66,67,68,69,70,71,72,73,74"
    queueSizes "32"
    type "origin_embb"
    reservation 16423200.0
  ]
  node [
    id 24
    label "24"
    schedulingPolicy "FIFO"
    levelsQoS "1"
    schedulingWeights "-"
    tosToQoSqueue "0,1,2,3,4,5,6,7,8,9,10,11,12,13,14,15,16,17,18,19,20,21,22,23,24,25,26,27,28,29,30,31,32,33,34,35,36,37,38,39,40,41,42,43,44,45,46,47,48,49,50,51,52,53,54,55,56,57,58,59,60,61,62,63,64,65,66,67,68,69,70,71,72,73,74"
    queueSizes "32"
    type "origin_embb"
    reservation 17838000.0
  ]
  node [
    id 25
    label "25"
    schedulingPolicy "FIFO"
    levelsQoS "1"
    schedulingWeights "-"
    tosToQoSqueue "0,1,2,3,4,5,6,7,8,9,10,11,12,13,14,15,16,17,18,19,20,21,22,23,24,25,26,27,28,29,30,31,32,33,34,35,36,37,38,39,40,41,42,43,44,45,46,47,48,49,50,51,52,53,54,55,56,57,58,59,60,61,62,63,64,65,66,67,68,69,70,71,72,73,74"
    queueSizes "32"
    type "origin_urllc"
    reservation 3455900.0
  ]
  node [
    id 26
    label "26"
    schedulingPolicy "FIFO"
    levelsQoS "1"
    schedulingWeights "-"
    tosToQoSqueue "0,1,2,3,4,5,6,7,8,9,10,11,12,13,14,15,16,17,18,19,20,21,22,23,24,25,26,27,28,29,30,31,32,33,34,35,36,37,38,39,40,41,42,43,44,45,46,47,48,49,50,51,52,53,54,55,56,57,58,59,60,61,62,63,64,65,66,67,68,69,70,71,72,73,74"
    queueSizes "32"
    type "origin_urllc"
    reservation 3384500.0
  ]
  node [
    id 27
    label "27"
    schedulingPolicy "FIFO"
    levelsQoS "1"
    schedulingWeights "-"
    tosToQoSqueue "0,1,2,3,4,5,6,7,8,9,10,11,12,13,14,15,16,17,18,19,20,21,22,23,24,25,26,27,28,29,30,31,32,33,34,35,36,37,38,39,40,41,42,43,44,45,46,47,48,49,50,51,52,53,54,55,56,57,58,59,60,61,62,63,64,65,66,67,68,69,70,71,72,73,74"
    queueSizes "32"
    type "origin_urllc"
    reservation 3733100.0
  ]
  node [
    id 28
    label "28"
    schedulingPolicy "FIFO"
    levelsQoS "1"
    schedulingWeights "-"
    tosToQoSqueue "0,1,2,3,4,5,6,7,8,9,10,11,12,13,14,15,16,17,18,19,20,21,22,23,24,25,26,27,28,29,30,31,32,33,34,35,36,37,38,39,40,41,42,43,44,45,46,47,48,49,50,51,52,53,54,55,56,57,58,59,60,61,62,63,64,65,66,67,68,69,70,71,72,73,74"
    queueSizes "32"
    type "origin_mmtc"
    reservation 193160.0
  ]
  node [
    id 29
    label "29"
    schedulingPolicy "FIFO"
    levelsQoS "1"
    schedulingWeights "-"
    tosToQoSqueue "0,1,2,3,4,5,6,7,8,9,10,11,12,13,14,15,16,17,18,19,20,21,22,23,24,25,26,27,28,29,30,31,32,33,34,35,36,37,38,39,40,41,42,43,44,45,46,47,48,49,50,51,52,53,54,55,56,57,58,59,60,61,62,63,64,65,66,67,68,69,70,71,72,73,74"
    queueSizes "32"
    type "origin_mmtc"
    reservation 227660.0
  ]
  node [
    id 30
    label "30"
    schedulingPolicy "FIFO"
    levelsQoS "1"
    schedulingWeights "-"
    tosToQoSqueue "0,1,2,3,4,5,6,7,8,9,10,11,12,13,14,15,16,17,18,19,20,21,22,23,24,25,26,27,28,29,30,31,32,33,34,35,36,37,38,39,40,41,42,43,44,45,46,47,48,49,50,51,52,53,54,55,56,57,58,59,60,61,62,63,64,65,66,67,68,69,70,71,72,73,74"
    queueSizes "32"
    type "origin_urllc"
    reservation 3684800.0
  ]
  node [
    id 31
    label "31"
    schedulingPolicy "FIFO"
    levelsQoS "1"
    schedulingWeights "-"
    tosToQoSqueue "0,1,2,3,4,5,6,7,8,9,10,11,12,13,14,15,16,17,18,19,20,21,22,23,24,25,26,27,28,29,30,31,32,33,34,35,36,37,38,39,40,41,42,43,44,45,46,47,48,49,50,51,52,53,54,55,56,57,58,59,60,61,62,63,64,65,66,67,68,69,70,71,72,73,74"
    queueSizes "32"
    type "origin_urllc"
    reservation 3784550.0
  ]
  node [
    id 32
    label "32"
    schedulingPolicy "FIFO"
    levelsQoS "1"
    schedulingWeights "-"
    tosToQoSqueue "0,1,2,3,4,5,6,7,8,9,10,11,12,13,14,15,16,17,18,19,20,21,22,23,24,25,26,27,28,29,30,31,32,33,34,35,36,37,38,39,40,41,42,43,44,45,46,47,48,49,50,51,52,53,54,55,56,57,58,59,60,61,62,63,64,65,66,67,68,69,70,71,72,73,74"
    queueSizes "32"
    type "origin_mmtc"
    reservation 227660.0
  ]
  node [
    id 33
    label "33"
    schedulingPolicy "FIFO"
    levelsQoS "1"
    schedulingWeights "-"
    tosToQoSqueue "0,1,2,3,4,5,6,7,8,9,10,11,12,13,14,15,16,17,18,19,20,21,22,23,24,25,26,27,28,29,30,31,32,33,34,35,36,37,38,39,40,41,42,43,44,45,46,47,48,49,50,51,52,53,54,55,56,57,58,59,60,61,62,63,64,65,66,67,68,69,70,71,72,73,74"
    queueSizes "32"
    type "origin_urllc"
    reservation 3684800.0
  ]
  node [
    id 34
    label "34"
    schedulingPolicy "FIFO"
    levelsQoS "1"
    schedulingWeights "-"
    tosToQoSqueue "0,1,2,3,4,5,6,7,8,9,10,11,12,13,14,15,16,17,18,19,20,21,22,23,24,25,26,27,28,29,30,31,32,33,34,35,36,37,38,39,40,41,42,43,44,45,46,47,48,49,50,51,52,53,54,55,56,57,58,59,60,61,62,63,64,65,66,67,68,69,70,71,72,73,74"
    queueSizes "32"
    type "origin_urllc"
    reservation 3684800.0
  ]
  node [
    id 35
    label "35"
    schedulingPolicy "FIFO"
    levelsQoS "1"
    schedulingWeights "-"
    tosToQoSqueue "0,1,2,3,4,5,6,7,8,9,10,11,12,13,14,15,16,17,18,19,20,21,22,23,24,25,26,27,28,29,30,31,32,33,34,35,36,37,38,39,40,41,42,43,44,45,46,47,48,49,50,51,52,53,54,55,56,57,58,59,60,61,62,63,64,65,66,67,68,69,70,71,72,73,74"
    queueSizes "32"
    type "origin_mmtc"
    reservation 212360.0
  ]
  node [
    id 36
    label "36"
    schedulingPolicy "FIFO"
    levelsQoS "1"
    schedulingWeights "-"
    tosToQoSqueue "0,1,2,3,4,5,6,7,8,9,10,11,12,13,14,15,16,17,18,19,20,21,22,23,24,25,26,27,28,29,30,31,32,33,34,35,36,37,38,39,40,41,42,43,44,45,46,47,48,49,50,51,52,53,54,55,56,57,58,59,60,61,62,63,64,65,66,67,68,69,70,71,72,73,74"
    queueSizes "32"
    type "origin_urllc"
    reservation 3784550.0
  ]
  node [
    id 37
    label "37"
    schedulingPolicy "FIFO"
    levelsQoS "1"
    schedulingWeights "-"
    tosToQoSqueue "0,1,2,3,4,5,6,7,8,9,10,11,12,13,14,15,16,17,18,19,20,21,22,23,24,25,26,27,28,29,30,31,32,33,34,35,36,37,38,39,40,41,42,43,44,45,46,47,48,49,50,51,52,53,54,55,56,57,58,59,60,61,62,63,64,65,66,67,68,69,70,71,72,73,74"
    queueSizes "32"
    type "origin_mmtc"
    reservation 212780.0
  ]
  node [
    id 38
    label "38"
    schedulingPolicy "FIFO"
    levelsQoS "1"
    schedulingWeights "-"
    tosToQoSqueue "0,1,2,3,4,5,6,7,8,9,10,11,12,13,14,15,16,17,18,19,20,21,22,23,24,25,26,27,28,29,30,31,32,33,34,35,36,37,38,39,40,41,42,43,44,45,46,47,48,49,50,51,52,53,54,55,56,57,58,59,60,61,62,63,64,65,66,67,68,69,70,71,72,73,74"
    queueSizes "32"
    type "origin_urllc"
    reservation 3241700.0
  ]
  node [
    id 39
    label "39"
    schedulingPolicy "FIFO"
    levelsQoS "1"
    schedulingWeights "-"
    tosToQoSqueue "0,1,2,3,4,5,6,7,8,9,10,11,12,13,14,15,16,17,18,19,20,21,22,23,24,25,26,27,28,29,30,31,32,33,34,35,36,37,38,39,40,41,42,43,44,45,46,47,48,49,50,51,52,53,54,55,56,57,58,59,60,61,62,63,64,65,66,67,68,69,70,71,72,73,74"
    queueSizes "32"
    type "origin_urllc"
    reservation 3901100.0
  ]
  node [
    id 40
    label "40"
    schedulingPolicy "FIFO"
    levelsQoS "1"
    schedulingWeights "-"
    tosToQoSqueue "0,1,2,3,4,5,6,7,8,9,10,11,12,13,14,15,16,17,18,19,20,21,22,23,24,25,26,27,28,29,30,31,32,33,34,35,36,37,38,39,40,41,42,43,44,45,46,47,48,49,50,51,52,53,54,55,56,57,58,59,60,61,62,63,64,65,66,67,68,69,70,71,72,73,74"
    queueSizes "32"
    type "origin_urllc"
    reservation 3607100.0
  ]
  node [
    id 41
    label "41"
    schedulingPolicy "FIFO"
    levelsQoS "1"
    schedulingWeights "-"
    tosToQoSqueue "0,1,2,3,4,5,6,7,8,9,10,11,12,13,14,15,16,17,18,19,20,21,22,23,24,25,26,27,28,29,30,31,32,33,34,35,36,37,38,39,40,41,42,43,44,45,46,47,48,49,50,51,52,53,54,55,56,57,58,59,60,61,62,63,64,65,66,67,68,69,70,71,72,73,74"
    queueSizes "32"
    type "origin_urllc"
    reservation 3658550.0
  ]
  node [
    id 42
    label "42"
    schedulingPolicy "FIFO"
    levelsQoS "1"
    schedulingWeights "-"
    tosToQoSqueue "0,1,2,3,4,5,6,7,8,9,10,11,12,13,14,15,16,17,18,19,20,21,22,23,24,25,26,27,28,29,30,31,32,33,34,35,36,37,38,39,40,41,42,43,44,45,46,47,48,49,50,51,52,53,54,55,56,57,58,59,60,61,62,63,64,65,66,67,68,69,70,71,72,73,74"
    queueSizes "32"
    type "origin_urllc"
    reservation 3482150.0
  ]
  node [
    id 43
    label "43"
    schedulingPolicy "FIFO"
    levelsQoS "1"
    schedulingWeights "-"
    tosToQoSqueue "0,1,2,3,4,5,6,7,8,9,10,11,12,13,14,15,16,17,18,19,20,21,22,23,24,25,26,27,28,29,30,31,32,33,34,35,36,37,38,39,40,41,42,43,44,45,46,47,48,49,50,51,52,53,54,55,56,57,58,59,60,61,62,63,64,65,66,67,68,69,70,71,72,73,74"
    queueSizes "32"
    type "origin_urllc"
    reservation 3876950.0
  ]
  node [
    id 44
    label "44"
    schedulingPolicy "FIFO"
    levelsQoS "1"
    schedulingWeights "-"
    tosToQoSqueue "0,1,2,3,4,5,6,7,8,9,10,11,12,13,14,15,16,17,18,19,20,21,22,23,24,25,26,27,28,29,30,31,32,33,34,35,36,37,38,39,40,41,42,43,44,45,46,47,48,49,50,51,52,53,54,55,56,57,58,59,60,61,62,63,64,65,66,67,68,69,70,71,72,73,74"
    queueSizes "32"
    type "origin_urllc"
    reservation 3684800.0
  ]
  node [
    id 45
    label "45"
    schedulingPolicy "FIFO"
    levelsQoS "1"
    schedulingWeights "-"
    tosToQoSqueue "0,1,2,3,4,5,6,7,8,9,10,11,12,13,14,15,16,17,18,19,20,21,22,23,24,25,26,27,28,29,30,31,32,33,34,35,36,37,38,39,40,41,42,43,44,45,46,47,48,49,50,51,52,53,54,55,56,57,58,59,60,61,62,63,64,65,66,67,68,69,70,71,72,73,74"
    queueSizes "32"
    type "origin_urllc"
    reservation 3658550.0
  ]
  node [
    id 46
    label "46"
    schedulingPolicy "FIFO"
    levelsQoS "1"
    schedulingWeights "-"
    tosToQoSqueue "0,1,2,3,4,5,6,7,8,9,10,11,12,13,14,15,16,17,18,19,20,21,22,23,24,25,26,27,28,29,30,31,32,33,34,35,36,37,38,39,40,41,42,43,44,45,46,47,48,49,50,51,52,53,54,55,56,57,58,59,60,61,62,63,64,65,66,67,68,69,70,71,72,73,74"
    queueSizes "32"
    type "origin_mmtc"
    reservation 193160.0
  ]
  node [
    id 47
    label "47"
    schedulingPolicy "FIFO"
    levelsQoS "1"
    schedulingWeights "-"
    tosToQoSqueue "0,1,2,3,4,5,6,7,8,9,10,11,12,13,14,15,16,17,18,19,20,21,22,23,24,25,26,27,28,29,30,31,32,33,34,35,36,37,38,39,40,41,42,43,44,45,46,47,48,49,50,51,52,53,54,55,56,57,58,59,60,61,62,63,64,65,66,67,68,69,70,71,72,73,74"
    queueSizes "32"
    type "origin_mmtc"
    reservation 177020.0
  ]
  node [
    id 48
    label "48"
    schedulingPolicy "FIFO"
    levelsQoS "1"
    schedulingWeights "-"
    tosToQoSqueue "0,1,2,3,4,5,6,7,8,9,10,11,12,13,14,15,16,17,18,19,20,21,22,23,24,25,26,27,28,29,30,31,32,33,34,35,36,37,38,39,40,41,42,43,44,45,46,47,48,49,50,51,52,53,54,55,56,57,58,59,60,61,62,63,64,65,66,67,68,69,70,71,72,73,74"
    queueSizes "32"
    type "origin_mmtc"
    reservation 177020.0
  ]
  node [
    id 49
    label "49"
    schedulingPolicy "FIFO"
    levelsQoS "1"
    schedulingWeights "-"
    tosToQoSqueue "0,1,2,3,4,5,6,7,8,9,10,11,12,13,14,15,16,17,18,19,20,21,22,23,24,25,26,27,28,29,30,31,32,33,34,35,36,37,38,39,40,41,42,43,44,45,46,47,48,49,50,51,52,53,54,55,56,57,58,59,60,61,62,63,64,65,66,67,68,69,70,71,72,73,74"
    queueSizes "32"
    type "origin_mmtc"
    reservation 193160.0
  ]
  node [
    id 50
    label "50"
    schedulingPolicy "FIFO"
    levelsQoS "1"
    schedulingWeights "-"
    tosToQoSqueue "0,1,2,3,4,5,6,7,8,9,10,11,12,13,14,15,16,17,18,19,20,21,22,23,24,25,26,27,28,29,30,31,32,33,34,35,36,37,38,39,40,41,42,43,44,45,46,47,48,49,50,51,52,53,54,55,56,57,58,59,60,61,62,63,64,65,66,67,68,69,70,71,72,73,74"
    queueSizes "32"
    type "origin_mmtc"
    reservation 177020.0
  ]
  node [
    id 51
    label "51"
    schedulingPolicy "FIFO"
    levelsQoS "1"
    schedulingWeights "-"
    tosToQoSqueue "0,1,2,3,4,5,6,7,8,9,10,11,12,13,14,15,16,17,18,19,20,21,22,23,24,25,26,27,28,29,30,31,32,33,34,35,36,37,38,39,40,41,42,43,44,45,46,47,48,49,50,51,52,53,54,55,56,57,58,59,60,61,62,63,64,65,66,67,68,69,70,71,72,73,74"
    queueSizes "32"
    type "origin_mmtc"
    reservation 227660.0
  ]
  node [
    id 52
    label "52"
    schedulingPolicy "FIFO"
    levelsQoS "1"
    schedulingWeights "-"
    tosToQoSqueue "0,1,2,3,4,5,6,7,8,9,10,11,12,13,14,15,16,17,18,19,20,21,22,23,24,25,26,27,28,29,30,31,32,33,34,35,36,37,38,39,40,41,42,43,44,45,46,47,48,49,50,51,52,53,54,55,56,57,58,59,60,61,62,63,64,65,66,67,68,69,70,71,72,73,74"
    queueSizes "32"
    type "origin_mmtc"
    reservation 212360.0
  ]
  node [
    id 53
    label "53"
    schedulingPolicy "FIFO"
    levelsQoS "1"
    schedulingWeights "-"
    tosToQoSqueue "0,1,2,3,4,5,6,7,8,9,10,11,12,13,14,15,16,17,18,19,20,21,22,23,24,25,26,27,28,29,30,31,32,33,34,35,36,37,38,39,40,41,42,43,44,45,46,47,48,49,50,51,52,53,54,55,56,57,58,59,60,61,62,63,64,65,66,67,68,69,70,71,72,73,74"
    queueSizes "32"
    type "origin_mmtc"
    reservation 212360.0
  ]
  node [
    id 54
    label "54"
    schedulingPolicy "FIFO"
    levelsQoS "1"
    schedulingWeights "-"
    tosToQoSqueue "0,1,2,3,4,5,6,7,8,9,10,11,12,13,14,15,16,17,18,19,20,21,22,23,24,25,26,27,28,29,30,31,32,33,34,35,36,37,38,39,40,41,42,43,44,45,46,47,48,49,50,51,52,53,54,55,56,57,58,59,60,61,62,63,64,65,66,67,68,69,70,71,72,73,74"
    queueSizes "32"
    type "origin_mmtc"
    reservation 212780.0
  ]
  node [
    id 55
    label "55"
    schedulingPolicy "FIFO"
    levelsQoS "1"
    schedulingWeights "-"
    tosToQoSqueue "0,1,2,3,4,5,6,7,8,9,10,11,12,13,14,15,16,17,18,19,20,21,22,23,24,25,26,27,28,29,30,31,32,33,34,35,36,37,38,39,40,41,42,43,44,45,46,47,48,49,50,51,52,53,54,55,56,57,58,59,60,61,62,63,64,65,66,67,68,69,70,71,72,73,74"
    queueSizes "32"
    type "origin_mmtc"
    reservation 212360.0
  ]
  node [
    id 56
    label "56"
    schedulingPolicy "FIFO"
    levelsQoS "1"
    schedulingWeights "-"
    tosToQoSqueue "0,1,2,3,4,5,6,7,8,9,10,11,12,13,14,15,16,17,18,19,20,21,22,23,24,25,26,27,28,29,30,31,32,33,34,35,36,37,38,39,40,41,42,43,44,45,46,47,48,49,50,51,52,53,54,55,56,57,58,59,60,61,62,63,64,65,66,67,68,69,70,71,72,73,74"
    queueSizes "32"
    type "origin_mmtc"
    reservation 212360.0
  ]
  node [
    id 57
    label "57"
    schedulingPolicy "FIFO"
    levelsQoS "1"
    schedulingWeights "-"
    tosToQoSqueue "0,1,2,3,4,5,6,7,8,9,10,11,12,13,14,15,16,17,18,19,20,21,22,23,24,25,26,27,28,29,30,31,32,33,34,35,36,37,38,39,40,41,42,43,44,45,46,47,48,49,50,51,52,53,54,55,56,57,58,59,60,61,62,63,64,65,66,67,68,69,70,71,72,73,74"
    queueSizes "32"
    type "origin_mmtc"
    reservation 193160.0
  ]
  node [
    id 58
    label "58"
    schedulingPolicy "FIFO"
    levelsQoS "1"
    schedulingWeights "-"
    tosToQoSqueue "0,1,2,3,4,5,6,7,8,9,10,11,12,13,14,15,16,17,18,19,20,21,22,23,24,25,26,27,28,29,30,31,32,33,34,35,36,37,38,39,40,41,42,43,44,45,46,47,48,49,50,51,52,53,54,55,56,57,58,59,60,61,62,63,64,65,66,67,68,69,70,71,72,73,74"
    queueSizes "32"
    type "origin_mmtc"
    reservation 227660.0
  ]
  node [
    id 59
    label "59"
    schedulingPolicy "FIFO"
    levelsQoS "1"
    schedulingWeights "-"
    tosToQoSqueue "0,1,2,3,4,5,6,7,8,9,10,11,12,13,14,15,16,17,18,19,20,21,22,23,24,25,26,27,28,29,30,31,32,33,34,35,36,37,38,39,40,41,42,43,44,45,46,47,48,49,50,51,52,53,54,55,56,57,58,59,60,61,62,63,64,65,66,67,68,69,70,71,72,73,74"
    queueSizes "32"
    type "origin_mmtc"
    reservation 177020.0
  ]
  node [
    id 60
    label "60"
    schedulingPolicy "FIFO"
    levelsQoS "1"
    schedulingWeights "-"
    tosToQoSqueue "0,1,2,3,4,5,6,7,8,9,10,11,12,13,14,15,16,17,18,19,20,21,22,23,24,25,26,27,28,29,30,31,32,33,34,35,36,37,38,39,40,41,42,43,44,45,46,47,48,49,50,51,52,53,54,55,56,57,58,59,60,61,62,63,64,65,66,67,68,69,70,71,72,73,74"
    queueSizes "32"
    type "origin_mmtc"
    reservation 193160.0
  ]
  node [
    id 61
    label "61"
    schedulingPolicy "FIFO"
    levelsQoS "1"
    schedulingWeights "-"
    tosToQoSqueue "0,1,2,3,4,5,6,7,8,9,10,11,12,13,14,15,16,17,18,19,20,21,22,23,24,25,26,27,28,29,30,31,32,33,34,35,36,37,38,39,40,41,42,43,44,45,46,47,48,49,50,51,52,53,54,55,56,57,58,59,60,61,62,63,64,65,66,67,68,69,70,71,72,73,74"
    queueSizes "32"
    type "origin_mmtc"
    reservation 212780.0
  ]
  node [
    id 62
    label "62"
    schedulingPolicy "FIFO"
    levelsQoS "1"
    schedulingWeights "-"
    tosToQoSqueue "0,1,2,3,4,5,6,7,8,9,10,11,12,13,14,15,16,17,18,19,20,21,22,23,24,25,26,27,28,29,30,31,32,33,34,35,36,37,38,39,40,41,42,43,44,45,46,47,48,49,50,51,52,53,54,55,56,57,58,59,60,61,62,63,64,65,66,67,68,69,70,71,72,73,74"
    queueSizes "32"
    type "origin_mmtc"
    reservation 212780.0
  ]
  node [
    id 63
    label "63"
    schedulingPolicy "FIFO"
    levelsQoS "1"
    schedulingWeights "-"
    tosToQoSqueue "0,1,2,3,4,5,6,7,8,9,10,11,12,13,14,15,16,17,18,19,20,21,22,23,24,25,26,27,28,29,30,31,32,33,34,35,36,37,38,39,40,41,42,43,44,45,46,47,48,49,50,51,52,53,54,55,56,57,58,59,60,61,62,63,64,65,66,67,68,69,70,71,72,73,74"
    queueSizes "32"
    type "origin_mmtc"
    reservation 177020.0
  ]
  node [
    id 64
    label "64"
    schedulingPolicy "FIFO"
    levelsQoS "1"
    schedulingWeights "-"
    tosToQoSqueue "0,1,2,3,4,5,6,7,8,9,10,11,12,13,14,15,16,17,18,19,20,21,22,23,24,25,26,27,28,29,30,31,32,33,34,35,36,37,38,39,40,41,42,43,44,45,46,47,48,49,50,51,52,53,54,55,56,57,58,59,60,61,62,63,64,65,66,67,68,69,70,71,72,73,74"
    queueSizes "32"
    type "origin_mmtc"
    reservation 227660.0
  ]
  node [
    id 65
    label "65"
    schedulingPolicy "FIFO"
    levelsQoS "1"
    schedulingWeights "-"
    tosToQoSqueue "0,1,2,3,4,5,6,7,8,9,10,11,12,13,14,15,16,17,18,19,20,21,22,23,24,25,26,27,28,29,30,31,32,33,34,35,36,37,38,39,40,41,42,43,44,45,46,47,48,49,50,51,52,53,54,55,56,57,58,59,60,61,62,63,64,65,66,67,68,69,70,71,72,73,74"
    queueSizes "32"
    type "origin_mmtc"
    reservation 212360.0
  ]
  node [
    id 66
    label "66"
    schedulingPolicy "FIFO"
    levelsQoS "1"
    schedulingWeights "-"
    tosToQoSqueue "0,1,2,3,4,5,6,7,8,9,10,11,12,13,14,15,16,17,18,19,20,21,22,23,24,25,26,27,28,29,30,31,32,33,34,35,36,37,38,39,40,41,42,43,44,45,46,47,48,49,50,51,52,53,54,55,56,57,58,59,60,61,62,63,64,65,66,67,68,69,70,71,72,73,74"
    queueSizes "32"
    type "origin_mmtc"
    reservation 177020.0
  ]
  node [
    id 67
    label "67"
    schedulingPolicy "FIFO"
    levelsQoS "1"
    schedulingWeights "-"
    tosToQoSqueue "0,1,2,3,4,5,6,7,8,9,10,11,12,13,14,15,16,17,18,19,20,21,22,23,24,25,26,27,28,29,30,31,32,33,34,35,36,37,38,39,40,41,42,43,44,45,46,47,48,49,50,51,52,53,54,55,56,57,58,59,60,61,62,63,64,65,66,67,68,69,70,71,72,73,74"
    queueSizes "32"
    type "origin_mmtc"
    reservation 212360.0
  ]
  node [
    id 68
    label "68"
    schedulingPolicy "FIFO"
    levelsQoS "1"
    schedulingWeights "-"
    tosToQoSqueue "0,1,2,3,4,5,6,7,8,9,10,11,12,13,14,15,16,17,18,19,20,21,22,23,24,25,26,27,28,29,30,31,32,33,34,35,36,37,38,39,40,41,42,43,44,45,46,47,48,49,50,51,52,53,54,55,56,57,58,59,60,61,62,63,64,65,66,67,68,69,70,71,72,73,74"
    queueSizes "32"
    type "origin_mmtc"
    reservation 177020.0
  ]
  node [
    id 69
    label "69"
    schedulingPolicy "FIFO"
    levelsQoS "1"
    schedulingWeights "-"
    tosToQoSqueue "0,1,2,3,4,5,6,7,8,9,10,11,12,13,14,15,16,17,18,19,20,21,22,23,24,25,26,27,28,29,30,31,32,33,34,35,36,37,38,39,40,41,42,43,44,45,46,47,48,49,50,51,52,53,54,55,56,57,58,59,60,61,62,63,64,65,66,67,68,69,70,71,72,73,74"
    queueSizes "32"
    type "origin_mmtc"
    reservation 212780.0
  ]
  node [
    id 70
    label "70"
    schedulingPolicy "FIFO"
    levelsQoS "1"
    schedulingWeights "-"
    tosToQoSqueue "0,1,2,3,4,5,6,7,8,9,10,11,12,13,14,15,16,17,18,19,20,21,22,23,24,25,26,27,28,29,30,31,32,33,34,35,36,37,38,39,40,41,42,43,44,45,46,47,48,49,50,51,52,53,54,55,56,57,58,59,60,61,62,63,64,65,66,67,68,69,70,71,72,73,74"
    queueSizes "32"
    type "origin_mmtc"
    reservation 227660.0
  ]
  node [
    id 71
    label "71"
    schedulingPolicy "FIFO"
    levelsQoS "1"
    schedulingWeights "-"
    tosToQoSqueue "0,1,2,3,4,5,6,7,8,9,10,11,12,13,14,15,16,17,18,19,20,21,22,23,24,25,26,27,28,29,30,31,32,33,34,35,36,37,38,39,40,41,42,43,44,45,46,47,48,49,50,51,52,53,54,55,56,57,58,59,60,61,62,63,64,65,66,67,68,69,70,71,72,73,74"
    queueSizes "32"
    type "origin_mmtc"
    reservation 177020.0
  ]
  node [
    id 72
    label "72"
    schedulingPolicy "FIFO"
    levelsQoS "1"
    schedulingWeights "-"
    tosToQoSqueue "0,1,2,3,4,5,6,7,8,9,10,11,12,13,14,15,16,17,18,19,20,21,22,23,24,25,26,27,28,29,30,31,32,33,34,35,36,37,38,39,40,41,42,43,44,45,46,47,48,49,50,51,52,53,54,55,56,57,58,59,60,61,62,63,64,65,66,67,68,69,70,71,72,73,74"
    queueSizes "32"
    type "origin_mmtc"
    reservation 193160.0
  ]
  node [
    id 73
    label "73"
    schedulingPolicy "FIFO"
    levelsQoS "1"
    schedulingWeights "-"
    tosToQoSqueue "0,1,2,3,4,5,6,7,8,9,10,11,12,13,14,15,16,17,18,19,20,21,22,23,24,25,26,27,28,29,30,31,32,33,34,35,36,37,38,39,40,41,42,43,44,45,46,47,48,49,50,51,52,53,54,55,56,57,58,59,60,61,62,63,64,65,66,67,68,69,70,71,72,73,74"
    queueSizes "32"
    type "origin_mmtc"
    reservation 212360.0
  ]
  node [
    id 74
    label "74"
    schedulingPolicy "FIFO"
    levelsQoS "1"
    schedulingWeights "-"
    tosToQoSqueue "0,1,2,3,4,5,6,7,8,9,10,11,12,13,14,15,16,17,18,19,20,21,22,23,24,25,26,27,28,29,30,31,32,33,34,35,36,37,38,39,40,41,42,43,44,45,46,47,48,49,50,51,52,53,54,55,56,57,58,59,60,61,62,63,64,65,66,67,68,69,70,71,72,73,74"
    queueSizes "32"
    type "origin_mmtc"
    reservation 212780.0
  ]
  edge [
    source 0
    target 10
    key 0
    LinkLabel "< 10 Gbps"
    bandwidth 50000000
    traffic "18000000,3500000,3500000,3500000,3500000,3500000,3500000,3500000,3500000,3500000"
    reservation "16423200.0,3455900.0,3384500.0,3733100.0,3684800.0,3784550.0,3684800.0,3684800.0,3784550.0,3241700.0"
    port 0
  ]
  edge [
    source 0
    target 3
    key 0
    LinkLabel "< 10 Gbps"
    bandwidth 50000000
    traffic "18000000,18000000,3500000,3500000,3500000"
    reservation "17946000.0,17838000.0,3901100.0,3607100.0,3658550.0"
    port 1
  ]
  edge [
    source 0
    target 6
    key 0
    LinkLabel "< 10 Gbps"
    bandwidth 50000000
    traffic "3500000,3500000,3500000,3500000"
    reservation "3482150.0,3876950.0,3684800.0,3658550.0"
    port 2
  ]
  edge [
    source 0
    target 20
    key 0
    port 3
    weight 1
    bandwidth 350000000
    traffic "200000,200000,200000,200000,200000,200000,200000,200000,200000,200000,200000,200000,200000,200000,200000,200000,200000,200000,200000,200000,200000,200000,200000,200000,200000,200000,200000,200000,200000,200000,200000,200000,200000,200000"
    reservation "193160.0,227660.0,227660.0,212360.0,212780.0,193160.0,177020.0,177020.0,193160.0,177020.0,227660.0,212360.0,212360.0,212780.0,212360.0,212360.0,193160.0,227660.0,177020.0,193160.0,212780.0,212780.0,177020.0,227660.0,212360.0,177020.0,212360.0,177020.0,212780.0,227660.0,177020.0,193160.0,212360.0,212780.0"
  ]
  edge [
    source 1
    target 3
    key 0
    LinkLabel "< 10 Gbps"
    bandwidth 50000000
    traffic ""
    reservation ""
    port 0
  ]
  edge [
    source 1
    target 6
    key 0
    LinkLabel "< 10Gbps"
    bandwidth 50000000
    traffic ""
    reservation ""
    port 1
  ]
  edge [
    source 1
    target 19
    key 0
    port 2
    weight 1
    bandwidth 350000000
    traffic "3500000,3500000,3500000,3500000,3500000,3500000,3500000,3500000,3500000,3500000,3500000,3500000,3500000,3500000,3500000,3500000"
    reservation "3455900.0,3384500.0,3733100.0,3684800.0,3784550.0,3684800.0,3684800.0,3784550.0,3241700.0,3901100.0,3607100.0,3658550.0,3482150.0,3876950.0,3684800.0,3658550.0"
  ]
  edge [
    source 2
    target 10
    key 0
    LinkLabel "< 10 Gbps"
    bandwidth 50000000
    traffic "18000000,18000000,3500000,3500000,3500000,200000,200000,200000,200000,200000,200000,200000,200000,200000,200000,200000,200000,200000,200000,200000"
    reservation "17946000.0,17838000.0,3901100.0,3607100.0,3658550.0,193160.0,177020.0,177020.0,193160.0,177020.0,227660.0,212360.0,212360.0,212780.0,212360.0,212360.0,193160.0,227660.0,177020.0,193160.0"
    port 0
  ]
  edge [
    source 2
    target 15
    key 0
    LinkLabel "< 10 Gbps"
    bandwidth 50000000
    traffic "18000000,3500000,3500000,3500000,3500000,3500000,3500000,3500000,3500000,3500000"
    reservation "16423200.0,3455900.0,3384500.0,3733100.0,3684800.0,3784550.0,3684800.0,3684800.0,3784550.0,3241700.0"
    port 1
  ]
  edge [
    source 2
    target 24
    key 0
    port 2
    weight 1
    bandwidth 50000000
    traffic ""
    reservation ""
  ]
  edge [
    source 3
    target 0
    key 0
    LinkLabel "< 10 Gbps"
    bandwidth 50000000
    traffic "3500000,3500000,3500000,3500000,200000,200000,200000,200000,200000,200000,200000,200000,200000,200000,200000,200000,200000,200000"
    reservation "3482150.0,3876950.0,3684800.0,3658550.0,212780.0,212780.0,177020.0,227660.0,212360.0,177020.0,212360.0,177020.0,212780.0,227660.0,177020.0,193160.0,212360.0,212780.0"
    port 0
  ]
  edge [
    source 3
    target 1
    key 0
    LinkLabel "< 10 Gbps"
    bandwidth 50000000
    traffic "3500000,3500000,3500000,3500000,3500000,3500000,3500000,3500000,3500000,3500000,3500000,3500000"
    reservation "3455900.0,3384500.0,3733100.0,3684800.0,3784550.0,3684800.0,3684800.0,3784550.0,3241700.0,3901100.0,3607100.0,3658550.0"
    port 1
  ]
  edge [
    source 3
    target 8
    key 0
    LinkLabel "< 1 Gbps"
    bandwidth 50000000
    traffic ""
    reservation ""
    port 2
  ]
  edge [
    source 3
    target 16
    key 0
    LinkLabel "< 10 Gbps"
    bandwidth 50000000
    traffic "18000000,18000000"
    reservation "17946000.0,17838000.0"
    port 3
  ]
  edge [
    source 4
    target 5
    key 0
    LinkLabel "< 2.5 Gbps"
    bandwidth 50000000
    traffic ""
    reservation ""
    port 0
  ]
  edge [
    source 4
    target 7
    key 0
    LinkLabel "< 2.5 Gbps"
    bandwidth 50000000
    traffic "18000000,3500000,3500000,3500000,200000,200000,3500000,3500000,200000,3500000,3500000,200000,3500000,200000,3500000"
    reservation "16423200.0,3455900.0,3384500.0,3733100.0,193160.0,227660.0,3684800.0,3784550.0,227660.0,3684800.0,3684800.0,212360.0,3784550.0,212780.0,3241700.0"
    port 1
  ]
  edge [
    source 5
    target 4
    key 0
    LinkLabel "< 2.5 Gbps"
    bandwidth 50000000
    traffic "18000000,3500000,3500000,3500000,200000,200000,3500000,3500000,200000,3500000,3500000,200000,3500000,200000,3500000"
    reservation "16423200.0,3455900.0,3384500.0,3733100.0,193160.0,227660.0,3684800.0,3784550.0,227660.0,3684800.0,3684800.0,212360.0,3784550.0,212780.0,3241700.0"
    port 0
  ]
  edge [
    source 5
    target 23
    key 0
    port 1
    weight 1
    bandwidth 50000000
    traffic ""
    reservation ""
  ]
  edge [
    source 5
    target 25
    key 0
    port 2
    weight 1
    bandwidth 50000000
    traffic ""
    reservation ""
  ]
  edge [
    source 5
    target 26
    key 0
    port 3
    weight 1
    bandwidth 50000000
    traffic ""
    reservation ""
  ]
  edge [
    source 5
    target 27
    key 0
    port 4
    weight 1
    bandwidth 50000000
    traffic ""
    reservation ""
  ]
  edge [
    source 5
    target 28
    key 0
    port 5
    weight 1
    bandwidth 50000000
    traffic ""
    reservation ""
  ]
  edge [
    source 5
    target 29
    key 0
    port 6
    weight 1
    bandwidth 50000000
    traffic ""
    reservation ""
  ]
  edge [
    source 5
    target 30
    key 0
    port 7
    weight 1
    bandwidth 50000000
    traffic ""
    reservation ""
  ]
  edge [
    source 5
    target 31
    key 0
    port 8
    weight 1
    bandwidth 50000000
    traffic ""
    reservation ""
  ]
  edge [
    source 5
    target 32
    key 0
    port 9
    weight 1
    bandwidth 50000000
    traffic ""
    reservation ""
  ]
  edge [
    source 5
    target 33
    key 0
    port 10
    weight 1
    bandwidth 50000000
    traffic ""
    reservation ""
  ]
  edge [
    source 5
    target 34
    key 0
    port 11
    weight 1
    bandwidth 50000000
    traffic ""
    reservation ""
  ]
  edge [
    source 5
    target 35
    key 0
    port 12
    weight 1
    bandwidth 50000000
    traffic ""
    reservation ""
  ]
  edge [
    source 5
    target 36
    key 0
    port 13
    weight 1
    bandwidth 50000000
    traffic ""
    reservation ""
  ]
  edge [
    source 5
    target 37
    key 0
    port 14
    weight 1
    bandwidth 50000000
    traffic ""
    reservation ""
  ]
  edge [
    source 5
    target 38
    key 0
    port 15
    weight 1
    bandwidth 50000000
    traffic ""
    reservation ""
  ]
  edge [
    source 6
    target 0
    key 0
    LinkLabel "< 10 Gbps"
    bandwidth 50000000
    traffic "18000000,3500000,3500000,3500000,200000,200000,3500000,3500000,200000,3500000,3500000,200000,3500000,200000,3500000"
    reservation "16423200.0,3455900.0,3384500.0,3733100.0,193160.0,227660.0,3684800.0,3784550.0,227660.0,3684800.0,3684800.0,212360.0,3784550.0,212780.0,3241700.0"
    port 0
  ]
  edge [
    source 6
    target 1
    key 0
    LinkLabel "< 10Gbps"
    bandwidth 50000000
    traffic "3500000,3500000,3500000,3500000"
    reservation "3482150.0,3876950.0,3684800.0,3658550.0"
    port 1
  ]
  edge [
    source 6
    target 7
    key 0
    LinkLabel "< 2.5 Gbps"
    bandwidth 50000000
    traffic ""
    reservation ""
    port 2
  ]
  edge [
    source 7
    target 4
    key 0
    LinkLabel "< 2.5 Gbps"
    bandwidth 50000000
    traffic ""
    reservation ""
    port 0
  ]
  edge [
    source 7
    target 6
    key 0
    LinkLabel "< 2.5 Gbps"
    bandwidth 50000000
    traffic "18000000,3500000,3500000,3500000,200000,200000,3500000,3500000,200000,3500000,3500000,200000,3500000,200000,3500000"
    reservation "16423200.0,3455900.0,3384500.0,3733100.0,193160.0,227660.0,3684800.0,3784550.0,227660.0,3684800.0,3684800.0,212360.0,3784550.0,212780.0,3241700.0"
    port 1
  ]
  edge [
    source 8
    target 3
    key 0
    LinkLabel "< 1 Gbps"
    bandwidth 50000000
    traffic ""
    reservation ""
    port 0
  ]
  edge [
    source 9
    target 16
    key 0
    LinkLabel "< 155 Mbps"
    bandwidth 50000000
    traffic "3500000,3500000,3500000,3500000,3500000,3500000,3500000,3500000,3500000,200000,200000,200000,200000,200000"
    reservation "3455900.0,3384500.0,3733100.0,3684800.0,3784550.0,3684800.0,3684800.0,3784550.0,3241700.0,212780.0,212780.0,177020.0,227660.0,212360.0"
    port 0
  ]
  edge [
    source 9
    target 15
    key 0
    LinkLabel "< 155 Mbps"
    bandwidth 50000000
    traffic ""
    reservation ""
    port 1
  ]
  edge [
    source 9
    target 21
    key 0
    port 2
    weight 1
    bandwidth 350000000
    traffic "18000000,18000000,18000000"
    reservation "17946000.0,16423200.0,17838000.0"
  ]
  edge [
    source 10
    target 0
    key 0
    LinkLabel "< 10 Gbps"
    bandwidth 50000000
    traffic "18000000,18000000,3500000,3500000,3500000,200000,200000,200000,200000,200000,200000,200000,200000,200000,200000,200000,200000,200000,200000,200000"
    reservation "17946000.0,17838000.0,3901100.0,3607100.0,3658550.0,193160.0,177020.0,177020.0,193160.0,177020.0,227660.0,212360.0,212360.0,212780.0,212360.0,212360.0,193160.0,227660.0,177020.0,193160.0"
    port 0
  ]
  edge [
    source 10
    target 2
    key 0
    LinkLabel "< 10 Gbps"
    bandwidth 50000000
    traffic "18000000,3500000,3500000,3500000,3500000,3500000,3500000,3500000,3500000,3500000"
    reservation "16423200.0,3455900.0,3384500.0,3733100.0,3684800.0,3784550.0,3684800.0,3684800.0,3784550.0,3241700.0"
    port 1
  ]
  edge [
    source 11
    target 12
    key 0
    id "e0"
    bandwidth 50000000
    traffic "3500000,3500000,3500000,3500000,200000,200000,200000,200000,200000,200000,200000,200000,200000"
    reservation "3482150.0,3876950.0,3684800.0,3658550.0,177020.0,212360.0,177020.0,212780.0,227660.0,177020.0,193160.0,212360.0,212780.0"
    port 0
  ]
  edge [
    source 11
    target 13
    key 0
    LinkLabel "< 10 Gbps"
    bandwidth 50000000
    traffic ""
    reservation ""
    port 1
  ]
  edge [
    source 12
    target 11
    key 0
    id "e0"
    bandwidth 50000000
    traffic ""
    reservation ""
    port 0
  ]
  edge [
    source 12
    target 14
    key 0
    LinkLabel "< 2.5 Gbps"
    bandwidth 50000000
    traffic "3500000,3500000,3500000,3500000,200000,200000,200000,200000,200000,200000,200000,200000,200000"
    reservation "3482150.0,3876950.0,3684800.0,3658550.0,177020.0,212360.0,177020.0,212780.0,227660.0,177020.0,193160.0,212360.0,212780.0"
    port 1
  ]
  edge [
    source 13
    target 11
    key 0
    LinkLabel "< 10 Gbps"
    bandwidth 50000000
    traffic "3500000,3500000,3500000,3500000,200000,200000,200000,200000,200000,200000,200000,200000,200000"
    reservation "3482150.0,3876950.0,3684800.0,3658550.0,177020.0,212360.0,177020.0,212780.0,227660.0,177020.0,193160.0,212360.0,212780.0"
    port 0
  ]
  edge [
    source 13
    target 18
    key 0
    LinkLabel "< 155 Mbps"
    bandwidth 50000000
    traffic ""
    reservation ""
    port 1
  ]
  edge [
    source 13
    target 14
    key 0
    id "e3"
    bandwidth 50000000
    traffic ""
    reservation ""
    port 2
  ]
  edge [
    source 13
    target 15
    key 0
    LinkLabel "< 10 Gbps"
    bandwidth 50000000
    traffic ""
    reservation ""
    port 3
  ]
  edge [
    source 14
    target 12
    key 0
    LinkLabel "< 2.5 Gbps"
    bandwidth 50000000
    traffic ""
    reservation ""
    port 0
  ]
  edge [
    source 14
    target 13
    key 0
    id "e3"
    bandwidth 50000000
    traffic ""
    reservation ""
    port 1
  ]
  edge [
    source 14
    target 16
    key 0
    LinkLabel "< 2.5 Gbps"
    bandwidth 50000000
    traffic "3500000,3500000,3500000,3500000,200000,200000,200000,200000,200000,200000,200000,200000,200000"
    reservation "3482150.0,3876950.0,3684800.0,3658550.0,177020.0,212360.0,177020.0,212780.0,227660.0,177020.0,193160.0,212360.0,212780.0"
    port 2
  ]
  edge [
    source 14
    target 17
    key 0
    LinkLabel "< 155 Mbps"
    bandwidth 50000000
    traffic ""
    reservation ""
    port 3
  ]
  edge [
    source 15
    target 2
    key 0
    LinkLabel "< 10 Gbps"
    bandwidth 50000000
    traffic "18000000,3500000,3500000,3500000,200000,200000,200000,200000,200000,200000,200000,200000,200000,200000,200000,200000,200000,200000,200000"
    reservation "17946000.0,3901100.0,3607100.0,3658550.0,193160.0,177020.0,177020.0,193160.0,177020.0,227660.0,212360.0,212360.0,212780.0,212360.0,212360.0,193160.0,227660.0,177020.0,193160.0"
    port 0
  ]
  edge [
    source 15
    target 9
    key 0
    LinkLabel "< 155 Mbps"
    bandwidth 50000000
    traffic "18000000,3500000,3500000,3500000,3500000,3500000,3500000,3500000,3500000,3500000,200000,200000,200000,200000,200000"
    reservation "16423200.0,3455900.0,3384500.0,3733100.0,3684800.0,3784550.0,3684800.0,3684800.0,3784550.0,3241700.0,212780.0,212780.0,177020.0,227660.0,212360.0"
    port 1
  ]
  edge [
    source 15
    target 13
    key 0
    LinkLabel "< 10 Gbps"
    bandwidth 50000000
    traffic "3500000,3500000,3500000,3500000,200000,200000,200000,200000,200000,200000,200000,200000,200000"
    reservation "3482150.0,3876950.0,3684800.0,3658550.0,177020.0,212360.0,177020.0,212780.0,227660.0,177020.0,193160.0,212360.0,212780.0"
    port 2
  ]
  edge [
    source 15
    target 16
    key 0
    LinkLabel "< 10 Gbps"
    bandwidth 50000000
    traffic ""
    reservation ""
    port 3
  ]
  edge [
    source 15
    target 22
    key 0
    port 4
    weight 1
    bandwidth 50000000
    traffic ""
    reservation ""
  ]
  edge [
    source 15
    target 39
    key 0
    port 5
    weight 1
    bandwidth 50000000
    traffic ""
    reservation ""
  ]
  edge [
    source 15
    target 40
    key 0
    port 6
    weight 1
    bandwidth 50000000
    traffic ""
    reservation ""
  ]
  edge [
    source 15
    target 41
    key 0
    port 7
    weight 1
    bandwidth 50000000
    traffic ""
    reservation ""
  ]
  edge [
    source 15
    target 42
    key 0
    port 8
    weight 1
    bandwidth 50000000
    traffic ""
    reservation ""
  ]
  edge [
    source 15
    target 43
    key 0
    port 9
    weight 1
    bandwidth 50000000
    traffic ""
    reservation ""
  ]
  edge [
    source 15
    target 44
    key 0
    port 10
    weight 1
    bandwidth 50000000
    traffic ""
    reservation ""
  ]
  edge [
    source 15
    target 45
    key 0
    port 11
    weight 1
    bandwidth 50000000
    traffic ""
    reservation ""
  ]
  edge [
    source 15
    target 46
    key 0
    port 12
    weight 1
    bandwidth 50000000
    traffic ""
    reservation ""
  ]
  edge [
    source 15
    target 47
    key 0
    port 13
    weight 1
    bandwidth 50000000
    traffic ""
    reservation ""
  ]
  edge [
    source 15
    target 48
    key 0
    port 14
    weight 1
    bandwidth 50000000
    traffic ""
    reservation ""
  ]
  edge [
    source 15
    target 49
    key 0
    port 15
    weight 1
    bandwidth 50000000
    traffic ""
    reservation ""
  ]
  edge [
    source 15
    target 50
    key 0
    port 16
    weight 1
    bandwidth 50000000
    traffic ""
    reservation ""
  ]
  edge [
    source 15
    target 51
    key 0
    port 17
    weight 1
    bandwidth 50000000
    traffic ""
    reservation ""
  ]
  edge [
    source 15
    target 52
    key 0
    port 18
    weight 1
    bandwidth 50000000
    traffic ""
    reservation ""
  ]
  edge [
    source 15
    target 53
    key 0
    port 19
    weight 1
    bandwidth 50000000
    traffic ""
    reservation ""
  ]
  edge [
    source 15
    target 54
    key 0
    port 20
    weight 1
    bandwidth 50000000
    traffic ""
    reservation ""
  ]
  edge [
    source 15
    target 55
    key 0
    port 21
    weight 1
    bandwidth 50000000
    traffic ""
    reservation ""
  ]
  edge [
    source 15
    target 56
    key 0
    port 22
    weight 1
    bandwidth 50000000
    traffic ""
    reservation ""
  ]
  edge [
    source 15
    target 57
    key 0
    port 23
    weight 1
    bandwidth 50000000
    traffic ""
    reservation ""
  ]
  edge [
    source 15
    target 58
    key 0
    port 24
    weight 1
    bandwidth 50000000
    traffic ""
    reservation ""
  ]
  edge [
    source 15
    target 59
    key 0
    port 25
    weight 1
    bandwidth 50000000
    traffic ""
    reservation ""
  ]
  edge [
    source 15
    target 60
    key 0
    port 26
    weight 1
    bandwidth 50000000
    traffic ""
    reservation ""
  ]
  edge [
    source 15
    target 61
    key 0
    port 27
    weight 1
    bandwidth 50000000
    traffic ""
    reservation ""
  ]
  edge [
    source 15
    target 62
    key 0
    port 28
    weight 1
    bandwidth 50000000
    traffic ""
    reservation ""
  ]
  edge [
    source 15
    target 63
    key 0
    port 29
    weight 1
    bandwidth 50000000
    traffic ""
    reservation ""
  ]
  edge [
    source 15
    target 64
    key 0
    port 30
    weight 1
    bandwidth 50000000
    traffic ""
    reservation ""
  ]
  edge [
    source 15
    target 65
    key 0
    port 31
    weight 1
    bandwidth 50000000
    traffic ""
    reservation ""
  ]
  edge [
    source 15
    target 66
    key 0
    port 32
    weight 1
    bandwidth 50000000
    traffic ""
    reservation ""
  ]
  edge [
    source 15
    target 67
    key 0
    port 33
    weight 1
    bandwidth 50000000
    traffic ""
    reservation ""
  ]
  edge [
    source 15
    target 68
    key 0
    port 34
    weight 1
    bandwidth 50000000
    traffic ""
    reservation ""
  ]
  edge [
    source 15
    target 69
    key 0
    port 35
    weight 1
    bandwidth 50000000
    traffic ""
    reservation ""
  ]
  edge [
    source 15
    target 70
    key 0
    port 36
    weight 1
    bandwidth 50000000
    traffic ""
    reservation ""
  ]
  edge [
    source 15
    target 71
    key 0
    port 37
    weight 1
    bandwidth 50000000
    traffic ""
    reservation ""
  ]
  edge [
    source 15
    target 72
    key 0
    port 38
    weight 1
    bandwidth 50000000
    traffic ""
    reservation ""
  ]
  edge [
    source 15
    target 73
    key 0
    port 39
    weight 1
    bandwidth 50000000
    traffic ""
    reservation ""
  ]
  edge [
    source 15
    target 74
    key 0
    port 40
    weight 1
    bandwidth 50000000
    traffic ""
    reservation ""
  ]
  edge [
    source 16
    target 3
    key 0
    LinkLabel "< 10 Gbps"
    bandwidth 50000000
    traffic "3500000,3500000,3500000,3500000,3500000,3500000,3500000,3500000,3500000,3500000,3500000,3500000,3500000,200000,200000,200000,200000,200000,200000,200000,200000,200000,200000,200000,200000,200000,200000"
    reservation "3455900.0,3384500.0,3733100.0,3684800.0,3784550.0,3684800.0,3684800.0,3784550.0,3241700.0,3482150.0,3876950.0,3684800.0,3658550.0,212780.0,212780.0,177020.0,227660.0,212360.0,177020.0,212360.0,177020.0,212780.0,227660.0,177020.0,193160.0,212360.0,212780.0"
    port 0
  ]
  edge [
    source 16
    target 9
    key 0
    LinkLabel "< 155 Mbps"
    bandwidth 50000000
    traffic "18000000,18000000"
    reservation "17946000.0,17838000.0"
    port 1
  ]
  edge [
    source 16
    target 14
    key 0
    LinkLabel "< 2.5 Gbps"
    bandwidth 50000000
    traffic ""
    reservation ""
    port 2
  ]
  edge [
    source 16
    target 15
    key 0
    LinkLabel "< 10 Gbps"
    bandwidth 50000000
    traffic ""
    reservation ""
    port 3
  ]
  edge [
    source 17
    target 14
    key 0
    LinkLabel "< 155 Mbps"
    bandwidth 50000000
    traffic ""
    reservation ""
    port 0
  ]
  edge [
    source 17
    target 18
    key 0
    LinkLabel "< 155 Mbps"
    bandwidth 50000000
    traffic ""
    reservation ""
    port 1
  ]
  edge [
    source 18
    target 13
    key 0
    LinkLabel "< 155 Mbps"
    bandwidth 50000000
    traffic ""
    reservation ""
    port 0
  ]
  edge [
    source 18
    target 17
    key 0
    LinkLabel "< 155 Mbps"
    bandwidth 50000000
    traffic ""
    reservation ""
    port 1
  ]
  edge [
    source 19
    target 1
    key 0
    port 0
    weight 1
    bandwidth 350000000
    traffic ""
    reservation ""
  ]
  edge [
    source 20
    target 0
    key 0
    port 0
    weight 1
    bandwidth 350000000
    traffic ""
    reservation ""
  ]
  edge [
    source 21
    target 9
    key 0
    port 0
    weight 1
    bandwidth 350000000
    traffic ""
    reservation ""
  ]
  edge [
    source 22
    target 15
    key 0
    port 0
    weight 1
    bandwidth 50000000
    traffic "18000000"
    reservation "17946000.0"
  ]
  edge [
    source 23
    target 5
    key 0
    port 0
    weight 1
    bandwidth 50000000
    traffic "18000000"
    reservation "16423200.0"
  ]
  edge [
    source 24
    target 2
    key 0
    port 0
    weight 1
    bandwidth 50000000
    traffic "18000000"
    reservation "17838000.0"
  ]
  edge [
    source 25
    target 5
    key 0
    port 0
    weight 1
    bandwidth 50000000
    traffic "3500000"
    reservation "3455900.0"
  ]
  edge [
    source 26
    target 5
    key 0
    port 0
    weight 1
    bandwidth 50000000
    traffic "3500000"
    reservation "3384500.0"
  ]
  edge [
    source 27
    target 5
    key 0
    port 0
    weight 1
    bandwidth 50000000
    traffic "3500000"
    reservation "3733100.0"
  ]
  edge [
    source 28
    target 5
    key 0
    port 0
    weight 1
    bandwidth 50000000
    traffic "200000"
    reservation "193160.0"
  ]
  edge [
    source 29
    target 5
    key 0
    port 0
    weight 1
    bandwidth 50000000
    traffic "200000"
    reservation "227660.0"
  ]
  edge [
    source 30
    target 5
    key 0
    port 0
    weight 1
    bandwidth 50000000
    traffic "3500000"
    reservation "3684800.0"
  ]
  edge [
    source 31
    target 5
    key 0
    port 0
    weight 1
    bandwidth 50000000
    traffic "3500000"
    reservation "3784550.0"
  ]
  edge [
    source 32
    target 5
    key 0
    port 0
    weight 1
    bandwidth 50000000
    traffic "200000"
    reservation "227660.0"
  ]
  edge [
    source 33
    target 5
    key 0
    port 0
    weight 1
    bandwidth 50000000
    traffic "3500000"
    reservation "3684800.0"
  ]
  edge [
    source 34
    target 5
    key 0
    port 0
    weight 1
    bandwidth 50000000
    traffic "3500000"
    reservation "3684800.0"
  ]
  edge [
    source 35
    target 5
    key 0
    port 0
    weight 1
    bandwidth 50000000
    traffic "200000"
    reservation "212360.0"
  ]
  edge [
    source 36
    target 5
    key 0
    port 0
    weight 1
    bandwidth 50000000
    traffic "3500000"
    reservation "3784550.0"
  ]
  edge [
    source 37
    target 5
    key 0
    port 0
    weight 1
    bandwidth 50000000
    traffic "200000"
    reservation "212780.0"
  ]
  edge [
    source 38
    target 5
    key 0
    port 0
    weight 1
    bandwidth 50000000
    traffic "3500000"
    reservation "3241700.0"
  ]
  edge [
    source 39
    target 15
    key 0
    port 0
    weight 1
    bandwidth 50000000
    traffic "3500000"
    reservation "3901100.0"
  ]
  edge [
    source 40
    target 15
    key 0
    port 0
    weight 1
    bandwidth 50000000
    traffic "3500000"
    reservation "3607100.0"
  ]
  edge [
    source 41
    target 15
    key 0
    port 0
    weight 1
    bandwidth 50000000
    traffic "3500000"
    reservation "3658550.0"
  ]
  edge [
    source 42
    target 15
    key 0
    port 0
    weight 1
    bandwidth 50000000
    traffic "3500000"
    reservation "3482150.0"
  ]
  edge [
    source 43
    target 15
    key 0
    port 0
    weight 1
    bandwidth 50000000
    traffic "3500000"
    reservation "3876950.0"
  ]
  edge [
    source 44
    target 15
    key 0
    port 0
    weight 1
    bandwidth 50000000
    traffic "3500000"
    reservation "3684800.0"
  ]
  edge [
    source 45
    target 15
    key 0
    port 0
    weight 1
    bandwidth 50000000
    traffic "3500000"
    reservation "3658550.0"
  ]
  edge [
    source 46
    target 15
    key 0
    port 0
    weight 1
    bandwidth 50000000
    traffic "200000"
    reservation "193160.0"
  ]
  edge [
    source 47
    target 15
    key 0
    port 0
    weight 1
    bandwidth 50000000
    traffic "200000"
    reservation "177020.0"
  ]
  edge [
    source 48
    target 15
    key 0
    port 0
    weight 1
    bandwidth 50000000
    traffic "200000"
    reservation "177020.0"
  ]
  edge [
    source 49
    target 15
    key 0
    port 0
    weight 1
    bandwidth 50000000
    traffic "200000"
    reservation "193160.0"
  ]
  edge [
    source 50
    target 15
    key 0
    port 0
    weight 1
    bandwidth 50000000
    traffic "200000"
    reservation "177020.0"
  ]
  edge [
    source 51
    target 15
    key 0
    port 0
    weight 1
    bandwidth 50000000
    traffic "200000"
    reservation "227660.0"
  ]
  edge [
    source 52
    target 15
    key 0
    port 0
    weight 1
    bandwidth 50000000
    traffic "200000"
    reservation "212360.0"
  ]
  edge [
    source 53
    target 15
    key 0
    port 0
    weight 1
    bandwidth 50000000
    traffic "200000"
    reservation "212360.0"
  ]
  edge [
    source 54
    target 15
    key 0
    port 0
    weight 1
    bandwidth 50000000
    traffic "200000"
    reservation "212780.0"
  ]
  edge [
    source 55
    target 15
    key 0
    port 0
    weight 1
    bandwidth 50000000
    traffic "200000"
    reservation "212360.0"
  ]
  edge [
    source 56
    target 15
    key 0
    port 0
    weight 1
    bandwidth 50000000
    traffic "200000"
    reservation "212360.0"
  ]
  edge [
    source 57
    target 15
    key 0
    port 0
    weight 1
    bandwidth 50000000
    traffic "200000"
    reservation "193160.0"
  ]
  edge [
    source 58
    target 15
    key 0
    port 0
    weight 1
    bandwidth 50000000
    traffic "200000"
    reservation "227660.0"
  ]
  edge [
    source 59
    target 15
    key 0
    port 0
    weight 1
    bandwidth 50000000
    traffic "200000"
    reservation "177020.0"
  ]
  edge [
    source 60
    target 15
    key 0
    port 0
    weight 1
    bandwidth 50000000
    traffic "200000"
    reservation "193160.0"
  ]
  edge [
    source 61
    target 15
    key 0
    port 0
    weight 1
    bandwidth 50000000
    traffic "200000"
    reservation "212780.0"
  ]
  edge [
    source 62
    target 15
    key 0
    port 0
    weight 1
    bandwidth 50000000
    traffic "200000"
    reservation "212780.0"
  ]
  edge [
    source 63
    target 15
    key 0
    port 0
    weight 1
    bandwidth 50000000
    traffic "200000"
    reservation "177020.0"
  ]
  edge [
    source 64
    target 15
    key 0
    port 0
    weight 1
    bandwidth 50000000
    traffic "200000"
    reservation "227660.0"
  ]
  edge [
    source 65
    target 15
    key 0
    port 0
    weight 1
    bandwidth 50000000
    traffic "200000"
    reservation "212360.0"
  ]
  edge [
    source 66
    target 15
    key 0
    port 0
    weight 1
    bandwidth 50000000
    traffic "200000"
    reservation "177020.0"
  ]
  edge [
    source 67
    target 15
    key 0
    port 0
    weight 1
    bandwidth 50000000
    traffic "200000"
    reservation "212360.0"
  ]
  edge [
    source 68
    target 15
    key 0
    port 0
    weight 1
    bandwidth 50000000
    traffic "200000"
    reservation "177020.0"
  ]
  edge [
    source 69
    target 15
    key 0
    port 0
    weight 1
    bandwidth 50000000
    traffic "200000"
    reservation "212780.0"
  ]
  edge [
    source 70
    target 15
    key 0
    port 0
    weight 1
    bandwidth 50000000
    traffic "200000"
    reservation "227660.0"
  ]
  edge [
    source 71
    target 15
    key 0
    port 0
    weight 1
    bandwidth 50000000
    traffic "200000"
    reservation "177020.0"
  ]
  edge [
    source 72
    target 15
    key 0
    port 0
    weight 1
    bandwidth 50000000
    traffic "200000"
    reservation "193160.0"
  ]
  edge [
    source 73
    target 15
    key 0
    port 0
    weight 1
    bandwidth 50000000
    traffic "200000"
    reservation "212360.0"
  ]
  edge [
    source 74
    target 15
    key 0
    port 0
    weight 1
    bandwidth 50000000
    traffic "200000"
    reservation "212780.0"
  ]
]
