graph [
  directed 1
  multigraph 1
  GeoLocation "USA"
  GeoExtent "Country"
  Network "NSF"
  Provenance "Secondary"
  Access 0
  Source "http://www.nthelp.com/images/nsf.jpg"
  Version "1.0"
  Type "REN"
  DateType "Current"
  Backbone 1
  Commercial 0
  label "Nsfnet"
  ToolsetVersion "0.3.34dev-20120328"
  Customer 1
  IX 0
  SourceGitVersion "e278b1b"
  DateModifier "="
  DateMonth "01"
  LastAccess "14/01/11"
  Layer "IP"
  Creator "Topology Zoo Toolset"
  Developed 1
  Transit 1
  NetworkDate "2011_01"
  DateYear "2011"
  LastProcessed "2011_09_01"
  Testbed 0
  levelsToS 102
  node [
    id 0
    label "0"
    Country "United States"
    Longitude -95.36327
    Internal 1
    Latitude 29.76328
    type "inner"
    schedulingPolicy "WFQ"
    tosToQoSqueue "22,47;21,31;30;20;27,45;26;24,28,43,44;32;25,29,46,48,49,50,51,52,53,54,55,56,57,58,59,60,61;19;23,34;16;18,0,1,2,3,4,5,6,7,8,9,10,11,12,13,14,15,17,33,35,36,37,38,39,40,41,42,62,63,64,65,66,67,68,69,70,71,72,73,74,75,76,77,78,79,80,81,82,83,84,85,86,87,88,89,90,91,92,93,94,95,96,97,98,99,100,101"
    schedulingWeights "4.868,8.006,4.709,4.504,4.742,3.996,10.605,4.65,3.212,0.001,25.246,25.346,0.114;0.001,0.001,0.001,0.001,0.001,0.001,0.001,0.001,0.001,26.779,0.001,0.001,73.21;4.868,0.001,0.001,0.001,4.742,0.001,10.605,0.001,1.339,0.001,25.246,0.001,53.194"
    levelsQoS 13
    queueSizes "32,32,32,32,32,32,32,32,32,32,32,32,32"
  ]
  node [
    id 1
    label "1"
    Country "United States"
    Longitude -74.65905
    Internal 1
    Latitude 40.34872
    type "inner"
    schedulingPolicy "WFQ"
    tosToQoSqueue "22,47;21,31;30;20;27,45;26;24,28,43,44;32;25,29,46,48,49,50,51,52,53,54,55,56,57,58,59,60,61;19;23,34;16;18,0,1,2,3,4,5,6,7,8,9,10,11,12,13,14,15,17,33,35,36,37,38,39,40,41,42,62,63,64,65,66,67,68,69,70,71,72,73,74,75,76,77,78,79,80,81,82,83,84,85,86,87,88,89,90,91,92,93,94,95,96,97,98,99,100,101"
    schedulingWeights "4.868,0.001,0.001,0.001,4.742,0.001,10.605,0.001,1.339,26.779,25.246,0.001,26.416;4.868,8.006,4.709,4.504,4.742,3.996,10.605,4.65,3.212,0.001,25.246,25.346,0.114"
    levelsQoS 13
    queueSizes "32,32,32,32,32,32,32,32,32,32,32,32,32"
  ]
  node [
    id 2
    label "2"
    Country "United States"
    Longitude -84.38798
    Internal 1
    Latitude 33.749
    type "inner"
    schedulingPolicy "WFQ"
    tosToQoSqueue "22,47;21,31;30;20;27,45;26;24,28,43,44;32;25,29,46,48,49,50,51,52,53,54,55,56,57,58,59,60,61;19;23,34;16;18,0,1,2,3,4,5,6,7,8,9,10,11,12,13,14,15,17,33,35,36,37,38,39,40,41,42,62,63,64,65,66,67,68,69,70,71,72,73,74,75,76,77,78,79,80,81,82,83,84,85,86,87,88,89,90,91,92,93,94,95,96,97,98,99,100,101"
    schedulingWeights "4.868,0.001,0.001,0.001,4.742,0.001,10.605,0.001,1.339,26.779,25.246,0.001,26.416;4.868,8.006,4.709,4.504,4.742,3.996,10.605,4.65,3.212,0.001,25.246,25.346,0.114"
    levelsQoS 13
    queueSizes "32,32,32,32,32,32,32,32,32,32,32,32,32"
  ]
  node [
    id 3
    label "3"
    Country "United States"
    Longitude -79.99589
    Internal 1
    Latitude 40.44062
    type "antenna"
    schedulingPolicy "WFQ"
    tosToQoSqueue "19,0,1,2,3,4,5,6,7,8,9,10,11,12,13,14,15,16,17,18,20,21,22,23,24,25,26,27,28,29,30,31,32,33,34,35,36,37,38,39,40,41,42,43,44,45,46,47,48,49,50,51,52,53,54,55,56,57,58,59,60,61,62,63,64,65,66,67,68,69,70,71,72,73,74,75,76,77,78,79,80,81,82,83,84,85,86,87,88,89,90,91,92,93,94,95,96,97,98,99,100,101"
    schedulingWeights "100;100"
    levelsQoS 1
    queueSizes "32"
  ]
  node [
    id 4
    label "4"
    Country "United States"
    Longitude -76.49661
    Internal 1
    Latitude 42.44063
    type "antenna"
    schedulingPolicy "WFQ"
    tosToQoSqueue "22,47;21,31;30;20;27,45;26;24,28,43,44;32;25,29,46,48,49,50,51,52,53,54,55,56,57,58,59,60,61;19;23,34;16;18,0,1,2,3,4,5,6,7,8,9,10,11,12,13,14,15,17,33,35,36,37,38,39,40,41,42,62,63,64,65,66,67,68,69,70,71,72,73,74,75,76,77,78,79,80,81,82,83,84,85,86,87,88,89,90,91,92,93,94,95,96,97,98,99,100,101"
    schedulingWeights "4.868,0.001,0.001,0.001,4.742,0.001,10.605,0.001,1.339,26.779,25.246,0.001,26.416;4.868,8.006,4.709,4.504,4.742,3.996,10.605,4.65,3.212,0.001,25.246,25.346,0.114;0.001,0.001,0.001,0.001,0.001,0.001,0.001,0.001,0.001,0.001,0.001,0.001,99.988"
    levelsQoS 13
    queueSizes "32,32,32,32,32,32,32,32,32,32,32,32,32"
  ]
  node [
    id 5
    label "5"
    Country "United States"
    Longitude -122.33207
    Internal 1
    Latitude 47.60621
    type "inner"
    schedulingPolicy "WFQ"
    tosToQoSqueue "22,47;21,31;30;20;27,45;26;24,28,43,44;32;57,58,59,60,61,62,63,64,65,66,67,68,69,70,79,80,81,82,83,85,86,89,94,95,96,97,98,99,100,101;19;17;18,0,1,2,3,4,5,6,7,8,9,10,11,12,13,14,15,16,23,25,29,33,34,35,36,37,38,39,40,41,42,46,48,49,50,51,52,53,54,55,56,71,72,73,74,75,76,77,78,84,87,88,90,91,92,93"
    schedulingWeights "9.737,8.006,4.709,4.504,9.485,3.996,21.209,4.65,0.001,0.001,0.001,33.702;0.001,0.001,0.001,0.001,0.001,0.001,0.001,0.001,8.031,26.779,25.303,39.878"
    levelsQoS 12
    queueSizes "32,32,32,32,32,32,32,32,32,32,32,32"
  ]
  node [
    id 6
    label "6"
    Country "United States"
    Longitude -122.14302
    Internal 1
    Latitude 37.44188
    type "destination_embb"
    schedulingPolicy "FIFO"
    levelsQoS "1"
    schedulingWeights "-"
    tosToQoSqueue "0,1,2,3,4,5,6,7,8,9,10,11,12,13,14,15,16,17,18,19,20,21,22,23,24,25,26,27,28,29,30,31,32,33,34,35,36,37,38,39,40,41,42,43,44,45,46,47,48,49,50,51,52,53,54,55,56,57,58,59,60,61,62,63,64,65,66,67,68,69,70,71,72,73,74,75,76,77,78,79,80,81,82,83,84,85,86,87,88,89,90,91,92,93,94,95,96,97,98,99,100,101"
    queueSizes "32"
  ]
  node [
    id 7
    label "7"
    Country "United States"
    Longitude -117.15726
    Internal 1
    Latitude 32.71533
    type "destination_mmtc"
    schedulingPolicy "FIFO"
    levelsQoS "1"
    schedulingWeights "-"
    tosToQoSqueue "0,1,2,3,4,5,6,7,8,9,10,11,12,13,14,15,16,17,18,19,20,21,22,23,24,25,26,27,28,29,30,31,32,33,34,35,36,37,38,39,40,41,42,43,44,45,46,47,48,49,50,51,52,53,54,55,56,57,58,59,60,61,62,63,64,65,66,67,68,69,70,71,72,73,74,75,76,77,78,79,80,81,82,83,84,85,86,87,88,89,90,91,92,93,94,95,96,97,98,99,100,101"
    queueSizes "32"
  ]
  node [
    id 8
    label "8"
    Country "United States"
    Longitude -111.89105
    Internal 1
    Latitude 40.76078
    type "antenna"
    schedulingPolicy "WFQ"
    tosToQoSqueue "71,74,75;84;93;72;76,77;73;88;87,92;78,91;90;79,80,81,82,83,85,86,89,94,95,96,97,98,99,100,101;17,0,1,2,3,4,5,6,7,8,9,10,11,12,13,14,15,16,18,19,20,21,22,23,24,25,26,27,28,29,30,31,32,33,34,35,36,37,38,39,40,41,42,43,44,45,46,47,48,49,50,51,52,53,54,55,56,57,58,59,60,61,62,63,64,65,66,67,68,69,70"
    schedulingWeights "14.605,4.003,5.045,4.709,9.009,4.742,5.054,7.992,10.605,4.65,4.283,25.304;0.001,0.001,0.001,0.001,0.001,0.001,0.001,0.001,0.001,0.001,0.001,99.989;0.001,0.001,0.001,0.001,0.001,0.001,0.001,0.001,0.001,0.001,0.001,99.989;0.001,0.001,0.001,0.001,0.001,0.001,0.001,0.001,0.001,0.001,0.001,99.989;0.001,0.001,0.001,0.001,0.001,0.001,0.001,0.001,0.001,0.001,0.001,99.989;0.001,0.001,0.001,0.001,0.001,0.001,0.001,0.001,0.001,0.001,0.001,99.989;0.001,0.001,0.001,0.001,0.001,0.001,0.001,0.001,0.001,0.001,0.001,99.989;0.001,0.001,0.001,0.001,0.001,0.001,0.001,0.001,0.001,0.001,0.001,99.989;0.001,0.001,0.001,0.001,0.001,0.001,0.001,0.001,0.001,0.001,0.001,99.989;0.001,0.001,0.001,0.001,0.001,0.001,0.001,0.001,0.001,0.001,0.001,99.989;0.001,0.001,0.001,0.001,0.001,0.001,0.001,0.001,0.001,0.001,0.001,99.989;0.001,0.001,0.001,0.001,0.001,0.001,0.001,0.001,0.001,0.001,0.001,99.989;0.001,0.001,0.001,0.001,0.001,0.001,0.001,0.001,0.001,0.001,0.001,99.989;0.001,0.001,0.001,0.001,0.001,0.001,0.001,0.001,0.001,0.001,0.001,99.989;0.001,0.001,0.001,0.001,0.001,0.001,0.001,0.001,0.001,0.001,0.001,99.989;0.001,0.001,0.001,0.001,0.001,0.001,0.001,0.001,0.001,0.001,0.001,99.989;0.001,0.001,0.001,0.001,0.001,0.001,0.001,0.001,0.001,0.001,0.001,99.989;0.001,0.001,0.001,0.001,0.001,0.001,0.001,0.001,0.001,0.001,0.001,99.989;0.001,0.001,0.001,0.001,0.001,0.001,0.001,0.001,0.001,0.001,0.001,99.989;0.001,0.001,0.001,0.001,0.001,0.001,0.001,0.001,0.001,0.001,0.001,99.989;0.001,0.001,0.001,0.001,0.001,0.001,0.001,0.001,0.001,0.001,0.001,99.989;0.001,0.001,0.001,0.001,0.001,0.001,0.001,0.001,0.001,0.001,0.001,99.989;0.001,0.001,0.001,0.001,0.001,0.001,0.001,0.001,0.001,0.001,0.001,99.989;0.001,0.001,0.001,0.001,0.001,0.001,0.001,0.001,0.001,0.001,0.001,99.989;0.001,0.001,0.001,0.001,0.001,0.001,0.001,0.001,0.001,0.001,0.001,99.989;0.001,0.001,0.001,0.001,0.001,0.001,0.001,0.001,0.001,0.001,0.001,99.989;0.001,0.001,0.001,0.001,0.001,0.001,0.001,0.001,0.001,0.001,0.001,99.989;0.001,0.001,0.001,0.001,0.001,0.001,0.001,0.001,0.001,0.001,0.001,99.989;0.001,0.001,0.001,0.001,0.001,0.001,0.001,0.001,0.001,0.001,0.001,99.989;0.001,0.001,0.001,0.001,0.001,0.001,0.001,0.001,0.001,0.001,0.001,99.989;0.001,0.001,0.001,0.001,0.001,0.001,0.001,0.001,0.001,0.001,0.001,99.989;0.001,0.001,0.001,0.001,0.001,0.001,0.001,0.001,0.001,0.001,0.001,99.989;0.001,0.001,0.001,0.001,0.001,0.001,0.001,0.001,0.001,0.001,0.001,99.989"
    levelsQoS 12
    queueSizes "32,32,32,32,32,32,32,32,32,32,32,32"
  ]
  node [
    id 9
    label "9"
    Country "United States"
    Longitude -105.27055
    Internal 1
    Latitude 40.01499
    type "destination_urllc"
    schedulingPolicy "FIFO"
    levelsQoS "1"
    schedulingWeights "-"
    tosToQoSqueue "0,1,2,3,4,5,6,7,8,9,10,11,12,13,14,15,16,17,18,19,20,21,22,23,24,25,26,27,28,29,30,31,32,33,34,35,36,37,38,39,40,41,42,43,44,45,46,47,48,49,50,51,52,53,54,55,56,57,58,59,60,61,62,63,64,65,66,67,68,69,70,71,72,73,74,75,76,77,78,79,80,81,82,83,84,85,86,87,88,89,90,91,92,93,94,95,96,97,98,99,100,101"
    queueSizes "32"
  ]
  node [
    id 10
    label "10"
    Country "United States"
    Longitude -96.66696
    Internal 1
    Latitude 40.8
    type "inner"
    schedulingPolicy "WFQ"
    tosToQoSqueue "0,1,2,3,4,5,6,7,8,9,10,11,12,13,14,15,16,17,18,19,20,21,22,23,24,25,26,27,28,29,30,31,32,33,34,35,36,37,38,39,40,41,42,43,44,45,46,47,48,49,50,51,52,53,54,55,56,57,58,59,60,61,62,63,64,65,66,67,68,69,70,71,72,73,74,75,76,77,78,79,80,81,82,83,84,85,86,87,88,89,90,91,92,93,94,95,96,97,98,99,100,101"
    schedulingWeights "100"
    levelsQoS 1
    queueSizes "32"
  ]
  node [
    id 11
    label "11"
    Country "United States"
    Longitude -88.24338
    Internal 1
    Latitude 40.11642
    type "antenna"
    schedulingPolicy "WFQ"
    tosToQoSqueue "22,41,42,47;21,31;30,35,36,39;20,37;27,33,40,45;38;26;24,28,43,44;32;25,29,46,48,49,50,51,52,53,54,55,56,57,58,59,60,61,62,63,64,65,66,67,68,69,70;19;23,34;16;18,0,1,2,3,4,5,6,7,8,9,10,11,12,13,14,15,17,71,72,73,74,75,76,77,78,79,80,81,82,83,84,85,86,87,88,89,90,91,92,93,94,95,96,97,98,99,100,101"
    schedulingWeights "4.868,8.006,4.709,4.504,4.742,0.001,3.996,10.605,4.65,3.212,0.001,25.246,25.346,0.113;9.737,0.001,14.126,4.504,9.485,5.054,0.001,0.001,0.001,3.748,26.779,0.001,0.001,26.561;0.001,0.001,0.001,0.001,0.001,0.001,0.001,0.001,0.001,0.001,0.001,0.001,0.001,99.987;4.868,0.001,0.001,0.001,4.742,0.001,0.001,10.605,0.001,0.001,0.001,25.246,0.001,54.53;0.001,0.001,0.001,0.001,0.001,0.001,0.001,0.001,0.001,0.001,0.001,0.001,0.001,99.987;0.001,0.001,0.001,0.001,0.001,0.001,0.001,0.001,0.001,0.001,0.001,0.001,0.001,99.987;0.001,0.001,0.001,0.001,0.001,0.001,0.001,0.001,0.001,0.001,0.001,0.001,0.001,99.987;0.001,0.001,0.001,0.001,0.001,0.001,0.001,0.001,0.001,0.001,0.001,0.001,0.001,99.987;0.001,0.001,0.001,0.001,0.001,0.001,0.001,0.001,0.001,0.001,0.001,0.001,0.001,99.987;0.001,0.001,0.001,0.001,0.001,0.001,0.001,0.001,0.001,0.001,0.001,0.001,0.001,99.987;0.001,0.001,0.001,0.001,0.001,0.001,0.001,0.001,0.001,0.001,0.001,0.001,0.001,99.987;0.001,0.001,0.001,0.001,0.001,0.001,0.001,0.001,0.001,0.001,0.001,0.001,0.001,99.987;0.001,0.001,0.001,0.001,0.001,0.001,0.001,0.001,0.001,0.001,0.001,0.001,0.001,99.987;0.001,0.001,0.001,0.001,0.001,0.001,0.001,0.001,0.001,0.001,0.001,0.001,0.001,99.987;0.001,0.001,0.001,0.001,0.001,0.001,0.001,0.001,0.001,0.001,0.001,0.001,0.001,99.987;0.001,0.001,0.001,0.001,0.001,0.001,0.001,0.001,0.001,0.001,0.001,0.001,0.001,99.987;0.001,0.001,0.001,0.001,0.001,0.001,0.001,0.001,0.001,0.001,0.001,0.001,0.001,99.987;0.001,0.001,0.001,0.001,0.001,0.001,0.001,0.001,0.001,0.001,0.001,0.001,0.001,99.987;0.001,0.001,0.001,0.001,0.001,0.001,0.001,0.001,0.001,0.001,0.001,0.001,0.001,99.987;0.001,0.001,0.001,0.001,0.001,0.001,0.001,0.001,0.001,0.001,0.001,0.001,0.001,99.987;0.001,0.001,0.001,0.001,0.001,0.001,0.001,0.001,0.001,0.001,0.001,0.001,0.001,99.987;0.001,0.001,0.001,0.001,0.001,0.001,0.001,0.001,0.001,0.001,0.001,0.001,0.001,99.987;0.001,0.001,0.001,0.001,0.001,0.001,0.001,0.001,0.001,0.001,0.001,0.001,0.001,99.987;0.001,0.001,0.001,0.001,0.001,0.001,0.001,0.001,0.001,0.001,0.001,0.001,0.001,99.987;0.001,0.001,0.001,0.001,0.001,0.001,0.001,0.001,0.001,0.001,0.001,0.001,0.001,99.987;0.001,0.001,0.001,0.001,0.001,0.001,0.001,0.001,0.001,0.001,0.001,0.001,0.001,99.987;0.001,0.001,0.001,0.001,0.001,0.001,0.001,0.001,0.001,0.001,0.001,0.001,0.001,99.987;0.001,0.001,0.001,0.001,0.001,0.001,0.001,0.001,0.001,0.001,0.001,0.001,0.001,99.987;0.001,0.001,0.001,0.001,0.001,0.001,0.001,0.001,0.001,0.001,0.001,0.001,0.001,99.987;0.001,0.001,0.001,0.001,0.001,0.001,0.001,0.001,0.001,0.001,0.001,0.001,0.001,99.987;0.001,0.001,0.001,0.001,0.001,0.001,0.001,0.001,0.001,0.001,0.001,0.001,0.001,99.987;0.001,0.001,0.001,0.001,0.001,0.001,0.001,0.001,0.001,0.001,0.001,0.001,0.001,99.987;0.001,0.001,0.001,0.001,0.001,0.001,0.001,0.001,0.001,0.001,0.001,0.001,0.001,99.987;0.001,0.001,0.001,0.001,0.001,0.001,0.001,0.001,0.001,0.001,0.001,0.001,0.001,99.987;0.001,0.001,0.001,0.001,0.001,0.001,0.001,0.001,0.001,0.001,0.001,0.001,0.001,99.987;0.001,0.001,0.001,0.001,0.001,0.001,0.001,0.001,0.001,0.001,0.001,0.001,0.001,99.987;0.001,0.001,0.001,0.001,0.001,0.001,0.001,0.001,0.001,0.001,0.001,0.001,0.001,99.987;0.001,0.001,0.001,0.001,0.001,0.001,0.001,0.001,0.001,0.001,0.001,0.001,0.001,99.987;0.001,0.001,0.001,0.001,0.001,0.001,0.001,0.001,0.001,0.001,0.001,0.001,0.001,99.987;0.001,0.001,0.001,0.001,0.001,0.001,0.001,0.001,0.001,0.001,0.001,0.001,0.001,99.987;0.001,0.001,0.001,0.001,0.001,0.001,0.001,0.001,0.001,0.001,0.001,0.001,0.001,99.987;0.001,0.001,0.001,0.001,0.001,0.001,0.001,0.001,0.001,0.001,0.001,0.001,0.001,99.987;0.001,0.001,0.001,0.001,0.001,0.001,0.001,0.001,0.001,0.001,0.001,0.001,0.001,99.987;0.001,0.001,0.001,0.001,0.001,0.001,0.001,0.001,0.001,0.001,0.001,0.001,0.001,99.987;0.001,0.001,0.001,0.001,0.001,0.001,0.001,0.001,0.001,0.001,0.001,0.001,0.001,99.987;0.001,0.001,0.001,0.001,0.001,0.001,0.001,0.001,0.001,0.001,0.001,0.001,0.001,99.987;0.001,0.001,0.001,0.001,0.001,0.001,0.001,0.001,0.001,0.001,0.001,0.001,0.001,99.987;0.001,0.001,0.001,0.001,0.001,0.001,0.001,0.001,0.001,0.001,0.001,0.001,0.001,99.987;0.001,0.001,0.001,0.001,0.001,0.001,0.001,0.001,0.001,0.001,0.001,0.001,0.001,99.987;0.001,0.001,0.001,0.001,0.001,0.001,0.001,0.001,0.001,0.001,0.001,0.001,0.001,99.987;0.001,0.001,0.001,0.001,0.001,0.001,0.001,0.001,0.001,0.001,0.001,0.001,0.001,99.987;0.001,0.001,0.001,0.001,0.001,0.001,0.001,0.001,0.001,0.001,0.001,0.001,0.001,99.987;0.001,0.001,0.001,0.001,0.001,0.001,0.001,0.001,0.001,0.001,0.001,0.001,0.001,99.987;0.001,0.001,0.001,0.001,0.001,0.001,0.001,0.001,0.001,0.001,0.001,0.001,0.001,99.987;0.001,0.001,0.001,0.001,0.001,0.001,0.001,0.001,0.001,0.001,0.001,0.001,0.001,99.987;0.001,0.001,0.001,0.001,0.001,0.001,0.001,0.001,0.001,0.001,0.001,0.001,0.001,99.987"
    levelsQoS 14
    queueSizes "32,32,32,32,32,32,32,32,32,32,32,32,32,32"
  ]
  node [
    id 12
    label "12"
    Country "United States"
    Longitude -83.74088
    Internal 1
    Latitude 42.27756
    type "inner"
    schedulingPolicy "WFQ"
    tosToQoSqueue "22,47;21,31;30;20;27,45;26;24,28,43,44;32;25,29,46,48,49,50,51,52,53,54,55,56,57,58,59,60,61;19;23,34;16,0,1,2,3,4,5,6,7,8,9,10,11,12,13,14,15,17,18,33,35,36,37,38,39,40,41,42,62,63,64,65,66,67,68,69,70,71,72,73,74,75,76,77,78,79,80,81,82,83,84,85,86,87,88,89,90,91,92,93,94,95,96,97,98,99,100,101"
    schedulingWeights "0.001,0.001,0.001,0.001,0.001,0.001,0.001,0.001,0.001,0.001,0.001,99.989;4.868,0.001,0.001,0.001,4.742,0.001,10.605,0.001,1.339,26.779,25.246,26.417;4.868,8.006,4.709,4.504,4.742,3.996,10.605,4.65,3.212,0.001,25.246,25.461;0.001,0.001,0.001,0.001,0.001,0.001,0.001,0.001,0.001,0.001,0.001,99.989"
    levelsQoS 12
    queueSizes "32,32,32,32,32,32,32,32,32,32,32,32"
  ]
  node [
    id 13
    label "13"
    schedulingPolicy "FIFO"
    levelsQoS "1"
    schedulingWeights "-"
    tosToQoSqueue "0,1,2,3,4,5,6,7,8,9,10,11,12,13,14,15,16,17,18,19,20,21,22,23,24,25,26,27,28,29,30,31,32,33,34,35,36,37,38,39,40,41,42,43,44,45,46,47,48,49,50,51,52,53,54,55,56,57,58,59,60,61,62,63,64,65,66,67,68,69,70,71,72,73,74,75,76,77,78,79,80,81,82,83,84,85,86,87,88,89,90,91,92,93,94,95,96,97,98,99,100,101"
    queueSizes "32"
    type "destination_urllc"
  ]
  node [
    id 14
    label "14"
    schedulingPolicy "FIFO"
    levelsQoS "1"
    schedulingWeights "-"
    tosToQoSqueue "0,1,2,3,4,5,6,7,8,9,10,11,12,13,14,15,16,17,18,19,20,21,22,23,24,25,26,27,28,29,30,31,32,33,34,35,36,37,38,39,40,41,42,43,44,45,46,47,48,49,50,51,52,53,54,55,56,57,58,59,60,61,62,63,64,65,66,67,68,69,70,71,72,73,74,75,76,77,78,79,80,81,82,83,84,85,86,87,88,89,90,91,92,93,94,95,96,97,98,99,100,101"
    queueSizes "32"
    type "destination_mmtc"
  ]
  node [
    id 15
    label "15"
    schedulingPolicy "FIFO"
    levelsQoS "1"
    schedulingWeights "-"
    tosToQoSqueue "0,1,2,3,4,5,6,7,8,9,10,11,12,13,14,15,16,17,18,19,20,21,22,23,24,25,26,27,28,29,30,31,32,33,34,35,36,37,38,39,40,41,42,43,44,45,46,47,48,49,50,51,52,53,54,55,56,57,58,59,60,61,62,63,64,65,66,67,68,69,70,71,72,73,74,75,76,77,78,79,80,81,82,83,84,85,86,87,88,89,90,91,92,93,94,95,96,97,98,99,100,101"
    queueSizes "32"
    type "destination_embb"
  ]
  node [
    id 16
    label "16"
    schedulingPolicy "FIFO"
    levelsQoS "1"
    schedulingWeights "-"
    tosToQoSqueue "0,1,2,3,4,5,6,7,8,9,10,11,12,13,14,15,16,17,18,19,20,21,22,23,24,25,26,27,28,29,30,31,32,33,34,35,36,37,38,39,40,41,42,43,44,45,46,47,48,49,50,51,52,53,54,55,56,57,58,59,60,61,62,63,64,65,66,67,68,69,70,71,72,73,74,75,76,77,78,79,80,81,82,83,84,85,86,87,88,89,90,91,92,93,94,95,96,97,98,99,100,101"
    queueSizes "32"
    type "origin_embb"
    reservation 19009800.0
  ]
  node [
    id 17
    label "17"
    schedulingPolicy "FIFO"
    levelsQoS "1"
    schedulingWeights "-"
    tosToQoSqueue "0,1,2,3,4,5,6,7,8,9,10,11,12,13,14,15,16,17,18,19,20,21,22,23,24,25,26,27,28,29,30,31,32,33,34,35,36,37,38,39,40,41,42,43,44,45,46,47,48,49,50,51,52,53,54,55,56,57,58,59,60,61,62,63,64,65,66,67,68,69,70,71,72,73,74,75,76,77,78,79,80,81,82,83,84,85,86,87,88,89,90,91,92,93,94,95,96,97,98,99,100,101"
    queueSizes "32"
    type "origin_embb"
    reservation 18977400.0
  ]
  node [
    id 18
    label "18"
    schedulingPolicy "FIFO"
    levelsQoS "1"
    schedulingWeights "-"
    tosToQoSqueue "0,1,2,3,4,5,6,7,8,9,10,11,12,13,14,15,16,17,18,19,20,21,22,23,24,25,26,27,28,29,30,31,32,33,34,35,36,37,38,39,40,41,42,43,44,45,46,47,48,49,50,51,52,53,54,55,56,57,58,59,60,61,62,63,64,65,66,67,68,69,70,71,72,73,74,75,76,77,78,79,80,81,82,83,84,85,86,87,88,89,90,91,92,93,94,95,96,97,98,99,100,101"
    queueSizes "32"
    type "origin_embb"
    reservation 19782000.0
  ]
  node [
    id 19
    label "19"
    schedulingPolicy "FIFO"
    levelsQoS "1"
    schedulingWeights "-"
    tosToQoSqueue "0,1,2,3,4,5,6,7,8,9,10,11,12,13,14,15,16,17,18,19,20,21,22,23,24,25,26,27,28,29,30,31,32,33,34,35,36,37,38,39,40,41,42,43,44,45,46,47,48,49,50,51,52,53,54,55,56,57,58,59,60,61,62,63,64,65,66,67,68,69,70,71,72,73,74,75,76,77,78,79,80,81,82,83,84,85,86,87,88,89,90,91,92,93,94,95,96,97,98,99,100,101"
    queueSizes "32"
    type "origin_embb"
    reservation 20084400.0
  ]
  node [
    id 20
    label "20"
    schedulingPolicy "FIFO"
    levelsQoS "1"
    schedulingWeights "-"
    tosToQoSqueue "0,1,2,3,4,5,6,7,8,9,10,11,12,13,14,15,16,17,18,19,20,21,22,23,24,25,26,27,28,29,30,31,32,33,34,35,36,37,38,39,40,41,42,43,44,45,46,47,48,49,50,51,52,53,54,55,56,57,58,59,60,61,62,63,64,65,66,67,68,69,70,71,72,73,74,75,76,77,78,79,80,81,82,83,84,85,86,87,88,89,90,91,92,93,94,95,96,97,98,99,100,101"
    queueSizes "32"
    type "origin_urllc"
    reservation 3378200.0
  ]
  node [
    id 21
    label "21"
    schedulingPolicy "FIFO"
    levelsQoS "1"
    schedulingWeights "-"
    tosToQoSqueue "0,1,2,3,4,5,6,7,8,9,10,11,12,13,14,15,16,17,18,19,20,21,22,23,24,25,26,27,28,29,30,31,32,33,34,35,36,37,38,39,40,41,42,43,44,45,46,47,48,49,50,51,52,53,54,55,56,57,58,59,60,61,62,63,64,65,66,67,68,69,70,71,72,73,74,75,76,77,78,79,80,81,82,83,84,85,86,87,88,89,90,91,92,93,94,95,96,97,98,99,100,101"
    queueSizes "32"
    type "origin_urllc"
    reservation 3002300.0
  ]
  node [
    id 22
    label "22"
    schedulingPolicy "FIFO"
    levelsQoS "1"
    schedulingWeights "-"
    tosToQoSqueue "0,1,2,3,4,5,6,7,8,9,10,11,12,13,14,15,16,17,18,19,20,21,22,23,24,25,26,27,28,29,30,31,32,33,34,35,36,37,38,39,40,41,42,43,44,45,46,47,48,49,50,51,52,53,54,55,56,57,58,59,60,61,62,63,64,65,66,67,68,69,70,71,72,73,74,75,76,77,78,79,80,81,82,83,84,85,86,87,88,89,90,91,92,93,94,95,96,97,98,99,100,101"
    queueSizes "32"
    type "origin_urllc"
    reservation 3651200.0
  ]
  node [
    id 23
    label "23"
    schedulingPolicy "FIFO"
    levelsQoS "1"
    schedulingWeights "-"
    tosToQoSqueue "0,1,2,3,4,5,6,7,8,9,10,11,12,13,14,15,16,17,18,19,20,21,22,23,24,25,26,27,28,29,30,31,32,33,34,35,36,37,38,39,40,41,42,43,44,45,46,47,48,49,50,51,52,53,54,55,56,57,58,59,60,61,62,63,64,65,66,67,68,69,70,71,72,73,74,75,76,77,78,79,80,81,82,83,84,85,86,87,88,89,90,91,92,93,94,95,96,97,98,99,100,101"
    queueSizes "32"
    type "origin_embb"
    reservation 18934200.0
  ]
  node [
    id 24
    label "24"
    schedulingPolicy "FIFO"
    levelsQoS "1"
    schedulingWeights "-"
    tosToQoSqueue "0,1,2,3,4,5,6,7,8,9,10,11,12,13,14,15,16,17,18,19,20,21,22,23,24,25,26,27,28,29,30,31,32,33,34,35,36,37,38,39,40,41,42,43,44,45,46,47,48,49,50,51,52,53,54,55,56,57,58,59,60,61,62,63,64,65,66,67,68,69,70,71,72,73,74,75,76,77,78,79,80,81,82,83,84,85,86,87,88,89,90,91,92,93,94,95,96,97,98,99,100,101"
    queueSizes "32"
    type "origin_urllc"
    reservation 3976700.0
  ]
  node [
    id 25
    label "25"
    schedulingPolicy "FIFO"
    levelsQoS "1"
    schedulingWeights "-"
    tosToQoSqueue "0,1,2,3,4,5,6,7,8,9,10,11,12,13,14,15,16,17,18,19,20,21,22,23,24,25,26,27,28,29,30,31,32,33,34,35,36,37,38,39,40,41,42,43,44,45,46,47,48,49,50,51,52,53,54,55,56,57,58,59,60,61,62,63,64,65,66,67,68,69,70,71,72,73,74,75,76,77,78,79,80,81,82,83,84,85,86,87,88,89,90,91,92,93,94,95,96,97,98,99,100,101"
    queueSizes "32"
    type "origin_mmtc"
    reservation 200780.0
  ]
  node [
    id 26
    label "26"
    schedulingPolicy "FIFO"
    levelsQoS "1"
    schedulingWeights "-"
    tosToQoSqueue "0,1,2,3,4,5,6,7,8,9,10,11,12,13,14,15,16,17,18,19,20,21,22,23,24,25,26,27,28,29,30,31,32,33,34,35,36,37,38,39,40,41,42,43,44,45,46,47,48,49,50,51,52,53,54,55,56,57,58,59,60,61,62,63,64,65,66,67,68,69,70,71,72,73,74,75,76,77,78,79,80,81,82,83,84,85,86,87,88,89,90,91,92,93,94,95,96,97,98,99,100,101"
    queueSizes "32"
    type "origin_urllc"
    reservation 2997050.0
  ]
  node [
    id 27
    label "27"
    schedulingPolicy "FIFO"
    levelsQoS "1"
    schedulingWeights "-"
    tosToQoSqueue "0,1,2,3,4,5,6,7,8,9,10,11,12,13,14,15,16,17,18,19,20,21,22,23,24,25,26,27,28,29,30,31,32,33,34,35,36,37,38,39,40,41,42,43,44,45,46,47,48,49,50,51,52,53,54,55,56,57,58,59,60,61,62,63,64,65,66,67,68,69,70,71,72,73,74,75,76,77,78,79,80,81,82,83,84,85,86,87,88,89,90,91,92,93,94,95,96,97,98,99,100,101"
    queueSizes "32"
    type "origin_urllc"
    reservation 3556700.0
  ]
  node [
    id 28
    label "28"
    schedulingPolicy "FIFO"
    levelsQoS "1"
    schedulingWeights "-"
    tosToQoSqueue "0,1,2,3,4,5,6,7,8,9,10,11,12,13,14,15,16,17,18,19,20,21,22,23,24,25,26,27,28,29,30,31,32,33,34,35,36,37,38,39,40,41,42,43,44,45,46,47,48,49,50,51,52,53,54,55,56,57,58,59,60,61,62,63,64,65,66,67,68,69,70,71,72,73,74,75,76,77,78,79,80,81,82,83,84,85,86,87,88,89,90,91,92,93,94,95,96,97,98,99,100,101"
    queueSizes "32"
    type "origin_urllc"
    reservation 3976700.0
  ]
  node [
    id 29
    label "29"
    schedulingPolicy "FIFO"
    levelsQoS "1"
    schedulingWeights "-"
    tosToQoSqueue "0,1,2,3,4,5,6,7,8,9,10,11,12,13,14,15,16,17,18,19,20,21,22,23,24,25,26,27,28,29,30,31,32,33,34,35,36,37,38,39,40,41,42,43,44,45,46,47,48,49,50,51,52,53,54,55,56,57,58,59,60,61,62,63,64,65,66,67,68,69,70,71,72,73,74,75,76,77,78,79,80,81,82,83,84,85,86,87,88,89,90,91,92,93,94,95,96,97,98,99,100,101"
    queueSizes "32"
    type "origin_mmtc"
    reservation 200780.0
  ]
  node [
    id 30
    label "30"
    schedulingPolicy "FIFO"
    levelsQoS "1"
    schedulingWeights "-"
    tosToQoSqueue "0,1,2,3,4,5,6,7,8,9,10,11,12,13,14,15,16,17,18,19,20,21,22,23,24,25,26,27,28,29,30,31,32,33,34,35,36,37,38,39,40,41,42,43,44,45,46,47,48,49,50,51,52,53,54,55,56,57,58,59,60,61,62,63,64,65,66,67,68,69,70,71,72,73,74,75,76,77,78,79,80,81,82,83,84,85,86,87,88,89,90,91,92,93,94,95,96,97,98,99,100,101"
    queueSizes "32"
    type "origin_urllc"
    reservation 3531500.0
  ]
  node [
    id 31
    label "31"
    schedulingPolicy "FIFO"
    levelsQoS "1"
    schedulingWeights "-"
    tosToQoSqueue "0,1,2,3,4,5,6,7,8,9,10,11,12,13,14,15,16,17,18,19,20,21,22,23,24,25,26,27,28,29,30,31,32,33,34,35,36,37,38,39,40,41,42,43,44,45,46,47,48,49,50,51,52,53,54,55,56,57,58,59,60,61,62,63,64,65,66,67,68,69,70,71,72,73,74,75,76,77,78,79,80,81,82,83,84,85,86,87,88,89,90,91,92,93,94,95,96,97,98,99,100,101"
    queueSizes "32"
    type "origin_urllc"
    reservation 3002300.0
  ]
  node [
    id 32
    label "32"
    schedulingPolicy "FIFO"
    levelsQoS "1"
    schedulingWeights "-"
    tosToQoSqueue "0,1,2,3,4,5,6,7,8,9,10,11,12,13,14,15,16,17,18,19,20,21,22,23,24,25,26,27,28,29,30,31,32,33,34,35,36,37,38,39,40,41,42,43,44,45,46,47,48,49,50,51,52,53,54,55,56,57,58,59,60,61,62,63,64,65,66,67,68,69,70,71,72,73,74,75,76,77,78,79,80,81,82,83,84,85,86,87,88,89,90,91,92,93,94,95,96,97,98,99,100,101"
    queueSizes "32"
    type "origin_urllc"
    reservation 3487400.0
  ]
  node [
    id 33
    label "33"
    schedulingPolicy "FIFO"
    levelsQoS "1"
    schedulingWeights "-"
    tosToQoSqueue "0,1,2,3,4,5,6,7,8,9,10,11,12,13,14,15,16,17,18,19,20,21,22,23,24,25,26,27,28,29,30,31,32,33,34,35,36,37,38,39,40,41,42,43,44,45,46,47,48,49,50,51,52,53,54,55,56,57,58,59,60,61,62,63,64,65,66,67,68,69,70,71,72,73,74,75,76,77,78,79,80,81,82,83,84,85,86,87,88,89,90,91,92,93,94,95,96,97,98,99,100,101"
    queueSizes "32"
    type "origin_urllc"
    reservation 3556700.0
  ]
  node [
    id 34
    label "34"
    schedulingPolicy "FIFO"
    levelsQoS "1"
    schedulingWeights "-"
    tosToQoSqueue "0,1,2,3,4,5,6,7,8,9,10,11,12,13,14,15,16,17,18,19,20,21,22,23,24,25,26,27,28,29,30,31,32,33,34,35,36,37,38,39,40,41,42,43,44,45,46,47,48,49,50,51,52,53,54,55,56,57,58,59,60,61,62,63,64,65,66,67,68,69,70,71,72,73,74,75,76,77,78,79,80,81,82,83,84,85,86,87,88,89,90,91,92,93,94,95,96,97,98,99,100,101"
    queueSizes "32"
    type "origin_embb"
    reservation 18934200.0
  ]
  node [
    id 35
    label "35"
    schedulingPolicy "FIFO"
    levelsQoS "1"
    schedulingWeights "-"
    tosToQoSqueue "0,1,2,3,4,5,6,7,8,9,10,11,12,13,14,15,16,17,18,19,20,21,22,23,24,25,26,27,28,29,30,31,32,33,34,35,36,37,38,39,40,41,42,43,44,45,46,47,48,49,50,51,52,53,54,55,56,57,58,59,60,61,62,63,64,65,66,67,68,69,70,71,72,73,74,75,76,77,78,79,80,81,82,83,84,85,86,87,88,89,90,91,92,93,94,95,96,97,98,99,100,101"
    queueSizes "32"
    type "origin_urllc"
    reservation 3531500.0
  ]
  node [
    id 36
    label "36"
    schedulingPolicy "FIFO"
    levelsQoS "1"
    schedulingWeights "-"
    tosToQoSqueue "0,1,2,3,4,5,6,7,8,9,10,11,12,13,14,15,16,17,18,19,20,21,22,23,24,25,26,27,28,29,30,31,32,33,34,35,36,37,38,39,40,41,42,43,44,45,46,47,48,49,50,51,52,53,54,55,56,57,58,59,60,61,62,63,64,65,66,67,68,69,70,71,72,73,74,75,76,77,78,79,80,81,82,83,84,85,86,87,88,89,90,91,92,93,94,95,96,97,98,99,100,101"
    queueSizes "32"
    type "origin_urllc"
    reservation 3531500.0
  ]
  node [
    id 37
    label "37"
    schedulingPolicy "FIFO"
    levelsQoS "1"
    schedulingWeights "-"
    tosToQoSqueue "0,1,2,3,4,5,6,7,8,9,10,11,12,13,14,15,16,17,18,19,20,21,22,23,24,25,26,27,28,29,30,31,32,33,34,35,36,37,38,39,40,41,42,43,44,45,46,47,48,49,50,51,52,53,54,55,56,57,58,59,60,61,62,63,64,65,66,67,68,69,70,71,72,73,74,75,76,77,78,79,80,81,82,83,84,85,86,87,88,89,90,91,92,93,94,95,96,97,98,99,100,101"
    queueSizes "32"
    type "origin_urllc"
    reservation 3378200.0
  ]
  node [
    id 38
    label "38"
    schedulingPolicy "FIFO"
    levelsQoS "1"
    schedulingWeights "-"
    tosToQoSqueue "0,1,2,3,4,5,6,7,8,9,10,11,12,13,14,15,16,17,18,19,20,21,22,23,24,25,26,27,28,29,30,31,32,33,34,35,36,37,38,39,40,41,42,43,44,45,46,47,48,49,50,51,52,53,54,55,56,57,58,59,60,61,62,63,64,65,66,67,68,69,70,71,72,73,74,75,76,77,78,79,80,81,82,83,84,85,86,87,88,89,90,91,92,93,94,95,96,97,98,99,100,101"
    queueSizes "32"
    type "origin_urllc"
    reservation 3790850.0
  ]
  node [
    id 39
    label "39"
    schedulingPolicy "FIFO"
    levelsQoS "1"
    schedulingWeights "-"
    tosToQoSqueue "0,1,2,3,4,5,6,7,8,9,10,11,12,13,14,15,16,17,18,19,20,21,22,23,24,25,26,27,28,29,30,31,32,33,34,35,36,37,38,39,40,41,42,43,44,45,46,47,48,49,50,51,52,53,54,55,56,57,58,59,60,61,62,63,64,65,66,67,68,69,70,71,72,73,74,75,76,77,78,79,80,81,82,83,84,85,86,87,88,89,90,91,92,93,94,95,96,97,98,99,100,101"
    queueSizes "32"
    type "origin_urllc"
    reservation 3531500.0
  ]
  node [
    id 40
    label "40"
    schedulingPolicy "FIFO"
    levelsQoS "1"
    schedulingWeights "-"
    tosToQoSqueue "0,1,2,3,4,5,6,7,8,9,10,11,12,13,14,15,16,17,18,19,20,21,22,23,24,25,26,27,28,29,30,31,32,33,34,35,36,37,38,39,40,41,42,43,44,45,46,47,48,49,50,51,52,53,54,55,56,57,58,59,60,61,62,63,64,65,66,67,68,69,70,71,72,73,74,75,76,77,78,79,80,81,82,83,84,85,86,87,88,89,90,91,92,93,94,95,96,97,98,99,100,101"
    queueSizes "32"
    type "origin_urllc"
    reservation 3556700.0
  ]
  node [
    id 41
    label "41"
    schedulingPolicy "FIFO"
    levelsQoS "1"
    schedulingWeights "-"
    tosToQoSqueue "0,1,2,3,4,5,6,7,8,9,10,11,12,13,14,15,16,17,18,19,20,21,22,23,24,25,26,27,28,29,30,31,32,33,34,35,36,37,38,39,40,41,42,43,44,45,46,47,48,49,50,51,52,53,54,55,56,57,58,59,60,61,62,63,64,65,66,67,68,69,70,71,72,73,74,75,76,77,78,79,80,81,82,83,84,85,86,87,88,89,90,91,92,93,94,95,96,97,98,99,100,101"
    queueSizes "32"
    type "origin_urllc"
    reservation 3651200.0
  ]
  node [
    id 42
    label "42"
    schedulingPolicy "FIFO"
    levelsQoS "1"
    schedulingWeights "-"
    tosToQoSqueue "0,1,2,3,4,5,6,7,8,9,10,11,12,13,14,15,16,17,18,19,20,21,22,23,24,25,26,27,28,29,30,31,32,33,34,35,36,37,38,39,40,41,42,43,44,45,46,47,48,49,50,51,52,53,54,55,56,57,58,59,60,61,62,63,64,65,66,67,68,69,70,71,72,73,74,75,76,77,78,79,80,81,82,83,84,85,86,87,88,89,90,91,92,93,94,95,96,97,98,99,100,101"
    queueSizes "32"
    type "origin_urllc"
    reservation 3651200.0
  ]
  node [
    id 43
    label "43"
    schedulingPolicy "FIFO"
    levelsQoS "1"
    schedulingWeights "-"
    tosToQoSqueue "0,1,2,3,4,5,6,7,8,9,10,11,12,13,14,15,16,17,18,19,20,21,22,23,24,25,26,27,28,29,30,31,32,33,34,35,36,37,38,39,40,41,42,43,44,45,46,47,48,49,50,51,52,53,54,55,56,57,58,59,60,61,62,63,64,65,66,67,68,69,70,71,72,73,74,75,76,77,78,79,80,81,82,83,84,85,86,87,88,89,90,91,92,93,94,95,96,97,98,99,100,101"
    queueSizes "32"
    type "origin_urllc"
    reservation 3976700.0
  ]
  node [
    id 44
    label "44"
    schedulingPolicy "FIFO"
    levelsQoS "1"
    schedulingWeights "-"
    tosToQoSqueue "0,1,2,3,4,5,6,7,8,9,10,11,12,13,14,15,16,17,18,19,20,21,22,23,24,25,26,27,28,29,30,31,32,33,34,35,36,37,38,39,40,41,42,43,44,45,46,47,48,49,50,51,52,53,54,55,56,57,58,59,60,61,62,63,64,65,66,67,68,69,70,71,72,73,74,75,76,77,78,79,80,81,82,83,84,85,86,87,88,89,90,91,92,93,94,95,96,97,98,99,100,101"
    queueSizes "32"
    type "origin_urllc"
    reservation 3976700.0
  ]
  node [
    id 45
    label "45"
    schedulingPolicy "FIFO"
    levelsQoS "1"
    schedulingWeights "-"
    tosToQoSqueue "0,1,2,3,4,5,6,7,8,9,10,11,12,13,14,15,16,17,18,19,20,21,22,23,24,25,26,27,28,29,30,31,32,33,34,35,36,37,38,39,40,41,42,43,44,45,46,47,48,49,50,51,52,53,54,55,56,57,58,59,60,61,62,63,64,65,66,67,68,69,70,71,72,73,74,75,76,77,78,79,80,81,82,83,84,85,86,87,88,89,90,91,92,93,94,95,96,97,98,99,100,101"
    queueSizes "32"
    type "origin_urllc"
    reservation 3556700.0
  ]
  node [
    id 46
    label "46"
    schedulingPolicy "FIFO"
    levelsQoS "1"
    schedulingWeights "-"
    tosToQoSqueue "0,1,2,3,4,5,6,7,8,9,10,11,12,13,14,15,16,17,18,19,20,21,22,23,24,25,26,27,28,29,30,31,32,33,34,35,36,37,38,39,40,41,42,43,44,45,46,47,48,49,50,51,52,53,54,55,56,57,58,59,60,61,62,63,64,65,66,67,68,69,70,71,72,73,74,75,76,77,78,79,80,81,82,83,84,85,86,87,88,89,90,91,92,93,94,95,96,97,98,99,100,101"
    queueSizes "32"
    type "origin_mmtc"
    reservation 200780.0
  ]
  node [
    id 47
    label "47"
    schedulingPolicy "FIFO"
    levelsQoS "1"
    schedulingWeights "-"
    tosToQoSqueue "0,1,2,3,4,5,6,7,8,9,10,11,12,13,14,15,16,17,18,19,20,21,22,23,24,25,26,27,28,29,30,31,32,33,34,35,36,37,38,39,40,41,42,43,44,45,46,47,48,49,50,51,52,53,54,55,56,57,58,59,60,61,62,63,64,65,66,67,68,69,70,71,72,73,74,75,76,77,78,79,80,81,82,83,84,85,86,87,88,89,90,91,92,93,94,95,96,97,98,99,100,101"
    queueSizes "32"
    type "origin_urllc"
    reservation 3651200.0
  ]
  node [
    id 48
    label "48"
    schedulingPolicy "FIFO"
    levelsQoS "1"
    schedulingWeights "-"
    tosToQoSqueue "0,1,2,3,4,5,6,7,8,9,10,11,12,13,14,15,16,17,18,19,20,21,22,23,24,25,26,27,28,29,30,31,32,33,34,35,36,37,38,39,40,41,42,43,44,45,46,47,48,49,50,51,52,53,54,55,56,57,58,59,60,61,62,63,64,65,66,67,68,69,70,71,72,73,74,75,76,77,78,79,80,81,82,83,84,85,86,87,88,89,90,91,92,93,94,95,96,97,98,99,100,101"
    queueSizes "32"
    type "origin_mmtc"
    reservation 200780.0
  ]
  node [
    id 49
    label "49"
    schedulingPolicy "FIFO"
    levelsQoS "1"
    schedulingWeights "-"
    tosToQoSqueue "0,1,2,3,4,5,6,7,8,9,10,11,12,13,14,15,16,17,18,19,20,21,22,23,24,25,26,27,28,29,30,31,32,33,34,35,36,37,38,39,40,41,42,43,44,45,46,47,48,49,50,51,52,53,54,55,56,57,58,59,60,61,62,63,64,65,66,67,68,69,70,71,72,73,74,75,76,77,78,79,80,81,82,83,84,85,86,87,88,89,90,91,92,93,94,95,96,97,98,99,100,101"
    queueSizes "32"
    type "origin_mmtc"
    reservation 200780.0
  ]
  node [
    id 50
    label "50"
    schedulingPolicy "FIFO"
    levelsQoS "1"
    schedulingWeights "-"
    tosToQoSqueue "0,1,2,3,4,5,6,7,8,9,10,11,12,13,14,15,16,17,18,19,20,21,22,23,24,25,26,27,28,29,30,31,32,33,34,35,36,37,38,39,40,41,42,43,44,45,46,47,48,49,50,51,52,53,54,55,56,57,58,59,60,61,62,63,64,65,66,67,68,69,70,71,72,73,74,75,76,77,78,79,80,81,82,83,84,85,86,87,88,89,90,91,92,93,94,95,96,97,98,99,100,101"
    queueSizes "32"
    type "origin_mmtc"
    reservation 200780.0
  ]
  node [
    id 51
    label "51"
    schedulingPolicy "FIFO"
    levelsQoS "1"
    schedulingWeights "-"
    tosToQoSqueue "0,1,2,3,4,5,6,7,8,9,10,11,12,13,14,15,16,17,18,19,20,21,22,23,24,25,26,27,28,29,30,31,32,33,34,35,36,37,38,39,40,41,42,43,44,45,46,47,48,49,50,51,52,53,54,55,56,57,58,59,60,61,62,63,64,65,66,67,68,69,70,71,72,73,74,75,76,77,78,79,80,81,82,83,84,85,86,87,88,89,90,91,92,93,94,95,96,97,98,99,100,101"
    queueSizes "32"
    type "origin_mmtc"
    reservation 200780.0
  ]
  node [
    id 52
    label "52"
    schedulingPolicy "FIFO"
    levelsQoS "1"
    schedulingWeights "-"
    tosToQoSqueue "0,1,2,3,4,5,6,7,8,9,10,11,12,13,14,15,16,17,18,19,20,21,22,23,24,25,26,27,28,29,30,31,32,33,34,35,36,37,38,39,40,41,42,43,44,45,46,47,48,49,50,51,52,53,54,55,56,57,58,59,60,61,62,63,64,65,66,67,68,69,70,71,72,73,74,75,76,77,78,79,80,81,82,83,84,85,86,87,88,89,90,91,92,93,94,95,96,97,98,99,100,101"
    queueSizes "32"
    type "origin_mmtc"
    reservation 200780.0
  ]
  node [
    id 53
    label "53"
    schedulingPolicy "FIFO"
    levelsQoS "1"
    schedulingWeights "-"
    tosToQoSqueue "0,1,2,3,4,5,6,7,8,9,10,11,12,13,14,15,16,17,18,19,20,21,22,23,24,25,26,27,28,29,30,31,32,33,34,35,36,37,38,39,40,41,42,43,44,45,46,47,48,49,50,51,52,53,54,55,56,57,58,59,60,61,62,63,64,65,66,67,68,69,70,71,72,73,74,75,76,77,78,79,80,81,82,83,84,85,86,87,88,89,90,91,92,93,94,95,96,97,98,99,100,101"
    queueSizes "32"
    type "origin_mmtc"
    reservation 200780.0
  ]
  node [
    id 54
    label "54"
    schedulingPolicy "FIFO"
    levelsQoS "1"
    schedulingWeights "-"
    tosToQoSqueue "0,1,2,3,4,5,6,7,8,9,10,11,12,13,14,15,16,17,18,19,20,21,22,23,24,25,26,27,28,29,30,31,32,33,34,35,36,37,38,39,40,41,42,43,44,45,46,47,48,49,50,51,52,53,54,55,56,57,58,59,60,61,62,63,64,65,66,67,68,69,70,71,72,73,74,75,76,77,78,79,80,81,82,83,84,85,86,87,88,89,90,91,92,93,94,95,96,97,98,99,100,101"
    queueSizes "32"
    type "origin_mmtc"
    reservation 200780.0
  ]
  node [
    id 55
    label "55"
    schedulingPolicy "FIFO"
    levelsQoS "1"
    schedulingWeights "-"
    tosToQoSqueue "0,1,2,3,4,5,6,7,8,9,10,11,12,13,14,15,16,17,18,19,20,21,22,23,24,25,26,27,28,29,30,31,32,33,34,35,36,37,38,39,40,41,42,43,44,45,46,47,48,49,50,51,52,53,54,55,56,57,58,59,60,61,62,63,64,65,66,67,68,69,70,71,72,73,74,75,76,77,78,79,80,81,82,83,84,85,86,87,88,89,90,91,92,93,94,95,96,97,98,99,100,101"
    queueSizes "32"
    type "origin_mmtc"
    reservation 200780.0
  ]
  node [
    id 56
    label "56"
    schedulingPolicy "FIFO"
    levelsQoS "1"
    schedulingWeights "-"
    tosToQoSqueue "0,1,2,3,4,5,6,7,8,9,10,11,12,13,14,15,16,17,18,19,20,21,22,23,24,25,26,27,28,29,30,31,32,33,34,35,36,37,38,39,40,41,42,43,44,45,46,47,48,49,50,51,52,53,54,55,56,57,58,59,60,61,62,63,64,65,66,67,68,69,70,71,72,73,74,75,76,77,78,79,80,81,82,83,84,85,86,87,88,89,90,91,92,93,94,95,96,97,98,99,100,101"
    queueSizes "32"
    type "origin_mmtc"
    reservation 200780.0
  ]
  node [
    id 57
    label "57"
    schedulingPolicy "FIFO"
    levelsQoS "1"
    schedulingWeights "-"
    tosToQoSqueue "0,1,2,3,4,5,6,7,8,9,10,11,12,13,14,15,16,17,18,19,20,21,22,23,24,25,26,27,28,29,30,31,32,33,34,35,36,37,38,39,40,41,42,43,44,45,46,47,48,49,50,51,52,53,54,55,56,57,58,59,60,61,62,63,64,65,66,67,68,69,70,71,72,73,74,75,76,77,78,79,80,81,82,83,84,85,86,87,88,89,90,91,92,93,94,95,96,97,98,99,100,101"
    queueSizes "32"
    type "origin_mmtc"
    reservation 200780.0
  ]
  node [
    id 58
    label "58"
    schedulingPolicy "FIFO"
    levelsQoS "1"
    schedulingWeights "-"
    tosToQoSqueue "0,1,2,3,4,5,6,7,8,9,10,11,12,13,14,15,16,17,18,19,20,21,22,23,24,25,26,27,28,29,30,31,32,33,34,35,36,37,38,39,40,41,42,43,44,45,46,47,48,49,50,51,52,53,54,55,56,57,58,59,60,61,62,63,64,65,66,67,68,69,70,71,72,73,74,75,76,77,78,79,80,81,82,83,84,85,86,87,88,89,90,91,92,93,94,95,96,97,98,99,100,101"
    queueSizes "32"
    type "origin_mmtc"
    reservation 200780.0
  ]
  node [
    id 59
    label "59"
    schedulingPolicy "FIFO"
    levelsQoS "1"
    schedulingWeights "-"
    tosToQoSqueue "0,1,2,3,4,5,6,7,8,9,10,11,12,13,14,15,16,17,18,19,20,21,22,23,24,25,26,27,28,29,30,31,32,33,34,35,36,37,38,39,40,41,42,43,44,45,46,47,48,49,50,51,52,53,54,55,56,57,58,59,60,61,62,63,64,65,66,67,68,69,70,71,72,73,74,75,76,77,78,79,80,81,82,83,84,85,86,87,88,89,90,91,92,93,94,95,96,97,98,99,100,101"
    queueSizes "32"
    type "origin_mmtc"
    reservation 200780.0
  ]
  node [
    id 60
    label "60"
    schedulingPolicy "FIFO"
    levelsQoS "1"
    schedulingWeights "-"
    tosToQoSqueue "0,1,2,3,4,5,6,7,8,9,10,11,12,13,14,15,16,17,18,19,20,21,22,23,24,25,26,27,28,29,30,31,32,33,34,35,36,37,38,39,40,41,42,43,44,45,46,47,48,49,50,51,52,53,54,55,56,57,58,59,60,61,62,63,64,65,66,67,68,69,70,71,72,73,74,75,76,77,78,79,80,81,82,83,84,85,86,87,88,89,90,91,92,93,94,95,96,97,98,99,100,101"
    queueSizes "32"
    type "origin_mmtc"
    reservation 200780.0
  ]
  node [
    id 61
    label "61"
    schedulingPolicy "FIFO"
    levelsQoS "1"
    schedulingWeights "-"
    tosToQoSqueue "0,1,2,3,4,5,6,7,8,9,10,11,12,13,14,15,16,17,18,19,20,21,22,23,24,25,26,27,28,29,30,31,32,33,34,35,36,37,38,39,40,41,42,43,44,45,46,47,48,49,50,51,52,53,54,55,56,57,58,59,60,61,62,63,64,65,66,67,68,69,70,71,72,73,74,75,76,77,78,79,80,81,82,83,84,85,86,87,88,89,90,91,92,93,94,95,96,97,98,99,100,101"
    queueSizes "32"
    type "origin_mmtc"
    reservation 200780.0
  ]
  node [
    id 62
    label "62"
    schedulingPolicy "FIFO"
    levelsQoS "1"
    schedulingWeights "-"
    tosToQoSqueue "0,1,2,3,4,5,6,7,8,9,10,11,12,13,14,15,16,17,18,19,20,21,22,23,24,25,26,27,28,29,30,31,32,33,34,35,36,37,38,39,40,41,42,43,44,45,46,47,48,49,50,51,52,53,54,55,56,57,58,59,60,61,62,63,64,65,66,67,68,69,70,71,72,73,74,75,76,77,78,79,80,81,82,83,84,85,86,87,88,89,90,91,92,93,94,95,96,97,98,99,100,101"
    queueSizes "32"
    type "origin_mmtc"
    reservation 200780.0
  ]
  node [
    id 63
    label "63"
    schedulingPolicy "FIFO"
    levelsQoS "1"
    schedulingWeights "-"
    tosToQoSqueue "0,1,2,3,4,5,6,7,8,9,10,11,12,13,14,15,16,17,18,19,20,21,22,23,24,25,26,27,28,29,30,31,32,33,34,35,36,37,38,39,40,41,42,43,44,45,46,47,48,49,50,51,52,53,54,55,56,57,58,59,60,61,62,63,64,65,66,67,68,69,70,71,72,73,74,75,76,77,78,79,80,81,82,83,84,85,86,87,88,89,90,91,92,93,94,95,96,97,98,99,100,101"
    queueSizes "32"
    type "origin_mmtc"
    reservation 200780.0
  ]
  node [
    id 64
    label "64"
    schedulingPolicy "FIFO"
    levelsQoS "1"
    schedulingWeights "-"
    tosToQoSqueue "0,1,2,3,4,5,6,7,8,9,10,11,12,13,14,15,16,17,18,19,20,21,22,23,24,25,26,27,28,29,30,31,32,33,34,35,36,37,38,39,40,41,42,43,44,45,46,47,48,49,50,51,52,53,54,55,56,57,58,59,60,61,62,63,64,65,66,67,68,69,70,71,72,73,74,75,76,77,78,79,80,81,82,83,84,85,86,87,88,89,90,91,92,93,94,95,96,97,98,99,100,101"
    queueSizes "32"
    type "origin_mmtc"
    reservation 200780.0
  ]
  node [
    id 65
    label "65"
    schedulingPolicy "FIFO"
    levelsQoS "1"
    schedulingWeights "-"
    tosToQoSqueue "0,1,2,3,4,5,6,7,8,9,10,11,12,13,14,15,16,17,18,19,20,21,22,23,24,25,26,27,28,29,30,31,32,33,34,35,36,37,38,39,40,41,42,43,44,45,46,47,48,49,50,51,52,53,54,55,56,57,58,59,60,61,62,63,64,65,66,67,68,69,70,71,72,73,74,75,76,77,78,79,80,81,82,83,84,85,86,87,88,89,90,91,92,93,94,95,96,97,98,99,100,101"
    queueSizes "32"
    type "origin_mmtc"
    reservation 200780.0
  ]
  node [
    id 66
    label "66"
    schedulingPolicy "FIFO"
    levelsQoS "1"
    schedulingWeights "-"
    tosToQoSqueue "0,1,2,3,4,5,6,7,8,9,10,11,12,13,14,15,16,17,18,19,20,21,22,23,24,25,26,27,28,29,30,31,32,33,34,35,36,37,38,39,40,41,42,43,44,45,46,47,48,49,50,51,52,53,54,55,56,57,58,59,60,61,62,63,64,65,66,67,68,69,70,71,72,73,74,75,76,77,78,79,80,81,82,83,84,85,86,87,88,89,90,91,92,93,94,95,96,97,98,99,100,101"
    queueSizes "32"
    type "origin_mmtc"
    reservation 200780.0
  ]
  node [
    id 67
    label "67"
    schedulingPolicy "FIFO"
    levelsQoS "1"
    schedulingWeights "-"
    tosToQoSqueue "0,1,2,3,4,5,6,7,8,9,10,11,12,13,14,15,16,17,18,19,20,21,22,23,24,25,26,27,28,29,30,31,32,33,34,35,36,37,38,39,40,41,42,43,44,45,46,47,48,49,50,51,52,53,54,55,56,57,58,59,60,61,62,63,64,65,66,67,68,69,70,71,72,73,74,75,76,77,78,79,80,81,82,83,84,85,86,87,88,89,90,91,92,93,94,95,96,97,98,99,100,101"
    queueSizes "32"
    type "origin_mmtc"
    reservation 200780.0
  ]
  node [
    id 68
    label "68"
    schedulingPolicy "FIFO"
    levelsQoS "1"
    schedulingWeights "-"
    tosToQoSqueue "0,1,2,3,4,5,6,7,8,9,10,11,12,13,14,15,16,17,18,19,20,21,22,23,24,25,26,27,28,29,30,31,32,33,34,35,36,37,38,39,40,41,42,43,44,45,46,47,48,49,50,51,52,53,54,55,56,57,58,59,60,61,62,63,64,65,66,67,68,69,70,71,72,73,74,75,76,77,78,79,80,81,82,83,84,85,86,87,88,89,90,91,92,93,94,95,96,97,98,99,100,101"
    queueSizes "32"
    type "origin_mmtc"
    reservation 200780.0
  ]
  node [
    id 69
    label "69"
    schedulingPolicy "FIFO"
    levelsQoS "1"
    schedulingWeights "-"
    tosToQoSqueue "0,1,2,3,4,5,6,7,8,9,10,11,12,13,14,15,16,17,18,19,20,21,22,23,24,25,26,27,28,29,30,31,32,33,34,35,36,37,38,39,40,41,42,43,44,45,46,47,48,49,50,51,52,53,54,55,56,57,58,59,60,61,62,63,64,65,66,67,68,69,70,71,72,73,74,75,76,77,78,79,80,81,82,83,84,85,86,87,88,89,90,91,92,93,94,95,96,97,98,99,100,101"
    queueSizes "32"
    type "origin_mmtc"
    reservation 200780.0
  ]
  node [
    id 70
    label "70"
    schedulingPolicy "FIFO"
    levelsQoS "1"
    schedulingWeights "-"
    tosToQoSqueue "0,1,2,3,4,5,6,7,8,9,10,11,12,13,14,15,16,17,18,19,20,21,22,23,24,25,26,27,28,29,30,31,32,33,34,35,36,37,38,39,40,41,42,43,44,45,46,47,48,49,50,51,52,53,54,55,56,57,58,59,60,61,62,63,64,65,66,67,68,69,70,71,72,73,74,75,76,77,78,79,80,81,82,83,84,85,86,87,88,89,90,91,92,93,94,95,96,97,98,99,100,101"
    queueSizes "32"
    type "origin_mmtc"
    reservation 200780.0
  ]
  node [
    id 71
    label "71"
    schedulingPolicy "FIFO"
    levelsQoS "1"
    schedulingWeights "-"
    tosToQoSqueue "0,1,2,3,4,5,6,7,8,9,10,11,12,13,14,15,16,17,18,19,20,21,22,23,24,25,26,27,28,29,30,31,32,33,34,35,36,37,38,39,40,41,42,43,44,45,46,47,48,49,50,51,52,53,54,55,56,57,58,59,60,61,62,63,64,65,66,67,68,69,70,71,72,73,74,75,76,77,78,79,80,81,82,83,84,85,86,87,88,89,90,91,92,93,94,95,96,97,98,99,100,101"
    queueSizes "32"
    type "origin_urllc"
    reservation 3651200.0
  ]
  node [
    id 72
    label "72"
    schedulingPolicy "FIFO"
    levelsQoS "1"
    schedulingWeights "-"
    tosToQoSqueue "0,1,2,3,4,5,6,7,8,9,10,11,12,13,14,15,16,17,18,19,20,21,22,23,24,25,26,27,28,29,30,31,32,33,34,35,36,37,38,39,40,41,42,43,44,45,46,47,48,49,50,51,52,53,54,55,56,57,58,59,60,61,62,63,64,65,66,67,68,69,70,71,72,73,74,75,76,77,78,79,80,81,82,83,84,85,86,87,88,89,90,91,92,93,94,95,96,97,98,99,100,101"
    queueSizes "32"
    type "origin_urllc"
    reservation 3531500.0
  ]
  node [
    id 73
    label "73"
    schedulingPolicy "FIFO"
    levelsQoS "1"
    schedulingWeights "-"
    tosToQoSqueue "0,1,2,3,4,5,6,7,8,9,10,11,12,13,14,15,16,17,18,19,20,21,22,23,24,25,26,27,28,29,30,31,32,33,34,35,36,37,38,39,40,41,42,43,44,45,46,47,48,49,50,51,52,53,54,55,56,57,58,59,60,61,62,63,64,65,66,67,68,69,70,71,72,73,74,75,76,77,78,79,80,81,82,83,84,85,86,87,88,89,90,91,92,93,94,95,96,97,98,99,100,101"
    queueSizes "32"
    type "origin_urllc"
    reservation 3556700.0
  ]
  node [
    id 74
    label "74"
    schedulingPolicy "FIFO"
    levelsQoS "1"
    schedulingWeights "-"
    tosToQoSqueue "0,1,2,3,4,5,6,7,8,9,10,11,12,13,14,15,16,17,18,19,20,21,22,23,24,25,26,27,28,29,30,31,32,33,34,35,36,37,38,39,40,41,42,43,44,45,46,47,48,49,50,51,52,53,54,55,56,57,58,59,60,61,62,63,64,65,66,67,68,69,70,71,72,73,74,75,76,77,78,79,80,81,82,83,84,85,86,87,88,89,90,91,92,93,94,95,96,97,98,99,100,101"
    queueSizes "32"
    type "origin_urllc"
    reservation 3651200.0
  ]
  node [
    id 75
    label "75"
    schedulingPolicy "FIFO"
    levelsQoS "1"
    schedulingWeights "-"
    tosToQoSqueue "0,1,2,3,4,5,6,7,8,9,10,11,12,13,14,15,16,17,18,19,20,21,22,23,24,25,26,27,28,29,30,31,32,33,34,35,36,37,38,39,40,41,42,43,44,45,46,47,48,49,50,51,52,53,54,55,56,57,58,59,60,61,62,63,64,65,66,67,68,69,70,71,72,73,74,75,76,77,78,79,80,81,82,83,84,85,86,87,88,89,90,91,92,93,94,95,96,97,98,99,100,101"
    queueSizes "32"
    type "origin_urllc"
    reservation 3651200.0
  ]
  node [
    id 76
    label "76"
    schedulingPolicy "FIFO"
    levelsQoS "1"
    schedulingWeights "-"
    tosToQoSqueue "0,1,2,3,4,5,6,7,8,9,10,11,12,13,14,15,16,17,18,19,20,21,22,23,24,25,26,27,28,29,30,31,32,33,34,35,36,37,38,39,40,41,42,43,44,45,46,47,48,49,50,51,52,53,54,55,56,57,58,59,60,61,62,63,64,65,66,67,68,69,70,71,72,73,74,75,76,77,78,79,80,81,82,83,84,85,86,87,88,89,90,91,92,93,94,95,96,97,98,99,100,101"
    queueSizes "32"
    type "origin_urllc"
    reservation 3378200.0
  ]
  node [
    id 77
    label "77"
    schedulingPolicy "FIFO"
    levelsQoS "1"
    schedulingWeights "-"
    tosToQoSqueue "0,1,2,3,4,5,6,7,8,9,10,11,12,13,14,15,16,17,18,19,20,21,22,23,24,25,26,27,28,29,30,31,32,33,34,35,36,37,38,39,40,41,42,43,44,45,46,47,48,49,50,51,52,53,54,55,56,57,58,59,60,61,62,63,64,65,66,67,68,69,70,71,72,73,74,75,76,77,78,79,80,81,82,83,84,85,86,87,88,89,90,91,92,93,94,95,96,97,98,99,100,101"
    queueSizes "32"
    type "origin_urllc"
    reservation 3378200.0
  ]
  node [
    id 78
    label "78"
    schedulingPolicy "FIFO"
    levelsQoS "1"
    schedulingWeights "-"
    tosToQoSqueue "0,1,2,3,4,5,6,7,8,9,10,11,12,13,14,15,16,17,18,19,20,21,22,23,24,25,26,27,28,29,30,31,32,33,34,35,36,37,38,39,40,41,42,43,44,45,46,47,48,49,50,51,52,53,54,55,56,57,58,59,60,61,62,63,64,65,66,67,68,69,70,71,72,73,74,75,76,77,78,79,80,81,82,83,84,85,86,87,88,89,90,91,92,93,94,95,96,97,98,99,100,101"
    queueSizes "32"
    type "origin_urllc"
    reservation 3976700.0
  ]
  node [
    id 79
    label "79"
    schedulingPolicy "FIFO"
    levelsQoS "1"
    schedulingWeights "-"
    tosToQoSqueue "0,1,2,3,4,5,6,7,8,9,10,11,12,13,14,15,16,17,18,19,20,21,22,23,24,25,26,27,28,29,30,31,32,33,34,35,36,37,38,39,40,41,42,43,44,45,46,47,48,49,50,51,52,53,54,55,56,57,58,59,60,61,62,63,64,65,66,67,68,69,70,71,72,73,74,75,76,77,78,79,80,81,82,83,84,85,86,87,88,89,90,91,92,93,94,95,96,97,98,99,100,101"
    queueSizes "32"
    type "origin_mmtc"
    reservation 200780.0
  ]
  node [
    id 80
    label "80"
    schedulingPolicy "FIFO"
    levelsQoS "1"
    schedulingWeights "-"
    tosToQoSqueue "0,1,2,3,4,5,6,7,8,9,10,11,12,13,14,15,16,17,18,19,20,21,22,23,24,25,26,27,28,29,30,31,32,33,34,35,36,37,38,39,40,41,42,43,44,45,46,47,48,49,50,51,52,53,54,55,56,57,58,59,60,61,62,63,64,65,66,67,68,69,70,71,72,73,74,75,76,77,78,79,80,81,82,83,84,85,86,87,88,89,90,91,92,93,94,95,96,97,98,99,100,101"
    queueSizes "32"
    type "origin_mmtc"
    reservation 200780.0
  ]
  node [
    id 81
    label "81"
    schedulingPolicy "FIFO"
    levelsQoS "1"
    schedulingWeights "-"
    tosToQoSqueue "0,1,2,3,4,5,6,7,8,9,10,11,12,13,14,15,16,17,18,19,20,21,22,23,24,25,26,27,28,29,30,31,32,33,34,35,36,37,38,39,40,41,42,43,44,45,46,47,48,49,50,51,52,53,54,55,56,57,58,59,60,61,62,63,64,65,66,67,68,69,70,71,72,73,74,75,76,77,78,79,80,81,82,83,84,85,86,87,88,89,90,91,92,93,94,95,96,97,98,99,100,101"
    queueSizes "32"
    type "origin_mmtc"
    reservation 200780.0
  ]
  node [
    id 82
    label "82"
    schedulingPolicy "FIFO"
    levelsQoS "1"
    schedulingWeights "-"
    tosToQoSqueue "0,1,2,3,4,5,6,7,8,9,10,11,12,13,14,15,16,17,18,19,20,21,22,23,24,25,26,27,28,29,30,31,32,33,34,35,36,37,38,39,40,41,42,43,44,45,46,47,48,49,50,51,52,53,54,55,56,57,58,59,60,61,62,63,64,65,66,67,68,69,70,71,72,73,74,75,76,77,78,79,80,81,82,83,84,85,86,87,88,89,90,91,92,93,94,95,96,97,98,99,100,101"
    queueSizes "32"
    type "origin_mmtc"
    reservation 200780.0
  ]
  node [
    id 83
    label "83"
    schedulingPolicy "FIFO"
    levelsQoS "1"
    schedulingWeights "-"
    tosToQoSqueue "0,1,2,3,4,5,6,7,8,9,10,11,12,13,14,15,16,17,18,19,20,21,22,23,24,25,26,27,28,29,30,31,32,33,34,35,36,37,38,39,40,41,42,43,44,45,46,47,48,49,50,51,52,53,54,55,56,57,58,59,60,61,62,63,64,65,66,67,68,69,70,71,72,73,74,75,76,77,78,79,80,81,82,83,84,85,86,87,88,89,90,91,92,93,94,95,96,97,98,99,100,101"
    queueSizes "32"
    type "origin_mmtc"
    reservation 200780.0
  ]
  node [
    id 84
    label "84"
    schedulingPolicy "FIFO"
    levelsQoS "1"
    schedulingWeights "-"
    tosToQoSqueue "0,1,2,3,4,5,6,7,8,9,10,11,12,13,14,15,16,17,18,19,20,21,22,23,24,25,26,27,28,29,30,31,32,33,34,35,36,37,38,39,40,41,42,43,44,45,46,47,48,49,50,51,52,53,54,55,56,57,58,59,60,61,62,63,64,65,66,67,68,69,70,71,72,73,74,75,76,77,78,79,80,81,82,83,84,85,86,87,88,89,90,91,92,93,94,95,96,97,98,99,100,101"
    queueSizes "32"
    type "origin_urllc"
    reservation 3002300.0
  ]
  node [
    id 85
    label "85"
    schedulingPolicy "FIFO"
    levelsQoS "1"
    schedulingWeights "-"
    tosToQoSqueue "0,1,2,3,4,5,6,7,8,9,10,11,12,13,14,15,16,17,18,19,20,21,22,23,24,25,26,27,28,29,30,31,32,33,34,35,36,37,38,39,40,41,42,43,44,45,46,47,48,49,50,51,52,53,54,55,56,57,58,59,60,61,62,63,64,65,66,67,68,69,70,71,72,73,74,75,76,77,78,79,80,81,82,83,84,85,86,87,88,89,90,91,92,93,94,95,96,97,98,99,100,101"
    queueSizes "32"
    type "origin_mmtc"
    reservation 200780.0
  ]
  node [
    id 86
    label "86"
    schedulingPolicy "FIFO"
    levelsQoS "1"
    schedulingWeights "-"
    tosToQoSqueue "0,1,2,3,4,5,6,7,8,9,10,11,12,13,14,15,16,17,18,19,20,21,22,23,24,25,26,27,28,29,30,31,32,33,34,35,36,37,38,39,40,41,42,43,44,45,46,47,48,49,50,51,52,53,54,55,56,57,58,59,60,61,62,63,64,65,66,67,68,69,70,71,72,73,74,75,76,77,78,79,80,81,82,83,84,85,86,87,88,89,90,91,92,93,94,95,96,97,98,99,100,101"
    queueSizes "32"
    type "origin_mmtc"
    reservation 200780.0
  ]
  node [
    id 87
    label "87"
    schedulingPolicy "FIFO"
    levelsQoS "1"
    schedulingWeights "-"
    tosToQoSqueue "0,1,2,3,4,5,6,7,8,9,10,11,12,13,14,15,16,17,18,19,20,21,22,23,24,25,26,27,28,29,30,31,32,33,34,35,36,37,38,39,40,41,42,43,44,45,46,47,48,49,50,51,52,53,54,55,56,57,58,59,60,61,62,63,64,65,66,67,68,69,70,71,72,73,74,75,76,77,78,79,80,81,82,83,84,85,86,87,88,89,90,91,92,93,94,95,96,97,98,99,100,101"
    queueSizes "32"
    type "origin_urllc"
    reservation 2997050.0
  ]
  node [
    id 88
    label "88"
    schedulingPolicy "FIFO"
    levelsQoS "1"
    schedulingWeights "-"
    tosToQoSqueue "0,1,2,3,4,5,6,7,8,9,10,11,12,13,14,15,16,17,18,19,20,21,22,23,24,25,26,27,28,29,30,31,32,33,34,35,36,37,38,39,40,41,42,43,44,45,46,47,48,49,50,51,52,53,54,55,56,57,58,59,60,61,62,63,64,65,66,67,68,69,70,71,72,73,74,75,76,77,78,79,80,81,82,83,84,85,86,87,88,89,90,91,92,93,94,95,96,97,98,99,100,101"
    queueSizes "32"
    type "origin_urllc"
    reservation 3790850.0
  ]
  node [
    id 89
    label "89"
    schedulingPolicy "FIFO"
    levelsQoS "1"
    schedulingWeights "-"
    tosToQoSqueue "0,1,2,3,4,5,6,7,8,9,10,11,12,13,14,15,16,17,18,19,20,21,22,23,24,25,26,27,28,29,30,31,32,33,34,35,36,37,38,39,40,41,42,43,44,45,46,47,48,49,50,51,52,53,54,55,56,57,58,59,60,61,62,63,64,65,66,67,68,69,70,71,72,73,74,75,76,77,78,79,80,81,82,83,84,85,86,87,88,89,90,91,92,93,94,95,96,97,98,99,100,101"
    queueSizes "32"
    type "origin_mmtc"
    reservation 200780.0
  ]
  node [
    id 90
    label "90"
    schedulingPolicy "FIFO"
    levelsQoS "1"
    schedulingWeights "-"
    tosToQoSqueue "0,1,2,3,4,5,6,7,8,9,10,11,12,13,14,15,16,17,18,19,20,21,22,23,24,25,26,27,28,29,30,31,32,33,34,35,36,37,38,39,40,41,42,43,44,45,46,47,48,49,50,51,52,53,54,55,56,57,58,59,60,61,62,63,64,65,66,67,68,69,70,71,72,73,74,75,76,77,78,79,80,81,82,83,84,85,86,87,88,89,90,91,92,93,94,95,96,97,98,99,100,101"
    queueSizes "32"
    type "origin_urllc"
    reservation 3487400.0
  ]
  node [
    id 91
    label "91"
    schedulingPolicy "FIFO"
    levelsQoS "1"
    schedulingWeights "-"
    tosToQoSqueue "0,1,2,3,4,5,6,7,8,9,10,11,12,13,14,15,16,17,18,19,20,21,22,23,24,25,26,27,28,29,30,31,32,33,34,35,36,37,38,39,40,41,42,43,44,45,46,47,48,49,50,51,52,53,54,55,56,57,58,59,60,61,62,63,64,65,66,67,68,69,70,71,72,73,74,75,76,77,78,79,80,81,82,83,84,85,86,87,88,89,90,91,92,93,94,95,96,97,98,99,100,101"
    queueSizes "32"
    type "origin_urllc"
    reservation 3976700.0
  ]
  node [
    id 92
    label "92"
    schedulingPolicy "FIFO"
    levelsQoS "1"
    schedulingWeights "-"
    tosToQoSqueue "0,1,2,3,4,5,6,7,8,9,10,11,12,13,14,15,16,17,18,19,20,21,22,23,24,25,26,27,28,29,30,31,32,33,34,35,36,37,38,39,40,41,42,43,44,45,46,47,48,49,50,51,52,53,54,55,56,57,58,59,60,61,62,63,64,65,66,67,68,69,70,71,72,73,74,75,76,77,78,79,80,81,82,83,84,85,86,87,88,89,90,91,92,93,94,95,96,97,98,99,100,101"
    queueSizes "32"
    type "origin_urllc"
    reservation 2997050.0
  ]
  node [
    id 93
    label "93"
    schedulingPolicy "FIFO"
    levelsQoS "1"
    schedulingWeights "-"
    tosToQoSqueue "0,1,2,3,4,5,6,7,8,9,10,11,12,13,14,15,16,17,18,19,20,21,22,23,24,25,26,27,28,29,30,31,32,33,34,35,36,37,38,39,40,41,42,43,44,45,46,47,48,49,50,51,52,53,54,55,56,57,58,59,60,61,62,63,64,65,66,67,68,69,70,71,72,73,74,75,76,77,78,79,80,81,82,83,84,85,86,87,88,89,90,91,92,93,94,95,96,97,98,99,100,101"
    queueSizes "32"
    type "origin_urllc"
    reservation 3783500.0
  ]
  node [
    id 94
    label "94"
    schedulingPolicy "FIFO"
    levelsQoS "1"
    schedulingWeights "-"
    tosToQoSqueue "0,1,2,3,4,5,6,7,8,9,10,11,12,13,14,15,16,17,18,19,20,21,22,23,24,25,26,27,28,29,30,31,32,33,34,35,36,37,38,39,40,41,42,43,44,45,46,47,48,49,50,51,52,53,54,55,56,57,58,59,60,61,62,63,64,65,66,67,68,69,70,71,72,73,74,75,76,77,78,79,80,81,82,83,84,85,86,87,88,89,90,91,92,93,94,95,96,97,98,99,100,101"
    queueSizes "32"
    type "origin_mmtc"
    reservation 200780.0
  ]
  node [
    id 95
    label "95"
    schedulingPolicy "FIFO"
    levelsQoS "1"
    schedulingWeights "-"
    tosToQoSqueue "0,1,2,3,4,5,6,7,8,9,10,11,12,13,14,15,16,17,18,19,20,21,22,23,24,25,26,27,28,29,30,31,32,33,34,35,36,37,38,39,40,41,42,43,44,45,46,47,48,49,50,51,52,53,54,55,56,57,58,59,60,61,62,63,64,65,66,67,68,69,70,71,72,73,74,75,76,77,78,79,80,81,82,83,84,85,86,87,88,89,90,91,92,93,94,95,96,97,98,99,100,101"
    queueSizes "32"
    type "origin_mmtc"
    reservation 200780.0
  ]
  node [
    id 96
    label "96"
    schedulingPolicy "FIFO"
    levelsQoS "1"
    schedulingWeights "-"
    tosToQoSqueue "0,1,2,3,4,5,6,7,8,9,10,11,12,13,14,15,16,17,18,19,20,21,22,23,24,25,26,27,28,29,30,31,32,33,34,35,36,37,38,39,40,41,42,43,44,45,46,47,48,49,50,51,52,53,54,55,56,57,58,59,60,61,62,63,64,65,66,67,68,69,70,71,72,73,74,75,76,77,78,79,80,81,82,83,84,85,86,87,88,89,90,91,92,93,94,95,96,97,98,99,100,101"
    queueSizes "32"
    type "origin_mmtc"
    reservation 200780.0
  ]
  node [
    id 97
    label "97"
    schedulingPolicy "FIFO"
    levelsQoS "1"
    schedulingWeights "-"
    tosToQoSqueue "0,1,2,3,4,5,6,7,8,9,10,11,12,13,14,15,16,17,18,19,20,21,22,23,24,25,26,27,28,29,30,31,32,33,34,35,36,37,38,39,40,41,42,43,44,45,46,47,48,49,50,51,52,53,54,55,56,57,58,59,60,61,62,63,64,65,66,67,68,69,70,71,72,73,74,75,76,77,78,79,80,81,82,83,84,85,86,87,88,89,90,91,92,93,94,95,96,97,98,99,100,101"
    queueSizes "32"
    type "origin_mmtc"
    reservation 200780.0
  ]
  node [
    id 98
    label "98"
    schedulingPolicy "FIFO"
    levelsQoS "1"
    schedulingWeights "-"
    tosToQoSqueue "0,1,2,3,4,5,6,7,8,9,10,11,12,13,14,15,16,17,18,19,20,21,22,23,24,25,26,27,28,29,30,31,32,33,34,35,36,37,38,39,40,41,42,43,44,45,46,47,48,49,50,51,52,53,54,55,56,57,58,59,60,61,62,63,64,65,66,67,68,69,70,71,72,73,74,75,76,77,78,79,80,81,82,83,84,85,86,87,88,89,90,91,92,93,94,95,96,97,98,99,100,101"
    queueSizes "32"
    type "origin_mmtc"
    reservation 200780.0
  ]
  node [
    id 99
    label "99"
    schedulingPolicy "FIFO"
    levelsQoS "1"
    schedulingWeights "-"
    tosToQoSqueue "0,1,2,3,4,5,6,7,8,9,10,11,12,13,14,15,16,17,18,19,20,21,22,23,24,25,26,27,28,29,30,31,32,33,34,35,36,37,38,39,40,41,42,43,44,45,46,47,48,49,50,51,52,53,54,55,56,57,58,59,60,61,62,63,64,65,66,67,68,69,70,71,72,73,74,75,76,77,78,79,80,81,82,83,84,85,86,87,88,89,90,91,92,93,94,95,96,97,98,99,100,101"
    queueSizes "32"
    type "origin_mmtc"
    reservation 200780.0
  ]
  node [
    id 100
    label "100"
    schedulingPolicy "FIFO"
    levelsQoS "1"
    schedulingWeights "-"
    tosToQoSqueue "0,1,2,3,4,5,6,7,8,9,10,11,12,13,14,15,16,17,18,19,20,21,22,23,24,25,26,27,28,29,30,31,32,33,34,35,36,37,38,39,40,41,42,43,44,45,46,47,48,49,50,51,52,53,54,55,56,57,58,59,60,61,62,63,64,65,66,67,68,69,70,71,72,73,74,75,76,77,78,79,80,81,82,83,84,85,86,87,88,89,90,91,92,93,94,95,96,97,98,99,100,101"
    queueSizes "32"
    type "origin_mmtc"
    reservation 200780.0
  ]
  node [
    id 101
    label "101"
    schedulingPolicy "FIFO"
    levelsQoS "1"
    schedulingWeights "-"
    tosToQoSqueue "0,1,2,3,4,5,6,7,8,9,10,11,12,13,14,15,16,17,18,19,20,21,22,23,24,25,26,27,28,29,30,31,32,33,34,35,36,37,38,39,40,41,42,43,44,45,46,47,48,49,50,51,52,53,54,55,56,57,58,59,60,61,62,63,64,65,66,67,68,69,70,71,72,73,74,75,76,77,78,79,80,81,82,83,84,85,86,87,88,89,90,91,92,93,94,95,96,97,98,99,100,101"
    queueSizes "32"
    type "origin_mmtc"
    reservation 200780.0
  ]
  edge [
    source 0
    target 2
    key 0
    id "e14"
    bandwidth 75000000
    traffic "18000000,3500000,3500000,3500000,18000000,3500000,200000,3500000,3500000,3500000,200000,3500000,3500000,3500000,200000,200000,200000,200000,200000,200000,200000,200000,200000,200000"
    reservation "19009800.0,3378200.0,3002300.0,3651200.0,18934200.0,3976700.0,200780.0,2997050.0,3556700.0,3976700.0,200780.0,3531500.0,3002300.0,3487400.0,200780.0,200780.0,200780.0,200780.0,200780.0,200780.0,200780.0,200780.0,200780.0,200780.0"
    port 0
  ]
  edge [
    source 0
    target 11
    key 0
    id "e8"
    bandwidth 75000000
    traffic "18000000,18000000"
    reservation "19782000.0,20084400.0"
    port 1
  ]
  edge [
    source 0
    target 7
    key 0
    id "e4"
    bandwidth 75000000
    traffic "18000000,3500000,3500000,3500000,3500000,200000,200000,200000,200000,200000"
    reservation "18934200.0,3976700.0,3976700.0,3556700.0,3651200.0,200780.0,200780.0,200780.0,200780.0,200780.0"
    port 2
  ]
  edge [
    source 1
    target 2
    key 0
    id "e13"
    bandwidth 75000000
    traffic "18000000,18000000,18000000,3500000,3500000,3500000,3500000,200000,200000,200000,200000,200000"
    reservation "19782000.0,20084400.0,18934200.0,3976700.0,3976700.0,3556700.0,3651200.0,200780.0,200780.0,200780.0,200780.0,200780.0"
    port 0
  ]
  edge [
    source 1
    target 4
    key 0
    id "e12"
    bandwidth 75000000
    traffic "18000000,3500000,3500000,3500000,18000000,3500000,200000,3500000,3500000,3500000,200000,3500000,3500000,3500000,200000,200000,200000,200000,200000,200000,200000,200000,200000,200000"
    reservation "19009800.0,3378200.0,3002300.0,3651200.0,18934200.0,3976700.0,200780.0,2997050.0,3556700.0,3976700.0,200780.0,3531500.0,3002300.0,3487400.0,200780.0,200780.0,200780.0,200780.0,200780.0,200780.0,200780.0,200780.0,200780.0,200780.0"
    port 1
  ]
  edge [
    source 2
    target 0
    key 0
    id "e14"
    bandwidth 75000000
    traffic "18000000,18000000,18000000,3500000,3500000,3500000,3500000,200000,200000,200000,200000,200000"
    reservation "19782000.0,20084400.0,18934200.0,3976700.0,3976700.0,3556700.0,3651200.0,200780.0,200780.0,200780.0,200780.0,200780.0"
    port 0
  ]
  edge [
    source 2
    target 1
    key 0
    id "e13"
    bandwidth 75000000
    traffic "18000000,3500000,3500000,3500000,18000000,3500000,200000,3500000,3500000,3500000,200000,3500000,3500000,3500000,200000,200000,200000,200000,200000,200000,200000,200000,200000,200000"
    reservation "19009800.0,3378200.0,3002300.0,3651200.0,18934200.0,3976700.0,200780.0,2997050.0,3556700.0,3976700.0,200780.0,3531500.0,3002300.0,3487400.0,200780.0,200780.0,200780.0,200780.0,200780.0,200780.0,200780.0,200780.0,200780.0,200780.0"
    port 1
  ]
  edge [
    source 3
    target 12
    key 0
    id "e10"
    bandwidth 75000000
    traffic "18000000"
    reservation "20084400.0"
    port 0
  ]
  edge [
    source 3
    target 19
    key 0
    port 1
    weight 1
    bandwidth 50000000
    traffic ""
    reservation ""
  ]
  edge [
    source 4
    target 1
    key 0
    id "e12"
    bandwidth 75000000
    traffic "18000000,18000000,18000000,3500000,3500000,3500000,3500000,200000,200000,200000,200000,200000"
    reservation "19782000.0,20084400.0,18934200.0,3976700.0,3976700.0,3556700.0,3651200.0,200780.0,200780.0,200780.0,200780.0,200780.0"
    port 0
  ]
  edge [
    source 4
    target 12
    key 0
    id "e11"
    bandwidth 75000000
    traffic "18000000,3500000,3500000,3500000,18000000,3500000,200000,3500000,3500000,3500000,200000,3500000,3500000,3500000,200000,200000,200000,200000,200000,200000,200000,200000,200000,200000"
    reservation "19009800.0,3378200.0,3002300.0,3651200.0,18934200.0,3976700.0,200780.0,2997050.0,3556700.0,3976700.0,200780.0,3531500.0,3002300.0,3487400.0,200780.0,200780.0,200780.0,200780.0,200780.0,200780.0,200780.0,200780.0,200780.0,200780.0"
    port 1
  ]
  edge [
    source 4
    target 18
    key 0
    port 2
    weight 1
    bandwidth 50000000
    traffic ""
    reservation ""
  ]
  edge [
    source 5
    target 9
    key 0
    id "e1"
    bandwidth 75000000
    traffic "3500000,3500000,3500000,3500000,3500000,3500000,3500000,3500000,3500000,3500000,3500000,3500000,3500000,3500000"
    reservation "3378200.0,3002300.0,3651200.0,3976700.0,2997050.0,3556700.0,3976700.0,3531500.0,3002300.0,3487400.0,3976700.0,3976700.0,3556700.0,3651200.0"
    port 0
  ]
  edge [
    source 5
    target 6
    key 0
    id "e0"
    bandwidth 75000000
    traffic "18000000,18000000,18000000,200000,200000,200000,200000,200000,200000,200000,200000,200000,200000,200000,200000,200000,200000,200000,200000,200000,200000,200000,200000,200000,200000,200000,200000,200000,200000,200000,200000,200000,200000"
    reservation "18977400.0,19782000.0,20084400.0,200780.0,200780.0,200780.0,200780.0,200780.0,200780.0,200780.0,200780.0,200780.0,200780.0,200780.0,200780.0,200780.0,200780.0,200780.0,200780.0,200780.0,200780.0,200780.0,200780.0,200780.0,200780.0,200780.0,200780.0,200780.0,200780.0,200780.0,200780.0,200780.0,200780.0"
    port 1
  ]
  edge [
    source 6
    target 5
    key 0
    id "e0"
    bandwidth 75000000
    traffic "3500000,3500000,3500000,3500000,3500000,3500000,3500000,3500000,3500000,3500000,3500000,3500000,3500000,3500000"
    reservation "3378200.0,3002300.0,3651200.0,3976700.0,2997050.0,3556700.0,3976700.0,3531500.0,3002300.0,3487400.0,3976700.0,3976700.0,3556700.0,3651200.0"
    port 0
  ]
  edge [
    source 6
    target 12
    key 0
    LinkType "T1"
    LinkLabel "T1"
    bandwidth 75000000
    traffic "200000,200000,200000,200000,200000"
    reservation "200780.0,200780.0,200780.0,200780.0,200780.0"
    port 1
  ]
  edge [
    source 6
    target 7
    key 0
    id "e2"
    bandwidth 75000000
    traffic "200000,200000,200000,200000,200000,200000,200000,200000,200000,200000,200000,200000,200000,200000,200000,200000,200000,200000,200000,200000,200000,200000,200000,200000,200000,200000,200000,200000,200000,200000,200000,200000,200000,200000,200000,200000,200000"
    reservation "200780.0,200780.0,200780.0,200780.0,200780.0,200780.0,200780.0,200780.0,200780.0,200780.0,200780.0,200780.0,200780.0,200780.0,200780.0,200780.0,200780.0,200780.0,200780.0,200780.0,200780.0,200780.0,200780.0,200780.0,200780.0,200780.0,200780.0,200780.0,200780.0,200780.0,200780.0,200780.0,200780.0,200780.0,200780.0,200780.0,200780.0"
    port 2
  ]
  edge [
    source 6
    target 15
    key 0
    port 3
    weight 1
    bandwidth 350000000
    traffic "18000000,18000000,18000000,18000000,18000000,18000000"
    reservation "19009800.0,18977400.0,19782000.0,20084400.0,18934200.0,18934200.0"
  ]
  edge [
    source 7
    target 0
    key 0
    id "e4"
    bandwidth 75000000
    traffic ""
    reservation ""
    port 0
  ]
  edge [
    source 7
    target 6
    key 0
    id "e2"
    bandwidth 75000000
    traffic "18000000,3500000,3500000,3500000,3500000"
    reservation "18934200.0,3976700.0,3976700.0,3556700.0,3651200.0"
    port 1
  ]
  edge [
    source 7
    target 14
    key 0
    port 2
    weight 1
    bandwidth 350000000
    traffic "200000,200000,200000,200000,200000,200000,200000,200000,200000,200000,200000,200000,200000,200000,200000,200000,200000,200000,200000,200000,200000,200000,200000,200000,200000,200000,200000,200000,200000,200000,200000,200000,200000,200000,200000,200000,200000,200000,200000,200000,200000,200000"
    reservation "200780.0,200780.0,200780.0,200780.0,200780.0,200780.0,200780.0,200780.0,200780.0,200780.0,200780.0,200780.0,200780.0,200780.0,200780.0,200780.0,200780.0,200780.0,200780.0,200780.0,200780.0,200780.0,200780.0,200780.0,200780.0,200780.0,200780.0,200780.0,200780.0,200780.0,200780.0,200780.0,200780.0,200780.0,200780.0,200780.0,200780.0,200780.0,200780.0,200780.0,200780.0,200780.0"
  ]
  edge [
    source 8
    target 9
    key 0
    id "e5"
    bandwidth 75000000
    traffic "18000000,3500000,3500000,3500000,3500000,3500000,3500000,3500000,3500000,200000,200000,200000,200000,200000,3500000,200000,200000,3500000,3500000,200000,3500000,3500000,3500000,3500000,200000,200000,200000,200000,200000,200000,200000,200000"
    reservation "18977400.0,3651200.0,3531500.0,3556700.0,3651200.0,3651200.0,3378200.0,3378200.0,3976700.0,200780.0,200780.0,200780.0,200780.0,200780.0,3002300.0,200780.0,200780.0,2997050.0,3790850.0,200780.0,3487400.0,3976700.0,2997050.0,3783500.0,200780.0,200780.0,200780.0,200780.0,200780.0,200780.0,200780.0,200780.0"
    port 0
  ]
  edge [
    source 8
    target 17
    key 0
    port 1
    weight 1
    bandwidth 50000000
    traffic ""
    reservation ""
  ]
  edge [
    source 8
    target 71
    key 0
    port 2
    weight 1
    bandwidth 50000000
    traffic ""
    reservation ""
  ]
  edge [
    source 8
    target 72
    key 0
    port 3
    weight 1
    bandwidth 50000000
    traffic ""
    reservation ""
  ]
  edge [
    source 8
    target 73
    key 0
    port 4
    weight 1
    bandwidth 50000000
    traffic ""
    reservation ""
  ]
  edge [
    source 8
    target 74
    key 0
    port 5
    weight 1
    bandwidth 50000000
    traffic ""
    reservation ""
  ]
  edge [
    source 8
    target 75
    key 0
    port 6
    weight 1
    bandwidth 50000000
    traffic ""
    reservation ""
  ]
  edge [
    source 8
    target 76
    key 0
    port 7
    weight 1
    bandwidth 50000000
    traffic ""
    reservation ""
  ]
  edge [
    source 8
    target 77
    key 0
    port 8
    weight 1
    bandwidth 50000000
    traffic ""
    reservation ""
  ]
  edge [
    source 8
    target 78
    key 0
    port 9
    weight 1
    bandwidth 50000000
    traffic ""
    reservation ""
  ]
  edge [
    source 8
    target 79
    key 0
    port 10
    weight 1
    bandwidth 50000000
    traffic ""
    reservation ""
  ]
  edge [
    source 8
    target 80
    key 0
    port 11
    weight 1
    bandwidth 50000000
    traffic ""
    reservation ""
  ]
  edge [
    source 8
    target 81
    key 0
    port 12
    weight 1
    bandwidth 50000000
    traffic ""
    reservation ""
  ]
  edge [
    source 8
    target 82
    key 0
    port 13
    weight 1
    bandwidth 50000000
    traffic ""
    reservation ""
  ]
  edge [
    source 8
    target 83
    key 0
    port 14
    weight 1
    bandwidth 50000000
    traffic ""
    reservation ""
  ]
  edge [
    source 8
    target 84
    key 0
    port 15
    weight 1
    bandwidth 50000000
    traffic ""
    reservation ""
  ]
  edge [
    source 8
    target 85
    key 0
    port 16
    weight 1
    bandwidth 50000000
    traffic ""
    reservation ""
  ]
  edge [
    source 8
    target 86
    key 0
    port 17
    weight 1
    bandwidth 50000000
    traffic ""
    reservation ""
  ]
  edge [
    source 8
    target 87
    key 0
    port 18
    weight 1
    bandwidth 50000000
    traffic ""
    reservation ""
  ]
  edge [
    source 8
    target 88
    key 0
    port 19
    weight 1
    bandwidth 50000000
    traffic ""
    reservation ""
  ]
  edge [
    source 8
    target 89
    key 0
    port 20
    weight 1
    bandwidth 50000000
    traffic ""
    reservation ""
  ]
  edge [
    source 8
    target 90
    key 0
    port 21
    weight 1
    bandwidth 50000000
    traffic ""
    reservation ""
  ]
  edge [
    source 8
    target 91
    key 0
    port 22
    weight 1
    bandwidth 50000000
    traffic ""
    reservation ""
  ]
  edge [
    source 8
    target 92
    key 0
    port 23
    weight 1
    bandwidth 50000000
    traffic ""
    reservation ""
  ]
  edge [
    source 8
    target 93
    key 0
    port 24
    weight 1
    bandwidth 50000000
    traffic ""
    reservation ""
  ]
  edge [
    source 8
    target 94
    key 0
    port 25
    weight 1
    bandwidth 50000000
    traffic ""
    reservation ""
  ]
  edge [
    source 8
    target 95
    key 0
    port 26
    weight 1
    bandwidth 50000000
    traffic ""
    reservation ""
  ]
  edge [
    source 8
    target 96
    key 0
    port 27
    weight 1
    bandwidth 50000000
    traffic ""
    reservation ""
  ]
  edge [
    source 8
    target 97
    key 0
    port 28
    weight 1
    bandwidth 50000000
    traffic ""
    reservation ""
  ]
  edge [
    source 8
    target 98
    key 0
    port 29
    weight 1
    bandwidth 50000000
    traffic ""
    reservation ""
  ]
  edge [
    source 8
    target 99
    key 0
    port 30
    weight 1
    bandwidth 50000000
    traffic ""
    reservation ""
  ]
  edge [
    source 8
    target 100
    key 0
    port 31
    weight 1
    bandwidth 50000000
    traffic ""
    reservation ""
  ]
  edge [
    source 8
    target 101
    key 0
    port 32
    weight 1
    bandwidth 50000000
    traffic ""
    reservation ""
  ]
  edge [
    source 9
    target 5
    key 0
    id "e1"
    bandwidth 75000000
    traffic "18000000,18000000,18000000,200000,200000,200000,200000,200000,200000,200000,200000,200000,200000,200000,200000,200000,200000,200000,200000,200000,200000,200000,200000,200000,200000,200000,200000,200000,200000,200000,200000,200000,200000"
    reservation "18977400.0,19782000.0,20084400.0,200780.0,200780.0,200780.0,200780.0,200780.0,200780.0,200780.0,200780.0,200780.0,200780.0,200780.0,200780.0,200780.0,200780.0,200780.0,200780.0,200780.0,200780.0,200780.0,200780.0,200780.0,200780.0,200780.0,200780.0,200780.0,200780.0,200780.0,200780.0,200780.0,200780.0"
    port 0
  ]
  edge [
    source 9
    target 8
    key 0
    id "e5"
    bandwidth 75000000
    traffic ""
    reservation ""
    port 1
  ]
  edge [
    source 9
    target 11
    key 0
    id "e6"
    bandwidth 75000000
    traffic ""
    reservation ""
    port 2
  ]
  edge [
    source 9
    target 13
    key 0
    port 3
    weight 1
    bandwidth 350000000
    traffic "3500000,3500000,3500000,3500000,3500000,3500000,3500000,3500000,3500000,3500000,3500000,3500000,3500000,3500000,3500000,3500000,3500000,3500000,3500000,3500000,3500000,3500000,3500000,3500000,3500000,3500000,3500000,3500000,3500000,3500000,3500000,3500000,3500000,3500000,3500000,3500000,3500000,3500000"
    reservation "3378200.0,3002300.0,3651200.0,3976700.0,2997050.0,3556700.0,3976700.0,3531500.0,3002300.0,3487400.0,3556700.0,3531500.0,3531500.0,3378200.0,3790850.0,3531500.0,3556700.0,3651200.0,3651200.0,3976700.0,3976700.0,3556700.0,3651200.0,3651200.0,3531500.0,3556700.0,3651200.0,3651200.0,3378200.0,3378200.0,3976700.0,3002300.0,2997050.0,3790850.0,3487400.0,3976700.0,2997050.0,3783500.0"
  ]
  edge [
    source 10
    target 11
    key 0
    id "e7"
    bandwidth 75000000
    traffic ""
    reservation ""
    port 0
  ]
  edge [
    source 11
    target 0
    key 0
    id "e8"
    bandwidth 75000000
    traffic "18000000,3500000,3500000,3500000,18000000,3500000,200000,3500000,3500000,3500000,200000,3500000,3500000,3500000,200000,200000,200000,200000,200000,200000,200000,200000,200000,200000"
    reservation "19009800.0,3378200.0,3002300.0,3651200.0,18934200.0,3976700.0,200780.0,2997050.0,3556700.0,3976700.0,200780.0,3531500.0,3002300.0,3487400.0,200780.0,200780.0,200780.0,200780.0,200780.0,200780.0,200780.0,200780.0,200780.0,200780.0"
    port 0
  ]
  edge [
    source 11
    target 9
    key 0
    id "e6"
    bandwidth 75000000
    traffic "18000000,18000000,3500000,3500000,3500000,3500000,3500000,3500000,3500000,3500000,3500000,200000,200000,200000,200000,200000,200000,200000,200000,200000,200000,200000,200000,200000,200000"
    reservation "19782000.0,20084400.0,3556700.0,3531500.0,3531500.0,3378200.0,3790850.0,3531500.0,3556700.0,3651200.0,3651200.0,200780.0,200780.0,200780.0,200780.0,200780.0,200780.0,200780.0,200780.0,200780.0,200780.0,200780.0,200780.0,200780.0,200780.0"
    port 1
  ]
  edge [
    source 11
    target 10
    key 0
    id "e7"
    bandwidth 75000000
    traffic ""
    reservation ""
    port 2
  ]
  edge [
    source 11
    target 12
    key 0
    id "e9"
    bandwidth 75000000
    traffic "18000000,3500000,3500000,3500000,3500000"
    reservation "18934200.0,3976700.0,3976700.0,3556700.0,3651200.0"
    port 3
  ]
  edge [
    source 11
    target 16
    key 0
    port 4
    weight 1
    bandwidth 50000000
    traffic ""
    reservation ""
  ]
  edge [
    source 11
    target 20
    key 0
    port 5
    weight 1
    bandwidth 50000000
    traffic ""
    reservation ""
  ]
  edge [
    source 11
    target 21
    key 0
    port 6
    weight 1
    bandwidth 50000000
    traffic ""
    reservation ""
  ]
  edge [
    source 11
    target 22
    key 0
    port 7
    weight 1
    bandwidth 50000000
    traffic ""
    reservation ""
  ]
  edge [
    source 11
    target 23
    key 0
    port 8
    weight 1
    bandwidth 50000000
    traffic ""
    reservation ""
  ]
  edge [
    source 11
    target 24
    key 0
    port 9
    weight 1
    bandwidth 50000000
    traffic ""
    reservation ""
  ]
  edge [
    source 11
    target 25
    key 0
    port 10
    weight 1
    bandwidth 50000000
    traffic ""
    reservation ""
  ]
  edge [
    source 11
    target 26
    key 0
    port 11
    weight 1
    bandwidth 50000000
    traffic ""
    reservation ""
  ]
  edge [
    source 11
    target 27
    key 0
    port 12
    weight 1
    bandwidth 50000000
    traffic ""
    reservation ""
  ]
  edge [
    source 11
    target 28
    key 0
    port 13
    weight 1
    bandwidth 50000000
    traffic ""
    reservation ""
  ]
  edge [
    source 11
    target 29
    key 0
    port 14
    weight 1
    bandwidth 50000000
    traffic ""
    reservation ""
  ]
  edge [
    source 11
    target 30
    key 0
    port 15
    weight 1
    bandwidth 50000000
    traffic ""
    reservation ""
  ]
  edge [
    source 11
    target 31
    key 0
    port 16
    weight 1
    bandwidth 50000000
    traffic ""
    reservation ""
  ]
  edge [
    source 11
    target 32
    key 0
    port 17
    weight 1
    bandwidth 50000000
    traffic ""
    reservation ""
  ]
  edge [
    source 11
    target 33
    key 0
    port 18
    weight 1
    bandwidth 50000000
    traffic ""
    reservation ""
  ]
  edge [
    source 11
    target 34
    key 0
    port 19
    weight 1
    bandwidth 50000000
    traffic ""
    reservation ""
  ]
  edge [
    source 11
    target 35
    key 0
    port 20
    weight 1
    bandwidth 50000000
    traffic ""
    reservation ""
  ]
  edge [
    source 11
    target 36
    key 0
    port 21
    weight 1
    bandwidth 50000000
    traffic ""
    reservation ""
  ]
  edge [
    source 11
    target 37
    key 0
    port 22
    weight 1
    bandwidth 50000000
    traffic ""
    reservation ""
  ]
  edge [
    source 11
    target 38
    key 0
    port 23
    weight 1
    bandwidth 50000000
    traffic ""
    reservation ""
  ]
  edge [
    source 11
    target 39
    key 0
    port 24
    weight 1
    bandwidth 50000000
    traffic ""
    reservation ""
  ]
  edge [
    source 11
    target 40
    key 0
    port 25
    weight 1
    bandwidth 50000000
    traffic ""
    reservation ""
  ]
  edge [
    source 11
    target 41
    key 0
    port 26
    weight 1
    bandwidth 50000000
    traffic ""
    reservation ""
  ]
  edge [
    source 11
    target 42
    key 0
    port 27
    weight 1
    bandwidth 50000000
    traffic ""
    reservation ""
  ]
  edge [
    source 11
    target 43
    key 0
    port 28
    weight 1
    bandwidth 50000000
    traffic ""
    reservation ""
  ]
  edge [
    source 11
    target 44
    key 0
    port 29
    weight 1
    bandwidth 50000000
    traffic ""
    reservation ""
  ]
  edge [
    source 11
    target 45
    key 0
    port 30
    weight 1
    bandwidth 50000000
    traffic ""
    reservation ""
  ]
  edge [
    source 11
    target 46
    key 0
    port 31
    weight 1
    bandwidth 50000000
    traffic ""
    reservation ""
  ]
  edge [
    source 11
    target 47
    key 0
    port 32
    weight 1
    bandwidth 50000000
    traffic ""
    reservation ""
  ]
  edge [
    source 11
    target 48
    key 0
    port 33
    weight 1
    bandwidth 50000000
    traffic ""
    reservation ""
  ]
  edge [
    source 11
    target 49
    key 0
    port 34
    weight 1
    bandwidth 50000000
    traffic ""
    reservation ""
  ]
  edge [
    source 11
    target 50
    key 0
    port 35
    weight 1
    bandwidth 50000000
    traffic ""
    reservation ""
  ]
  edge [
    source 11
    target 51
    key 0
    port 36
    weight 1
    bandwidth 50000000
    traffic ""
    reservation ""
  ]
  edge [
    source 11
    target 52
    key 0
    port 37
    weight 1
    bandwidth 50000000
    traffic ""
    reservation ""
  ]
  edge [
    source 11
    target 53
    key 0
    port 38
    weight 1
    bandwidth 50000000
    traffic ""
    reservation ""
  ]
  edge [
    source 11
    target 54
    key 0
    port 39
    weight 1
    bandwidth 50000000
    traffic ""
    reservation ""
  ]
  edge [
    source 11
    target 55
    key 0
    port 40
    weight 1
    bandwidth 50000000
    traffic ""
    reservation ""
  ]
  edge [
    source 11
    target 56
    key 0
    port 41
    weight 1
    bandwidth 50000000
    traffic ""
    reservation ""
  ]
  edge [
    source 11
    target 57
    key 0
    port 42
    weight 1
    bandwidth 50000000
    traffic ""
    reservation ""
  ]
  edge [
    source 11
    target 58
    key 0
    port 43
    weight 1
    bandwidth 50000000
    traffic ""
    reservation ""
  ]
  edge [
    source 11
    target 59
    key 0
    port 44
    weight 1
    bandwidth 50000000
    traffic ""
    reservation ""
  ]
  edge [
    source 11
    target 60
    key 0
    port 45
    weight 1
    bandwidth 50000000
    traffic ""
    reservation ""
  ]
  edge [
    source 11
    target 61
    key 0
    port 46
    weight 1
    bandwidth 50000000
    traffic ""
    reservation ""
  ]
  edge [
    source 11
    target 62
    key 0
    port 47
    weight 1
    bandwidth 50000000
    traffic ""
    reservation ""
  ]
  edge [
    source 11
    target 63
    key 0
    port 48
    weight 1
    bandwidth 50000000
    traffic ""
    reservation ""
  ]
  edge [
    source 11
    target 64
    key 0
    port 49
    weight 1
    bandwidth 50000000
    traffic ""
    reservation ""
  ]
  edge [
    source 11
    target 65
    key 0
    port 50
    weight 1
    bandwidth 50000000
    traffic ""
    reservation ""
  ]
  edge [
    source 11
    target 66
    key 0
    port 51
    weight 1
    bandwidth 50000000
    traffic ""
    reservation ""
  ]
  edge [
    source 11
    target 67
    key 0
    port 52
    weight 1
    bandwidth 50000000
    traffic ""
    reservation ""
  ]
  edge [
    source 11
    target 68
    key 0
    port 53
    weight 1
    bandwidth 50000000
    traffic ""
    reservation ""
  ]
  edge [
    source 11
    target 69
    key 0
    port 54
    weight 1
    bandwidth 50000000
    traffic ""
    reservation ""
  ]
  edge [
    source 11
    target 70
    key 0
    port 55
    weight 1
    bandwidth 50000000
    traffic ""
    reservation ""
  ]
  edge [
    source 12
    target 3
    key 0
    id "e10"
    bandwidth 75000000
    traffic ""
    reservation ""
    port 0
  ]
  edge [
    source 12
    target 4
    key 0
    id "e11"
    bandwidth 75000000
    traffic "18000000,18000000,3500000,3500000,3500000,3500000,200000,200000,200000,200000,200000"
    reservation "20084400.0,18934200.0,3976700.0,3976700.0,3556700.0,3651200.0,200780.0,200780.0,200780.0,200780.0,200780.0"
    port 1
  ]
  edge [
    source 12
    target 6
    key 0
    LinkType "T1"
    LinkLabel "T1"
    bandwidth 75000000
    traffic "18000000,3500000,3500000,3500000,18000000,3500000,200000,3500000,3500000,3500000,200000,3500000,3500000,3500000,200000,200000,200000,200000,200000,200000,200000,200000,200000,200000"
    reservation "19009800.0,3378200.0,3002300.0,3651200.0,18934200.0,3976700.0,200780.0,2997050.0,3556700.0,3976700.0,200780.0,3531500.0,3002300.0,3487400.0,200780.0,200780.0,200780.0,200780.0,200780.0,200780.0,200780.0,200780.0,200780.0,200780.0"
    port 2
  ]
  edge [
    source 12
    target 11
    key 0
    id "e9"
    bandwidth 75000000
    traffic ""
    reservation ""
    port 3
  ]
  edge [
    source 13
    target 9
    key 0
    port 0
    weight 1
    bandwidth 350000000
    traffic ""
    reservation ""
  ]
  edge [
    source 14
    target 7
    key 0
    port 0
    weight 1
    bandwidth 350000000
    traffic ""
    reservation ""
  ]
  edge [
    source 15
    target 6
    key 0
    port 0
    weight 1
    bandwidth 350000000
    traffic ""
    reservation ""
  ]
  edge [
    source 16
    target 11
    key 0
    port 0
    weight 1
    bandwidth 50000000
    traffic "18000000"
    reservation "19009800.0"
  ]
  edge [
    source 17
    target 8
    key 0
    port 0
    weight 1
    bandwidth 50000000
    traffic "18000000"
    reservation "18977400.0"
  ]
  edge [
    source 18
    target 4
    key 0
    port 0
    weight 1
    bandwidth 50000000
    traffic "18000000"
    reservation "19782000.0"
  ]
  edge [
    source 19
    target 3
    key 0
    port 0
    weight 1
    bandwidth 50000000
    traffic "18000000"
    reservation "20084400.0"
  ]
  edge [
    source 20
    target 11
    key 0
    port 0
    weight 1
    bandwidth 50000000
    traffic "3500000"
    reservation "3378200.0"
  ]
  edge [
    source 21
    target 11
    key 0
    port 0
    weight 1
    bandwidth 50000000
    traffic "3500000"
    reservation "3002300.0"
  ]
  edge [
    source 22
    target 11
    key 0
    port 0
    weight 1
    bandwidth 50000000
    traffic "3500000"
    reservation "3651200.0"
  ]
  edge [
    source 23
    target 11
    key 0
    port 0
    weight 1
    bandwidth 50000000
    traffic "18000000"
    reservation "18934200.0"
  ]
  edge [
    source 24
    target 11
    key 0
    port 0
    weight 1
    bandwidth 50000000
    traffic "3500000"
    reservation "3976700.0"
  ]
  edge [
    source 25
    target 11
    key 0
    port 0
    weight 1
    bandwidth 50000000
    traffic "200000"
    reservation "200780.0"
  ]
  edge [
    source 26
    target 11
    key 0
    port 0
    weight 1
    bandwidth 50000000
    traffic "3500000"
    reservation "2997050.0"
  ]
  edge [
    source 27
    target 11
    key 0
    port 0
    weight 1
    bandwidth 50000000
    traffic "3500000"
    reservation "3556700.0"
  ]
  edge [
    source 28
    target 11
    key 0
    port 0
    weight 1
    bandwidth 50000000
    traffic "3500000"
    reservation "3976700.0"
  ]
  edge [
    source 29
    target 11
    key 0
    port 0
    weight 1
    bandwidth 50000000
    traffic "200000"
    reservation "200780.0"
  ]
  edge [
    source 30
    target 11
    key 0
    port 0
    weight 1
    bandwidth 50000000
    traffic "3500000"
    reservation "3531500.0"
  ]
  edge [
    source 31
    target 11
    key 0
    port 0
    weight 1
    bandwidth 50000000
    traffic "3500000"
    reservation "3002300.0"
  ]
  edge [
    source 32
    target 11
    key 0
    port 0
    weight 1
    bandwidth 50000000
    traffic "3500000"
    reservation "3487400.0"
  ]
  edge [
    source 33
    target 11
    key 0
    port 0
    weight 1
    bandwidth 50000000
    traffic "3500000"
    reservation "3556700.0"
  ]
  edge [
    source 34
    target 11
    key 0
    port 0
    weight 1
    bandwidth 50000000
    traffic "18000000"
    reservation "18934200.0"
  ]
  edge [
    source 35
    target 11
    key 0
    port 0
    weight 1
    bandwidth 50000000
    traffic "3500000"
    reservation "3531500.0"
  ]
  edge [
    source 36
    target 11
    key 0
    port 0
    weight 1
    bandwidth 50000000
    traffic "3500000"
    reservation "3531500.0"
  ]
  edge [
    source 37
    target 11
    key 0
    port 0
    weight 1
    bandwidth 50000000
    traffic "3500000"
    reservation "3378200.0"
  ]
  edge [
    source 38
    target 11
    key 0
    port 0
    weight 1
    bandwidth 50000000
    traffic "3500000"
    reservation "3790850.0"
  ]
  edge [
    source 39
    target 11
    key 0
    port 0
    weight 1
    bandwidth 50000000
    traffic "3500000"
    reservation "3531500.0"
  ]
  edge [
    source 40
    target 11
    key 0
    port 0
    weight 1
    bandwidth 50000000
    traffic "3500000"
    reservation "3556700.0"
  ]
  edge [
    source 41
    target 11
    key 0
    port 0
    weight 1
    bandwidth 50000000
    traffic "3500000"
    reservation "3651200.0"
  ]
  edge [
    source 42
    target 11
    key 0
    port 0
    weight 1
    bandwidth 50000000
    traffic "3500000"
    reservation "3651200.0"
  ]
  edge [
    source 43
    target 11
    key 0
    port 0
    weight 1
    bandwidth 50000000
    traffic "3500000"
    reservation "3976700.0"
  ]
  edge [
    source 44
    target 11
    key 0
    port 0
    weight 1
    bandwidth 50000000
    traffic "3500000"
    reservation "3976700.0"
  ]
  edge [
    source 45
    target 11
    key 0
    port 0
    weight 1
    bandwidth 50000000
    traffic "3500000"
    reservation "3556700.0"
  ]
  edge [
    source 46
    target 11
    key 0
    port 0
    weight 1
    bandwidth 50000000
    traffic "200000"
    reservation "200780.0"
  ]
  edge [
    source 47
    target 11
    key 0
    port 0
    weight 1
    bandwidth 50000000
    traffic "3500000"
    reservation "3651200.0"
  ]
  edge [
    source 48
    target 11
    key 0
    port 0
    weight 1
    bandwidth 50000000
    traffic "200000"
    reservation "200780.0"
  ]
  edge [
    source 49
    target 11
    key 0
    port 0
    weight 1
    bandwidth 50000000
    traffic "200000"
    reservation "200780.0"
  ]
  edge [
    source 50
    target 11
    key 0
    port 0
    weight 1
    bandwidth 50000000
    traffic "200000"
    reservation "200780.0"
  ]
  edge [
    source 51
    target 11
    key 0
    port 0
    weight 1
    bandwidth 50000000
    traffic "200000"
    reservation "200780.0"
  ]
  edge [
    source 52
    target 11
    key 0
    port 0
    weight 1
    bandwidth 50000000
    traffic "200000"
    reservation "200780.0"
  ]
  edge [
    source 53
    target 11
    key 0
    port 0
    weight 1
    bandwidth 50000000
    traffic "200000"
    reservation "200780.0"
  ]
  edge [
    source 54
    target 11
    key 0
    port 0
    weight 1
    bandwidth 50000000
    traffic "200000"
    reservation "200780.0"
  ]
  edge [
    source 55
    target 11
    key 0
    port 0
    weight 1
    bandwidth 50000000
    traffic "200000"
    reservation "200780.0"
  ]
  edge [
    source 56
    target 11
    key 0
    port 0
    weight 1
    bandwidth 50000000
    traffic "200000"
    reservation "200780.0"
  ]
  edge [
    source 57
    target 11
    key 0
    port 0
    weight 1
    bandwidth 50000000
    traffic "200000"
    reservation "200780.0"
  ]
  edge [
    source 58
    target 11
    key 0
    port 0
    weight 1
    bandwidth 50000000
    traffic "200000"
    reservation "200780.0"
  ]
  edge [
    source 59
    target 11
    key 0
    port 0
    weight 1
    bandwidth 50000000
    traffic "200000"
    reservation "200780.0"
  ]
  edge [
    source 60
    target 11
    key 0
    port 0
    weight 1
    bandwidth 50000000
    traffic "200000"
    reservation "200780.0"
  ]
  edge [
    source 61
    target 11
    key 0
    port 0
    weight 1
    bandwidth 50000000
    traffic "200000"
    reservation "200780.0"
  ]
  edge [
    source 62
    target 11
    key 0
    port 0
    weight 1
    bandwidth 50000000
    traffic "200000"
    reservation "200780.0"
  ]
  edge [
    source 63
    target 11
    key 0
    port 0
    weight 1
    bandwidth 50000000
    traffic "200000"
    reservation "200780.0"
  ]
  edge [
    source 64
    target 11
    key 0
    port 0
    weight 1
    bandwidth 50000000
    traffic "200000"
    reservation "200780.0"
  ]
  edge [
    source 65
    target 11
    key 0
    port 0
    weight 1
    bandwidth 50000000
    traffic "200000"
    reservation "200780.0"
  ]
  edge [
    source 66
    target 11
    key 0
    port 0
    weight 1
    bandwidth 50000000
    traffic "200000"
    reservation "200780.0"
  ]
  edge [
    source 67
    target 11
    key 0
    port 0
    weight 1
    bandwidth 50000000
    traffic "200000"
    reservation "200780.0"
  ]
  edge [
    source 68
    target 11
    key 0
    port 0
    weight 1
    bandwidth 50000000
    traffic "200000"
    reservation "200780.0"
  ]
  edge [
    source 69
    target 11
    key 0
    port 0
    weight 1
    bandwidth 50000000
    traffic "200000"
    reservation "200780.0"
  ]
  edge [
    source 70
    target 11
    key 0
    port 0
    weight 1
    bandwidth 50000000
    traffic "200000"
    reservation "200780.0"
  ]
  edge [
    source 71
    target 8
    key 0
    port 0
    weight 1
    bandwidth 50000000
    traffic "3500000"
    reservation "3651200.0"
  ]
  edge [
    source 72
    target 8
    key 0
    port 0
    weight 1
    bandwidth 50000000
    traffic "3500000"
    reservation "3531500.0"
  ]
  edge [
    source 73
    target 8
    key 0
    port 0
    weight 1
    bandwidth 50000000
    traffic "3500000"
    reservation "3556700.0"
  ]
  edge [
    source 74
    target 8
    key 0
    port 0
    weight 1
    bandwidth 50000000
    traffic "3500000"
    reservation "3651200.0"
  ]
  edge [
    source 75
    target 8
    key 0
    port 0
    weight 1
    bandwidth 50000000
    traffic "3500000"
    reservation "3651200.0"
  ]
  edge [
    source 76
    target 8
    key 0
    port 0
    weight 1
    bandwidth 50000000
    traffic "3500000"
    reservation "3378200.0"
  ]
  edge [
    source 77
    target 8
    key 0
    port 0
    weight 1
    bandwidth 50000000
    traffic "3500000"
    reservation "3378200.0"
  ]
  edge [
    source 78
    target 8
    key 0
    port 0
    weight 1
    bandwidth 50000000
    traffic "3500000"
    reservation "3976700.0"
  ]
  edge [
    source 79
    target 8
    key 0
    port 0
    weight 1
    bandwidth 50000000
    traffic "200000"
    reservation "200780.0"
  ]
  edge [
    source 80
    target 8
    key 0
    port 0
    weight 1
    bandwidth 50000000
    traffic "200000"
    reservation "200780.0"
  ]
  edge [
    source 81
    target 8
    key 0
    port 0
    weight 1
    bandwidth 50000000
    traffic "200000"
    reservation "200780.0"
  ]
  edge [
    source 82
    target 8
    key 0
    port 0
    weight 1
    bandwidth 50000000
    traffic "200000"
    reservation "200780.0"
  ]
  edge [
    source 83
    target 8
    key 0
    port 0
    weight 1
    bandwidth 50000000
    traffic "200000"
    reservation "200780.0"
  ]
  edge [
    source 84
    target 8
    key 0
    port 0
    weight 1
    bandwidth 50000000
    traffic "3500000"
    reservation "3002300.0"
  ]
  edge [
    source 85
    target 8
    key 0
    port 0
    weight 1
    bandwidth 50000000
    traffic "200000"
    reservation "200780.0"
  ]
  edge [
    source 86
    target 8
    key 0
    port 0
    weight 1
    bandwidth 50000000
    traffic "200000"
    reservation "200780.0"
  ]
  edge [
    source 87
    target 8
    key 0
    port 0
    weight 1
    bandwidth 50000000
    traffic "3500000"
    reservation "2997050.0"
  ]
  edge [
    source 88
    target 8
    key 0
    port 0
    weight 1
    bandwidth 50000000
    traffic "3500000"
    reservation "3790850.0"
  ]
  edge [
    source 89
    target 8
    key 0
    port 0
    weight 1
    bandwidth 50000000
    traffic "200000"
    reservation "200780.0"
  ]
  edge [
    source 90
    target 8
    key 0
    port 0
    weight 1
    bandwidth 50000000
    traffic "3500000"
    reservation "3487400.0"
  ]
  edge [
    source 91
    target 8
    key 0
    port 0
    weight 1
    bandwidth 50000000
    traffic "3500000"
    reservation "3976700.0"
  ]
  edge [
    source 92
    target 8
    key 0
    port 0
    weight 1
    bandwidth 50000000
    traffic "3500000"
    reservation "2997050.0"
  ]
  edge [
    source 93
    target 8
    key 0
    port 0
    weight 1
    bandwidth 50000000
    traffic "3500000"
    reservation "3783500.0"
  ]
  edge [
    source 94
    target 8
    key 0
    port 0
    weight 1
    bandwidth 50000000
    traffic "200000"
    reservation "200780.0"
  ]
  edge [
    source 95
    target 8
    key 0
    port 0
    weight 1
    bandwidth 50000000
    traffic "200000"
    reservation "200780.0"
  ]
  edge [
    source 96
    target 8
    key 0
    port 0
    weight 1
    bandwidth 50000000
    traffic "200000"
    reservation "200780.0"
  ]
  edge [
    source 97
    target 8
    key 0
    port 0
    weight 1
    bandwidth 50000000
    traffic "200000"
    reservation "200780.0"
  ]
  edge [
    source 98
    target 8
    key 0
    port 0
    weight 1
    bandwidth 50000000
    traffic "200000"
    reservation "200780.0"
  ]
  edge [
    source 99
    target 8
    key 0
    port 0
    weight 1
    bandwidth 50000000
    traffic "200000"
    reservation "200780.0"
  ]
  edge [
    source 100
    target 8
    key 0
    port 0
    weight 1
    bandwidth 50000000
    traffic "200000"
    reservation "200780.0"
  ]
  edge [
    source 101
    target 8
    key 0
    port 0
    weight 1
    bandwidth 50000000
    traffic "200000"
    reservation "200780.0"
  ]
]
