graph [
  directed 1
  multigraph 1
  GeoLocation "USA"
  GeoExtent "Country"
  Network "AGIS"
  Provenance "Secondary"
  Note "No info - Layer 1 network?"
  Source "http://www.nthelp.com/images/agis.jpg"
  Version "1.0"
  Type "COM"
  DateType "Current"
  Backbone 1
  Commercial 0
  label "Agis"
  ToolsetVersion "0.3.34dev-20120328"
  Customer 0
  IX 0
  SourceGitVersion "e278b1b"
  DateModifier "="
  DateMonth "01"
  LastAccess "14/01/11"
  Access 0
  Layer "IP"
  Creator "Topology Zoo Toolset"
  Developed 1
  Transit 0
  NetworkDate "2011_01"
  DateYear "2011"
  LastProcessed "2011_09_01"
  Testbed 0
  levelsToS 71
  node [
    id 0
    label "0"
    Country "United States"
    Longitude -80.19366
    Internal 1
    Latitude 25.77427
    type "inner"
    schedulingPolicy "WFQ"
    tosToQoSqueue "0,1,2,3,4,5,6,7,8,9,10,11,12,13,14,15,16,17,18,19,20,21,22,23,24,25,26,27,28,29,30,31,32,33,34,35,36,37,38,39,40,41,42,43,44,45,46,47,48,49,50,51,52,53,54,55,56,57,58,59,60,61,62,63,64,65,66,67,68,69,70"
    schedulingWeights "100"
    levelsQoS 1
    queueSizes "32"
  ]
  node [
    id 1
    label "1"
    Country "United States"
    Longitude -95.36327
    Internal 1
    Latitude 29.76328
    type "inner"
    schedulingPolicy "WFQ"
    tosToQoSqueue "0,1,2,3,4,5,6,7,8,9,10,11,12,13,14,15,16,17,18,19,20,21,22,23,24,25,26,27,28,29,30,31,32,33,34,35,36,37,38,39,40,41,42,43,44,45,46,47,48,49,50,51,52,53,54,55,56,57,58,59,60,61,62,63,64,65,66,67,68,69,70"
    schedulingWeights "100"
    levelsQoS 1
    queueSizes "32"
  ]
  node [
    id 2
    label "2"
    Country "United States"
    Longitude -77.03637
    Internal 1
    Latitude 38.89511
    type "antenna"
    schedulingPolicy "WFQ"
    tosToQoSqueue "36,39;33;35;31;37,38;34;30;32,47,51;52;44,49;40,41;46,48,50;42,45;43;28,0,1,2,3,4,5,6,7,8,9,10,11,12,13,14,15,16,17,18,19,20,21,22,23,24,25,26,27,29,53,54,55,56,57,58,59,60,61,62,63,64,65,66,67,68,69,70"
    schedulingWeights "0.001,0.001,0.001,14.147,0.001,0.001,14.886,1.724,0.001,1.701,1.544,1.403,1.713,0.737,62.137;24.119,15.252,13.782,0.001,28.512,15.31,0.001,0.862,0.827,0.001,0.001,0.702,0.001,0.001,0.628;0.001,0.001,0.001,0.001,0.001,0.001,0.001,0.001,0.001,0.001,0.001,0.001,0.001,0.001,99.986;0.001,0.001,0.001,0.001,0.001,0.001,0.001,0.001,0.001,0.001,0.001,0.001,0.001,0.001,99.986;0.001,0.001,0.001,0.001,0.001,0.001,0.001,0.001,0.001,0.001,0.001,0.001,0.001,0.001,99.986;0.001,0.001,0.001,0.001,0.001,0.001,0.001,0.001,0.001,0.001,0.001,0.001,0.001,0.001,99.986;0.001,0.001,0.001,0.001,0.001,0.001,0.001,0.001,0.001,0.001,0.001,0.001,0.001,0.001,99.986;0.001,0.001,0.001,0.001,0.001,0.001,0.001,0.001,0.001,0.001,0.001,0.001,0.001,0.001,99.986;0.001,0.001,0.001,0.001,0.001,0.001,0.001,0.001,0.001,0.001,0.001,0.001,0.001,0.001,99.986;0.001,0.001,0.001,0.001,0.001,0.001,0.001,0.001,0.001,0.001,0.001,0.001,0.001,0.001,99.986;0.001,0.001,0.001,0.001,0.001,0.001,0.001,0.001,0.001,0.001,0.001,0.001,0.001,0.001,99.986;0.001,0.001,0.001,0.001,0.001,0.001,0.001,0.001,0.001,0.001,0.001,0.001,0.001,0.001,99.986;0.001,0.001,0.001,0.001,0.001,0.001,0.001,0.001,0.001,0.001,0.001,0.001,0.001,0.001,99.986;0.001,0.001,0.001,0.001,0.001,0.001,0.001,0.001,0.001,0.001,0.001,0.001,0.001,0.001,99.986;0.001,0.001,0.001,0.001,0.001,0.001,0.001,0.001,0.001,0.001,0.001,0.001,0.001,0.001,99.986;0.001,0.001,0.001,0.001,0.001,0.001,0.001,0.001,0.001,0.001,0.001,0.001,0.001,0.001,99.986;0.001,0.001,0.001,0.001,0.001,0.001,0.001,0.001,0.001,0.001,0.001,0.001,0.001,0.001,99.986;0.001,0.001,0.001,0.001,0.001,0.001,0.001,0.001,0.001,0.001,0.001,0.001,0.001,0.001,99.986;0.001,0.001,0.001,0.001,0.001,0.001,0.001,0.001,0.001,0.001,0.001,0.001,0.001,0.001,99.986;0.001,0.001,0.001,0.001,0.001,0.001,0.001,0.001,0.001,0.001,0.001,0.001,0.001,0.001,99.986;0.001,0.001,0.001,0.001,0.001,0.001,0.001,0.001,0.001,0.001,0.001,0.001,0.001,0.001,99.986;0.001,0.001,0.001,0.001,0.001,0.001,0.001,0.001,0.001,0.001,0.001,0.001,0.001,0.001,99.986;0.001,0.001,0.001,0.001,0.001,0.001,0.001,0.001,0.001,0.001,0.001,0.001,0.001,0.001,99.986;0.001,0.001,0.001,0.001,0.001,0.001,0.001,0.001,0.001,0.001,0.001,0.001,0.001,0.001,99.986;0.001,0.001,0.001,0.001,0.001,0.001,0.001,0.001,0.001,0.001,0.001,0.001,0.001,0.001,99.986;0.001,0.001,0.001,0.001,0.001,0.001,0.001,0.001,0.001,0.001,0.001,0.001,0.001,0.001,99.986"
    levelsQoS 15
    queueSizes "32,32,32,32,32,32,32,32,32,32,32,32,32,32,32"
  ]
  node [
    id 3
    label "3"
    Country "United States"
    Longitude -84.38798
    Internal 1
    Latitude 33.749
    type "inner"
    schedulingPolicy "WFQ"
    tosToQoSqueue "31;30;32,47;44,49;40,41;46,48;42,45;43;28,0,1,2,3,4,5,6,7,8,9,10,11,12,13,14,15,16,17,18,19,20,21,22,23,24,25,26,27,29,33,34,35,36,37,38,39,50,51,52,53,54,55,56,57,58,59,60,61,62,63,64,65,66,67,68,69,70"
    schedulingWeights "0.001,0.001,0.001,0.001,0.001,0.001,0.001,0.001,99.992;0.001,0.001,0.001,0.001,0.001,0.001,0.001,0.001,99.992;14.147,14.886,1.724,1.701,1.544,1.403,1.713,0.737,62.143;0.001,0.001,0.001,0.001,0.001,0.001,0.001,0.001,99.992"
    levelsQoS 9
    queueSizes "32,32,32,32,32,32,32,32,32"
  ]
  node [
    id 4
    label "4"
    Country "United States"
    Longitude -106.65114
    Internal 1
    Latitude 35.08449
    type "inner"
    schedulingPolicy "WFQ"
    tosToQoSqueue "0,1,2,3,4,5,6,7,8,9,10,11,12,13,14,15,16,17,18,19,20,21,22,23,24,25,26,27,28,29,30,31,32,33,34,35,36,37,38,39,40,41,42,43,44,45,46,47,48,49,50,51,52,53,54,55,56,57,58,59,60,61,62,63,64,65,66,67,68,69,70"
    schedulingWeights "100"
    levelsQoS 1
    queueSizes "32"
  ]
  node [
    id 5
    label "5"
    Country "United States"
    Longitude -112.07404
    Internal 1
    Latitude 33.44838
    type "inner"
    schedulingPolicy "WFQ"
    tosToQoSqueue "54;31,56;30,53;32,47;57,63;44,49,58,59,60;40,41,64;46,48,61,65;42,45;43,62;28,0,1,2,3,4,5,6,7,8,9,10,11,12,13,14,15,16,17,18,19,20,21,22,23,24,25,26,27,29,33,34,35,36,37,38,39,50,51,52,55,66,67,68,69,70"
    schedulingWeights "0.001,14.147,14.886,1.724,0.001,1.701,1.544,1.403,1.713,0.737,62.141;14.878,14.147,14.886,0.001,1.654,2.552,0.772,1.403,0.001,0.737,48.968"
    levelsQoS 11
    queueSizes "32,32,32,32,32,32,32,32,32,32,32"
  ]
  node [
    id 6
    label "6"
    Country "United States"
    Longitude -96.80667
    Internal 1
    Latitude 32.78306
    type "inner"
    schedulingPolicy "WFQ"
    tosToQoSqueue "54;31,56;30,53;32,47;57,63;44,49,58,59,60;40,41,64;46,48,61,65;42,45;43,62;28,0,1,2,3,4,5,6,7,8,9,10,11,12,13,14,15,16,17,18,19,20,21,22,23,24,25,26,27,29,33,34,35,36,37,38,39,50,51,52,55,66,67,68,69,70"
    schedulingWeights "0.001,0.001,0.001,0.001,0.001,0.001,0.001,0.001,0.001,0.001,99.99;0.001,0.001,0.001,0.001,0.001,0.001,0.001,0.001,0.001,0.001,99.99;0.001,0.001,0.001,0.001,0.001,0.001,0.001,0.001,0.001,0.001,99.99;0.001,14.147,14.886,1.724,0.001,1.701,1.544,1.403,1.713,0.737,62.141;14.878,14.147,14.886,0.001,1.654,2.552,0.772,1.403,0.001,0.737,48.968"
    levelsQoS 11
    queueSizes "32,32,32,32,32,32,32,32,32,32,32"
  ]
  node [
    id 7
    label "7"
    Country "United States"
    Longitude -90.19789
    Internal 1
    Latitude 38.62727
    type "inner"
    schedulingPolicy "WFQ"
    tosToQoSqueue "54;56;53;57,63;58,59,60;64;61,65;62,0,1,2,3,4,5,6,7,8,9,10,11,12,13,14,15,16,17,18,19,20,21,22,23,24,25,26,27,28,29,30,31,32,33,34,35,36,37,38,39,40,41,42,43,44,45,46,47,48,49,50,51,52,55,66,67,68,69,70"
    schedulingWeights "0.001,0.001,0.001,0.001,0.001,0.001,0.001,99.993;14.878,14.147,14.886,1.654,2.552,0.772,1.403,49.707"
    levelsQoS 8
    queueSizes "32,32,32,32,32,32,32,32"
  ]
  node [
    id 8
    label "8"
    Country "United States"
    Longitude -117.15726
    Internal 1
    Latitude 32.71533
    type "inner"
    schedulingPolicy "WFQ"
    tosToQoSqueue "0,1,2,3,4,5,6,7,8,9,10,11,12,13,14,15,16,17,18,19,20,21,22,23,24,25,26,27,28,29,30,31,32,33,34,35,36,37,38,39,40,41,42,43,44,45,46,47,48,49,50,51,52,53,54,55,56,57,58,59,60,61,62,63,64,65,66,67,68,69,70"
    schedulingWeights "100"
    levelsQoS 1
    queueSizes "32"
  ]
  node [
    id 9
    label "9"
    Country "United States"
    Longitude -118.24368
    Internal 1
    Latitude 34.05223
    type "destination_embb"
    schedulingPolicy "FIFO"
    levelsQoS "1"
    schedulingWeights "-"
    tosToQoSqueue "0,1,2,3,4,5,6,7,8,9,10,11,12,13,14,15,16,17,18,19,20,21,22,23,24,25,26,27,28,29,30,31,32,33,34,35,36,37,38,39,40,41,42,43,44,45,46,47,48,49,50,51,52,53,54,55,56,57,58,59,60,61,62,63,64,65,66,67,68,69,70"
    queueSizes "32"
  ]
  node [
    id 10
    label "10"
    Country "United States"
    Longitude -121.95524
    Internal 1
    Latitude 37.35411
    type "inner"
    schedulingPolicy "WFQ"
    tosToQoSqueue "54;31,56;30;32,47,51,70;52,57,63,68;44,49,58,59,60;40,41,64;46,48,50,61,65;42,45,66;43,62,67,69;55,0,1,2,3,4,5,6,7,8,9,10,11,12,13,14,15,16,17,18,19,20,21,22,23,24,25,26,27,28,29,33,34,35,36,37,38,39,53"
    schedulingWeights "14.878,14.147,0.001,0.001,0.001,0.001,0.001,0.001,0.001,0.001,70.967;0.001,0.001,0.001,0.001,0.001,0.001,0.001,0.001,0.001,0.001,99.99;0.001,0.001,0.001,0.001,0.001,0.001,0.001,0.001,0.001,0.001,99.99;0.001,0.001,0.001,3.449,3.308,4.253,2.316,3.508,2.57,2.949,77.643;0.001,14.147,14.886,0.001,0.001,0.001,0.001,0.001,0.001,0.001,70.959"
    levelsQoS 11
    queueSizes "32,32,32,32,32,32,32,32,32,32,32"
  ]
  node [
    id 11
    label "11"
    Country "United States"
    Longitude -121.29078
    Internal 1
    Latitude 37.9577
    type "inner"
    schedulingPolicy "WFQ"
    tosToQoSqueue "0,1,2,3,4,5,6,7,8,9,10,11,12,13,14,15,16,17,18,19,20,21,22,23,24,25,26,27,28,29,30,31,32,33,34,35,36,37,38,39,40,41,42,43,44,45,46,47,48,49,50,51,52,53,54,55,56,57,58,59,60,61,62,63,64,65,66,67,68,69,70"
    schedulingWeights "100"
    levelsQoS 1
    queueSizes "32"
  ]
  node [
    id 12
    label "12"
    Country "United States"
    Longitude -121.4944
    Internal 1
    Latitude 38.58157
    type "antenna"
    schedulingPolicy "WFQ"
    tosToQoSqueue "54;56;53;70;57,63,68;58,59,60;64;61,65;66;62,67,69;29;55,0,1,2,3,4,5,6,7,8,9,10,11,12,13,14,15,16,17,18,19,20,21,22,23,24,25,26,27,28,30,31,32,33,34,35,36,37,38,39,40,41,42,43,44,45,46,47,48,49,50,51,52"
    schedulingWeights "0.001,0.001,14.886,0.001,1.654,2.552,0.772,1.403,0.001,0.737,77.486,0.505;14.878,14.147,0.001,0.862,0.827,0.001,0.001,0.001,0.857,1.475,0.001,66.95;0.001,0.001,0.001,0.001,0.001,0.001,0.001,0.001,0.001,0.001,0.001,99.989;0.001,0.001,0.001,0.001,0.001,0.001,0.001,0.001,0.001,0.001,0.001,99.989;0.001,0.001,0.001,0.001,0.001,0.001,0.001,0.001,0.001,0.001,0.001,99.989;0.001,0.001,0.001,0.001,0.001,0.001,0.001,0.001,0.001,0.001,0.001,99.989;0.001,0.001,0.001,0.001,0.001,0.001,0.001,0.001,0.001,0.001,0.001,99.989;0.001,0.001,0.001,0.001,0.001,0.001,0.001,0.001,0.001,0.001,0.001,99.989;0.001,0.001,0.001,0.001,0.001,0.001,0.001,0.001,0.001,0.001,0.001,99.989;0.001,0.001,0.001,0.001,0.001,0.001,0.001,0.001,0.001,0.001,0.001,99.989;0.001,0.001,0.001,0.001,0.001,0.001,0.001,0.001,0.001,0.001,0.001,99.989;0.001,0.001,0.001,0.001,0.001,0.001,0.001,0.001,0.001,0.001,0.001,99.989;0.001,0.001,0.001,0.001,0.001,0.001,0.001,0.001,0.001,0.001,0.001,99.989;0.001,0.001,0.001,0.001,0.001,0.001,0.001,0.001,0.001,0.001,0.001,99.989;0.001,0.001,0.001,0.001,0.001,0.001,0.001,0.001,0.001,0.001,0.001,99.989;0.001,0.001,0.001,0.001,0.001,0.001,0.001,0.001,0.001,0.001,0.001,99.989;0.001,0.001,0.001,0.001,0.001,0.001,0.001,0.001,0.001,0.001,0.001,99.989;0.001,0.001,0.001,0.001,0.001,0.001,0.001,0.001,0.001,0.001,0.001,99.989;0.001,0.001,0.001,0.001,0.001,0.001,0.001,0.001,0.001,0.001,0.001,99.989;0.001,0.001,0.001,0.001,0.001,0.001,0.001,0.001,0.001,0.001,0.001,99.989;0.001,0.001,0.001,0.001,0.001,0.001,0.001,0.001,0.001,0.001,0.001,99.989"
    levelsQoS 12
    queueSizes "32,32,32,32,32,32,32,32,32,32,32,32"
  ]
  node [
    id 13
    label "13"
    Country "United States"
    Longitude -119.77237
    Internal 1
    Latitude 36.74773
    type "destination_mmtc"
    schedulingPolicy "FIFO"
    levelsQoS "1"
    schedulingWeights "-"
    tosToQoSqueue "0,1,2,3,4,5,6,7,8,9,10,11,12,13,14,15,16,17,18,19,20,21,22,23,24,25,26,27,28,29,30,31,32,33,34,35,36,37,38,39,40,41,42,43,44,45,46,47,48,49,50,51,52,53,54,55,56,57,58,59,60,61,62,63,64,65,66,67,68,69,70"
    queueSizes "32"
  ]
  node [
    id 14
    label "14"
    Country "United States"
    Longitude -122.41942
    Internal 1
    Latitude 37.77493
    type "inner"
    schedulingPolicy "WFQ"
    tosToQoSqueue "31;30;57,63;58,59,60;64;61,65;62,0,1,2,3,4,5,6,7,8,9,10,11,12,13,14,15,16,17,18,19,20,21,22,23,24,25,26,27,28,29,32,33,34,35,36,37,38,39,40,41,42,43,44,45,46,47,48,49,50,51,52,53,54,55,56,66,67,68,69,70"
    schedulingWeights "0.001,0.001,1.654,2.552,0.772,1.403,93.616;14.147,14.886,0.001,0.001,0.001,0.001,70.963"
    levelsQoS 7
    queueSizes "32,32,32,32,32,32,32"
  ]
  node [
    id 15
    label "15"
    Country "United States"
    Longitude -74.00597
    Internal 1
    Latitude 40.71427
    type "inner"
    schedulingPolicy "WFQ"
    tosToQoSqueue "0,1,2,3,4,5,6,7,8,9,10,11,12,13,14,15,16,17,18,19,20,21,22,23,24,25,26,27,28,29,30,31,32,33,34,35,36,37,38,39,40,41,42,43,44,45,46,47,48,49,50,51,52,53,54,55,56,57,58,59,60,61,62,63,64,65,66,67,68,69,70"
    schedulingWeights "100;100;100"
    levelsQoS 1
    queueSizes "32"
  ]
  node [
    id 16
    label "16"
    Country "United States"
    Longitude -71.05977
    Internal 1
    Latitude 42.35843
    type "inner"
    schedulingPolicy "WFQ"
    tosToQoSqueue "0,1,2,3,4,5,6,7,8,9,10,11,12,13,14,15,16,17,18,19,20,21,22,23,24,25,26,27,28,29,30,31,32,33,34,35,36,37,38,39,40,41,42,43,44,45,46,47,48,49,50,51,52,53,54,55,56,57,58,59,60,61,62,63,64,65,66,67,68,69,70"
    schedulingWeights "100"
    levelsQoS 1
    queueSizes "32"
  ]
  node [
    id 17
    label "17"
    Country "United States"
    Longitude -122.33207
    Internal 1
    Latitude 47.60621
    type "inner"
    schedulingPolicy "WFQ"
    tosToQoSqueue "31;30;57,63;58,59,60;64;61,65;62,0,1,2,3,4,5,6,7,8,9,10,11,12,13,14,15,16,17,18,19,20,21,22,23,24,25,26,27,28,29,32,33,34,35,36,37,38,39,40,41,42,43,44,45,46,47,48,49,50,51,52,53,54,55,56,66,67,68,69,70"
    schedulingWeights "0.001,0.001,1.654,2.552,0.772,1.403,93.616;0.001,0.001,0.001,0.001,0.001,0.001,99.994;14.147,14.886,0.001,0.001,0.001,0.001,70.963"
    levelsQoS 7
    queueSizes "32,32,32,32,32,32,32"
  ]
  node [
    id 18
    label "18"
    Country "United States"
    Longitude -111.89105
    Internal 1
    Latitude 40.76078
    type "inner"
    schedulingPolicy "WFQ"
    tosToQoSqueue "0,1,2,3,4,5,6,7,8,9,10,11,12,13,14,15,16,17,18,19,20,21,22,23,24,25,26,27,28,29,30,31,32,33,34,35,36,37,38,39,40,41,42,43,44,45,46,47,48,49,50,51,52,53,54,55,56,57,58,59,60,61,62,63,64,65,66,67,68,69,70"
    schedulingWeights "100"
    levelsQoS 1
    queueSizes "32"
  ]
  node [
    id 19
    label "19"
    Country "United States"
    Longitude -87.65005
    Internal 1
    Latitude 41.85003
    type "inner"
    schedulingPolicy "WFQ"
    tosToQoSqueue "54;31,56;30,53;51;52,57,63;58,59,60;64;50,61,65;62,0,1,2,3,4,5,6,7,8,9,10,11,12,13,14,15,16,17,18,19,20,21,22,23,24,25,26,27,28,29,32,33,34,35,36,37,38,39,40,41,42,43,44,45,46,47,48,49,55,66,67,68,69,70"
    schedulingWeights "0.001,0.001,0.001,0.001,0.001,0.001,0.001,0.001,99.992;0.001,0.001,0.001,0.862,0.827,0.001,0.001,0.702,97.604;0.001,0.001,0.001,0.001,1.654,2.552,0.772,1.403,93.614;0.001,0.001,0.001,0.001,0.001,0.001,0.001,0.001,99.992;14.878,28.294,29.772,0.001,0.001,0.001,0.001,0.001,27.051"
    levelsQoS 9
    queueSizes "32,32,32,32,32,32,32,32,32"
  ]
  node [
    id 20
    label "20"
    Country "United States"
    Longitude -93.26384
    Internal 1
    Latitude 44.97997
    type "inner"
    schedulingPolicy "WFQ"
    tosToQoSqueue "0,1,2,3,4,5,6,7,8,9,10,11,12,13,14,15,16,17,18,19,20,21,22,23,24,25,26,27,28,29,30,31,32,33,34,35,36,37,38,39,40,41,42,43,44,45,46,47,48,49,50,51,52,53,54,55,56,57,58,59,60,61,62,63,64,65,66,67,68,69,70"
    schedulingWeights "100"
    levelsQoS 1
    queueSizes "32"
  ]
  node [
    id 21
    label "21"
    Country "United States"
    Longitude -83.04575
    Internal 1
    Latitude 42.33143
    type "destination_urllc"
    schedulingPolicy "FIFO"
    levelsQoS "1"
    schedulingWeights "-"
    tosToQoSqueue "0,1,2,3,4,5,6,7,8,9,10,11,12,13,14,15,16,17,18,19,20,21,22,23,24,25,26,27,28,29,30,31,32,33,34,35,36,37,38,39,40,41,42,43,44,45,46,47,48,49,50,51,52,53,54,55,56,57,58,59,60,61,62,63,64,65,66,67,68,69,70"
    queueSizes "32"
  ]
  node [
    id 22
    label "22"
    Country "United States"
    Longitude -121.88468
    Internal 1
    Latitude 38.02798
    type "inner"
    schedulingPolicy "WFQ"
    tosToQoSqueue "36,39;33;35;37,38;34;51;52;50,0,1,2,3,4,5,6,7,8,9,10,11,12,13,14,15,16,17,18,19,20,21,22,23,24,25,26,27,28,29,30,31,32,40,41,42,43,44,45,46,47,48,49,53,54,55,56,57,58,59,60,61,62,63,64,65,66,67,68,69,70"
    schedulingWeights "24.119,15.252,13.782,28.512,15.31,0.862,0.827,1.336;0.001,0.001,0.001,0.001,0.001,0.001,0.001,99.993"
    levelsQoS 8
    queueSizes "32,32,32,32,32,32,32,32"
  ]
  node [
    id 23
    label "23"
    Country "United States"
    Longitude -75.16379
    Internal 1
    Latitude 39.95234
    type "inner"
    schedulingPolicy "WFQ"
    tosToQoSqueue "36,39;33;35;37,38;34;51;52;50,0,1,2,3,4,5,6,7,8,9,10,11,12,13,14,15,16,17,18,19,20,21,22,23,24,25,26,27,28,29,30,31,32,40,41,42,43,44,45,46,47,48,49,53,54,55,56,57,58,59,60,61,62,63,64,65,66,67,68,69,70"
    schedulingWeights "0.001,0.001,0.001,0.001,0.001,0.001,0.001,99.993;0.001,0.001,0.001,0.001,0.001,0.001,0.001,99.993;24.119,15.252,13.782,28.512,15.31,0.862,0.827,1.336;0.001,0.001,0.001,0.001,0.001,0.001,0.001,99.993"
    levelsQoS 8
    queueSizes "32,32,32,32,32,32,32,32"
  ]
  node [
    id 24
    label "24"
    Country "United States"
    Longitude -75.05795
    Internal 1
    Latitude 39.95622
    type "inner"
    schedulingPolicy "WFQ"
    tosToQoSqueue "0,1,2,3,4,5,6,7,8,9,10,11,12,13,14,15,16,17,18,19,20,21,22,23,24,25,26,27,28,29,30,31,32,33,34,35,36,37,38,39,40,41,42,43,44,45,46,47,48,49,50,51,52,53,54,55,56,57,58,59,60,61,62,63,64,65,66,67,68,69,70"
    schedulingWeights "100;100"
    levelsQoS 1
    queueSizes "32"
  ]
  node [
    id 25
    label "25"
    schedulingPolicy "FIFO"
    levelsQoS "1"
    schedulingWeights "-"
    tosToQoSqueue "0,1,2,3,4,5,6,7,8,9,10,11,12,13,14,15,16,17,18,19,20,21,22,23,24,25,26,27,28,29,30,31,32,33,34,35,36,37,38,39,40,41,42,43,44,45,46,47,48,49,50,51,52,53,54,55,56,57,58,59,60,61,62,63,64,65,66,67,68,69,70"
    queueSizes "32"
    type "destination_urllc"
  ]
  node [
    id 26
    label "26"
    schedulingPolicy "FIFO"
    levelsQoS "1"
    schedulingWeights "-"
    tosToQoSqueue "0,1,2,3,4,5,6,7,8,9,10,11,12,13,14,15,16,17,18,19,20,21,22,23,24,25,26,27,28,29,30,31,32,33,34,35,36,37,38,39,40,41,42,43,44,45,46,47,48,49,50,51,52,53,54,55,56,57,58,59,60,61,62,63,64,65,66,67,68,69,70"
    queueSizes "32"
    type "destination_mmtc"
  ]
  node [
    id 27
    label "27"
    schedulingPolicy "FIFO"
    levelsQoS "1"
    schedulingWeights "-"
    tosToQoSqueue "0,1,2,3,4,5,6,7,8,9,10,11,12,13,14,15,16,17,18,19,20,21,22,23,24,25,26,27,28,29,30,31,32,33,34,35,36,37,38,39,40,41,42,43,44,45,46,47,48,49,50,51,52,53,54,55,56,57,58,59,60,61,62,63,64,65,66,67,68,69,70"
    queueSizes "32"
    type "destination_embb"
  ]
  node [
    id 28
    label "28"
    schedulingPolicy "FIFO"
    levelsQoS "1"
    schedulingWeights "-"
    tosToQoSqueue "0,1,2,3,4,5,6,7,8,9,10,11,12,13,14,15,16,17,18,19,20,21,22,23,24,25,26,27,28,29,30,31,32,33,34,35,36,37,38,39,40,41,42,43,44,45,46,47,48,49,50,51,52,53,54,55,56,57,58,59,60,61,62,63,64,65,66,67,68,69,70"
    queueSizes "32"
    type "origin_embb"
    reservation 15516000.0
  ]
  node [
    id 29
    label "29"
    schedulingPolicy "FIFO"
    levelsQoS "1"
    schedulingWeights "-"
    tosToQoSqueue "0,1,2,3,4,5,6,7,8,9,10,11,12,13,14,15,16,17,18,19,20,21,22,23,24,25,26,27,28,29,30,31,32,33,34,35,36,37,38,39,40,41,42,43,44,45,46,47,48,49,50,51,52,53,54,55,56,57,58,59,60,61,62,63,64,65,66,67,68,69,70"
    queueSizes "32"
    type "origin_embb"
    reservation 19371600.0
  ]
  node [
    id 30
    label "30"
    schedulingPolicy "FIFO"
    levelsQoS "1"
    schedulingWeights "-"
    tosToQoSqueue "0,1,2,3,4,5,6,7,8,9,10,11,12,13,14,15,16,17,18,19,20,21,22,23,24,25,26,27,28,29,30,31,32,33,34,35,36,37,38,39,40,41,42,43,44,45,46,47,48,49,50,51,52,53,54,55,56,57,58,59,60,61,62,63,64,65,66,67,68,69,70"
    queueSizes "32"
    type "origin_urllc"
    reservation 3721550.0
  ]
  node [
    id 31
    label "31"
    schedulingPolicy "FIFO"
    levelsQoS "1"
    schedulingWeights "-"
    tosToQoSqueue "0,1,2,3,4,5,6,7,8,9,10,11,12,13,14,15,16,17,18,19,20,21,22,23,24,25,26,27,28,29,30,31,32,33,34,35,36,37,38,39,40,41,42,43,44,45,46,47,48,49,50,51,52,53,54,55,56,57,58,59,60,61,62,63,64,65,66,67,68,69,70"
    queueSizes "32"
    type "origin_urllc"
    reservation 3536750.0
  ]
  node [
    id 32
    label "32"
    schedulingPolicy "FIFO"
    levelsQoS "1"
    schedulingWeights "-"
    tosToQoSqueue "0,1,2,3,4,5,6,7,8,9,10,11,12,13,14,15,16,17,18,19,20,21,22,23,24,25,26,27,28,29,30,31,32,33,34,35,36,37,38,39,40,41,42,43,44,45,46,47,48,49,50,51,52,53,54,55,56,57,58,59,60,61,62,63,64,65,66,67,68,69,70"
    queueSizes "32"
    type "origin_mmtc"
    reservation 215540.0
  ]
  node [
    id 33
    label "33"
    schedulingPolicy "FIFO"
    levelsQoS "1"
    schedulingWeights "-"
    tosToQoSqueue "0,1,2,3,4,5,6,7,8,9,10,11,12,13,14,15,16,17,18,19,20,21,22,23,24,25,26,27,28,29,30,31,32,33,34,35,36,37,38,39,40,41,42,43,44,45,46,47,48,49,50,51,52,53,54,55,56,57,58,59,60,61,62,63,64,65,66,67,68,69,70"
    queueSizes "32"
    type "origin_urllc"
    reservation 3812900.0
  ]
  node [
    id 34
    label "34"
    schedulingPolicy "FIFO"
    levelsQoS "1"
    schedulingWeights "-"
    tosToQoSqueue "0,1,2,3,4,5,6,7,8,9,10,11,12,13,14,15,16,17,18,19,20,21,22,23,24,25,26,27,28,29,30,31,32,33,34,35,36,37,38,39,40,41,42,43,44,45,46,47,48,49,50,51,52,53,54,55,56,57,58,59,60,61,62,63,64,65,66,67,68,69,70"
    queueSizes "32"
    type "origin_urllc"
    reservation 3827600.0
  ]
  node [
    id 35
    label "35"
    schedulingPolicy "FIFO"
    levelsQoS "1"
    schedulingWeights "-"
    tosToQoSqueue "0,1,2,3,4,5,6,7,8,9,10,11,12,13,14,15,16,17,18,19,20,21,22,23,24,25,26,27,28,29,30,31,32,33,34,35,36,37,38,39,40,41,42,43,44,45,46,47,48,49,50,51,52,53,54,55,56,57,58,59,60,61,62,63,64,65,66,67,68,69,70"
    queueSizes "32"
    type "origin_urllc"
    reservation 3445400.0
  ]
  node [
    id 36
    label "36"
    schedulingPolicy "FIFO"
    levelsQoS "1"
    schedulingWeights "-"
    tosToQoSqueue "0,1,2,3,4,5,6,7,8,9,10,11,12,13,14,15,16,17,18,19,20,21,22,23,24,25,26,27,28,29,30,31,32,33,34,35,36,37,38,39,40,41,42,43,44,45,46,47,48,49,50,51,52,53,54,55,56,57,58,59,60,61,62,63,64,65,66,67,68,69,70"
    queueSizes "32"
    type "origin_urllc"
    reservation 3014900.0
  ]
  node [
    id 37
    label "37"
    schedulingPolicy "FIFO"
    levelsQoS "1"
    schedulingWeights "-"
    tosToQoSqueue "0,1,2,3,4,5,6,7,8,9,10,11,12,13,14,15,16,17,18,19,20,21,22,23,24,25,26,27,28,29,30,31,32,33,34,35,36,37,38,39,40,41,42,43,44,45,46,47,48,49,50,51,52,53,54,55,56,57,58,59,60,61,62,63,64,65,66,67,68,69,70"
    queueSizes "32"
    type "origin_urllc"
    reservation 3564050.0
  ]
  node [
    id 38
    label "38"
    schedulingPolicy "FIFO"
    levelsQoS "1"
    schedulingWeights "-"
    tosToQoSqueue "0,1,2,3,4,5,6,7,8,9,10,11,12,13,14,15,16,17,18,19,20,21,22,23,24,25,26,27,28,29,30,31,32,33,34,35,36,37,38,39,40,41,42,43,44,45,46,47,48,49,50,51,52,53,54,55,56,57,58,59,60,61,62,63,64,65,66,67,68,69,70"
    queueSizes "32"
    type "origin_urllc"
    reservation 3564050.0
  ]
  node [
    id 39
    label "39"
    schedulingPolicy "FIFO"
    levelsQoS "1"
    schedulingWeights "-"
    tosToQoSqueue "0,1,2,3,4,5,6,7,8,9,10,11,12,13,14,15,16,17,18,19,20,21,22,23,24,25,26,27,28,29,30,31,32,33,34,35,36,37,38,39,40,41,42,43,44,45,46,47,48,49,50,51,52,53,54,55,56,57,58,59,60,61,62,63,64,65,66,67,68,69,70"
    queueSizes "32"
    type "origin_urllc"
    reservation 3014900.0
  ]
  node [
    id 40
    label "40"
    schedulingPolicy "FIFO"
    levelsQoS "1"
    schedulingWeights "-"
    tosToQoSqueue "0,1,2,3,4,5,6,7,8,9,10,11,12,13,14,15,16,17,18,19,20,21,22,23,24,25,26,27,28,29,30,31,32,33,34,35,36,37,38,39,40,41,42,43,44,45,46,47,48,49,50,51,52,53,54,55,56,57,58,59,60,61,62,63,64,65,66,67,68,69,70"
    queueSizes "32"
    type "origin_mmtc"
    reservation 193040.0
  ]
  node [
    id 41
    label "41"
    schedulingPolicy "FIFO"
    levelsQoS "1"
    schedulingWeights "-"
    tosToQoSqueue "0,1,2,3,4,5,6,7,8,9,10,11,12,13,14,15,16,17,18,19,20,21,22,23,24,25,26,27,28,29,30,31,32,33,34,35,36,37,38,39,40,41,42,43,44,45,46,47,48,49,50,51,52,53,54,55,56,57,58,59,60,61,62,63,64,65,66,67,68,69,70"
    queueSizes "32"
    type "origin_mmtc"
    reservation 193040.0
  ]
  node [
    id 42
    label "42"
    schedulingPolicy "FIFO"
    levelsQoS "1"
    schedulingWeights "-"
    tosToQoSqueue "0,1,2,3,4,5,6,7,8,9,10,11,12,13,14,15,16,17,18,19,20,21,22,23,24,25,26,27,28,29,30,31,32,33,34,35,36,37,38,39,40,41,42,43,44,45,46,47,48,49,50,51,52,53,54,55,56,57,58,59,60,61,62,63,64,65,66,67,68,69,70"
    queueSizes "32"
    type "origin_mmtc"
    reservation 214160.0
  ]
  node [
    id 43
    label "43"
    schedulingPolicy "FIFO"
    levelsQoS "1"
    schedulingWeights "-"
    tosToQoSqueue "0,1,2,3,4,5,6,7,8,9,10,11,12,13,14,15,16,17,18,19,20,21,22,23,24,25,26,27,28,29,30,31,32,33,34,35,36,37,38,39,40,41,42,43,44,45,46,47,48,49,50,51,52,53,54,55,56,57,58,59,60,61,62,63,64,65,66,67,68,69,70"
    queueSizes "32"
    type "origin_mmtc"
    reservation 184340.0
  ]
  node [
    id 44
    label "44"
    schedulingPolicy "FIFO"
    levelsQoS "1"
    schedulingWeights "-"
    tosToQoSqueue "0,1,2,3,4,5,6,7,8,9,10,11,12,13,14,15,16,17,18,19,20,21,22,23,24,25,26,27,28,29,30,31,32,33,34,35,36,37,38,39,40,41,42,43,44,45,46,47,48,49,50,51,52,53,54,55,56,57,58,59,60,61,62,63,64,65,66,67,68,69,70"
    queueSizes "32"
    type "origin_mmtc"
    reservation 212660.0
  ]
  node [
    id 45
    label "45"
    schedulingPolicy "FIFO"
    levelsQoS "1"
    schedulingWeights "-"
    tosToQoSqueue "0,1,2,3,4,5,6,7,8,9,10,11,12,13,14,15,16,17,18,19,20,21,22,23,24,25,26,27,28,29,30,31,32,33,34,35,36,37,38,39,40,41,42,43,44,45,46,47,48,49,50,51,52,53,54,55,56,57,58,59,60,61,62,63,64,65,66,67,68,69,70"
    queueSizes "32"
    type "origin_mmtc"
    reservation 214160.0
  ]
  node [
    id 46
    label "46"
    schedulingPolicy "FIFO"
    levelsQoS "1"
    schedulingWeights "-"
    tosToQoSqueue "0,1,2,3,4,5,6,7,8,9,10,11,12,13,14,15,16,17,18,19,20,21,22,23,24,25,26,27,28,29,30,31,32,33,34,35,36,37,38,39,40,41,42,43,44,45,46,47,48,49,50,51,52,53,54,55,56,57,58,59,60,61,62,63,64,65,66,67,68,69,70"
    queueSizes "32"
    type "origin_mmtc"
    reservation 175400.0
  ]
  node [
    id 47
    label "47"
    schedulingPolicy "FIFO"
    levelsQoS "1"
    schedulingWeights "-"
    tosToQoSqueue "0,1,2,3,4,5,6,7,8,9,10,11,12,13,14,15,16,17,18,19,20,21,22,23,24,25,26,27,28,29,30,31,32,33,34,35,36,37,38,39,40,41,42,43,44,45,46,47,48,49,50,51,52,53,54,55,56,57,58,59,60,61,62,63,64,65,66,67,68,69,70"
    queueSizes "32"
    type "origin_mmtc"
    reservation 215540.0
  ]
  node [
    id 48
    label "48"
    schedulingPolicy "FIFO"
    levelsQoS "1"
    schedulingWeights "-"
    tosToQoSqueue "0,1,2,3,4,5,6,7,8,9,10,11,12,13,14,15,16,17,18,19,20,21,22,23,24,25,26,27,28,29,30,31,32,33,34,35,36,37,38,39,40,41,42,43,44,45,46,47,48,49,50,51,52,53,54,55,56,57,58,59,60,61,62,63,64,65,66,67,68,69,70"
    queueSizes "32"
    type "origin_mmtc"
    reservation 175400.0
  ]
  node [
    id 49
    label "49"
    schedulingPolicy "FIFO"
    levelsQoS "1"
    schedulingWeights "-"
    tosToQoSqueue "0,1,2,3,4,5,6,7,8,9,10,11,12,13,14,15,16,17,18,19,20,21,22,23,24,25,26,27,28,29,30,31,32,33,34,35,36,37,38,39,40,41,42,43,44,45,46,47,48,49,50,51,52,53,54,55,56,57,58,59,60,61,62,63,64,65,66,67,68,69,70"
    queueSizes "32"
    type "origin_mmtc"
    reservation 212660.0
  ]
  node [
    id 50
    label "50"
    schedulingPolicy "FIFO"
    levelsQoS "1"
    schedulingWeights "-"
    tosToQoSqueue "0,1,2,3,4,5,6,7,8,9,10,11,12,13,14,15,16,17,18,19,20,21,22,23,24,25,26,27,28,29,30,31,32,33,34,35,36,37,38,39,40,41,42,43,44,45,46,47,48,49,50,51,52,53,54,55,56,57,58,59,60,61,62,63,64,65,66,67,68,69,70"
    queueSizes "32"
    type "origin_mmtc"
    reservation 175400.0
  ]
  node [
    id 51
    label "51"
    schedulingPolicy "FIFO"
    levelsQoS "1"
    schedulingWeights "-"
    tosToQoSqueue "0,1,2,3,4,5,6,7,8,9,10,11,12,13,14,15,16,17,18,19,20,21,22,23,24,25,26,27,28,29,30,31,32,33,34,35,36,37,38,39,40,41,42,43,44,45,46,47,48,49,50,51,52,53,54,55,56,57,58,59,60,61,62,63,64,65,66,67,68,69,70"
    queueSizes "32"
    type "origin_mmtc"
    reservation 215540.0
  ]
  node [
    id 52
    label "52"
    schedulingPolicy "FIFO"
    levelsQoS "1"
    schedulingWeights "-"
    tosToQoSqueue "0,1,2,3,4,5,6,7,8,9,10,11,12,13,14,15,16,17,18,19,20,21,22,23,24,25,26,27,28,29,30,31,32,33,34,35,36,37,38,39,40,41,42,43,44,45,46,47,48,49,50,51,52,53,54,55,56,57,58,59,60,61,62,63,64,65,66,67,68,69,70"
    queueSizes "32"
    type "origin_mmtc"
    reservation 206780.0
  ]
  node [
    id 53
    label "53"
    schedulingPolicy "FIFO"
    levelsQoS "1"
    schedulingWeights "-"
    tosToQoSqueue "0,1,2,3,4,5,6,7,8,9,10,11,12,13,14,15,16,17,18,19,20,21,22,23,24,25,26,27,28,29,30,31,32,33,34,35,36,37,38,39,40,41,42,43,44,45,46,47,48,49,50,51,52,53,54,55,56,57,58,59,60,61,62,63,64,65,66,67,68,69,70"
    queueSizes "32"
    type "origin_urllc"
    reservation 3721550.0
  ]
  node [
    id 54
    label "54"
    schedulingPolicy "FIFO"
    levelsQoS "1"
    schedulingWeights "-"
    tosToQoSqueue "0,1,2,3,4,5,6,7,8,9,10,11,12,13,14,15,16,17,18,19,20,21,22,23,24,25,26,27,28,29,30,31,32,33,34,35,36,37,38,39,40,41,42,43,44,45,46,47,48,49,50,51,52,53,54,55,56,57,58,59,60,61,62,63,64,65,66,67,68,69,70"
    queueSizes "32"
    type "origin_urllc"
    reservation 3719450.0
  ]
  node [
    id 55
    label "55"
    schedulingPolicy "FIFO"
    levelsQoS "1"
    schedulingWeights "-"
    tosToQoSqueue "0,1,2,3,4,5,6,7,8,9,10,11,12,13,14,15,16,17,18,19,20,21,22,23,24,25,26,27,28,29,30,31,32,33,34,35,36,37,38,39,40,41,42,43,44,45,46,47,48,49,50,51,52,53,54,55,56,57,58,59,60,61,62,63,64,65,66,67,68,69,70"
    queueSizes "32"
    type "origin_embb"
    reservation 16698600.0
  ]
  node [
    id 56
    label "56"
    schedulingPolicy "FIFO"
    levelsQoS "1"
    schedulingWeights "-"
    tosToQoSqueue "0,1,2,3,4,5,6,7,8,9,10,11,12,13,14,15,16,17,18,19,20,21,22,23,24,25,26,27,28,29,30,31,32,33,34,35,36,37,38,39,40,41,42,43,44,45,46,47,48,49,50,51,52,53,54,55,56,57,58,59,60,61,62,63,64,65,66,67,68,69,70"
    queueSizes "32"
    type "origin_urllc"
    reservation 3536750.0
  ]
  node [
    id 57
    label "57"
    schedulingPolicy "FIFO"
    levelsQoS "1"
    schedulingWeights "-"
    tosToQoSqueue "0,1,2,3,4,5,6,7,8,9,10,11,12,13,14,15,16,17,18,19,20,21,22,23,24,25,26,27,28,29,30,31,32,33,34,35,36,37,38,39,40,41,42,43,44,45,46,47,48,49,50,51,52,53,54,55,56,57,58,59,60,61,62,63,64,65,66,67,68,69,70"
    queueSizes "32"
    type "origin_mmtc"
    reservation 206780.0
  ]
  node [
    id 58
    label "58"
    schedulingPolicy "FIFO"
    levelsQoS "1"
    schedulingWeights "-"
    tosToQoSqueue "0,1,2,3,4,5,6,7,8,9,10,11,12,13,14,15,16,17,18,19,20,21,22,23,24,25,26,27,28,29,30,31,32,33,34,35,36,37,38,39,40,41,42,43,44,45,46,47,48,49,50,51,52,53,54,55,56,57,58,59,60,61,62,63,64,65,66,67,68,69,70"
    queueSizes "32"
    type "origin_mmtc"
    reservation 212660.0
  ]
  node [
    id 59
    label "59"
    schedulingPolicy "FIFO"
    levelsQoS "1"
    schedulingWeights "-"
    tosToQoSqueue "0,1,2,3,4,5,6,7,8,9,10,11,12,13,14,15,16,17,18,19,20,21,22,23,24,25,26,27,28,29,30,31,32,33,34,35,36,37,38,39,40,41,42,43,44,45,46,47,48,49,50,51,52,53,54,55,56,57,58,59,60,61,62,63,64,65,66,67,68,69,70"
    queueSizes "32"
    type "origin_mmtc"
    reservation 212660.0
  ]
  node [
    id 60
    label "60"
    schedulingPolicy "FIFO"
    levelsQoS "1"
    schedulingWeights "-"
    tosToQoSqueue "0,1,2,3,4,5,6,7,8,9,10,11,12,13,14,15,16,17,18,19,20,21,22,23,24,25,26,27,28,29,30,31,32,33,34,35,36,37,38,39,40,41,42,43,44,45,46,47,48,49,50,51,52,53,54,55,56,57,58,59,60,61,62,63,64,65,66,67,68,69,70"
    queueSizes "32"
    type "origin_mmtc"
    reservation 212660.0
  ]
  node [
    id 61
    label "61"
    schedulingPolicy "FIFO"
    levelsQoS "1"
    schedulingWeights "-"
    tosToQoSqueue "0,1,2,3,4,5,6,7,8,9,10,11,12,13,14,15,16,17,18,19,20,21,22,23,24,25,26,27,28,29,30,31,32,33,34,35,36,37,38,39,40,41,42,43,44,45,46,47,48,49,50,51,52,53,54,55,56,57,58,59,60,61,62,63,64,65,66,67,68,69,70"
    queueSizes "32"
    type "origin_mmtc"
    reservation 175400.0
  ]
  node [
    id 62
    label "62"
    schedulingPolicy "FIFO"
    levelsQoS "1"
    schedulingWeights "-"
    tosToQoSqueue "0,1,2,3,4,5,6,7,8,9,10,11,12,13,14,15,16,17,18,19,20,21,22,23,24,25,26,27,28,29,30,31,32,33,34,35,36,37,38,39,40,41,42,43,44,45,46,47,48,49,50,51,52,53,54,55,56,57,58,59,60,61,62,63,64,65,66,67,68,69,70"
    queueSizes "32"
    type "origin_mmtc"
    reservation 184340.0
  ]
  node [
    id 63
    label "63"
    schedulingPolicy "FIFO"
    levelsQoS "1"
    schedulingWeights "-"
    tosToQoSqueue "0,1,2,3,4,5,6,7,8,9,10,11,12,13,14,15,16,17,18,19,20,21,22,23,24,25,26,27,28,29,30,31,32,33,34,35,36,37,38,39,40,41,42,43,44,45,46,47,48,49,50,51,52,53,54,55,56,57,58,59,60,61,62,63,64,65,66,67,68,69,70"
    queueSizes "32"
    type "origin_mmtc"
    reservation 206780.0
  ]
  node [
    id 64
    label "64"
    schedulingPolicy "FIFO"
    levelsQoS "1"
    schedulingWeights "-"
    tosToQoSqueue "0,1,2,3,4,5,6,7,8,9,10,11,12,13,14,15,16,17,18,19,20,21,22,23,24,25,26,27,28,29,30,31,32,33,34,35,36,37,38,39,40,41,42,43,44,45,46,47,48,49,50,51,52,53,54,55,56,57,58,59,60,61,62,63,64,65,66,67,68,69,70"
    queueSizes "32"
    type "origin_mmtc"
    reservation 193040.0
  ]
  node [
    id 65
    label "65"
    schedulingPolicy "FIFO"
    levelsQoS "1"
    schedulingWeights "-"
    tosToQoSqueue "0,1,2,3,4,5,6,7,8,9,10,11,12,13,14,15,16,17,18,19,20,21,22,23,24,25,26,27,28,29,30,31,32,33,34,35,36,37,38,39,40,41,42,43,44,45,46,47,48,49,50,51,52,53,54,55,56,57,58,59,60,61,62,63,64,65,66,67,68,69,70"
    queueSizes "32"
    type "origin_mmtc"
    reservation 175400.0
  ]
  node [
    id 66
    label "66"
    schedulingPolicy "FIFO"
    levelsQoS "1"
    schedulingWeights "-"
    tosToQoSqueue "0,1,2,3,4,5,6,7,8,9,10,11,12,13,14,15,16,17,18,19,20,21,22,23,24,25,26,27,28,29,30,31,32,33,34,35,36,37,38,39,40,41,42,43,44,45,46,47,48,49,50,51,52,53,54,55,56,57,58,59,60,61,62,63,64,65,66,67,68,69,70"
    queueSizes "32"
    type "origin_mmtc"
    reservation 214160.0
  ]
  node [
    id 67
    label "67"
    schedulingPolicy "FIFO"
    levelsQoS "1"
    schedulingWeights "-"
    tosToQoSqueue "0,1,2,3,4,5,6,7,8,9,10,11,12,13,14,15,16,17,18,19,20,21,22,23,24,25,26,27,28,29,30,31,32,33,34,35,36,37,38,39,40,41,42,43,44,45,46,47,48,49,50,51,52,53,54,55,56,57,58,59,60,61,62,63,64,65,66,67,68,69,70"
    queueSizes "32"
    type "origin_mmtc"
    reservation 184340.0
  ]
  node [
    id 68
    label "68"
    schedulingPolicy "FIFO"
    levelsQoS "1"
    schedulingWeights "-"
    tosToQoSqueue "0,1,2,3,4,5,6,7,8,9,10,11,12,13,14,15,16,17,18,19,20,21,22,23,24,25,26,27,28,29,30,31,32,33,34,35,36,37,38,39,40,41,42,43,44,45,46,47,48,49,50,51,52,53,54,55,56,57,58,59,60,61,62,63,64,65,66,67,68,69,70"
    queueSizes "32"
    type "origin_mmtc"
    reservation 206780.0
  ]
  node [
    id 69
    label "69"
    schedulingPolicy "FIFO"
    levelsQoS "1"
    schedulingWeights "-"
    tosToQoSqueue "0,1,2,3,4,5,6,7,8,9,10,11,12,13,14,15,16,17,18,19,20,21,22,23,24,25,26,27,28,29,30,31,32,33,34,35,36,37,38,39,40,41,42,43,44,45,46,47,48,49,50,51,52,53,54,55,56,57,58,59,60,61,62,63,64,65,66,67,68,69,70"
    queueSizes "32"
    type "origin_mmtc"
    reservation 184340.0
  ]
  node [
    id 70
    label "70"
    schedulingPolicy "FIFO"
    levelsQoS "1"
    schedulingWeights "-"
    tosToQoSqueue "0,1,2,3,4,5,6,7,8,9,10,11,12,13,14,15,16,17,18,19,20,21,22,23,24,25,26,27,28,29,30,31,32,33,34,35,36,37,38,39,40,41,42,43,44,45,46,47,48,49,50,51,52,53,54,55,56,57,58,59,60,61,62,63,64,65,66,67,68,69,70"
    queueSizes "32"
    type "origin_mmtc"
    reservation 215540.0
  ]
  edge [
    source 0
    target 3
    key 0
    LinkType "DS-3"
    LinkLabel "45 Mbps DS-3"
    LinkNote "45 Mbps "
    bandwidth 25000000
    traffic ""
    reservation ""
    port 0
  ]
  edge [
    source 1
    target 6
    key 0
    LinkType "DS-3"
    LinkLabel "45 Mbps DS-3"
    LinkNote "45 Mbps "
    bandwidth 25000000
    traffic ""
    reservation ""
    port 0
  ]
  edge [
    source 2
    target 3
    key 0
    LinkType "OC-3"
    LinkSpeed "155"
    LinkLabel "155 Mbps OC-3"
    LinkSpeedUnits "M"
    LinkSpeedRaw 155000000.0
    bandwidth 25000000
    traffic "18000000,3500000,3500000,200000,200000,200000,200000,200000,200000,200000,200000,200000,200000,200000"
    reservation "15516000.0,3721550.0,3536750.0,215540.0,193040.0,193040.0,214160.0,184340.0,212660.0,214160.0,175400.0,215540.0,175400.0,212660.0"
    port 0
  ]
  edge [
    source 2
    target 23
    key 0
    LinkType "OC-3"
    LinkSpeed "155"
    LinkLabel "155 Mbps OC-3"
    LinkSpeedUnits "M"
    LinkSpeedRaw 155000000.0
    bandwidth 25000000
    traffic "3500000,3500000,3500000,3500000,3500000,3500000,3500000,200000,200000,200000"
    reservation "3812900.0,3827600.0,3445400.0,3014900.0,3564050.0,3564050.0,3014900.0,175400.0,215540.0,206780.0"
    port 1
  ]
  edge [
    source 2
    target 28
    key 0
    port 2
    weight 1
    bandwidth 50000000
    traffic ""
    reservation ""
  ]
  edge [
    source 2
    target 30
    key 0
    port 3
    weight 1
    bandwidth 50000000
    traffic ""
    reservation ""
  ]
  edge [
    source 2
    target 31
    key 0
    port 4
    weight 1
    bandwidth 50000000
    traffic ""
    reservation ""
  ]
  edge [
    source 2
    target 32
    key 0
    port 5
    weight 1
    bandwidth 50000000
    traffic ""
    reservation ""
  ]
  edge [
    source 2
    target 33
    key 0
    port 6
    weight 1
    bandwidth 50000000
    traffic ""
    reservation ""
  ]
  edge [
    source 2
    target 34
    key 0
    port 7
    weight 1
    bandwidth 50000000
    traffic ""
    reservation ""
  ]
  edge [
    source 2
    target 35
    key 0
    port 8
    weight 1
    bandwidth 50000000
    traffic ""
    reservation ""
  ]
  edge [
    source 2
    target 36
    key 0
    port 9
    weight 1
    bandwidth 50000000
    traffic ""
    reservation ""
  ]
  edge [
    source 2
    target 37
    key 0
    port 10
    weight 1
    bandwidth 50000000
    traffic ""
    reservation ""
  ]
  edge [
    source 2
    target 38
    key 0
    port 11
    weight 1
    bandwidth 50000000
    traffic ""
    reservation ""
  ]
  edge [
    source 2
    target 39
    key 0
    port 12
    weight 1
    bandwidth 50000000
    traffic ""
    reservation ""
  ]
  edge [
    source 2
    target 40
    key 0
    port 13
    weight 1
    bandwidth 50000000
    traffic ""
    reservation ""
  ]
  edge [
    source 2
    target 41
    key 0
    port 14
    weight 1
    bandwidth 50000000
    traffic ""
    reservation ""
  ]
  edge [
    source 2
    target 42
    key 0
    port 15
    weight 1
    bandwidth 50000000
    traffic ""
    reservation ""
  ]
  edge [
    source 2
    target 43
    key 0
    port 16
    weight 1
    bandwidth 50000000
    traffic ""
    reservation ""
  ]
  edge [
    source 2
    target 44
    key 0
    port 17
    weight 1
    bandwidth 50000000
    traffic ""
    reservation ""
  ]
  edge [
    source 2
    target 45
    key 0
    port 18
    weight 1
    bandwidth 50000000
    traffic ""
    reservation ""
  ]
  edge [
    source 2
    target 46
    key 0
    port 19
    weight 1
    bandwidth 50000000
    traffic ""
    reservation ""
  ]
  edge [
    source 2
    target 47
    key 0
    port 20
    weight 1
    bandwidth 50000000
    traffic ""
    reservation ""
  ]
  edge [
    source 2
    target 48
    key 0
    port 21
    weight 1
    bandwidth 50000000
    traffic ""
    reservation ""
  ]
  edge [
    source 2
    target 49
    key 0
    port 22
    weight 1
    bandwidth 50000000
    traffic ""
    reservation ""
  ]
  edge [
    source 2
    target 50
    key 0
    port 23
    weight 1
    bandwidth 50000000
    traffic ""
    reservation ""
  ]
  edge [
    source 2
    target 51
    key 0
    port 24
    weight 1
    bandwidth 50000000
    traffic ""
    reservation ""
  ]
  edge [
    source 2
    target 52
    key 0
    port 25
    weight 1
    bandwidth 50000000
    traffic ""
    reservation ""
  ]
  edge [
    source 3
    target 0
    key 0
    LinkType "DS-3"
    LinkLabel "45 Mbps DS-3"
    LinkNote "45 Mbps "
    bandwidth 25000000
    traffic ""
    reservation ""
    port 0
  ]
  edge [
    source 3
    target 2
    key 0
    LinkType "OC-3"
    LinkSpeed "155"
    LinkLabel "155 Mbps OC-3"
    LinkSpeedUnits "M"
    LinkSpeedRaw 155000000.0
    bandwidth 25000000
    traffic ""
    reservation ""
    port 1
  ]
  edge [
    source 3
    target 6
    key 0
    LinkType "OC-3"
    LinkSpeed "155"
    LinkLabel "155 Mbps OC-3"
    LinkSpeedUnits "M"
    LinkSpeedRaw 155000000.0
    bandwidth 25000000
    traffic "18000000,3500000,3500000,200000,200000,200000,200000,200000,200000,200000,200000,200000,200000,200000"
    reservation "15516000.0,3721550.0,3536750.0,215540.0,193040.0,193040.0,214160.0,184340.0,212660.0,214160.0,175400.0,215540.0,175400.0,212660.0"
    port 2
  ]
  edge [
    source 3
    target 15
    key 0
    LinkType "OC-3"
    LinkSpeed "155"
    LinkLabel "155 Mbps OC-3"
    LinkSpeedUnits "M"
    LinkSpeedRaw 155000000.0
    bandwidth 25000000
    traffic ""
    reservation ""
    port 3
  ]
  edge [
    source 4
    target 6
    key 0
    LinkType "DS-3"
    LinkLabel "45 Mbps DS-3"
    LinkNote "45 Mbps "
    bandwidth 25000000
    traffic ""
    reservation ""
    port 0
  ]
  edge [
    source 5
    target 9
    key 0
    LinkType "OC-3"
    LinkSpeed "155"
    LinkLabel "155 Mbps OC-3"
    LinkSpeedUnits "M"
    LinkSpeedRaw 155000000.0
    bandwidth 25000000
    traffic "18000000,3500000,3500000,200000,200000,200000,200000,200000,200000,200000,200000,200000,200000,200000"
    reservation "15516000.0,3721550.0,3536750.0,215540.0,193040.0,193040.0,214160.0,184340.0,212660.0,214160.0,175400.0,215540.0,175400.0,212660.0"
    port 0
  ]
  edge [
    source 5
    target 6
    key 0
    LinkType "OC-3"
    LinkSpeed "155"
    LinkLabel "155 Mbps OC-3"
    LinkSpeedUnits "M"
    LinkSpeedRaw 155000000.0
    bandwidth 25000000
    traffic "3500000,3500000,3500000,200000,200000,200000,200000,200000,200000,200000,200000,200000"
    reservation "3721550.0,3719450.0,3536750.0,206780.0,212660.0,212660.0,212660.0,175400.0,184340.0,206780.0,193040.0,175400.0"
    port 1
  ]
  edge [
    source 6
    target 1
    key 0
    LinkType "DS-3"
    LinkLabel "45 Mbps DS-3"
    LinkNote "45 Mbps "
    bandwidth 25000000
    traffic ""
    reservation ""
    port 0
  ]
  edge [
    source 6
    target 3
    key 0
    LinkType "OC-3"
    LinkSpeed "155"
    LinkLabel "155 Mbps OC-3"
    LinkSpeedUnits "M"
    LinkSpeedRaw 155000000.0
    bandwidth 25000000
    traffic ""
    reservation ""
    port 1
  ]
  edge [
    source 6
    target 4
    key 0
    LinkType "DS-3"
    LinkLabel "45 Mbps DS-3"
    LinkNote "45 Mbps "
    bandwidth 25000000
    traffic ""
    reservation ""
    port 2
  ]
  edge [
    source 6
    target 5
    key 0
    LinkType "OC-3"
    LinkSpeed "155"
    LinkLabel "155 Mbps OC-3"
    LinkSpeedUnits "M"
    LinkSpeedRaw 155000000.0
    bandwidth 25000000
    traffic "18000000,3500000,3500000,200000,200000,200000,200000,200000,200000,200000,200000,200000,200000,200000"
    reservation "15516000.0,3721550.0,3536750.0,215540.0,193040.0,193040.0,214160.0,184340.0,212660.0,214160.0,175400.0,215540.0,175400.0,212660.0"
    port 3
  ]
  edge [
    source 6
    target 7
    key 0
    LinkType "OC-3"
    LinkSpeed "155"
    LinkLabel "155 Mbps OC-3"
    LinkSpeedUnits "M"
    LinkSpeedRaw 155000000.0
    bandwidth 25000000
    traffic "3500000,3500000,3500000,200000,200000,200000,200000,200000,200000,200000,200000,200000"
    reservation "3721550.0,3719450.0,3536750.0,206780.0,212660.0,212660.0,212660.0,175400.0,184340.0,206780.0,193040.0,175400.0"
    port 4
  ]
  edge [
    source 7
    target 6
    key 0
    LinkType "OC-3"
    LinkSpeed "155"
    LinkLabel "155 Mbps OC-3"
    LinkSpeedUnits "M"
    LinkSpeedRaw 155000000.0
    bandwidth 25000000
    traffic ""
    reservation ""
    port 0
  ]
  edge [
    source 7
    target 19
    key 0
    LinkType "OC-3"
    LinkSpeed "155"
    LinkLabel "155 Mbps OC-3"
    LinkSpeedUnits "M"
    LinkSpeedRaw 155000000.0
    bandwidth 25000000
    traffic "3500000,3500000,3500000,200000,200000,200000,200000,200000,200000,200000,200000,200000"
    reservation "3721550.0,3719450.0,3536750.0,206780.0,212660.0,212660.0,212660.0,175400.0,184340.0,206780.0,193040.0,175400.0"
    port 1
  ]
  edge [
    source 8
    target 9
    key 0
    LinkType "DS-3"
    LinkLabel "45 Mbps DS-3"
    LinkNote "45 Mbps "
    bandwidth 25000000
    traffic ""
    reservation ""
    port 0
  ]
  edge [
    source 9
    target 5
    key 0
    LinkType "OC-3"
    LinkSpeed "155"
    LinkLabel "155 Mbps OC-3"
    LinkSpeedUnits "M"
    LinkSpeedRaw 155000000.0
    bandwidth 25000000
    traffic "3500000,3500000,3500000,200000,200000,200000,200000,200000,200000,200000,200000,200000"
    reservation "3721550.0,3719450.0,3536750.0,206780.0,212660.0,212660.0,212660.0,175400.0,184340.0,206780.0,193040.0,175400.0"
    port 0
  ]
  edge [
    source 9
    target 8
    key 0
    LinkType "DS-3"
    LinkLabel "45 Mbps DS-3"
    LinkNote "45 Mbps "
    bandwidth 25000000
    traffic ""
    reservation ""
    port 1
  ]
  edge [
    source 9
    target 10
    key 0
    LinkType "OC-3"
    LinkSpeed "155"
    LinkLabel "155 Mbps OC-3"
    LinkSpeedUnits "M"
    LinkSpeedRaw 155000000.0
    bandwidth 25000000
    traffic "3500000,3500000,200000,200000,200000,200000,200000,200000,200000,200000,200000,200000,200000,200000,200000,200000"
    reservation "3721550.0,3536750.0,215540.0,193040.0,193040.0,214160.0,184340.0,212660.0,214160.0,175400.0,215540.0,175400.0,212660.0,175400.0,215540.0,206780.0"
    port 2
  ]
  edge [
    source 9
    target 12
    key 0
    LinkType "DS-3"
    LinkLabel "45 Mbps DS-3"
    LinkNote "45 Mbps "
    bandwidth 25000000
    traffic ""
    reservation ""
    port 3
  ]
  edge [
    source 9
    target 19
    key 0
    LinkType "OC-3"
    LinkSpeed "155"
    LinkLabel "155 Mbps OC-3"
    LinkSpeedUnits "M"
    LinkSpeedRaw 155000000.0
    bandwidth 25000000
    traffic ""
    reservation ""
    port 4
  ]
  edge [
    source 9
    target 24
    key 0
    LinkType "DS-3"
    LinkLabel "45 Mbps DS-3"
    LinkNote "45 Mbps "
    bandwidth 25000000
    traffic ""
    reservation ""
    port 5
  ]
  edge [
    source 9
    target 27
    key 0
    port 6
    weight 1
    bandwidth 350000000
    traffic "18000000,18000000,18000000"
    reservation "15516000.0,19371600.0,16698600.0"
  ]
  edge [
    source 10
    target 9
    key 0
    LinkType "OC-3"
    LinkSpeed "155"
    LinkLabel "155 Mbps OC-3"
    LinkSpeedUnits "M"
    LinkSpeedRaw 155000000.0
    bandwidth 25000000
    traffic "3500000,18000000,3500000"
    reservation "3719450.0,16698600.0,3536750.0"
    port 0
  ]
  edge [
    source 10
    target 11
    key 0
    LinkType "DS-3"
    LinkLabel "45 Mbps DS-3"
    LinkNote "45 Mbps "
    bandwidth 25000000
    traffic ""
    reservation ""
    port 1
  ]
  edge [
    source 10
    target 12
    key 0
    LinkType "DS-3"
    LinkLabel "45 Mbps DS-3"
    LinkNote "45 Mbps "
    bandwidth 25000000
    traffic ""
    reservation ""
    port 2
  ]
  edge [
    source 10
    target 13
    key 0
    LinkType "DS-3"
    LinkLabel "45 Mbps DS-3"
    LinkNote "45 Mbps "
    bandwidth 25000000
    traffic "200000,200000,200000,200000,200000,200000,200000,200000,200000,200000,200000,200000,200000,200000,200000,200000,200000,200000,200000,200000,200000,200000,200000,200000,200000,200000,200000,200000"
    reservation "215540.0,193040.0,193040.0,214160.0,184340.0,212660.0,214160.0,175400.0,215540.0,175400.0,212660.0,175400.0,215540.0,206780.0,206780.0,212660.0,212660.0,212660.0,175400.0,184340.0,206780.0,193040.0,175400.0,214160.0,184340.0,206780.0,184340.0,215540.0"
    port 3
  ]
  edge [
    source 10
    target 14
    key 0
    LinkType "OC-3"
    LinkSpeed "155"
    LinkLabel "155 Mbps OC-3"
    LinkSpeedUnits "M"
    LinkSpeedRaw 155000000.0
    bandwidth 25000000
    traffic "3500000,3500000"
    reservation "3721550.0,3536750.0"
    port 4
  ]
  edge [
    source 11
    target 10
    key 0
    LinkType "DS-3"
    LinkLabel "45 Mbps DS-3"
    LinkNote "45 Mbps "
    bandwidth 25000000
    traffic ""
    reservation ""
    port 0
  ]
  edge [
    source 12
    target 9
    key 0
    LinkType "DS-3"
    LinkLabel "45 Mbps DS-3"
    LinkNote "45 Mbps "
    bandwidth 25000000
    traffic "18000000,3500000,200000,200000,200000,200000,200000,200000,200000,200000,200000"
    reservation "19371600.0,3721550.0,206780.0,212660.0,212660.0,212660.0,175400.0,184340.0,206780.0,193040.0,175400.0"
    port 0
  ]
  edge [
    source 12
    target 10
    key 0
    LinkType "DS-3"
    LinkLabel "45 Mbps DS-3"
    LinkNote "45 Mbps "
    bandwidth 25000000
    traffic "3500000,18000000,3500000,200000,200000,200000,200000,200000"
    reservation "3719450.0,16698600.0,3536750.0,214160.0,184340.0,206780.0,184340.0,215540.0"
    port 1
  ]
  edge [
    source 12
    target 29
    key 0
    port 2
    weight 1
    bandwidth 50000000
    traffic ""
    reservation ""
  ]
  edge [
    source 12
    target 53
    key 0
    port 3
    weight 1
    bandwidth 50000000
    traffic ""
    reservation ""
  ]
  edge [
    source 12
    target 54
    key 0
    port 4
    weight 1
    bandwidth 50000000
    traffic ""
    reservation ""
  ]
  edge [
    source 12
    target 55
    key 0
    port 5
    weight 1
    bandwidth 50000000
    traffic ""
    reservation ""
  ]
  edge [
    source 12
    target 56
    key 0
    port 6
    weight 1
    bandwidth 50000000
    traffic ""
    reservation ""
  ]
  edge [
    source 12
    target 57
    key 0
    port 7
    weight 1
    bandwidth 50000000
    traffic ""
    reservation ""
  ]
  edge [
    source 12
    target 58
    key 0
    port 8
    weight 1
    bandwidth 50000000
    traffic ""
    reservation ""
  ]
  edge [
    source 12
    target 59
    key 0
    port 9
    weight 1
    bandwidth 50000000
    traffic ""
    reservation ""
  ]
  edge [
    source 12
    target 60
    key 0
    port 10
    weight 1
    bandwidth 50000000
    traffic ""
    reservation ""
  ]
  edge [
    source 12
    target 61
    key 0
    port 11
    weight 1
    bandwidth 50000000
    traffic ""
    reservation ""
  ]
  edge [
    source 12
    target 62
    key 0
    port 12
    weight 1
    bandwidth 50000000
    traffic ""
    reservation ""
  ]
  edge [
    source 12
    target 63
    key 0
    port 13
    weight 1
    bandwidth 50000000
    traffic ""
    reservation ""
  ]
  edge [
    source 12
    target 64
    key 0
    port 14
    weight 1
    bandwidth 50000000
    traffic ""
    reservation ""
  ]
  edge [
    source 12
    target 65
    key 0
    port 15
    weight 1
    bandwidth 50000000
    traffic ""
    reservation ""
  ]
  edge [
    source 12
    target 66
    key 0
    port 16
    weight 1
    bandwidth 50000000
    traffic ""
    reservation ""
  ]
  edge [
    source 12
    target 67
    key 0
    port 17
    weight 1
    bandwidth 50000000
    traffic ""
    reservation ""
  ]
  edge [
    source 12
    target 68
    key 0
    port 18
    weight 1
    bandwidth 50000000
    traffic ""
    reservation ""
  ]
  edge [
    source 12
    target 69
    key 0
    port 19
    weight 1
    bandwidth 50000000
    traffic ""
    reservation ""
  ]
  edge [
    source 12
    target 70
    key 0
    port 20
    weight 1
    bandwidth 50000000
    traffic ""
    reservation ""
  ]
  edge [
    source 13
    target 10
    key 0
    LinkType "DS-3"
    LinkLabel "45 Mbps DS-3"
    LinkNote "45 Mbps "
    bandwidth 25000000
    traffic ""
    reservation ""
    port 0
  ]
  edge [
    source 13
    target 26
    key 0
    port 1
    weight 1
    bandwidth 350000000
    traffic "200000,200000,200000,200000,200000,200000,200000,200000,200000,200000,200000,200000,200000,200000,200000,200000,200000,200000,200000,200000,200000,200000,200000,200000,200000,200000,200000,200000"
    reservation "215540.0,193040.0,193040.0,214160.0,184340.0,212660.0,214160.0,175400.0,215540.0,175400.0,212660.0,175400.0,215540.0,206780.0,206780.0,212660.0,212660.0,212660.0,175400.0,184340.0,206780.0,193040.0,175400.0,214160.0,184340.0,206780.0,184340.0,215540.0"
  ]
  edge [
    source 14
    target 10
    key 0
    LinkType "OC-3"
    LinkSpeed "155"
    LinkLabel "155 Mbps OC-3"
    LinkSpeedUnits "M"
    LinkSpeedRaw 155000000.0
    bandwidth 25000000
    traffic "200000,200000,200000,200000,200000,200000,200000,200000,200000"
    reservation "206780.0,212660.0,212660.0,212660.0,175400.0,184340.0,206780.0,193040.0,175400.0"
    port 0
  ]
  edge [
    source 14
    target 17
    key 0
    LinkType "OC-3"
    LinkSpeed "155"
    LinkLabel "155 Mbps OC-3"
    LinkSpeedUnits "M"
    LinkSpeedRaw 155000000.0
    bandwidth 25000000
    traffic "3500000,3500000"
    reservation "3721550.0,3536750.0"
    port 1
  ]
  edge [
    source 15
    target 3
    key 0
    LinkType "OC-3"
    LinkSpeed "155"
    LinkLabel "155 Mbps OC-3"
    LinkSpeedUnits "M"
    LinkSpeedRaw 155000000.0
    bandwidth 25000000
    traffic ""
    reservation ""
    port 0
  ]
  edge [
    source 15
    target 16
    key 0
    LinkType "DS-3"
    LinkLabel "45 Mbps DS-3"
    LinkNote "45 Mbps "
    bandwidth 25000000
    traffic ""
    reservation ""
    port 1
  ]
  edge [
    source 15
    target 23
    key 0
    LinkType "OC-3"
    LinkSpeed "155"
    LinkLabel "155 Mbps OC-3"
    LinkSpeedUnits "M"
    LinkSpeedRaw 155000000.0
    bandwidth 25000000
    traffic ""
    reservation ""
    port 2
  ]
  edge [
    source 16
    target 15
    key 0
    LinkType "DS-3"
    LinkLabel "45 Mbps DS-3"
    LinkNote "45 Mbps "
    bandwidth 25000000
    traffic ""
    reservation ""
    port 0
  ]
  edge [
    source 17
    target 14
    key 0
    LinkType "OC-3"
    LinkSpeed "155"
    LinkLabel "155 Mbps OC-3"
    LinkSpeedUnits "M"
    LinkSpeedRaw 155000000.0
    bandwidth 25000000
    traffic "200000,200000,200000,200000,200000,200000,200000,200000,200000"
    reservation "206780.0,212660.0,212660.0,212660.0,175400.0,184340.0,206780.0,193040.0,175400.0"
    port 0
  ]
  edge [
    source 17
    target 18
    key 0
    LinkType "DS-3"
    LinkLabel "45 Mbps DS-3"
    LinkNote "45 Mbps "
    bandwidth 25000000
    traffic ""
    reservation ""
    port 1
  ]
  edge [
    source 17
    target 19
    key 0
    LinkType "OC-3"
    LinkSpeed "155"
    LinkLabel "155 Mbps OC-3"
    LinkSpeedUnits "M"
    LinkSpeedRaw 155000000.0
    bandwidth 25000000
    traffic "3500000,3500000"
    reservation "3721550.0,3536750.0"
    port 2
  ]
  edge [
    source 18
    target 17
    key 0
    LinkType "DS-3"
    LinkLabel "45 Mbps DS-3"
    LinkNote "45 Mbps "
    bandwidth 25000000
    traffic ""
    reservation ""
    port 0
  ]
  edge [
    source 19
    target 7
    key 0
    LinkType "OC-3"
    LinkSpeed "155"
    LinkLabel "155 Mbps OC-3"
    LinkSpeedUnits "M"
    LinkSpeedRaw 155000000.0
    bandwidth 25000000
    traffic ""
    reservation ""
    port 0
  ]
  edge [
    source 19
    target 9
    key 0
    LinkType "OC-3"
    LinkSpeed "155"
    LinkLabel "155 Mbps OC-3"
    LinkSpeedUnits "M"
    LinkSpeedRaw 155000000.0
    bandwidth 25000000
    traffic "200000,200000,200000"
    reservation "175400.0,215540.0,206780.0"
    port 1
  ]
  edge [
    source 19
    target 17
    key 0
    LinkType "OC-3"
    LinkSpeed "155"
    LinkLabel "155 Mbps OC-3"
    LinkSpeedUnits "M"
    LinkSpeedRaw 155000000.0
    bandwidth 25000000
    traffic "200000,200000,200000,200000,200000,200000,200000,200000,200000"
    reservation "206780.0,212660.0,212660.0,212660.0,175400.0,184340.0,206780.0,193040.0,175400.0"
    port 2
  ]
  edge [
    source 19
    target 20
    key 0
    LinkType "DS-3"
    LinkLabel "45 Mbps DS-3"
    LinkNote "45 Mbps "
    bandwidth 25000000
    traffic ""
    reservation ""
    port 3
  ]
  edge [
    source 19
    target 21
    key 0
    LinkType "OC-3"
    LinkSpeed "155"
    LinkLabel "155 Mbps OC-3"
    LinkSpeedUnits "M"
    LinkSpeedRaw 155000000.0
    bandwidth 25000000
    traffic "3500000,3500000,3500000,3500000,3500000"
    reservation "3721550.0,3536750.0,3721550.0,3719450.0,3536750.0"
    port 4
  ]
  edge [
    source 20
    target 19
    key 0
    LinkType "DS-3"
    LinkLabel "45 Mbps DS-3"
    LinkNote "45 Mbps "
    bandwidth 25000000
    traffic ""
    reservation ""
    port 0
  ]
  edge [
    source 21
    target 19
    key 0
    LinkType "OC-3"
    LinkSpeed "155"
    LinkLabel "155 Mbps OC-3"
    LinkSpeedUnits "M"
    LinkSpeedRaw 155000000.0
    bandwidth 25000000
    traffic "200000,200000,200000"
    reservation "175400.0,215540.0,206780.0"
    port 0
  ]
  edge [
    source 21
    target 22
    key 0
    LinkType "DS-3"
    LinkLabel "45 Mbps DS-3"
    LinkNote "45 Mbps "
    bandwidth 25000000
    traffic ""
    reservation ""
    port 1
  ]
  edge [
    source 21
    target 25
    key 0
    port 2
    weight 1
    bandwidth 350000000
    traffic "3500000,3500000,3500000,3500000,3500000,3500000,3500000,3500000,3500000,3500000,3500000,3500000"
    reservation "3721550.0,3536750.0,3812900.0,3827600.0,3445400.0,3014900.0,3564050.0,3564050.0,3014900.0,3721550.0,3719450.0,3536750.0"
  ]
  edge [
    source 22
    target 21
    key 0
    LinkType "DS-3"
    LinkLabel "45 Mbps DS-3"
    LinkNote "45 Mbps "
    bandwidth 25000000
    traffic "3500000,3500000,3500000,3500000,3500000,3500000,3500000,200000,200000,200000"
    reservation "3812900.0,3827600.0,3445400.0,3014900.0,3564050.0,3564050.0,3014900.0,175400.0,215540.0,206780.0"
    port 0
  ]
  edge [
    source 22
    target 23
    key 0
    LinkType "DS-3"
    LinkLabel "45 Mbps DS-3"
    LinkNote "45 Mbps "
    bandwidth 25000000
    traffic ""
    reservation ""
    port 1
  ]
  edge [
    source 23
    target 2
    key 0
    LinkType "OC-3"
    LinkSpeed "155"
    LinkLabel "155 Mbps OC-3"
    LinkSpeedUnits "M"
    LinkSpeedRaw 155000000.0
    bandwidth 25000000
    traffic ""
    reservation ""
    port 0
  ]
  edge [
    source 23
    target 15
    key 0
    LinkType "OC-3"
    LinkSpeed "155"
    LinkLabel "155 Mbps OC-3"
    LinkSpeedUnits "M"
    LinkSpeedRaw 155000000.0
    bandwidth 25000000
    traffic ""
    reservation ""
    port 1
  ]
  edge [
    source 23
    target 22
    key 0
    LinkType "DS-3"
    LinkLabel "45 Mbps DS-3"
    LinkNote "45 Mbps "
    bandwidth 25000000
    traffic "3500000,3500000,3500000,3500000,3500000,3500000,3500000,200000,200000,200000"
    reservation "3812900.0,3827600.0,3445400.0,3014900.0,3564050.0,3564050.0,3014900.0,175400.0,215540.0,206780.0"
    port 2
  ]
  edge [
    source 23
    target 24
    key 0
    LinkType "DS-3"
    LinkLabel "45 Mbps DS-3"
    LinkNote "45 Mbps "
    bandwidth 25000000
    traffic ""
    reservation ""
    port 3
  ]
  edge [
    source 24
    target 9
    key 0
    LinkType "DS-3"
    LinkLabel "45 Mbps DS-3"
    LinkNote "45 Mbps "
    bandwidth 25000000
    traffic ""
    reservation ""
    port 0
  ]
  edge [
    source 24
    target 23
    key 0
    LinkType "DS-3"
    LinkLabel "45 Mbps DS-3"
    LinkNote "45 Mbps "
    bandwidth 25000000
    traffic ""
    reservation ""
    port 1
  ]
  edge [
    source 25
    target 21
    key 0
    port 0
    weight 1
    bandwidth 350000000
    traffic ""
    reservation ""
  ]
  edge [
    source 26
    target 13
    key 0
    port 0
    weight 1
    bandwidth 350000000
    traffic ""
    reservation ""
  ]
  edge [
    source 27
    target 9
    key 0
    port 0
    weight 1
    bandwidth 350000000
    traffic ""
    reservation ""
  ]
  edge [
    source 28
    target 2
    key 0
    port 0
    weight 1
    bandwidth 50000000
    traffic "18000000"
    reservation "15516000.0"
  ]
  edge [
    source 29
    target 12
    key 0
    port 0
    weight 1
    bandwidth 50000000
    traffic "18000000"
    reservation "19371600.0"
  ]
  edge [
    source 30
    target 2
    key 0
    port 0
    weight 1
    bandwidth 50000000
    traffic "3500000"
    reservation "3721550.0"
  ]
  edge [
    source 31
    target 2
    key 0
    port 0
    weight 1
    bandwidth 50000000
    traffic "3500000"
    reservation "3536750.0"
  ]
  edge [
    source 32
    target 2
    key 0
    port 0
    weight 1
    bandwidth 50000000
    traffic "200000"
    reservation "215540.0"
  ]
  edge [
    source 33
    target 2
    key 0
    port 0
    weight 1
    bandwidth 50000000
    traffic "3500000"
    reservation "3812900.0"
  ]
  edge [
    source 34
    target 2
    key 0
    port 0
    weight 1
    bandwidth 50000000
    traffic "3500000"
    reservation "3827600.0"
  ]
  edge [
    source 35
    target 2
    key 0
    port 0
    weight 1
    bandwidth 50000000
    traffic "3500000"
    reservation "3445400.0"
  ]
  edge [
    source 36
    target 2
    key 0
    port 0
    weight 1
    bandwidth 50000000
    traffic "3500000"
    reservation "3014900.0"
  ]
  edge [
    source 37
    target 2
    key 0
    port 0
    weight 1
    bandwidth 50000000
    traffic "3500000"
    reservation "3564050.0"
  ]
  edge [
    source 38
    target 2
    key 0
    port 0
    weight 1
    bandwidth 50000000
    traffic "3500000"
    reservation "3564050.0"
  ]
  edge [
    source 39
    target 2
    key 0
    port 0
    weight 1
    bandwidth 50000000
    traffic "3500000"
    reservation "3014900.0"
  ]
  edge [
    source 40
    target 2
    key 0
    port 0
    weight 1
    bandwidth 50000000
    traffic "200000"
    reservation "193040.0"
  ]
  edge [
    source 41
    target 2
    key 0
    port 0
    weight 1
    bandwidth 50000000
    traffic "200000"
    reservation "193040.0"
  ]
  edge [
    source 42
    target 2
    key 0
    port 0
    weight 1
    bandwidth 50000000
    traffic "200000"
    reservation "214160.0"
  ]
  edge [
    source 43
    target 2
    key 0
    port 0
    weight 1
    bandwidth 50000000
    traffic "200000"
    reservation "184340.0"
  ]
  edge [
    source 44
    target 2
    key 0
    port 0
    weight 1
    bandwidth 50000000
    traffic "200000"
    reservation "212660.0"
  ]
  edge [
    source 45
    target 2
    key 0
    port 0
    weight 1
    bandwidth 50000000
    traffic "200000"
    reservation "214160.0"
  ]
  edge [
    source 46
    target 2
    key 0
    port 0
    weight 1
    bandwidth 50000000
    traffic "200000"
    reservation "175400.0"
  ]
  edge [
    source 47
    target 2
    key 0
    port 0
    weight 1
    bandwidth 50000000
    traffic "200000"
    reservation "215540.0"
  ]
  edge [
    source 48
    target 2
    key 0
    port 0
    weight 1
    bandwidth 50000000
    traffic "200000"
    reservation "175400.0"
  ]
  edge [
    source 49
    target 2
    key 0
    port 0
    weight 1
    bandwidth 50000000
    traffic "200000"
    reservation "212660.0"
  ]
  edge [
    source 50
    target 2
    key 0
    port 0
    weight 1
    bandwidth 50000000
    traffic "200000"
    reservation "175400.0"
  ]
  edge [
    source 51
    target 2
    key 0
    port 0
    weight 1
    bandwidth 50000000
    traffic "200000"
    reservation "215540.0"
  ]
  edge [
    source 52
    target 2
    key 0
    port 0
    weight 1
    bandwidth 50000000
    traffic "200000"
    reservation "206780.0"
  ]
  edge [
    source 53
    target 12
    key 0
    port 0
    weight 1
    bandwidth 50000000
    traffic "3500000"
    reservation "3721550.0"
  ]
  edge [
    source 54
    target 12
    key 0
    port 0
    weight 1
    bandwidth 50000000
    traffic "3500000"
    reservation "3719450.0"
  ]
  edge [
    source 55
    target 12
    key 0
    port 0
    weight 1
    bandwidth 50000000
    traffic "18000000"
    reservation "16698600.0"
  ]
  edge [
    source 56
    target 12
    key 0
    port 0
    weight 1
    bandwidth 50000000
    traffic "3500000"
    reservation "3536750.0"
  ]
  edge [
    source 57
    target 12
    key 0
    port 0
    weight 1
    bandwidth 50000000
    traffic "200000"
    reservation "206780.0"
  ]
  edge [
    source 58
    target 12
    key 0
    port 0
    weight 1
    bandwidth 50000000
    traffic "200000"
    reservation "212660.0"
  ]
  edge [
    source 59
    target 12
    key 0
    port 0
    weight 1
    bandwidth 50000000
    traffic "200000"
    reservation "212660.0"
  ]
  edge [
    source 60
    target 12
    key 0
    port 0
    weight 1
    bandwidth 50000000
    traffic "200000"
    reservation "212660.0"
  ]
  edge [
    source 61
    target 12
    key 0
    port 0
    weight 1
    bandwidth 50000000
    traffic "200000"
    reservation "175400.0"
  ]
  edge [
    source 62
    target 12
    key 0
    port 0
    weight 1
    bandwidth 50000000
    traffic "200000"
    reservation "184340.0"
  ]
  edge [
    source 63
    target 12
    key 0
    port 0
    weight 1
    bandwidth 50000000
    traffic "200000"
    reservation "206780.0"
  ]
  edge [
    source 64
    target 12
    key 0
    port 0
    weight 1
    bandwidth 50000000
    traffic "200000"
    reservation "193040.0"
  ]
  edge [
    source 65
    target 12
    key 0
    port 0
    weight 1
    bandwidth 50000000
    traffic "200000"
    reservation "175400.0"
  ]
  edge [
    source 66
    target 12
    key 0
    port 0
    weight 1
    bandwidth 50000000
    traffic "200000"
    reservation "214160.0"
  ]
  edge [
    source 67
    target 12
    key 0
    port 0
    weight 1
    bandwidth 50000000
    traffic "200000"
    reservation "184340.0"
  ]
  edge [
    source 68
    target 12
    key 0
    port 0
    weight 1
    bandwidth 50000000
    traffic "200000"
    reservation "206780.0"
  ]
  edge [
    source 69
    target 12
    key 0
    port 0
    weight 1
    bandwidth 50000000
    traffic "200000"
    reservation "184340.0"
  ]
  edge [
    source 70
    target 12
    key 0
    port 0
    weight 1
    bandwidth 50000000
    traffic "200000"
    reservation "215540.0"
  ]
]
