graph [
  directed 1
  multigraph 1
  GeoLocation "Italy"
  GeoExtent "Country"
  Network "GARR"
  Provenance "Primary"
  Note "Names from http://www.noc.garr.it/mappe/"
  Source "http://www.garr.it/index.php/rete/infrastruttura-di-rete/mappa-della-rete/48"
  Version "1.0"
  Type "REN"
  DateType "Historic"
  Backbone 1
  Commercial 0
  label "Garr200109"
  ToolsetVersion "0.3.34dev-20120328"
  Customer 0
  IX 0
  SourceGitVersion "e278b1b"
  DateModifier "="
  DateMonth "09"
  LastAccess "21/10/10"
  Access 0
  Layer "IP"
  Creator "Topology Zoo Toolset"
  Developed 1
  Transit 1
  NetworkDate "2001_09"
  DateYear "2001"
  LastProcessed "2011_09_01"
  Testbed 0
  levelsToS 73
  node [
    id 0
    label "0"
    Country "Italy"
    Longitude 9.18951
    Internal 1
    Latitude 45.46427
    type "inner"
    schedulingPolicy "WFQ"
    tosToQoSqueue "31,39;38,41;29,37;42;46;32,35;45;30,43,48;40;36;34;44;33;47;26;28;27,0,1,2,3,4,5,6,7,8,9,10,11,12,13,14,15,16,17,18,19,20,21,22,23,24,25,49,50,51,52,53,54,55,56,57,58,59,60,61,62,63,64,65,66,67,68,69,70,71,72"
    schedulingWeights "0.001,0.001,0.001,0.001,0.001,0.001,0.001,0.001,0.001,0.001,0.001,0.001,0.001,0.001,0.001,0.001,99.984;0.001,0.001,0.001,0.001,0.001,0.001,0.001,0.001,0.001,0.001,0.001,0.001,0.001,0.001,0.001,0.001,99.984;0.001,0.001,0.001,0.001,0.001,0.001,0.001,0.001,0.001,0.001,0.001,0.001,0.001,0.001,0.001,0.001,99.984;0.001,12.946,13.366,0.683,0.883,0.001,0.721,0.84,0.903,0.001,0.001,0.911,0.001,0.001,68.004,0.001,0.737;0.001,0.001,0.001,0.001,0.001,0.001,0.001,0.001,0.001,0.001,0.001,0.001,0.001,0.001,0.001,0.001,99.984;0.001,0.001,0.001,0.001,0.001,0.001,0.001,0.001,0.001,0.001,0.001,0.001,0.001,0.001,0.001,0.001,99.984;13.622,0.001,13.366,0.001,0.001,1.792,0.001,1.681,0.001,0.842,0.681,0.001,0.706,0.833,0.001,66.082,0.389;0.001,0.001,0.001,0.001,0.001,0.001,0.001,0.001,0.001,0.001,0.001,0.001,0.001,0.001,0.001,0.001,99.984;0.001,0.001,0.001,0.001,0.001,0.001,0.001,0.001,0.001,0.001,0.001,0.001,0.001,0.001,0.001,0.001,99.984;13.622,12.946,0.001,0.001,0.001,0.001,0.001,0.001,0.001,0.001,0.001,0.001,0.001,0.001,0.001,0.001,73.418"
    levelsQoS 17
    queueSizes "32,32,32,32,32,32,32,32,32,32,32,32,32,32,32,32,32"
  ]
  node [
    id 1
    label "1"
    Country "Italy"
    Longitude 7.68682
    Internal 1
    Latitude 45.07049
    type "inner"
    schedulingPolicy "WFQ"
    tosToQoSqueue "0,1,2,3,4,5,6,7,8,9,10,11,12,13,14,15,16,17,18,19,20,21,22,23,24,25,26,27,28,29,30,31,32,33,34,35,36,37,38,39,40,41,42,43,44,45,46,47,48,49,50,51,52,53,54,55,56,57,58,59,60,61,62,63,64,65,66,67,68,69,70,71,72"
    schedulingWeights "100"
    levelsQoS 1
    queueSizes "32"
  ]
  node [
    id 2
    label "2"
    Country "Italy"
    Longitude 13.78
    Internal 1
    Latitude 45.64861
    type "inner"
    schedulingPolicy "WFQ"
    tosToQoSqueue "0,1,2,3,4,5,6,7,8,9,10,11,12,13,14,15,16,17,18,19,20,21,22,23,24,25,26,27,28,29,30,31,32,33,34,35,36,37,38,39,40,41,42,43,44,45,46,47,48,49,50,51,52,53,54,55,56,57,58,59,60,61,62,63,64,65,66,67,68,69,70,71,72"
    schedulingWeights "100"
    levelsQoS 1
    queueSizes "32"
  ]
  node [
    id 3
    label "3"
    Country "Italy"
    Longitude 11.88181
    Internal 1
    Latitude 45.41519
    type "inner"
    schedulingPolicy "WFQ"
    tosToQoSqueue "0,1,2,3,4,5,6,7,8,9,10,11,12,13,14,15,16,17,18,19,20,21,22,23,24,25,26,27,28,29,30,31,32,33,34,35,36,37,38,39,40,41,42,43,44,45,46,47,48,49,50,51,52,53,54,55,56,57,58,59,60,61,62,63,64,65,66,67,68,69,70,71,72"
    schedulingWeights "100"
    levelsQoS 1
    queueSizes "32"
  ]
  node [
    id 4
    label "4"
    Country "Italy"
    Longitude 11.33875
    Internal 1
    Latitude 44.49381
    type "destination_embb"
    schedulingPolicy "FIFO"
    levelsQoS "1"
    schedulingWeights "-"
    tosToQoSqueue "0,1,2,3,4,5,6,7,8,9,10,11,12,13,14,15,16,17,18,19,20,21,22,23,24,25,26,27,28,29,30,31,32,33,34,35,36,37,38,39,40,41,42,43,44,45,46,47,48,49,50,51,52,53,54,55,56,57,58,59,60,61,62,63,64,65,66,67,68,69,70,71,72"
    queueSizes "32"
  ]
  node [
    id 5
    label "5"
    Country "Italy"
    Longitude 11.33875
    Internal 1
    Latitude 44.49381
    type "inner"
    schedulingPolicy "WFQ"
    tosToQoSqueue "0,1,2,3,4,5,6,7,8,9,10,11,12,13,14,15,16,17,18,19,20,21,22,23,24,25,26,27,28,29,30,31,32,33,34,35,36,37,38,39,40,41,42,43,44,45,46,47,48,49,50,51,52,53,54,55,56,57,58,59,60,61,62,63,64,65,66,67,68,69,70,71,72"
    schedulingWeights "100"
    levelsQoS 1
    queueSizes "32"
  ]
  node [
    id 6
    label "6"
    Country "Italy"
    Longitude 8.93386
    Internal 1
    Latitude 44.40632
    type "inner"
    schedulingPolicy "WFQ"
    tosToQoSqueue "0,1,2,3,4,5,6,7,8,9,10,11,12,13,14,15,16,17,18,19,20,21,22,23,24,25,26,27,28,29,30,31,32,33,34,35,36,37,38,39,40,41,42,43,44,45,46,47,48,49,50,51,52,53,54,55,56,57,58,59,60,61,62,63,64,65,66,67,68,69,70,71,72"
    schedulingWeights "100"
    levelsQoS 1
    queueSizes "32"
  ]
  node [
    id 7
    label "7"
    Country "Italy"
    Longitude 11.25
    Internal 1
    Latitude 43.76667
    type "antenna"
    schedulingPolicy "WFQ"
    tosToQoSqueue "31;29;32,35;30;36;34;33;25,0,1,2,3,4,5,6,7,8,9,10,11,12,13,14,15,16,17,18,19,20,21,22,23,24,26,27,28,37,38,39,40,41,42,43,44,45,46,47,48,49,50,51,52,53,54,55,56,57,58,59,60,61,62,63,64,65,66,67,68,69,70,71,72"
    schedulingWeights "13.622,13.366,1.792,0.84,0.842,0.681,0.706,68.151;0.001,0.001,0.001,0.001,0.001,0.001,0.001,99.993;0.001,0.001,0.001,0.001,0.001,0.001,0.001,99.993;0.001,0.001,0.001,0.001,0.001,0.001,0.001,99.993;0.001,0.001,0.001,0.001,0.001,0.001,0.001,99.993;0.001,0.001,0.001,0.001,0.001,0.001,0.001,99.993;0.001,0.001,0.001,0.001,0.001,0.001,0.001,99.993;0.001,0.001,0.001,0.001,0.001,0.001,0.001,99.993;0.001,0.001,0.001,0.001,0.001,0.001,0.001,99.993;0.001,0.001,0.001,0.001,0.001,0.001,0.001,99.993"
    levelsQoS 8
    queueSizes "32,32,32,32,32,32,32,32"
  ]
  node [
    id 8
    label "8"
    Country "Italy"
    Longitude 14.25
    Internal 1
    Latitude 40.83333
    type "inner"
    schedulingPolicy "WFQ"
    tosToQoSqueue "0,1,2,3,4,5,6,7,8,9,10,11,12,13,14,15,16,17,18,19,20,21,22,23,24,25,26,27,28,29,30,31,32,33,34,35,36,37,38,39,40,41,42,43,44,45,46,47,48,49,50,51,52,53,54,55,56,57,58,59,60,61,62,63,64,65,66,67,68,69,70,71,72"
    schedulingWeights "100"
    levelsQoS 1
    queueSizes "32"
  ]
  node [
    id 9
    label "9"
    Country "Italy"
    Longitude 12.4839
    Internal 1
    Latitude 41.89474
    type "destination_urllc"
    schedulingPolicy "FIFO"
    levelsQoS "1"
    schedulingWeights "-"
    tosToQoSqueue "0,1,2,3,4,5,6,7,8,9,10,11,12,13,14,15,16,17,18,19,20,21,22,23,24,25,26,27,28,29,30,31,32,33,34,35,36,37,38,39,40,41,42,43,44,45,46,47,48,49,50,51,52,53,54,55,56,57,58,59,60,61,62,63,64,65,66,67,68,69,70,71,72"
    queueSizes "32"
  ]
  node [
    id 10
    label "10"
    Country "Italy"
    Longitude 15.08719
    Internal 1
    Latitude 37.50213
    type "inner"
    schedulingPolicy "WFQ"
    tosToQoSqueue "0,1,2,3,4,5,6,7,8,9,10,11,12,13,14,15,16,17,18,19,20,21,22,23,24,25,26,27,28,29,30,31,32,33,34,35,36,37,38,39,40,41,42,43,44,45,46,47,48,49,50,51,52,53,54,55,56,57,58,59,60,61,62,63,64,65,66,67,68,69,70,71,72"
    schedulingWeights "100"
    levelsQoS 1
    queueSizes "32"
  ]
  node [
    id 11
    label "11"
    Country "Italy"
    Longitude 9.18951
    Internal 1
    Latitude 45.46427
    type "inner"
    schedulingPolicy "WFQ"
    tosToQoSqueue "0,1,2,3,4,5,6,7,8,9,10,11,12,13,14,15,16,17,18,19,20,21,22,23,24,25,26,27,28,29,30,31,32,33,34,35,36,37,38,39,40,41,42,43,44,45,46,47,48,49,50,51,52,53,54,55,56,57,58,59,60,61,62,63,64,65,66,67,68,69,70,71,72"
    schedulingWeights "100"
    levelsQoS 1
    queueSizes "32"
  ]
  node [
    id 12
    label "12"
    Country "Italy"
    Longitude 14.25
    Internal 1
    Latitude 40.83333
    type "inner"
    schedulingPolicy "WFQ"
    tosToQoSqueue "31;38;29,37;42;46;32,35;45;30,43,48;40;36;34;44;33;47;28;27,0,1,2,3,4,5,6,7,8,9,10,11,12,13,14,15,16,17,18,19,20,21,22,23,24,25,26,39,41,49,50,51,52,53,54,55,56,57,58,59,60,61,62,63,64,65,66,67,68,69,70,71,72"
    schedulingWeights "0.001,12.946,13.366,0.001,0.001,0.001,0.001,0.001,0.001,0.001,0.001,0.001,0.001,0.001,0.001,73.675;0.001,0.001,0.001,0.001,0.001,0.001,0.001,0.84,0.001,0.001,0.001,0.001,0.001,0.833,66.082,32.233;0.001,0.001,0.001,0.001,0.001,0.001,0.001,0.001,0.001,0.001,0.001,0.001,0.001,0.001,0.001,99.985;0.001,0.001,0.001,0.001,0.001,0.001,0.001,0.001,0.001,0.001,0.001,0.001,0.001,0.001,0.001,99.985;0.001,0.001,0.001,0.001,0.001,0.001,0.001,0.001,0.001,0.001,0.001,0.001,0.001,0.001,0.001,99.985;13.622,0.001,13.366,0.683,0.883,1.792,0.721,1.681,0.903,0.842,0.681,0.911,0.706,0.001,0.001,63.208;0.001,0.001,0.001,0.001,0.001,0.001,0.001,0.001,0.001,0.001,0.001,0.001,0.001,0.001,0.001,99.985"
    levelsQoS 16
    queueSizes "32,32,32,32,32,32,32,32,32,32,32,32,32,32,32,32"
  ]
  node [
    id 13
    label "13"
    Country "Italy"
    Longitude 13.35976
    Internal 1
    Latitude 38.11582
    type "inner"
    schedulingPolicy "WFQ"
    tosToQoSqueue "0,1,2,3,4,5,6,7,8,9,10,11,12,13,14,15,16,17,18,19,20,21,22,23,24,25,26,27,28,29,30,31,32,33,34,35,36,37,38,39,40,41,42,43,44,45,46,47,48,49,50,51,52,53,54,55,56,57,58,59,60,61,62,63,64,65,66,67,68,69,70,71,72"
    schedulingWeights "100"
    levelsQoS 1
    queueSizes "32"
  ]
  node [
    id 14
    label "14"
    Country "Italy"
    Longitude 10.39659
    Internal 1
    Latitude 43.71553
    type "inner"
    schedulingPolicy "WFQ"
    tosToQoSqueue "0,1,2,3,4,5,6,7,8,9,10,11,12,13,14,15,16,17,18,19,20,21,22,23,24,25,26,27,28,29,30,31,32,33,34,35,36,37,38,39,40,41,42,43,44,45,46,47,48,49,50,51,52,53,54,55,56,57,58,59,60,61,62,63,64,65,66,67,68,69,70,71,72"
    schedulingWeights "100"
    levelsQoS 1
    queueSizes "32"
  ]
  node [
    id 15
    label "15"
    Internal 0
    type "antenna"
    schedulingPolicy "WFQ"
    tosToQoSqueue "39;41;42;46;45;43,48;40;44;47;28,0,1,2,3,4,5,6,7,8,9,10,11,12,13,14,15,16,17,18,19,20,21,22,23,24,25,26,27,29,30,31,32,33,34,35,36,37,38,49,50,51,52,53,54,55,56,57,58,59,60,61,62,63,64,65,66,67,68,69,70,71,72"
    schedulingWeights "13.622,12.946,0.683,0.883,0.721,1.681,0.903,0.911,0.833,66.819;0.001,0.001,0.001,0.001,0.001,0.001,0.001,0.001,0.001,99.991;0.001,0.001,0.001,0.001,0.001,0.001,0.001,0.001,0.001,99.991;0.001,0.001,0.001,0.001,0.001,0.001,0.001,0.001,0.001,99.991;0.001,0.001,0.001,0.001,0.001,0.001,0.001,0.001,0.001,99.991;0.001,0.001,0.001,0.001,0.001,0.001,0.001,0.001,0.001,99.991;0.001,0.001,0.001,0.001,0.001,0.001,0.001,0.001,0.001,99.991;0.001,0.001,0.001,0.001,0.001,0.001,0.001,0.001,0.001,99.991;0.001,0.001,0.001,0.001,0.001,0.001,0.001,0.001,0.001,99.991;0.001,0.001,0.001,0.001,0.001,0.001,0.001,0.001,0.001,99.991;0.001,0.001,0.001,0.001,0.001,0.001,0.001,0.001,0.001,99.991;0.001,0.001,0.001,0.001,0.001,0.001,0.001,0.001,0.001,99.991"
    levelsQoS 10
    queueSizes "32,32,32,32,32,32,32,32,32,32"
  ]
  node [
    id 16
    label "16"
    Internal 0
    type "inner"
    schedulingPolicy "WFQ"
    tosToQoSqueue "0,1,2,3,4,5,6,7,8,9,10,11,12,13,14,15,16,17,18,19,20,21,22,23,24,25,26,27,28,29,30,31,32,33,34,35,36,37,38,39,40,41,42,43,44,45,46,47,48,49,50,51,52,53,54,55,56,57,58,59,60,61,62,63,64,65,66,67,68,69,70,71,72"
    schedulingWeights "100"
    levelsQoS 1
    queueSizes "32"
  ]
  node [
    id 17
    label "17"
    Country "Italy"
    Longitude 9.13462
    Internal 1
    Latitude 39.20738
    type "antenna"
    schedulingPolicy "WFQ"
    tosToQoSqueue "49;51,53;58;54;64;69;65;59;68;52;63;57;55,62,67,71;66;56,60;70,72;50,61;26,0,1,2,3,4,5,6,7,8,9,10,11,12,13,14,15,16,17,18,19,20,21,22,23,24,25,27,28,29,30,31,32,33,34,35,36,37,38,39,40,41,42,43,44,45,46,47,48"
    schedulingWeights "13.366,1.367,0.883,0.896,0.78,0.83,0.791,0.84,0.903,0.842,0.889,0.786,2.724,0.911,1.486,1.412,1.666,68.631;0.001,0.001,0.001,0.001,0.001,0.001,0.001,0.001,0.001,0.001,0.001,0.001,0.001,0.001,0.001,0.001,0.001,99.983;0.001,0.001,0.001,0.001,0.001,0.001,0.001,0.001,0.001,0.001,0.001,0.001,0.001,0.001,0.001,0.001,0.001,99.983;0.001,0.001,0.001,0.001,0.001,0.001,0.001,0.001,0.001,0.001,0.001,0.001,0.001,0.001,0.001,0.001,0.001,99.983;0.001,0.001,0.001,0.001,0.001,0.001,0.001,0.001,0.001,0.001,0.001,0.001,0.001,0.001,0.001,0.001,0.001,99.983;0.001,0.001,0.001,0.001,0.001,0.001,0.001,0.001,0.001,0.001,0.001,0.001,0.001,0.001,0.001,0.001,0.001,99.983;0.001,0.001,0.001,0.001,0.001,0.001,0.001,0.001,0.001,0.001,0.001,0.001,0.001,0.001,0.001,0.001,0.001,99.983;0.001,0.001,0.001,0.001,0.001,0.001,0.001,0.001,0.001,0.001,0.001,0.001,0.001,0.001,0.001,0.001,0.001,99.983;0.001,0.001,0.001,0.001,0.001,0.001,0.001,0.001,0.001,0.001,0.001,0.001,0.001,0.001,0.001,0.001,0.001,99.983;0.001,0.001,0.001,0.001,0.001,0.001,0.001,0.001,0.001,0.001,0.001,0.001,0.001,0.001,0.001,0.001,0.001,99.983;0.001,0.001,0.001,0.001,0.001,0.001,0.001,0.001,0.001,0.001,0.001,0.001,0.001,0.001,0.001,0.001,0.001,99.983;0.001,0.001,0.001,0.001,0.001,0.001,0.001,0.001,0.001,0.001,0.001,0.001,0.001,0.001,0.001,0.001,0.001,99.983;0.001,0.001,0.001,0.001,0.001,0.001,0.001,0.001,0.001,0.001,0.001,0.001,0.001,0.001,0.001,0.001,0.001,99.983;0.001,0.001,0.001,0.001,0.001,0.001,0.001,0.001,0.001,0.001,0.001,0.001,0.001,0.001,0.001,0.001,0.001,99.983;0.001,0.001,0.001,0.001,0.001,0.001,0.001,0.001,0.001,0.001,0.001,0.001,0.001,0.001,0.001,0.001,0.001,99.983;0.001,0.001,0.001,0.001,0.001,0.001,0.001,0.001,0.001,0.001,0.001,0.001,0.001,0.001,0.001,0.001,0.001,99.983;0.001,0.001,0.001,0.001,0.001,0.001,0.001,0.001,0.001,0.001,0.001,0.001,0.001,0.001,0.001,0.001,0.001,99.983;0.001,0.001,0.001,0.001,0.001,0.001,0.001,0.001,0.001,0.001,0.001,0.001,0.001,0.001,0.001,0.001,0.001,99.983;0.001,0.001,0.001,0.001,0.001,0.001,0.001,0.001,0.001,0.001,0.001,0.001,0.001,0.001,0.001,0.001,0.001,99.983;0.001,0.001,0.001,0.001,0.001,0.001,0.001,0.001,0.001,0.001,0.001,0.001,0.001,0.001,0.001,0.001,0.001,99.983;0.001,0.001,0.001,0.001,0.001,0.001,0.001,0.001,0.001,0.001,0.001,0.001,0.001,0.001,0.001,0.001,0.001,99.983;0.001,0.001,0.001,0.001,0.001,0.001,0.001,0.001,0.001,0.001,0.001,0.001,0.001,0.001,0.001,0.001,0.001,99.983;0.001,0.001,0.001,0.001,0.001,0.001,0.001,0.001,0.001,0.001,0.001,0.001,0.001,0.001,0.001,0.001,0.001,99.983;0.001,0.001,0.001,0.001,0.001,0.001,0.001,0.001,0.001,0.001,0.001,0.001,0.001,0.001,0.001,0.001,0.001,99.983;0.001,0.001,0.001,0.001,0.001,0.001,0.001,0.001,0.001,0.001,0.001,0.001,0.001,0.001,0.001,0.001,0.001,99.983;0.001,0.001,0.001,0.001,0.001,0.001,0.001,0.001,0.001,0.001,0.001,0.001,0.001,0.001,0.001,0.001,0.001,99.983"
    levelsQoS 18
    queueSizes "32,32,32,32,32,32,32,32,32,32,32,32,32,32,32,32,32,32"
  ]
  node [
    id 18
    label "18"
    Country "Italy"
    Longitude 12.4839
    Internal 1
    Latitude 41.89474
    type "destination_mmtc"
    schedulingPolicy "FIFO"
    levelsQoS "1"
    schedulingWeights "-"
    tosToQoSqueue "0,1,2,3,4,5,6,7,8,9,10,11,12,13,14,15,16,17,18,19,20,21,22,23,24,25,26,27,28,29,30,31,32,33,34,35,36,37,38,39,40,41,42,43,44,45,46,47,48,49,50,51,52,53,54,55,56,57,58,59,60,61,62,63,64,65,66,67,68,69,70,71,72"
    queueSizes "32"
  ]
  node [
    id 19
    label "19"
    Country "Italy"
    Longitude 13.39954
    Internal 1
    Latitude 42.35055
    type "inner"
    schedulingPolicy "WFQ"
    tosToQoSqueue "0,1,2,3,4,5,6,7,8,9,10,11,12,13,14,15,16,17,18,19,20,21,22,23,24,25,26,27,28,29,30,31,32,33,34,35,36,37,38,39,40,41,42,43,44,45,46,47,48,49,50,51,52,53,54,55,56,57,58,59,60,61,62,63,64,65,66,67,68,69,70,71,72"
    schedulingWeights "100"
    levelsQoS 1
    queueSizes "32"
  ]
  node [
    id 20
    label "20"
    Country "Italy"
    Longitude 12.66868
    Internal 1
    Latitude 41.81632
    type "inner"
    schedulingPolicy "WFQ"
    tosToQoSqueue "0,1,2,3,4,5,6,7,8,9,10,11,12,13,14,15,16,17,18,19,20,21,22,23,24,25,26,27,28,29,30,31,32,33,34,35,36,37,38,39,40,41,42,43,44,45,46,47,48,49,50,51,52,53,54,55,56,57,58,59,60,61,62,63,64,65,66,67,68,69,70,71,72"
    schedulingWeights "100"
    levelsQoS 1
    queueSizes "32"
  ]
  node [
    id 21
    label "21"
    Country "Italy"
    Longitude 16.85118
    Internal 1
    Latitude 41.11773
    type "antenna"
    schedulingPolicy "WFQ"
    tosToQoSqueue "38;37;27,0,1,2,3,4,5,6,7,8,9,10,11,12,13,14,15,16,17,18,19,20,21,22,23,24,25,26,28,29,30,31,32,33,34,35,36,39,40,41,42,43,44,45,46,47,48,49,50,51,52,53,54,55,56,57,58,59,60,61,62,63,64,65,66,67,68,69,70,71,72"
    schedulingWeights "12.946,13.366,73.688;0.001,0.001,99.998;0.001,0.001,99.998;0.001,0.001,99.998"
    levelsQoS 3
    queueSizes "32,32,32"
  ]
  node [
    id 22
    label "22"
    schedulingPolicy "FIFO"
    levelsQoS "1"
    schedulingWeights "-"
    tosToQoSqueue "0,1,2,3,4,5,6,7,8,9,10,11,12,13,14,15,16,17,18,19,20,21,22,23,24,25,26,27,28,29,30,31,32,33,34,35,36,37,38,39,40,41,42,43,44,45,46,47,48,49,50,51,52,53,54,55,56,57,58,59,60,61,62,63,64,65,66,67,68,69,70,71,72"
    queueSizes "32"
    type "destination_urllc"
  ]
  node [
    id 23
    label "23"
    schedulingPolicy "FIFO"
    levelsQoS "1"
    schedulingWeights "-"
    tosToQoSqueue "0,1,2,3,4,5,6,7,8,9,10,11,12,13,14,15,16,17,18,19,20,21,22,23,24,25,26,27,28,29,30,31,32,33,34,35,36,37,38,39,40,41,42,43,44,45,46,47,48,49,50,51,52,53,54,55,56,57,58,59,60,61,62,63,64,65,66,67,68,69,70,71,72"
    queueSizes "32"
    type "destination_mmtc"
  ]
  node [
    id 24
    label "24"
    schedulingPolicy "FIFO"
    levelsQoS "1"
    schedulingWeights "-"
    tosToQoSqueue "0,1,2,3,4,5,6,7,8,9,10,11,12,13,14,15,16,17,18,19,20,21,22,23,24,25,26,27,28,29,30,31,32,33,34,35,36,37,38,39,40,41,42,43,44,45,46,47,48,49,50,51,52,53,54,55,56,57,58,59,60,61,62,63,64,65,66,67,68,69,70,71,72"
    queueSizes "32"
    type "destination_embb"
  ]
  node [
    id 25
    label "25"
    schedulingPolicy "FIFO"
    levelsQoS "1"
    schedulingWeights "-"
    tosToQoSqueue "0,1,2,3,4,5,6,7,8,9,10,11,12,13,14,15,16,17,18,19,20,21,22,23,24,25,26,27,28,29,30,31,32,33,34,35,36,37,38,39,40,41,42,43,44,45,46,47,48,49,50,51,52,53,54,55,56,57,58,59,60,61,62,63,64,65,66,67,68,69,70,71,72"
    queueSizes "32"
    type "origin_embb"
    reservation 17001000.0
  ]
  node [
    id 26
    label "26"
    schedulingPolicy "FIFO"
    levelsQoS "1"
    schedulingWeights "-"
    tosToQoSqueue "0,1,2,3,4,5,6,7,8,9,10,11,12,13,14,15,16,17,18,19,20,21,22,23,24,25,26,27,28,29,30,31,32,33,34,35,36,37,38,39,40,41,42,43,44,45,46,47,48,49,50,51,52,53,54,55,56,57,58,59,60,61,62,63,64,65,66,67,68,69,70,71,72"
    queueSizes "32"
    type "origin_embb"
    reservation 17001000.0
  ]
  node [
    id 27
    label "27"
    schedulingPolicy "FIFO"
    levelsQoS "1"
    schedulingWeights "-"
    tosToQoSqueue "0,1,2,3,4,5,6,7,8,9,10,11,12,13,14,15,16,17,18,19,20,21,22,23,24,25,26,27,28,29,30,31,32,33,34,35,36,37,38,39,40,41,42,43,44,45,46,47,48,49,50,51,52,53,54,55,56,57,58,59,60,61,62,63,64,65,66,67,68,69,70,71,72"
    queueSizes "32"
    type "origin_embb"
    reservation 18318600.0
  ]
  node [
    id 28
    label "28"
    schedulingPolicy "FIFO"
    levelsQoS "1"
    schedulingWeights "-"
    tosToQoSqueue "0,1,2,3,4,5,6,7,8,9,10,11,12,13,14,15,16,17,18,19,20,21,22,23,24,25,26,27,28,29,30,31,32,33,34,35,36,37,38,39,40,41,42,43,44,45,46,47,48,49,50,51,52,53,54,55,56,57,58,59,60,61,62,63,64,65,66,67,68,69,70,71,72"
    queueSizes "32"
    type "origin_embb"
    reservation 16520400.0
  ]
  node [
    id 29
    label "29"
    schedulingPolicy "FIFO"
    levelsQoS "1"
    schedulingWeights "-"
    tosToQoSqueue "0,1,2,3,4,5,6,7,8,9,10,11,12,13,14,15,16,17,18,19,20,21,22,23,24,25,26,27,28,29,30,31,32,33,34,35,36,37,38,39,40,41,42,43,44,45,46,47,48,49,50,51,52,53,54,55,56,57,58,59,60,61,62,63,64,65,66,67,68,69,70,71,72"
    queueSizes "32"
    type "origin_urllc"
    reservation 3341450.0
  ]
  node [
    id 30
    label "30"
    schedulingPolicy "FIFO"
    levelsQoS "1"
    schedulingWeights "-"
    tosToQoSqueue "0,1,2,3,4,5,6,7,8,9,10,11,12,13,14,15,16,17,18,19,20,21,22,23,24,25,26,27,28,29,30,31,32,33,34,35,36,37,38,39,40,41,42,43,44,45,46,47,48,49,50,51,52,53,54,55,56,57,58,59,60,61,62,63,64,65,66,67,68,69,70,71,72"
    queueSizes "32"
    type "origin_mmtc"
    reservation 210080.0
  ]
  node [
    id 31
    label "31"
    schedulingPolicy "FIFO"
    levelsQoS "1"
    schedulingWeights "-"
    tosToQoSqueue "0,1,2,3,4,5,6,7,8,9,10,11,12,13,14,15,16,17,18,19,20,21,22,23,24,25,26,27,28,29,30,31,32,33,34,35,36,37,38,39,40,41,42,43,44,45,46,47,48,49,50,51,52,53,54,55,56,57,58,59,60,61,62,63,64,65,66,67,68,69,70,71,72"
    queueSizes "32"
    type "origin_urllc"
    reservation 3405500.0
  ]
  node [
    id 32
    label "32"
    schedulingPolicy "FIFO"
    levelsQoS "1"
    schedulingWeights "-"
    tosToQoSqueue "0,1,2,3,4,5,6,7,8,9,10,11,12,13,14,15,16,17,18,19,20,21,22,23,24,25,26,27,28,29,30,31,32,33,34,35,36,37,38,39,40,41,42,43,44,45,46,47,48,49,50,51,52,53,54,55,56,57,58,59,60,61,62,63,64,65,66,67,68,69,70,71,72"
    queueSizes "32"
    type "origin_mmtc"
    reservation 224060.0
  ]
  node [
    id 33
    label "33"
    schedulingPolicy "FIFO"
    levelsQoS "1"
    schedulingWeights "-"
    tosToQoSqueue "0,1,2,3,4,5,6,7,8,9,10,11,12,13,14,15,16,17,18,19,20,21,22,23,24,25,26,27,28,29,30,31,32,33,34,35,36,37,38,39,40,41,42,43,44,45,46,47,48,49,50,51,52,53,54,55,56,57,58,59,60,61,62,63,64,65,66,67,68,69,70,71,72"
    queueSizes "32"
    type "origin_mmtc"
    reservation 176480.0
  ]
  node [
    id 34
    label "34"
    schedulingPolicy "FIFO"
    levelsQoS "1"
    schedulingWeights "-"
    tosToQoSqueue "0,1,2,3,4,5,6,7,8,9,10,11,12,13,14,15,16,17,18,19,20,21,22,23,24,25,26,27,28,29,30,31,32,33,34,35,36,37,38,39,40,41,42,43,44,45,46,47,48,49,50,51,52,53,54,55,56,57,58,59,60,61,62,63,64,65,66,67,68,69,70,71,72"
    queueSizes "32"
    type "origin_mmtc"
    reservation 170240.0
  ]
  node [
    id 35
    label "35"
    schedulingPolicy "FIFO"
    levelsQoS "1"
    schedulingWeights "-"
    tosToQoSqueue "0,1,2,3,4,5,6,7,8,9,10,11,12,13,14,15,16,17,18,19,20,21,22,23,24,25,26,27,28,29,30,31,32,33,34,35,36,37,38,39,40,41,42,43,44,45,46,47,48,49,50,51,52,53,54,55,56,57,58,59,60,61,62,63,64,65,66,67,68,69,70,71,72"
    queueSizes "32"
    type "origin_mmtc"
    reservation 224060.0
  ]
  node [
    id 36
    label "36"
    schedulingPolicy "FIFO"
    levelsQoS "1"
    schedulingWeights "-"
    tosToQoSqueue "0,1,2,3,4,5,6,7,8,9,10,11,12,13,14,15,16,17,18,19,20,21,22,23,24,25,26,27,28,29,30,31,32,33,34,35,36,37,38,39,40,41,42,43,44,45,46,47,48,49,50,51,52,53,54,55,56,57,58,59,60,61,62,63,64,65,66,67,68,69,70,71,72"
    queueSizes "32"
    type "origin_mmtc"
    reservation 210380.0
  ]
  node [
    id 37
    label "37"
    schedulingPolicy "FIFO"
    levelsQoS "1"
    schedulingWeights "-"
    tosToQoSqueue "0,1,2,3,4,5,6,7,8,9,10,11,12,13,14,15,16,17,18,19,20,21,22,23,24,25,26,27,28,29,30,31,32,33,34,35,36,37,38,39,40,41,42,43,44,45,46,47,48,49,50,51,52,53,54,55,56,57,58,59,60,61,62,63,64,65,66,67,68,69,70,71,72"
    queueSizes "32"
    type "origin_urllc"
    reservation 3341450.0
  ]
  node [
    id 38
    label "38"
    schedulingPolicy "FIFO"
    levelsQoS "1"
    schedulingWeights "-"
    tosToQoSqueue "0,1,2,3,4,5,6,7,8,9,10,11,12,13,14,15,16,17,18,19,20,21,22,23,24,25,26,27,28,29,30,31,32,33,34,35,36,37,38,39,40,41,42,43,44,45,46,47,48,49,50,51,52,53,54,55,56,57,58,59,60,61,62,63,64,65,66,67,68,69,70,71,72"
    queueSizes "32"
    type "origin_urllc"
    reservation 3236450.0
  ]
  node [
    id 39
    label "39"
    schedulingPolicy "FIFO"
    levelsQoS "1"
    schedulingWeights "-"
    tosToQoSqueue "0,1,2,3,4,5,6,7,8,9,10,11,12,13,14,15,16,17,18,19,20,21,22,23,24,25,26,27,28,29,30,31,32,33,34,35,36,37,38,39,40,41,42,43,44,45,46,47,48,49,50,51,52,53,54,55,56,57,58,59,60,61,62,63,64,65,66,67,68,69,70,71,72"
    queueSizes "32"
    type "origin_urllc"
    reservation 3405500.0
  ]
  node [
    id 40
    label "40"
    schedulingPolicy "FIFO"
    levelsQoS "1"
    schedulingWeights "-"
    tosToQoSqueue "0,1,2,3,4,5,6,7,8,9,10,11,12,13,14,15,16,17,18,19,20,21,22,23,24,25,26,27,28,29,30,31,32,33,34,35,36,37,38,39,40,41,42,43,44,45,46,47,48,49,50,51,52,53,54,55,56,57,58,59,60,61,62,63,64,65,66,67,68,69,70,71,72"
    queueSizes "32"
    type "origin_mmtc"
    reservation 225680.0
  ]
  node [
    id 41
    label "41"
    schedulingPolicy "FIFO"
    levelsQoS "1"
    schedulingWeights "-"
    tosToQoSqueue "0,1,2,3,4,5,6,7,8,9,10,11,12,13,14,15,16,17,18,19,20,21,22,23,24,25,26,27,28,29,30,31,32,33,34,35,36,37,38,39,40,41,42,43,44,45,46,47,48,49,50,51,52,53,54,55,56,57,58,59,60,61,62,63,64,65,66,67,68,69,70,71,72"
    queueSizes "32"
    type "origin_urllc"
    reservation 3236450.0
  ]
  node [
    id 42
    label "42"
    schedulingPolicy "FIFO"
    levelsQoS "1"
    schedulingWeights "-"
    tosToQoSqueue "0,1,2,3,4,5,6,7,8,9,10,11,12,13,14,15,16,17,18,19,20,21,22,23,24,25,26,27,28,29,30,31,32,33,34,35,36,37,38,39,40,41,42,43,44,45,46,47,48,49,50,51,52,53,54,55,56,57,58,59,60,61,62,63,64,65,66,67,68,69,70,71,72"
    queueSizes "32"
    type "origin_mmtc"
    reservation 170840.0
  ]
  node [
    id 43
    label "43"
    schedulingPolicy "FIFO"
    levelsQoS "1"
    schedulingWeights "-"
    tosToQoSqueue "0,1,2,3,4,5,6,7,8,9,10,11,12,13,14,15,16,17,18,19,20,21,22,23,24,25,26,27,28,29,30,31,32,33,34,35,36,37,38,39,40,41,42,43,44,45,46,47,48,49,50,51,52,53,54,55,56,57,58,59,60,61,62,63,64,65,66,67,68,69,70,71,72"
    queueSizes "32"
    type "origin_mmtc"
    reservation 210080.0
  ]
  node [
    id 44
    label "44"
    schedulingPolicy "FIFO"
    levelsQoS "1"
    schedulingWeights "-"
    tosToQoSqueue "0,1,2,3,4,5,6,7,8,9,10,11,12,13,14,15,16,17,18,19,20,21,22,23,24,25,26,27,28,29,30,31,32,33,34,35,36,37,38,39,40,41,42,43,44,45,46,47,48,49,50,51,52,53,54,55,56,57,58,59,60,61,62,63,64,65,66,67,68,69,70,71,72"
    queueSizes "32"
    type "origin_mmtc"
    reservation 227660.0
  ]
  node [
    id 45
    label "45"
    schedulingPolicy "FIFO"
    levelsQoS "1"
    schedulingWeights "-"
    tosToQoSqueue "0,1,2,3,4,5,6,7,8,9,10,11,12,13,14,15,16,17,18,19,20,21,22,23,24,25,26,27,28,29,30,31,32,33,34,35,36,37,38,39,40,41,42,43,44,45,46,47,48,49,50,51,52,53,54,55,56,57,58,59,60,61,62,63,64,65,66,67,68,69,70,71,72"
    queueSizes "32"
    type "origin_mmtc"
    reservation 180140.0
  ]
  node [
    id 46
    label "46"
    schedulingPolicy "FIFO"
    levelsQoS "1"
    schedulingWeights "-"
    tosToQoSqueue "0,1,2,3,4,5,6,7,8,9,10,11,12,13,14,15,16,17,18,19,20,21,22,23,24,25,26,27,28,29,30,31,32,33,34,35,36,37,38,39,40,41,42,43,44,45,46,47,48,49,50,51,52,53,54,55,56,57,58,59,60,61,62,63,64,65,66,67,68,69,70,71,72"
    queueSizes "32"
    type "origin_mmtc"
    reservation 220640.0
  ]
  node [
    id 47
    label "47"
    schedulingPolicy "FIFO"
    levelsQoS "1"
    schedulingWeights "-"
    tosToQoSqueue "0,1,2,3,4,5,6,7,8,9,10,11,12,13,14,15,16,17,18,19,20,21,22,23,24,25,26,27,28,29,30,31,32,33,34,35,36,37,38,39,40,41,42,43,44,45,46,47,48,49,50,51,52,53,54,55,56,57,58,59,60,61,62,63,64,65,66,67,68,69,70,71,72"
    queueSizes "32"
    type "origin_mmtc"
    reservation 208220.0
  ]
  node [
    id 48
    label "48"
    schedulingPolicy "FIFO"
    levelsQoS "1"
    schedulingWeights "-"
    tosToQoSqueue "0,1,2,3,4,5,6,7,8,9,10,11,12,13,14,15,16,17,18,19,20,21,22,23,24,25,26,27,28,29,30,31,32,33,34,35,36,37,38,39,40,41,42,43,44,45,46,47,48,49,50,51,52,53,54,55,56,57,58,59,60,61,62,63,64,65,66,67,68,69,70,71,72"
    queueSizes "32"
    type "origin_mmtc"
    reservation 210080.0
  ]
  node [
    id 49
    label "49"
    schedulingPolicy "FIFO"
    levelsQoS "1"
    schedulingWeights "-"
    tosToQoSqueue "0,1,2,3,4,5,6,7,8,9,10,11,12,13,14,15,16,17,18,19,20,21,22,23,24,25,26,27,28,29,30,31,32,33,34,35,36,37,38,39,40,41,42,43,44,45,46,47,48,49,50,51,52,53,54,55,56,57,58,59,60,61,62,63,64,65,66,67,68,69,70,71,72"
    queueSizes "32"
    type "origin_urllc"
    reservation 3341450.0
  ]
  node [
    id 50
    label "50"
    schedulingPolicy "FIFO"
    levelsQoS "1"
    schedulingWeights "-"
    tosToQoSqueue "0,1,2,3,4,5,6,7,8,9,10,11,12,13,14,15,16,17,18,19,20,21,22,23,24,25,26,27,28,29,30,31,32,33,34,35,36,37,38,39,40,41,42,43,44,45,46,47,48,49,50,51,52,53,54,55,56,57,58,59,60,61,62,63,64,65,66,67,68,69,70,71,72"
    queueSizes "32"
    type "origin_mmtc"
    reservation 208220.0
  ]
  node [
    id 51
    label "51"
    schedulingPolicy "FIFO"
    levelsQoS "1"
    schedulingWeights "-"
    tosToQoSqueue "0,1,2,3,4,5,6,7,8,9,10,11,12,13,14,15,16,17,18,19,20,21,22,23,24,25,26,27,28,29,30,31,32,33,34,35,36,37,38,39,40,41,42,43,44,45,46,47,48,49,50,51,52,53,54,55,56,57,58,59,60,61,62,63,64,65,66,67,68,69,70,71,72"
    queueSizes "32"
    type "origin_mmtc"
    reservation 170840.0
  ]
  node [
    id 52
    label "52"
    schedulingPolicy "FIFO"
    levelsQoS "1"
    schedulingWeights "-"
    tosToQoSqueue "0,1,2,3,4,5,6,7,8,9,10,11,12,13,14,15,16,17,18,19,20,21,22,23,24,25,26,27,28,29,30,31,32,33,34,35,36,37,38,39,40,41,42,43,44,45,46,47,48,49,50,51,52,53,54,55,56,57,58,59,60,61,62,63,64,65,66,67,68,69,70,71,72"
    queueSizes "32"
    type "origin_mmtc"
    reservation 210380.0
  ]
  node [
    id 53
    label "53"
    schedulingPolicy "FIFO"
    levelsQoS "1"
    schedulingWeights "-"
    tosToQoSqueue "0,1,2,3,4,5,6,7,8,9,10,11,12,13,14,15,16,17,18,19,20,21,22,23,24,25,26,27,28,29,30,31,32,33,34,35,36,37,38,39,40,41,42,43,44,45,46,47,48,49,50,51,52,53,54,55,56,57,58,59,60,61,62,63,64,65,66,67,68,69,70,71,72"
    queueSizes "32"
    type "origin_mmtc"
    reservation 170840.0
  ]
  node [
    id 54
    label "54"
    schedulingPolicy "FIFO"
    levelsQoS "1"
    schedulingWeights "-"
    tosToQoSqueue "0,1,2,3,4,5,6,7,8,9,10,11,12,13,14,15,16,17,18,19,20,21,22,23,24,25,26,27,28,29,30,31,32,33,34,35,36,37,38,39,40,41,42,43,44,45,46,47,48,49,50,51,52,53,54,55,56,57,58,59,60,61,62,63,64,65,66,67,68,69,70,71,72"
    queueSizes "32"
    type "origin_mmtc"
    reservation 224060.0
  ]
  node [
    id 55
    label "55"
    schedulingPolicy "FIFO"
    levelsQoS "1"
    schedulingWeights "-"
    tosToQoSqueue "0,1,2,3,4,5,6,7,8,9,10,11,12,13,14,15,16,17,18,19,20,21,22,23,24,25,26,27,28,29,30,31,32,33,34,35,36,37,38,39,40,41,42,43,44,45,46,47,48,49,50,51,52,53,54,55,56,57,58,59,60,61,62,63,64,65,66,67,68,69,70,71,72"
    queueSizes "32"
    type "origin_mmtc"
    reservation 170240.0
  ]
  node [
    id 56
    label "56"
    schedulingPolicy "FIFO"
    levelsQoS "1"
    schedulingWeights "-"
    tosToQoSqueue "0,1,2,3,4,5,6,7,8,9,10,11,12,13,14,15,16,17,18,19,20,21,22,23,24,25,26,27,28,29,30,31,32,33,34,35,36,37,38,39,40,41,42,43,44,45,46,47,48,49,50,51,52,53,54,55,56,57,58,59,60,61,62,63,64,65,66,67,68,69,70,71,72"
    queueSizes "32"
    type "origin_mmtc"
    reservation 185720.0
  ]
  node [
    id 57
    label "57"
    schedulingPolicy "FIFO"
    levelsQoS "1"
    schedulingWeights "-"
    tosToQoSqueue "0,1,2,3,4,5,6,7,8,9,10,11,12,13,14,15,16,17,18,19,20,21,22,23,24,25,26,27,28,29,30,31,32,33,34,35,36,37,38,39,40,41,42,43,44,45,46,47,48,49,50,51,52,53,54,55,56,57,58,59,60,61,62,63,64,65,66,67,68,69,70,71,72"
    queueSizes "32"
    type "origin_mmtc"
    reservation 196520.0
  ]
  node [
    id 58
    label "58"
    schedulingPolicy "FIFO"
    levelsQoS "1"
    schedulingWeights "-"
    tosToQoSqueue "0,1,2,3,4,5,6,7,8,9,10,11,12,13,14,15,16,17,18,19,20,21,22,23,24,25,26,27,28,29,30,31,32,33,34,35,36,37,38,39,40,41,42,43,44,45,46,47,48,49,50,51,52,53,54,55,56,57,58,59,60,61,62,63,64,65,66,67,68,69,70,71,72"
    queueSizes "32"
    type "origin_mmtc"
    reservation 220640.0
  ]
  node [
    id 59
    label "59"
    schedulingPolicy "FIFO"
    levelsQoS "1"
    schedulingWeights "-"
    tosToQoSqueue "0,1,2,3,4,5,6,7,8,9,10,11,12,13,14,15,16,17,18,19,20,21,22,23,24,25,26,27,28,29,30,31,32,33,34,35,36,37,38,39,40,41,42,43,44,45,46,47,48,49,50,51,52,53,54,55,56,57,58,59,60,61,62,63,64,65,66,67,68,69,70,71,72"
    queueSizes "32"
    type "origin_mmtc"
    reservation 210080.0
  ]
  node [
    id 60
    label "60"
    schedulingPolicy "FIFO"
    levelsQoS "1"
    schedulingWeights "-"
    tosToQoSqueue "0,1,2,3,4,5,6,7,8,9,10,11,12,13,14,15,16,17,18,19,20,21,22,23,24,25,26,27,28,29,30,31,32,33,34,35,36,37,38,39,40,41,42,43,44,45,46,47,48,49,50,51,52,53,54,55,56,57,58,59,60,61,62,63,64,65,66,67,68,69,70,71,72"
    queueSizes "32"
    type "origin_mmtc"
    reservation 185720.0
  ]
  node [
    id 61
    label "61"
    schedulingPolicy "FIFO"
    levelsQoS "1"
    schedulingWeights "-"
    tosToQoSqueue "0,1,2,3,4,5,6,7,8,9,10,11,12,13,14,15,16,17,18,19,20,21,22,23,24,25,26,27,28,29,30,31,32,33,34,35,36,37,38,39,40,41,42,43,44,45,46,47,48,49,50,51,52,53,54,55,56,57,58,59,60,61,62,63,64,65,66,67,68,69,70,71,72"
    queueSizes "32"
    type "origin_mmtc"
    reservation 208220.0
  ]
  node [
    id 62
    label "62"
    schedulingPolicy "FIFO"
    levelsQoS "1"
    schedulingWeights "-"
    tosToQoSqueue "0,1,2,3,4,5,6,7,8,9,10,11,12,13,14,15,16,17,18,19,20,21,22,23,24,25,26,27,28,29,30,31,32,33,34,35,36,37,38,39,40,41,42,43,44,45,46,47,48,49,50,51,52,53,54,55,56,57,58,59,60,61,62,63,64,65,66,67,68,69,70,71,72"
    queueSizes "32"
    type "origin_mmtc"
    reservation 170240.0
  ]
  node [
    id 63
    label "63"
    schedulingPolicy "FIFO"
    levelsQoS "1"
    schedulingWeights "-"
    tosToQoSqueue "0,1,2,3,4,5,6,7,8,9,10,11,12,13,14,15,16,17,18,19,20,21,22,23,24,25,26,27,28,29,30,31,32,33,34,35,36,37,38,39,40,41,42,43,44,45,46,47,48,49,50,51,52,53,54,55,56,57,58,59,60,61,62,63,64,65,66,67,68,69,70,71,72"
    queueSizes "32"
    type "origin_mmtc"
    reservation 222140.0
  ]
  node [
    id 64
    label "64"
    schedulingPolicy "FIFO"
    levelsQoS "1"
    schedulingWeights "-"
    tosToQoSqueue "0,1,2,3,4,5,6,7,8,9,10,11,12,13,14,15,16,17,18,19,20,21,22,23,24,25,26,27,28,29,30,31,32,33,34,35,36,37,38,39,40,41,42,43,44,45,46,47,48,49,50,51,52,53,54,55,56,57,58,59,60,61,62,63,64,65,66,67,68,69,70,71,72"
    queueSizes "32"
    type "origin_mmtc"
    reservation 195020.0
  ]
  node [
    id 65
    label "65"
    schedulingPolicy "FIFO"
    levelsQoS "1"
    schedulingWeights "-"
    tosToQoSqueue "0,1,2,3,4,5,6,7,8,9,10,11,12,13,14,15,16,17,18,19,20,21,22,23,24,25,26,27,28,29,30,31,32,33,34,35,36,37,38,39,40,41,42,43,44,45,46,47,48,49,50,51,52,53,54,55,56,57,58,59,60,61,62,63,64,65,66,67,68,69,70,71,72"
    queueSizes "32"
    type "origin_mmtc"
    reservation 197720.0
  ]
  node [
    id 66
    label "66"
    schedulingPolicy "FIFO"
    levelsQoS "1"
    schedulingWeights "-"
    tosToQoSqueue "0,1,2,3,4,5,6,7,8,9,10,11,12,13,14,15,16,17,18,19,20,21,22,23,24,25,26,27,28,29,30,31,32,33,34,35,36,37,38,39,40,41,42,43,44,45,46,47,48,49,50,51,52,53,54,55,56,57,58,59,60,61,62,63,64,65,66,67,68,69,70,71,72"
    queueSizes "32"
    type "origin_mmtc"
    reservation 227660.0
  ]
  node [
    id 67
    label "67"
    schedulingPolicy "FIFO"
    levelsQoS "1"
    schedulingWeights "-"
    tosToQoSqueue "0,1,2,3,4,5,6,7,8,9,10,11,12,13,14,15,16,17,18,19,20,21,22,23,24,25,26,27,28,29,30,31,32,33,34,35,36,37,38,39,40,41,42,43,44,45,46,47,48,49,50,51,52,53,54,55,56,57,58,59,60,61,62,63,64,65,66,67,68,69,70,71,72"
    queueSizes "32"
    type "origin_mmtc"
    reservation 170240.0
  ]
  node [
    id 68
    label "68"
    schedulingPolicy "FIFO"
    levelsQoS "1"
    schedulingWeights "-"
    tosToQoSqueue "0,1,2,3,4,5,6,7,8,9,10,11,12,13,14,15,16,17,18,19,20,21,22,23,24,25,26,27,28,29,30,31,32,33,34,35,36,37,38,39,40,41,42,43,44,45,46,47,48,49,50,51,52,53,54,55,56,57,58,59,60,61,62,63,64,65,66,67,68,69,70,71,72"
    queueSizes "32"
    type "origin_mmtc"
    reservation 225680.0
  ]
  node [
    id 69
    label "69"
    schedulingPolicy "FIFO"
    levelsQoS "1"
    schedulingWeights "-"
    tosToQoSqueue "0,1,2,3,4,5,6,7,8,9,10,11,12,13,14,15,16,17,18,19,20,21,22,23,24,25,26,27,28,29,30,31,32,33,34,35,36,37,38,39,40,41,42,43,44,45,46,47,48,49,50,51,52,53,54,55,56,57,58,59,60,61,62,63,64,65,66,67,68,69,70,71,72"
    queueSizes "32"
    type "origin_mmtc"
    reservation 207500.0
  ]
  node [
    id 70
    label "70"
    schedulingPolicy "FIFO"
    levelsQoS "1"
    schedulingWeights "-"
    tosToQoSqueue "0,1,2,3,4,5,6,7,8,9,10,11,12,13,14,15,16,17,18,19,20,21,22,23,24,25,26,27,28,29,30,31,32,33,34,35,36,37,38,39,40,41,42,43,44,45,46,47,48,49,50,51,52,53,54,55,56,57,58,59,60,61,62,63,64,65,66,67,68,69,70,71,72"
    queueSizes "32"
    type "origin_mmtc"
    reservation 176480.0
  ]
  node [
    id 71
    label "71"
    schedulingPolicy "FIFO"
    levelsQoS "1"
    schedulingWeights "-"
    tosToQoSqueue "0,1,2,3,4,5,6,7,8,9,10,11,12,13,14,15,16,17,18,19,20,21,22,23,24,25,26,27,28,29,30,31,32,33,34,35,36,37,38,39,40,41,42,43,44,45,46,47,48,49,50,51,52,53,54,55,56,57,58,59,60,61,62,63,64,65,66,67,68,69,70,71,72"
    queueSizes "32"
    type "origin_mmtc"
    reservation 170240.0
  ]
  node [
    id 72
    label "72"
    schedulingPolicy "FIFO"
    levelsQoS "1"
    schedulingWeights "-"
    tosToQoSqueue "0,1,2,3,4,5,6,7,8,9,10,11,12,13,14,15,16,17,18,19,20,21,22,23,24,25,26,27,28,29,30,31,32,33,34,35,36,37,38,39,40,41,42,43,44,45,46,47,48,49,50,51,52,53,54,55,56,57,58,59,60,61,62,63,64,65,66,67,68,69,70,71,72"
    queueSizes "32"
    type "origin_mmtc"
    reservation 176480.0
  ]
  edge [
    source 0
    target 1
    key 0
    LinkLabel "Yellow"
    bandwidth 25000000
    traffic ""
    reservation ""
    port 0
  ]
  edge [
    source 0
    target 2
    key 0
    LinkLabel "Yellow"
    bandwidth 25000000
    traffic ""
    reservation ""
    port 1
  ]
  edge [
    source 0
    target 3
    key 0
    LinkLabel "Yellow"
    bandwidth 25000000
    traffic ""
    reservation ""
    port 2
  ]
  edge [
    source 0
    target 4
    key 0
    LinkLabel "Red"
    bandwidth 25000000
    traffic "18000000,3500000,3500000,200000,200000,200000,200000,200000,200000"
    reservation "17001000.0,3341450.0,3236450.0,225680.0,170840.0,210080.0,227660.0,180140.0,220640.0"
    port 3
  ]
  edge [
    source 0
    target 6
    key 0
    LinkLabel "Yellow"
    bandwidth 25000000
    traffic ""
    reservation ""
    port 4
  ]
  edge [
    source 0
    target 11
    key 0
    LinkLabel "Yellow"
    bandwidth 25000000
    traffic ""
    reservation ""
    port 5
  ]
  edge [
    source 0
    target 12
    key 0
    LinkSpeed "155"
    LinkLabel "155 Mbps"
    LinkSpeedUnits "M"
    LinkSpeedRaw 155000000.0
    bandwidth 25000000
    traffic "18000000,3500000,200000,3500000,200000,200000,200000,200000,200000,200000,200000"
    reservation "16520400.0,3341450.0,210080.0,3405500.0,224060.0,176480.0,170240.0,224060.0,210380.0,208220.0,210080.0"
    port 6
  ]
  edge [
    source 0
    target 15
    key 0
    LinkLabel "Yellow"
    bandwidth 25000000
    traffic ""
    reservation ""
    port 7
  ]
  edge [
    source 0
    target 16
    key 0
    LinkLabel "Yellow"
    bandwidth 25000000
    traffic ""
    reservation ""
    port 8
  ]
  edge [
    source 0
    target 18
    key 0
    LinkLabel "Red"
    bandwidth 25000000
    traffic "18000000,3500000,3500000"
    reservation "18318600.0,3405500.0,3236450.0"
    port 9
  ]
  edge [
    source 1
    target 0
    key 0
    LinkLabel "Yellow"
    bandwidth 25000000
    traffic ""
    reservation ""
    port 0
  ]
  edge [
    source 2
    target 0
    key 0
    LinkLabel "Yellow"
    bandwidth 25000000
    traffic ""
    reservation ""
    port 0
  ]
  edge [
    source 3
    target 0
    key 0
    LinkLabel "Yellow"
    bandwidth 25000000
    traffic ""
    reservation ""
    port 0
  ]
  edge [
    source 4
    target 0
    key 0
    LinkLabel "Red"
    bandwidth 25000000
    traffic "3500000,200000,3500000,200000,200000,200000,200000,200000"
    reservation "3341450.0,210080.0,3405500.0,224060.0,176480.0,170240.0,224060.0,210380.0"
    port 0
  ]
  edge [
    source 4
    target 5
    key 0
    LinkLabel "Yellow"
    bandwidth 25000000
    traffic ""
    reservation ""
    port 1
  ]
  edge [
    source 4
    target 7
    key 0
    LinkLabel "Yellow"
    bandwidth 25000000
    traffic ""
    reservation ""
    port 2
  ]
  edge [
    source 4
    target 12
    key 0
    LinkLabel "Red"
    bandwidth 25000000
    traffic "200000,200000,200000,200000,200000,200000"
    reservation "225680.0,170840.0,210080.0,227660.0,180140.0,220640.0"
    port 3
  ]
  edge [
    source 4
    target 14
    key 0
    LinkLabel "Yellow"
    bandwidth 25000000
    traffic ""
    reservation ""
    port 4
  ]
  edge [
    source 4
    target 18
    key 0
    LinkLabel "Red"
    bandwidth 25000000
    traffic "3500000,3500000,200000,200000"
    reservation "3341450.0,3236450.0,208220.0,210080.0"
    port 5
  ]
  edge [
    source 4
    target 24
    key 0
    port 6
    weight 1
    bandwidth 350000000
    traffic "18000000,18000000,18000000,18000000"
    reservation "17001000.0,17001000.0,18318600.0,16520400.0"
  ]
  edge [
    source 5
    target 4
    key 0
    LinkLabel "Yellow"
    bandwidth 25000000
    traffic ""
    reservation ""
    port 0
  ]
  edge [
    source 6
    target 0
    key 0
    LinkLabel "Yellow"
    bandwidth 25000000
    traffic ""
    reservation ""
    port 0
  ]
  edge [
    source 7
    target 4
    key 0
    LinkLabel "Yellow"
    bandwidth 25000000
    traffic "18000000,3500000,200000,3500000,200000,200000,200000,200000,200000"
    reservation "17001000.0,3341450.0,210080.0,3405500.0,224060.0,176480.0,170240.0,224060.0,210380.0"
    port 0
  ]
  edge [
    source 7
    target 25
    key 0
    port 1
    weight 1
    bandwidth 50000000
    traffic ""
    reservation ""
  ]
  edge [
    source 7
    target 29
    key 0
    port 2
    weight 1
    bandwidth 50000000
    traffic ""
    reservation ""
  ]
  edge [
    source 7
    target 30
    key 0
    port 3
    weight 1
    bandwidth 50000000
    traffic ""
    reservation ""
  ]
  edge [
    source 7
    target 31
    key 0
    port 4
    weight 1
    bandwidth 50000000
    traffic ""
    reservation ""
  ]
  edge [
    source 7
    target 32
    key 0
    port 5
    weight 1
    bandwidth 50000000
    traffic ""
    reservation ""
  ]
  edge [
    source 7
    target 33
    key 0
    port 6
    weight 1
    bandwidth 50000000
    traffic ""
    reservation ""
  ]
  edge [
    source 7
    target 34
    key 0
    port 7
    weight 1
    bandwidth 50000000
    traffic ""
    reservation ""
  ]
  edge [
    source 7
    target 35
    key 0
    port 8
    weight 1
    bandwidth 50000000
    traffic ""
    reservation ""
  ]
  edge [
    source 7
    target 36
    key 0
    port 9
    weight 1
    bandwidth 50000000
    traffic ""
    reservation ""
  ]
  edge [
    source 8
    target 12
    key 0
    LinkLabel "Yellow"
    bandwidth 25000000
    traffic ""
    reservation ""
    port 0
  ]
  edge [
    source 9
    target 18
    key 0
    LinkLabel "Yellow"
    bandwidth 25000000
    traffic ""
    reservation ""
    port 0
  ]
  edge [
    source 9
    target 22
    key 0
    port 1
    weight 1
    bandwidth 350000000
    traffic "3500000,3500000,3500000,3500000,3500000,3500000,3500000"
    reservation "3341450.0,3405500.0,3341450.0,3236450.0,3405500.0,3236450.0,3341450.0"
  ]
  edge [
    source 10
    target 12
    key 0
    LinkLabel "Yellow"
    bandwidth 25000000
    traffic ""
    reservation ""
    port 0
  ]
  edge [
    source 11
    target 0
    key 0
    LinkLabel "Yellow"
    bandwidth 25000000
    traffic ""
    reservation ""
    port 0
  ]
  edge [
    source 12
    target 0
    key 0
    LinkSpeed "155"
    LinkLabel "155 Mbps"
    LinkSpeedUnits "M"
    LinkSpeedRaw 155000000.0
    bandwidth 25000000
    traffic "18000000,3500000,3500000"
    reservation "18318600.0,3341450.0,3236450.0"
    port 0
  ]
  edge [
    source 12
    target 4
    key 0
    LinkLabel "Red"
    bandwidth 25000000
    traffic "18000000,200000,200000"
    reservation "16520400.0,208220.0,210080.0"
    port 1
  ]
  edge [
    source 12
    target 8
    key 0
    LinkLabel "Yellow"
    bandwidth 25000000
    traffic ""
    reservation ""
    port 2
  ]
  edge [
    source 12
    target 10
    key 0
    LinkLabel "Yellow"
    bandwidth 25000000
    traffic ""
    reservation ""
    port 3
  ]
  edge [
    source 12
    target 13
    key 0
    LinkLabel "Yellow"
    bandwidth 25000000
    traffic ""
    reservation ""
    port 4
  ]
  edge [
    source 12
    target 18
    key 0
    LinkSpeed "155"
    LinkLabel "155 Mbps"
    LinkSpeedUnits "M"
    LinkSpeedRaw 155000000.0
    bandwidth 25000000
    traffic "3500000,200000,3500000,200000,200000,200000,200000,200000,200000,200000,200000,200000,200000,200000"
    reservation "3341450.0,210080.0,3405500.0,224060.0,176480.0,170240.0,224060.0,210380.0,225680.0,170840.0,210080.0,227660.0,180140.0,220640.0"
    port 5
  ]
  edge [
    source 12
    target 21
    key 0
    LinkSpeed "155"
    LinkLabel "155 Mbps"
    LinkSpeedUnits "M"
    LinkSpeedRaw 155000000.0
    bandwidth 25000000
    traffic ""
    reservation ""
    port 6
  ]
  edge [
    source 13
    target 12
    key 0
    LinkLabel "Yellow"
    bandwidth 25000000
    traffic ""
    reservation ""
    port 0
  ]
  edge [
    source 14
    target 4
    key 0
    LinkLabel "Yellow"
    bandwidth 25000000
    traffic ""
    reservation ""
    port 0
  ]
  edge [
    source 15
    target 0
    key 0
    LinkLabel "Yellow"
    bandwidth 25000000
    traffic "18000000,3500000,200000,3500000,200000,200000,200000,200000,200000,200000,200000"
    reservation "16520400.0,3405500.0,225680.0,3236450.0,170840.0,210080.0,227660.0,180140.0,220640.0,208220.0,210080.0"
    port 0
  ]
  edge [
    source 15
    target 28
    key 0
    port 1
    weight 1
    bandwidth 50000000
    traffic ""
    reservation ""
  ]
  edge [
    source 15
    target 39
    key 0
    port 2
    weight 1
    bandwidth 50000000
    traffic ""
    reservation ""
  ]
  edge [
    source 15
    target 40
    key 0
    port 3
    weight 1
    bandwidth 50000000
    traffic ""
    reservation ""
  ]
  edge [
    source 15
    target 41
    key 0
    port 4
    weight 1
    bandwidth 50000000
    traffic ""
    reservation ""
  ]
  edge [
    source 15
    target 42
    key 0
    port 5
    weight 1
    bandwidth 50000000
    traffic ""
    reservation ""
  ]
  edge [
    source 15
    target 43
    key 0
    port 6
    weight 1
    bandwidth 50000000
    traffic ""
    reservation ""
  ]
  edge [
    source 15
    target 44
    key 0
    port 7
    weight 1
    bandwidth 50000000
    traffic ""
    reservation ""
  ]
  edge [
    source 15
    target 45
    key 0
    port 8
    weight 1
    bandwidth 50000000
    traffic ""
    reservation ""
  ]
  edge [
    source 15
    target 46
    key 0
    port 9
    weight 1
    bandwidth 50000000
    traffic ""
    reservation ""
  ]
  edge [
    source 15
    target 47
    key 0
    port 10
    weight 1
    bandwidth 50000000
    traffic ""
    reservation ""
  ]
  edge [
    source 15
    target 48
    key 0
    port 11
    weight 1
    bandwidth 50000000
    traffic ""
    reservation ""
  ]
  edge [
    source 16
    target 0
    key 0
    LinkLabel "Yellow"
    bandwidth 25000000
    traffic ""
    reservation ""
    port 0
  ]
  edge [
    source 17
    target 18
    key 0
    LinkLabel "Yellow"
    bandwidth 25000000
    traffic "18000000,3500000,200000,200000,200000,200000,200000,200000,200000,200000,200000,200000,200000,200000,200000,200000,200000,200000,200000,200000,200000,200000,200000,200000,200000"
    reservation "17001000.0,3341450.0,208220.0,170840.0,210380.0,170840.0,224060.0,170240.0,185720.0,196520.0,220640.0,210080.0,185720.0,208220.0,170240.0,222140.0,195020.0,197720.0,227660.0,170240.0,225680.0,207500.0,176480.0,170240.0,176480.0"
    port 0
  ]
  edge [
    source 17
    target 26
    key 0
    port 1
    weight 1
    bandwidth 50000000
    traffic ""
    reservation ""
  ]
  edge [
    source 17
    target 49
    key 0
    port 2
    weight 1
    bandwidth 50000000
    traffic ""
    reservation ""
  ]
  edge [
    source 17
    target 50
    key 0
    port 3
    weight 1
    bandwidth 50000000
    traffic ""
    reservation ""
  ]
  edge [
    source 17
    target 51
    key 0
    port 4
    weight 1
    bandwidth 50000000
    traffic ""
    reservation ""
  ]
  edge [
    source 17
    target 52
    key 0
    port 5
    weight 1
    bandwidth 50000000
    traffic ""
    reservation ""
  ]
  edge [
    source 17
    target 53
    key 0
    port 6
    weight 1
    bandwidth 50000000
    traffic ""
    reservation ""
  ]
  edge [
    source 17
    target 54
    key 0
    port 7
    weight 1
    bandwidth 50000000
    traffic ""
    reservation ""
  ]
  edge [
    source 17
    target 55
    key 0
    port 8
    weight 1
    bandwidth 50000000
    traffic ""
    reservation ""
  ]
  edge [
    source 17
    target 56
    key 0
    port 9
    weight 1
    bandwidth 50000000
    traffic ""
    reservation ""
  ]
  edge [
    source 17
    target 57
    key 0
    port 10
    weight 1
    bandwidth 50000000
    traffic ""
    reservation ""
  ]
  edge [
    source 17
    target 58
    key 0
    port 11
    weight 1
    bandwidth 50000000
    traffic ""
    reservation ""
  ]
  edge [
    source 17
    target 59
    key 0
    port 12
    weight 1
    bandwidth 50000000
    traffic ""
    reservation ""
  ]
  edge [
    source 17
    target 60
    key 0
    port 13
    weight 1
    bandwidth 50000000
    traffic ""
    reservation ""
  ]
  edge [
    source 17
    target 61
    key 0
    port 14
    weight 1
    bandwidth 50000000
    traffic ""
    reservation ""
  ]
  edge [
    source 17
    target 62
    key 0
    port 15
    weight 1
    bandwidth 50000000
    traffic ""
    reservation ""
  ]
  edge [
    source 17
    target 63
    key 0
    port 16
    weight 1
    bandwidth 50000000
    traffic ""
    reservation ""
  ]
  edge [
    source 17
    target 64
    key 0
    port 17
    weight 1
    bandwidth 50000000
    traffic ""
    reservation ""
  ]
  edge [
    source 17
    target 65
    key 0
    port 18
    weight 1
    bandwidth 50000000
    traffic ""
    reservation ""
  ]
  edge [
    source 17
    target 66
    key 0
    port 19
    weight 1
    bandwidth 50000000
    traffic ""
    reservation ""
  ]
  edge [
    source 17
    target 67
    key 0
    port 20
    weight 1
    bandwidth 50000000
    traffic ""
    reservation ""
  ]
  edge [
    source 17
    target 68
    key 0
    port 21
    weight 1
    bandwidth 50000000
    traffic ""
    reservation ""
  ]
  edge [
    source 17
    target 69
    key 0
    port 22
    weight 1
    bandwidth 50000000
    traffic ""
    reservation ""
  ]
  edge [
    source 17
    target 70
    key 0
    port 23
    weight 1
    bandwidth 50000000
    traffic ""
    reservation ""
  ]
  edge [
    source 17
    target 71
    key 0
    port 24
    weight 1
    bandwidth 50000000
    traffic ""
    reservation ""
  ]
  edge [
    source 17
    target 72
    key 0
    port 25
    weight 1
    bandwidth 50000000
    traffic ""
    reservation ""
  ]
  edge [
    source 18
    target 0
    key 0
    LinkLabel "Red"
    bandwidth 25000000
    traffic "18000000"
    reservation "17001000.0"
    port 0
  ]
  edge [
    source 18
    target 4
    key 0
    LinkLabel "Red"
    bandwidth 25000000
    traffic "18000000"
    reservation "18318600.0"
    port 1
  ]
  edge [
    source 18
    target 9
    key 0
    LinkLabel "Yellow"
    bandwidth 25000000
    traffic "3500000,3500000,3500000,3500000,3500000,3500000,3500000"
    reservation "3341450.0,3405500.0,3341450.0,3236450.0,3405500.0,3236450.0,3341450.0"
    port 2
  ]
  edge [
    source 18
    target 12
    key 0
    LinkSpeed "155"
    LinkLabel "155 Mbps"
    LinkSpeedUnits "M"
    LinkSpeedRaw 155000000.0
    bandwidth 25000000
    traffic ""
    reservation ""
    port 3
  ]
  edge [
    source 18
    target 17
    key 0
    LinkLabel "Yellow"
    bandwidth 25000000
    traffic ""
    reservation ""
    port 4
  ]
  edge [
    source 18
    target 19
    key 0
    LinkLabel "Yellow"
    bandwidth 25000000
    traffic ""
    reservation ""
    port 5
  ]
  edge [
    source 18
    target 20
    key 0
    LinkLabel "Yellow"
    bandwidth 25000000
    traffic ""
    reservation ""
    port 6
  ]
  edge [
    source 18
    target 23
    key 0
    port 7
    weight 1
    bandwidth 350000000
    traffic "200000,200000,200000,200000,200000,200000,200000,200000,200000,200000,200000,200000,200000,200000,200000,200000,200000,200000,200000,200000,200000,200000,200000,200000,200000,200000,200000,200000,200000,200000,200000,200000,200000,200000,200000,200000,200000"
    reservation "210080.0,224060.0,176480.0,170240.0,224060.0,210380.0,225680.0,170840.0,210080.0,227660.0,180140.0,220640.0,208220.0,210080.0,208220.0,170840.0,210380.0,170840.0,224060.0,170240.0,185720.0,196520.0,220640.0,210080.0,185720.0,208220.0,170240.0,222140.0,195020.0,197720.0,227660.0,170240.0,225680.0,207500.0,176480.0,170240.0,176480.0"
  ]
  edge [
    source 19
    target 18
    key 0
    LinkLabel "Yellow"
    bandwidth 25000000
    traffic ""
    reservation ""
    port 0
  ]
  edge [
    source 20
    target 18
    key 0
    LinkLabel "Yellow"
    bandwidth 25000000
    traffic ""
    reservation ""
    port 0
  ]
  edge [
    source 21
    target 12
    key 0
    LinkSpeed "155"
    LinkLabel "155 Mbps"
    LinkSpeedUnits "M"
    LinkSpeedRaw 155000000.0
    bandwidth 25000000
    traffic "18000000,3500000,3500000"
    reservation "18318600.0,3341450.0,3236450.0"
    port 0
  ]
  edge [
    source 21
    target 27
    key 0
    port 1
    weight 1
    bandwidth 50000000
    traffic ""
    reservation ""
  ]
  edge [
    source 21
    target 37
    key 0
    port 2
    weight 1
    bandwidth 50000000
    traffic ""
    reservation ""
  ]
  edge [
    source 21
    target 38
    key 0
    port 3
    weight 1
    bandwidth 50000000
    traffic ""
    reservation ""
  ]
  edge [
    source 22
    target 9
    key 0
    port 0
    weight 1
    bandwidth 350000000
    traffic ""
    reservation ""
  ]
  edge [
    source 23
    target 18
    key 0
    port 0
    weight 1
    bandwidth 350000000
    traffic ""
    reservation ""
  ]
  edge [
    source 24
    target 4
    key 0
    port 0
    weight 1
    bandwidth 350000000
    traffic ""
    reservation ""
  ]
  edge [
    source 25
    target 7
    key 0
    port 0
    weight 1
    bandwidth 50000000
    traffic "18000000"
    reservation "17001000.0"
  ]
  edge [
    source 26
    target 17
    key 0
    port 0
    weight 1
    bandwidth 50000000
    traffic "18000000"
    reservation "17001000.0"
  ]
  edge [
    source 27
    target 21
    key 0
    port 0
    weight 1
    bandwidth 50000000
    traffic "18000000"
    reservation "18318600.0"
  ]
  edge [
    source 28
    target 15
    key 0
    port 0
    weight 1
    bandwidth 50000000
    traffic "18000000"
    reservation "16520400.0"
  ]
  edge [
    source 29
    target 7
    key 0
    port 0
    weight 1
    bandwidth 50000000
    traffic "3500000"
    reservation "3341450.0"
  ]
  edge [
    source 30
    target 7
    key 0
    port 0
    weight 1
    bandwidth 50000000
    traffic "200000"
    reservation "210080.0"
  ]
  edge [
    source 31
    target 7
    key 0
    port 0
    weight 1
    bandwidth 50000000
    traffic "3500000"
    reservation "3405500.0"
  ]
  edge [
    source 32
    target 7
    key 0
    port 0
    weight 1
    bandwidth 50000000
    traffic "200000"
    reservation "224060.0"
  ]
  edge [
    source 33
    target 7
    key 0
    port 0
    weight 1
    bandwidth 50000000
    traffic "200000"
    reservation "176480.0"
  ]
  edge [
    source 34
    target 7
    key 0
    port 0
    weight 1
    bandwidth 50000000
    traffic "200000"
    reservation "170240.0"
  ]
  edge [
    source 35
    target 7
    key 0
    port 0
    weight 1
    bandwidth 50000000
    traffic "200000"
    reservation "224060.0"
  ]
  edge [
    source 36
    target 7
    key 0
    port 0
    weight 1
    bandwidth 50000000
    traffic "200000"
    reservation "210380.0"
  ]
  edge [
    source 37
    target 21
    key 0
    port 0
    weight 1
    bandwidth 50000000
    traffic "3500000"
    reservation "3341450.0"
  ]
  edge [
    source 38
    target 21
    key 0
    port 0
    weight 1
    bandwidth 50000000
    traffic "3500000"
    reservation "3236450.0"
  ]
  edge [
    source 39
    target 15
    key 0
    port 0
    weight 1
    bandwidth 50000000
    traffic "3500000"
    reservation "3405500.0"
  ]
  edge [
    source 40
    target 15
    key 0
    port 0
    weight 1
    bandwidth 50000000
    traffic "200000"
    reservation "225680.0"
  ]
  edge [
    source 41
    target 15
    key 0
    port 0
    weight 1
    bandwidth 50000000
    traffic "3500000"
    reservation "3236450.0"
  ]
  edge [
    source 42
    target 15
    key 0
    port 0
    weight 1
    bandwidth 50000000
    traffic "200000"
    reservation "170840.0"
  ]
  edge [
    source 43
    target 15
    key 0
    port 0
    weight 1
    bandwidth 50000000
    traffic "200000"
    reservation "210080.0"
  ]
  edge [
    source 44
    target 15
    key 0
    port 0
    weight 1
    bandwidth 50000000
    traffic "200000"
    reservation "227660.0"
  ]
  edge [
    source 45
    target 15
    key 0
    port 0
    weight 1
    bandwidth 50000000
    traffic "200000"
    reservation "180140.0"
  ]
  edge [
    source 46
    target 15
    key 0
    port 0
    weight 1
    bandwidth 50000000
    traffic "200000"
    reservation "220640.0"
  ]
  edge [
    source 47
    target 15
    key 0
    port 0
    weight 1
    bandwidth 50000000
    traffic "200000"
    reservation "208220.0"
  ]
  edge [
    source 48
    target 15
    key 0
    port 0
    weight 1
    bandwidth 50000000
    traffic "200000"
    reservation "210080.0"
  ]
  edge [
    source 49
    target 17
    key 0
    port 0
    weight 1
    bandwidth 50000000
    traffic "3500000"
    reservation "3341450.0"
  ]
  edge [
    source 50
    target 17
    key 0
    port 0
    weight 1
    bandwidth 50000000
    traffic "200000"
    reservation "208220.0"
  ]
  edge [
    source 51
    target 17
    key 0
    port 0
    weight 1
    bandwidth 50000000
    traffic "200000"
    reservation "170840.0"
  ]
  edge [
    source 52
    target 17
    key 0
    port 0
    weight 1
    bandwidth 50000000
    traffic "200000"
    reservation "210380.0"
  ]
  edge [
    source 53
    target 17
    key 0
    port 0
    weight 1
    bandwidth 50000000
    traffic "200000"
    reservation "170840.0"
  ]
  edge [
    source 54
    target 17
    key 0
    port 0
    weight 1
    bandwidth 50000000
    traffic "200000"
    reservation "224060.0"
  ]
  edge [
    source 55
    target 17
    key 0
    port 0
    weight 1
    bandwidth 50000000
    traffic "200000"
    reservation "170240.0"
  ]
  edge [
    source 56
    target 17
    key 0
    port 0
    weight 1
    bandwidth 50000000
    traffic "200000"
    reservation "185720.0"
  ]
  edge [
    source 57
    target 17
    key 0
    port 0
    weight 1
    bandwidth 50000000
    traffic "200000"
    reservation "196520.0"
  ]
  edge [
    source 58
    target 17
    key 0
    port 0
    weight 1
    bandwidth 50000000
    traffic "200000"
    reservation "220640.0"
  ]
  edge [
    source 59
    target 17
    key 0
    port 0
    weight 1
    bandwidth 50000000
    traffic "200000"
    reservation "210080.0"
  ]
  edge [
    source 60
    target 17
    key 0
    port 0
    weight 1
    bandwidth 50000000
    traffic "200000"
    reservation "185720.0"
  ]
  edge [
    source 61
    target 17
    key 0
    port 0
    weight 1
    bandwidth 50000000
    traffic "200000"
    reservation "208220.0"
  ]
  edge [
    source 62
    target 17
    key 0
    port 0
    weight 1
    bandwidth 50000000
    traffic "200000"
    reservation "170240.0"
  ]
  edge [
    source 63
    target 17
    key 0
    port 0
    weight 1
    bandwidth 50000000
    traffic "200000"
    reservation "222140.0"
  ]
  edge [
    source 64
    target 17
    key 0
    port 0
    weight 1
    bandwidth 50000000
    traffic "200000"
    reservation "195020.0"
  ]
  edge [
    source 65
    target 17
    key 0
    port 0
    weight 1
    bandwidth 50000000
    traffic "200000"
    reservation "197720.0"
  ]
  edge [
    source 66
    target 17
    key 0
    port 0
    weight 1
    bandwidth 50000000
    traffic "200000"
    reservation "227660.0"
  ]
  edge [
    source 67
    target 17
    key 0
    port 0
    weight 1
    bandwidth 50000000
    traffic "200000"
    reservation "170240.0"
  ]
  edge [
    source 68
    target 17
    key 0
    port 0
    weight 1
    bandwidth 50000000
    traffic "200000"
    reservation "225680.0"
  ]
  edge [
    source 69
    target 17
    key 0
    port 0
    weight 1
    bandwidth 50000000
    traffic "200000"
    reservation "207500.0"
  ]
  edge [
    source 70
    target 17
    key 0
    port 0
    weight 1
    bandwidth 50000000
    traffic "200000"
    reservation "176480.0"
  ]
  edge [
    source 71
    target 17
    key 0
    port 0
    weight 1
    bandwidth 50000000
    traffic "200000"
    reservation "170240.0"
  ]
  edge [
    source 72
    target 17
    key 0
    port 0
    weight 1
    bandwidth 50000000
    traffic "200000"
    reservation "176480.0"
  ]
]
