graph [
  directed 1
  multigraph 1
  GeoLocation "USA"
  GeoExtent "Country"
  Network "Electric Lightwave"
  Provenance "Secondary"
  Note "Now the carrier wholesale BU of Integra Telecom"
  Source "http://www.isp-planet.com/img/backbones/eli_backbone.jpg"
  Version "1.0"
  Type "COM"
  DateType "Historic"
  Backbone 1
  Commercial 0
  label "EliBackbone"
  ToolsetVersion "0.3.34dev-20120328"
  Customer 1
  IX 0
  SourceGitVersion "e278b1b"
  DateModifier "<"
  DateMonth 0
  LastAccess "3/08/10"
  Access 0
  Layer "IP"
  Creator "Topology Zoo Toolset"
  Developed 1
  Transit 1
  NetworkDate "<2005"
  DateYear 0
  LastProcessed "2011_09_01"
  Testbed 0
  levelsToS 86
  node [
    id 0
    label "0"
    Country "United States"
    Longitude -115.13722
    Internal 1
    Latitude 36.17497
    type "inner"
    schedulingPolicy "WFQ"
    tosToQoSqueue "27,31,32;28;26;30;25;41;39;50,51;52;48;29;24;23,33,0,1,2,3,4,5,6,7,8,9,10,11,12,13,14,15,16,17,18,19,20,21,22,34,35,36,37,38,40,42,43,44,45,46,47,49,53,54,55,56,57,58,59,60,61,62,63,64,65,66,67,68,69,70,71,72,73,74,75,76,77,78,79,80,81,82,83,84,85"
    schedulingWeights "7.953,6.416,7.615,0.001,7.674,0.443,0.434,0.743,0.001,0.385,0.001,33.354,34.98;0.001,0.001,0.001,0.001,0.001,0.001,0.001,0.001,0.001,0.001,0.001,0.001,99.988;15.907,0.001,0.001,7.288,0.001,0.001,0.001,0.001,0.355,0.001,41.184,0.001,35.259"
    levelsQoS 13
    queueSizes "32,32,32,32,32,32,32,32,32,32,32,32,32"
  ]
  node [
    id 1
    label "1"
    Country "United States"
    Longitude -118.24368
    Internal 1
    Latitude 34.05223
    type "inner"
    schedulingPolicy "WFQ"
    tosToQoSqueue "27;28;26;25;41;39;50,51;48;29;24;23,33,0,1,2,3,4,5,6,7,8,9,10,11,12,13,14,15,16,17,18,19,20,21,22,30,31,32,34,35,36,37,38,40,42,43,44,45,46,47,49,52,53,54,55,56,57,58,59,60,61,62,63,64,65,66,67,68,69,70,71,72,73,74,75,76,77,78,79,80,81,82,83,84,85"
    schedulingWeights "0.001,0.001,0.001,0.001,0.001,0.001,0.001,0.001,41.184,0.001,58.807;0.001,0.001,0.001,0.001,0.001,0.001,0.001,0.001,0.001,0.001,99.99;7.953,6.416,7.615,7.674,0.443,0.434,0.743,0.385,0.001,33.354,34.982"
    levelsQoS 11
    queueSizes "32,32,32,32,32,32,32,32,32,32,32"
  ]
  node [
    id 2
    label "2"
    Country "United States"
    Longitude -96.80667
    Internal 1
    Latitude 32.78306
    type "inner"
    schedulingPolicy "WFQ"
    tosToQoSqueue "27,31,32,35,47,70;28,49;36,38,46;26,43;34,42;30,37,40,44,45;25;55,59,63,75,76;64,78;54;68;65,71,81,85;60,69,80,84;79;53,77;82;83;56;57;58,61,66,67,72,73;62,74;24,0,1,2,3,4,5,6,7,8,9,10,11,12,13,14,15,16,17,18,19,20,21,22,23,29,33,39,41,48,50,51,52"
    schedulingWeights "7.953,0.001,13.958,7.615,13.215,21.863,0.001,0.343,0.001,0.364,0.001,0.001,0.001,0.001,0.434,0.001,0.001,0.371,0.355,0.001,0.001,33.518;31.814,12.832,6.979,7.615,0.001,14.575,7.674,0.686,0.372,0.001,0.398,0.443,0.887,0.001,0.001,0.001,0.001,0.001,0.001,1.376,0.385,13.956;0.001,0.001,0.001,0.001,0.001,0.001,0.001,0.001,0.001,0.001,0.001,0.001,0.001,0.001,0.001,0.001,0.001,0.001,0.001,0.001,0.001,99.979;7.953,0.001,0.001,0.001,0.001,0.001,0.001,0.686,0.372,0.001,0.001,1.329,0.887,0.356,0.434,0.406,0.349,0.001,0.001,0.688,0.385,86.146"
    levelsQoS 22
    queueSizes "32,32,32,32,32,32,32,32,32,32,32,32,32,32,32,32,32,32,32,32,32,32"
  ]
  node [
    id 3
    label "3"
    Country "United States"
    Longitude -112.07404
    Internal 1
    Latitude 33.44838
    type "antenna"
    schedulingPolicy "WFQ"
    tosToQoSqueue "27,31,32,35,47;28,49;36,38,46;26,43;34,42;30,37,40,44,45;25;55,59,63;64;54;68;41,65;60,69;39,53;50,51,56;52,57;58,61,66,67;48,62;29;23,33,0,1,2,3,4,5,6,7,8,9,10,11,12,13,14,15,16,17,18,19,20,21,22,24,70,71,72,73,74,75,76,77,78,79,80,81,82,83,84,85"
    schedulingWeights "23.86,6.416,0.001,7.615,0.001,7.288,7.674,0.001,0.001,0.001,0.001,0.443,0.001,0.434,0.743,0.355,0.001,0.385,0.001,44.779;0.001,0.001,0.001,0.001,0.001,0.001,0.001,0.001,0.001,0.001,0.001,0.001,0.001,0.001,0.001,0.001,0.001,0.001,41.184,58.798;15.907,6.416,20.937,7.615,13.215,29.151,0.001,1.028,0.372,0.364,0.398,0.443,0.887,0.434,0.371,0.355,1.376,0.385,0.001,0.345;0.001,0.001,0.001,0.001,0.001,0.001,0.001,0.001,0.001,0.001,0.001,0.001,0.001,0.001,0.001,0.001,0.001,0.001,0.001,99.981;0.001,0.001,0.001,0.001,0.001,0.001,0.001,0.001,0.001,0.001,0.001,0.001,0.001,0.001,0.001,0.001,0.001,0.001,0.001,99.981;0.001,0.001,0.001,0.001,0.001,0.001,0.001,0.001,0.001,0.001,0.001,0.001,0.001,0.001,0.001,0.001,0.001,0.001,0.001,99.981;0.001,0.001,0.001,0.001,0.001,0.001,0.001,0.001,0.001,0.001,0.001,0.001,0.001,0.001,0.001,0.001,0.001,0.001,0.001,99.981;0.001,0.001,0.001,0.001,0.001,0.001,0.001,0.001,0.001,0.001,0.001,0.001,0.001,0.001,0.001,0.001,0.001,0.001,0.001,99.981;0.001,0.001,0.001,0.001,0.001,0.001,0.001,0.001,0.001,0.001,0.001,0.001,0.001,0.001,0.001,0.001,0.001,0.001,0.001,99.981;0.001,0.001,0.001,0.001,0.001,0.001,0.001,0.001,0.001,0.001,0.001,0.001,0.001,0.001,0.001,0.001,0.001,0.001,0.001,99.981;0.001,0.001,0.001,0.001,0.001,0.001,0.001,0.001,0.001,0.001,0.001,0.001,0.001,0.001,0.001,0.001,0.001,0.001,0.001,99.981;0.001,0.001,0.001,0.001,0.001,0.001,0.001,0.001,0.001,0.001,0.001,0.001,0.001,0.001,0.001,0.001,0.001,0.001,0.001,99.981;0.001,0.001,0.001,0.001,0.001,0.001,0.001,0.001,0.001,0.001,0.001,0.001,0.001,0.001,0.001,0.001,0.001,0.001,0.001,99.981;0.001,0.001,0.001,0.001,0.001,0.001,0.001,0.001,0.001,0.001,0.001,0.001,0.001,0.001,0.001,0.001,0.001,0.001,0.001,99.981;0.001,0.001,0.001,0.001,0.001,0.001,0.001,0.001,0.001,0.001,0.001,0.001,0.001,0.001,0.001,0.001,0.001,0.001,0.001,99.981;0.001,0.001,0.001,0.001,0.001,0.001,0.001,0.001,0.001,0.001,0.001,0.001,0.001,0.001,0.001,0.001,0.001,0.001,0.001,99.981;0.001,0.001,0.001,0.001,0.001,0.001,0.001,0.001,0.001,0.001,0.001,0.001,0.001,0.001,0.001,0.001,0.001,0.001,0.001,99.981;0.001,0.001,0.001,0.001,0.001,0.001,0.001,0.001,0.001,0.001,0.001,0.001,0.001,0.001,0.001,0.001,0.001,0.001,0.001,99.981;0.001,0.001,0.001,0.001,0.001,0.001,0.001,0.001,0.001,0.001,0.001,0.001,0.001,0.001,0.001,0.001,0.001,0.001,0.001,99.981;0.001,0.001,0.001,0.001,0.001,0.001,0.001,0.001,0.001,0.001,0.001,0.001,0.001,0.001,0.001,0.001,0.001,0.001,0.001,99.981;0.001,0.001,0.001,0.001,0.001,0.001,0.001,0.001,0.001,0.001,0.001,0.001,0.001,0.001,0.001,0.001,0.001,0.001,0.001,99.981;0.001,0.001,0.001,0.001,0.001,0.001,0.001,0.001,0.001,0.001,0.001,0.001,0.001,0.001,0.001,0.001,0.001,0.001,0.001,99.981;0.001,0.001,0.001,0.001,0.001,0.001,0.001,0.001,0.001,0.001,0.001,0.001,0.001,0.001,0.001,0.001,0.001,0.001,0.001,99.981;0.001,0.001,0.001,0.001,0.001,0.001,0.001,0.001,0.001,0.001,0.001,0.001,0.001,0.001,0.001,0.001,0.001,0.001,0.001,99.981;0.001,0.001,0.001,0.001,0.001,0.001,0.001,0.001,0.001,0.001,0.001,0.001,0.001,0.001,0.001,0.001,0.001,0.001,0.001,99.981;0.001,0.001,0.001,0.001,0.001,0.001,0.001,0.001,0.001,0.001,0.001,0.001,0.001,0.001,0.001,0.001,0.001,0.001,0.001,99.981;0.001,0.001,0.001,0.001,0.001,0.001,0.001,0.001,0.001,0.001,0.001,0.001,0.001,0.001,0.001,0.001,0.001,0.001,0.001,99.981;0.001,0.001,0.001,0.001,0.001,0.001,0.001,0.001,0.001,0.001,0.001,0.001,0.001,0.001,0.001,0.001,0.001,0.001,0.001,99.981;0.001,0.001,0.001,0.001,0.001,0.001,0.001,0.001,0.001,0.001,0.001,0.001,0.001,0.001,0.001,0.001,0.001,0.001,0.001,99.981;0.001,0.001,0.001,0.001,0.001,0.001,0.001,0.001,0.001,0.001,0.001,0.001,0.001,0.001,0.001,0.001,0.001,0.001,0.001,99.981;0.001,0.001,0.001,0.001,0.001,0.001,0.001,0.001,0.001,0.001,0.001,0.001,0.001,0.001,0.001,0.001,0.001,0.001,0.001,99.981;0.001,0.001,0.001,0.001,0.001,0.001,0.001,0.001,0.001,0.001,0.001,0.001,0.001,0.001,0.001,0.001,0.001,0.001,0.001,99.981;0.001,0.001,0.001,0.001,0.001,0.001,0.001,0.001,0.001,0.001,0.001,0.001,0.001,0.001,0.001,0.001,0.001,0.001,0.001,99.981;0.001,0.001,0.001,0.001,0.001,0.001,0.001,0.001,0.001,0.001,0.001,0.001,0.001,0.001,0.001,0.001,0.001,0.001,0.001,99.981;0.001,0.001,0.001,0.001,0.001,0.001,0.001,0.001,0.001,0.001,0.001,0.001,0.001,0.001,0.001,0.001,0.001,0.001,0.001,99.981;0.001,0.001,0.001,0.001,0.001,0.001,0.001,0.001,0.001,0.001,0.001,0.001,0.001,0.001,0.001,0.001,0.001,0.001,0.001,99.981;0.001,0.001,0.001,0.001,0.001,0.001,0.001,0.001,0.001,0.001,0.001,0.001,0.001,0.001,0.001,0.001,0.001,0.001,0.001,99.981;0.001,0.001,0.001,0.001,0.001,0.001,0.001,0.001,0.001,0.001,0.001,0.001,0.001,0.001,0.001,0.001,0.001,0.001,0.001,99.981;0.001,0.001,0.001,0.001,0.001,0.001,0.001,0.001,0.001,0.001,0.001,0.001,0.001,0.001,0.001,0.001,0.001,0.001,0.001,99.981;0.001,0.001,0.001,0.001,0.001,0.001,0.001,0.001,0.001,0.001,0.001,0.001,0.001,0.001,0.001,0.001,0.001,0.001,0.001,99.981;0.001,0.001,0.001,0.001,0.001,0.001,0.001,0.001,0.001,0.001,0.001,0.001,0.001,0.001,0.001,0.001,0.001,0.001,0.001,99.981;0.001,0.001,0.001,0.001,0.001,0.001,0.001,0.001,0.001,0.001,0.001,0.001,0.001,0.001,0.001,0.001,0.001,0.001,0.001,99.981;0.001,0.001,0.001,0.001,0.001,0.001,0.001,0.001,0.001,0.001,0.001,0.001,0.001,0.001,0.001,0.001,0.001,0.001,0.001,99.981;0.001,0.001,0.001,0.001,0.001,0.001,0.001,0.001,0.001,0.001,0.001,0.001,0.001,0.001,0.001,0.001,0.001,0.001,0.001,99.981;0.001,0.001,0.001,0.001,0.001,0.001,0.001,0.001,0.001,0.001,0.001,0.001,0.001,0.001,0.001,0.001,0.001,0.001,0.001,99.981;0.001,0.001,0.001,0.001,0.001,0.001,0.001,0.001,0.001,0.001,0.001,0.001,0.001,0.001,0.001,0.001,0.001,0.001,0.001,99.981;0.001,0.001,0.001,0.001,0.001,0.001,0.001,0.001,0.001,0.001,0.001,0.001,0.001,0.001,0.001,0.001,0.001,0.001,0.001,99.981;0.001,0.001,0.001,0.001,0.001,0.001,0.001,0.001,0.001,0.001,0.001,0.001,0.001,0.001,0.001,0.001,0.001,0.001,0.001,99.981;0.001,0.001,0.001,0.001,0.001,0.001,0.001,0.001,0.001,0.001,0.001,0.001,0.001,0.001,0.001,0.001,0.001,0.001,0.001,99.981"
    levelsQoS 20
    queueSizes "32,32,32,32,32,32,32,32,32,32,32,32,32,32,32,32,32,32,32,32"
  ]
  node [
    id 4
    label "4"
    Country "United States"
    Longitude -121.95524
    Internal 1
    Latitude 37.35411
    type "inner"
    schedulingPolicy "WFQ"
    tosToQoSqueue "27;28;26;25;41;39;50,51;48;24;23,0,1,2,3,4,5,6,7,8,9,10,11,12,13,14,15,16,17,18,19,20,21,22,29,30,31,32,33,34,35,36,37,38,40,42,43,44,45,46,47,49,52,53,54,55,56,57,58,59,60,61,62,63,64,65,66,67,68,69,70,71,72,73,74,75,76,77,78,79,80,81,82,83,84,85"
    schedulingWeights "0.001,0.001,0.001,0.001,0.001,0.001,0.001,0.001,0.001,99.991;7.953,6.416,7.615,7.674,0.443,0.434,0.743,0.385,33.354,34.983"
    levelsQoS 10
    queueSizes "32,32,32,32,32,32,32,32,32,32"
  ]
  node [
    id 5
    label "5"
    Country "United States"
    Longitude -122.67621
    Internal 1
    Latitude 45.52345
    type "destination_embb"
    schedulingPolicy "FIFO"
    levelsQoS "1"
    schedulingWeights "-"
    tosToQoSqueue "0,1,2,3,4,5,6,7,8,9,10,11,12,13,14,15,16,17,18,19,20,21,22,23,24,25,26,27,28,29,30,31,32,33,34,35,36,37,38,39,40,41,42,43,44,45,46,47,48,49,50,51,52,53,54,55,56,57,58,59,60,61,62,63,64,65,66,67,68,69,70,71,72,73,74,75,76,77,78,79,80,81,82,83,84,85"
    queueSizes "32"
  ]
  node [
    id 6
    label "6"
    Country "United States"
    Longitude -121.4944
    Internal 1
    Latitude 38.58157
    type "inner"
    schedulingPolicy "WFQ"
    tosToQoSqueue "27,31,32;28;26;30;25;41;39;50,51;48;29;24;23,33,0,1,2,3,4,5,6,7,8,9,10,11,12,13,14,15,16,17,18,19,20,21,22,34,35,36,37,38,40,42,43,44,45,46,47,49,52,53,54,55,56,57,58,59,60,61,62,63,64,65,66,67,68,69,70,71,72,73,74,75,76,77,78,79,80,81,82,83,84,85"
    schedulingWeights "7.953,6.416,7.615,0.001,7.674,0.443,0.434,0.743,0.385,0.001,33.354,34.981;15.907,0.001,0.001,7.288,0.001,0.001,0.001,0.001,0.001,41.184,0.001,35.613;0.001,0.001,0.001,0.001,0.001,0.001,0.001,0.001,0.001,0.001,0.001,99.989;0.001,0.001,0.001,0.001,0.001,0.001,0.001,0.001,0.001,0.001,0.001,99.989"
    levelsQoS 12
    queueSizes "32,32,32,32,32,32,32,32,32,32,32,32"
  ]
  node [
    id 7
    label "7"
    Country "United States"
    Longitude -122.14302
    Internal 1
    Latitude 37.44188
    type "inner"
    schedulingPolicy "WFQ"
    tosToQoSqueue "27;28;26;25;41;39;50,51;48;24;23,0,1,2,3,4,5,6,7,8,9,10,11,12,13,14,15,16,17,18,19,20,21,22,29,30,31,32,33,34,35,36,37,38,40,42,43,44,45,46,47,49,52,53,54,55,56,57,58,59,60,61,62,63,64,65,66,67,68,69,70,71,72,73,74,75,76,77,78,79,80,81,82,83,84,85"
    schedulingWeights "0.001,0.001,0.001,0.001,0.001,0.001,0.001,0.001,0.001,99.991;7.953,6.416,7.615,7.674,0.443,0.434,0.743,0.385,33.354,34.983;0.001,0.001,0.001,0.001,0.001,0.001,0.001,0.001,0.001,99.991"
    levelsQoS 10
    queueSizes "32,32,32,32,32,32,32,32,32,32"
  ]
  node [
    id 8
    label "8"
    Country "United States"
    Longitude -122.44429
    Internal 1
    Latitude 47.25288
    type "inner"
    schedulingPolicy "WFQ"
    tosToQoSqueue "27,31,32;28;26;30;25;41;39;50,51;48;29;33,0,1,2,3,4,5,6,7,8,9,10,11,12,13,14,15,16,17,18,19,20,21,22,23,24,34,35,36,37,38,40,42,43,44,45,46,47,49,52,53,54,55,56,57,58,59,60,61,62,63,64,65,66,67,68,69,70,71,72,73,74,75,76,77,78,79,80,81,82,83,84,85"
    schedulingWeights "0.001,0.001,0.001,0.001,0.001,0.001,0.001,0.001,0.001,41.184,58.807;0.001,0.001,0.001,0.001,0.001,0.001,0.001,0.001,0.001,0.001,99.99;23.86,6.416,7.615,7.288,7.674,0.443,0.434,0.743,0.385,0.001,45.141"
    levelsQoS 11
    queueSizes "32,32,32,32,32,32,32,32,32,32,32"
  ]
  node [
    id 9
    label "9"
    Country "United States"
    Longitude -122.33207
    Internal 1
    Latitude 47.60621
    type "inner"
    schedulingPolicy "WFQ"
    tosToQoSqueue "27,31,32;28;26;30;25;41;39;50,51;48,0,1,2,3,4,5,6,7,8,9,10,11,12,13,14,15,16,17,18,19,20,21,22,23,24,29,33,34,35,36,37,38,40,42,43,44,45,46,47,49,52,53,54,55,56,57,58,59,60,61,62,63,64,65,66,67,68,69,70,71,72,73,74,75,76,77,78,79,80,81,82,83,84,85"
    schedulingWeights "0.001,0.001,0.001,0.001,0.001,0.001,0.001,0.001,99.992;0.001,0.001,0.001,0.001,0.001,0.001,0.001,0.001,99.992;7.953,6.416,7.615,0.001,7.674,0.443,0.434,0.743,68.72;0.001,0.001,0.001,0.001,0.001,0.001,0.001,0.001,99.992;0.001,0.001,0.001,0.001,0.001,0.001,0.001,0.001,99.992;15.907,0.001,0.001,7.288,0.001,0.001,0.001,0.001,76.799"
    levelsQoS 9
    queueSizes "32,32,32,32,32,32,32,32,32"
  ]
  node [
    id 10
    label "10"
    Country "United States"
    Longitude -84.38798
    Internal 1
    Latitude 33.749
    type "antenna"
    schedulingPolicy "WFQ"
    tosToQoSqueue "27,31,32,47,70;28,49;46;26;30,45;25;59,63,75,76;64,78;68;65,71,81,85;60,69,80,84;79;77;82;83;58,61,66,67,72,73;62,74;24,0,1,2,3,4,5,6,7,8,9,10,11,12,13,14,15,16,17,18,19,20,21,22,23,29,33,34,35,36,37,38,39,40,41,42,43,44,48,50,51,52,53,54,55,56,57"
    schedulingWeights "7.953,0.001,0.001,0.001,0.001,0.001,0.686,0.372,0.001,1.329,0.887,0.356,0.434,0.406,0.349,0.688,0.385,86.15;31.814,12.832,6.979,7.615,14.575,7.674,0.686,0.372,0.398,0.443,0.887,0.001,0.001,0.001,0.001,1.376,0.385,13.96;0.001,0.001,0.001,0.001,0.001,0.001,0.001,0.001,0.001,0.001,0.001,0.001,0.001,0.001,0.001,0.001,0.001,99.983;0.001,0.001,0.001,0.001,0.001,0.001,0.001,0.001,0.001,0.001,0.001,0.001,0.001,0.001,0.001,0.001,0.001,99.983;0.001,0.001,0.001,0.001,0.001,0.001,0.001,0.001,0.001,0.001,0.001,0.001,0.001,0.001,0.001,0.001,0.001,99.983;0.001,0.001,0.001,0.001,0.001,0.001,0.001,0.001,0.001,0.001,0.001,0.001,0.001,0.001,0.001,0.001,0.001,99.983;0.001,0.001,0.001,0.001,0.001,0.001,0.001,0.001,0.001,0.001,0.001,0.001,0.001,0.001,0.001,0.001,0.001,99.983;0.001,0.001,0.001,0.001,0.001,0.001,0.001,0.001,0.001,0.001,0.001,0.001,0.001,0.001,0.001,0.001,0.001,99.983;0.001,0.001,0.001,0.001,0.001,0.001,0.001,0.001,0.001,0.001,0.001,0.001,0.001,0.001,0.001,0.001,0.001,99.983;0.001,0.001,0.001,0.001,0.001,0.001,0.001,0.001,0.001,0.001,0.001,0.001,0.001,0.001,0.001,0.001,0.001,99.983;0.001,0.001,0.001,0.001,0.001,0.001,0.001,0.001,0.001,0.001,0.001,0.001,0.001,0.001,0.001,0.001,0.001,99.983;0.001,0.001,0.001,0.001,0.001,0.001,0.001,0.001,0.001,0.001,0.001,0.001,0.001,0.001,0.001,0.001,0.001,99.983;0.001,0.001,0.001,0.001,0.001,0.001,0.001,0.001,0.001,0.001,0.001,0.001,0.001,0.001,0.001,0.001,0.001,99.983;0.001,0.001,0.001,0.001,0.001,0.001,0.001,0.001,0.001,0.001,0.001,0.001,0.001,0.001,0.001,0.001,0.001,99.983;0.001,0.001,0.001,0.001,0.001,0.001,0.001,0.001,0.001,0.001,0.001,0.001,0.001,0.001,0.001,0.001,0.001,99.983;0.001,0.001,0.001,0.001,0.001,0.001,0.001,0.001,0.001,0.001,0.001,0.001,0.001,0.001,0.001,0.001,0.001,99.983;0.001,0.001,0.001,0.001,0.001,0.001,0.001,0.001,0.001,0.001,0.001,0.001,0.001,0.001,0.001,0.001,0.001,99.983;0.001,0.001,0.001,0.001,0.001,0.001,0.001,0.001,0.001,0.001,0.001,0.001,0.001,0.001,0.001,0.001,0.001,99.983;0.001,0.001,0.001,0.001,0.001,0.001,0.001,0.001,0.001,0.001,0.001,0.001,0.001,0.001,0.001,0.001,0.001,99.983"
    levelsQoS 18
    queueSizes "32,32,32,32,32,32,32,32,32,32,32,32,32,32,32,32,32,32"
  ]
  node [
    id 11
    label "11"
    Country "United States"
    Longitude -95.36327
    Internal 1
    Latitude 29.76328
    type "inner"
    schedulingPolicy "WFQ"
    tosToQoSqueue "27,31,32,47,70;28,49;46;26;30,45;25;59,63,75,76;64,78;68;65,71,81,85;60,69,80,84;79;77;82;83;58,61,66,67,72,73;62,74;24,0,1,2,3,4,5,6,7,8,9,10,11,12,13,14,15,16,17,18,19,20,21,22,23,29,33,34,35,36,37,38,39,40,41,42,43,44,48,50,51,52,53,54,55,56,57"
    schedulingWeights "7.953,0.001,0.001,0.001,0.001,0.001,0.686,0.372,0.001,1.329,0.887,0.356,0.434,0.406,0.349,0.688,0.385,86.15;31.814,12.832,6.979,7.615,14.575,7.674,0.686,0.372,0.398,0.443,0.887,0.001,0.001,0.001,0.001,1.376,0.385,13.96"
    levelsQoS 18
    queueSizes "32,32,32,32,32,32,32,32,32,32,32,32,32,32,32,32,32,32"
  ]
  node [
    id 12
    label "12"
    Country "United States"
    Longitude -117.42605
    Internal 1
    Latitude 47.65878
    type "inner"
    schedulingPolicy "WFQ"
    tosToQoSqueue "27;28;26;25;41;39;50,51;48,0,1,2,3,4,5,6,7,8,9,10,11,12,13,14,15,16,17,18,19,20,21,22,23,24,29,30,31,32,33,34,35,36,37,38,40,42,43,44,45,46,47,49,52,53,54,55,56,57,58,59,60,61,62,63,64,65,66,67,68,69,70,71,72,73,74,75,76,77,78,79,80,81,82,83,84,85"
    schedulingWeights "0.001,0.001,0.001,0.001,0.001,0.001,0.001,99.993;7.953,6.416,7.615,7.674,0.443,0.434,0.743,68.721"
    levelsQoS 8
    queueSizes "32,32,32,32,32,32,32,32"
  ]
  node [
    id 13
    label "13"
    Country "United States"
    Longitude -116.20345
    Internal 1
    Latitude 43.6135
    type "inner"
    schedulingPolicy "WFQ"
    tosToQoSqueue "27;28;26;25;41;39;50,51;48,0,1,2,3,4,5,6,7,8,9,10,11,12,13,14,15,16,17,18,19,20,21,22,23,24,29,30,31,32,33,34,35,36,37,38,40,42,43,44,45,46,47,49,52,53,54,55,56,57,58,59,60,61,62,63,64,65,66,67,68,69,70,71,72,73,74,75,76,77,78,79,80,81,82,83,84,85"
    schedulingWeights "0.001,0.001,0.001,0.001,0.001,0.001,0.001,99.993;0.001,0.001,0.001,0.001,0.001,0.001,0.001,99.993;7.953,6.416,7.615,7.674,0.443,0.434,0.743,68.721"
    levelsQoS 8
    queueSizes "32,32,32,32,32,32,32,32"
  ]
  node [
    id 14
    label "14"
    Country "United States"
    Longitude -111.89105
    Internal 1
    Latitude 40.76078
    type "destination_mmtc"
    schedulingPolicy "FIFO"
    levelsQoS "1"
    schedulingWeights "-"
    tosToQoSqueue "0,1,2,3,4,5,6,7,8,9,10,11,12,13,14,15,16,17,18,19,20,21,22,23,24,25,26,27,28,29,30,31,32,33,34,35,36,37,38,39,40,41,42,43,44,45,46,47,48,49,50,51,52,53,54,55,56,57,58,59,60,61,62,63,64,65,66,67,68,69,70,71,72,73,74,75,76,77,78,79,80,81,82,83,84,85"
    queueSizes "32"
  ]
  node [
    id 15
    label "15"
    Country "United States"
    Longitude -93.26384
    Internal 1
    Latitude 44.97997
    type "inner"
    schedulingPolicy "WFQ"
    tosToQoSqueue "31,32;30,0,1,2,3,4,5,6,7,8,9,10,11,12,13,14,15,16,17,18,19,20,21,22,23,24,25,26,27,28,29,33,34,35,36,37,38,39,40,41,42,43,44,45,46,47,48,49,50,51,52,53,54,55,56,57,58,59,60,61,62,63,64,65,66,67,68,69,70,71,72,73,74,75,76,77,78,79,80,81,82,83,84,85"
    schedulingWeights "0.001,99.999;15.907,84.093"
    levelsQoS 2
    queueSizes "32,32"
  ]
  node [
    id 16
    label "16"
    Country "United States"
    Longitude -87.65005
    Internal 1
    Latitude 41.85003
    type "inner"
    schedulingPolicy "WFQ"
    tosToQoSqueue "27,31,32,35;28;36,38;26,43;34,42;30,37,40,44;25;55,59,63,75,76;64,78;54;68;65,71,81,85;60,69,80,84;79;53,77;82;83;56;57;58,61,66,67,72,73;62,74;24,0,1,2,3,4,5,6,7,8,9,10,11,12,13,14,15,16,17,18,19,20,21,22,23,29,33,39,41,45,46,47,48,49,50,51,52,70"
    schedulingWeights "23.86,6.416,0.001,7.615,0.001,7.288,7.674,0.001,0.001,0.001,0.001,0.001,0.001,0.001,0.001,0.001,0.001,0.001,0.001,0.001,0.001,47.131;0.001,0.001,0.001,0.001,0.001,0.001,0.001,1.714,0.743,0.364,0.398,1.772,1.775,0.356,0.868,0.406,0.349,0.371,0.355,2.064,0.769,87.69;0.001,0.001,0.001,0.001,0.001,0.001,0.001,0.001,0.001,0.001,0.001,0.001,0.001,0.001,0.001,0.001,0.001,0.001,0.001,0.001,0.001,99.979;7.953,0.001,13.958,7.615,13.215,21.863,0.001,0.001,0.001,0.001,0.001,0.001,0.001,0.001,0.001,0.001,0.001,0.001,0.001,0.001,0.001,35.38"
    levelsQoS 22
    queueSizes "32,32,32,32,32,32,32,32,32,32,32,32,32,32,32,32,32,32,32,32,32,32"
  ]
  node [
    id 17
    label "17"
    Country "United States"
    Longitude -77.61556
    Internal 1
    Latitude 43.15478
    type "inner"
    schedulingPolicy "WFQ"
    tosToQoSqueue "35;36,38;43;34,42;37,40,44;59,63,75,76;64,78;68;65,71,81,85;60,69,80,84;79;77;82;83;58,61,66,67,72,73;62,74,0,1,2,3,4,5,6,7,8,9,10,11,12,13,14,15,16,17,18,19,20,21,22,23,24,25,26,27,28,29,30,31,32,33,39,41,45,46,47,48,49,50,51,52,53,54,55,56,57,70"
    schedulingWeights "0.001,0.001,0.001,0.001,0.001,1.371,0.743,0.398,1.772,1.775,0.356,0.434,0.406,0.349,2.064,90.327;7.953,13.958,7.615,13.215,21.863,0.001,0.001,0.001,0.001,0.001,0.001,0.001,0.001,0.001,0.001,35.386"
    levelsQoS 16
    queueSizes "32,32,32,32,32,32,32,32,32,32,32,32,32,32,32,32"
  ]
  node [
    id 18
    label "18"
    Country "United States"
    Longitude -74.17237
    Internal 1
    Latitude 40.73566
    type "destination_urllc"
    schedulingPolicy "FIFO"
    levelsQoS "1"
    schedulingWeights "-"
    tosToQoSqueue "0,1,2,3,4,5,6,7,8,9,10,11,12,13,14,15,16,17,18,19,20,21,22,23,24,25,26,27,28,29,30,31,32,33,34,35,36,37,38,39,40,41,42,43,44,45,46,47,48,49,50,51,52,53,54,55,56,57,58,59,60,61,62,63,64,65,66,67,68,69,70,71,72,73,74,75,76,77,78,79,80,81,82,83,84,85"
    queueSizes "32"
  ]
  node [
    id 19
    label "19"
    Country "United States"
    Longitude -77.03637
    Internal 1
    Latitude 38.89511
    type "inner"
    schedulingPolicy "WFQ"
    tosToQoSqueue "27,31,32,47,70;28,49;46;26;30,45;25;59,63,75,76;64,78;68;65,71,81,85;60,69,80,84;79;77;82;83;58,61,66,67,72,73;62,74,0,1,2,3,4,5,6,7,8,9,10,11,12,13,14,15,16,17,18,19,20,21,22,23,24,29,33,34,35,36,37,38,39,40,41,42,43,44,48,50,51,52,53,54,55,56,57"
    schedulingWeights "0.001,0.001,0.001,0.001,0.001,0.001,0.001,0.001,0.001,0.001,0.001,0.001,0.001,0.001,0.001,0.001,99.984;0.001,0.001,0.001,0.001,0.001,0.001,0.001,0.001,0.001,0.001,0.001,0.001,0.001,0.001,0.001,0.001,99.984;39.767,12.832,6.979,7.615,14.575,7.674,1.371,0.743,0.398,1.772,1.775,0.356,0.434,0.406,0.349,2.064,0.889"
    levelsQoS 17
    queueSizes "32,32,32,32,32,32,32,32,32,32,32,32,32,32,32,32,32"
  ]
  node [
    id 20
    label "20"
    schedulingPolicy "FIFO"
    levelsQoS "1"
    schedulingWeights "-"
    tosToQoSqueue "0,1,2,3,4,5,6,7,8,9,10,11,12,13,14,15,16,17,18,19,20,21,22,23,24,25,26,27,28,29,30,31,32,33,34,35,36,37,38,39,40,41,42,43,44,45,46,47,48,49,50,51,52,53,54,55,56,57,58,59,60,61,62,63,64,65,66,67,68,69,70,71,72,73,74,75,76,77,78,79,80,81,82,83,84,85"
    queueSizes "32"
    type "destination_urllc"
  ]
  node [
    id 21
    label "21"
    schedulingPolicy "FIFO"
    levelsQoS "1"
    schedulingWeights "-"
    tosToQoSqueue "0,1,2,3,4,5,6,7,8,9,10,11,12,13,14,15,16,17,18,19,20,21,22,23,24,25,26,27,28,29,30,31,32,33,34,35,36,37,38,39,40,41,42,43,44,45,46,47,48,49,50,51,52,53,54,55,56,57,58,59,60,61,62,63,64,65,66,67,68,69,70,71,72,73,74,75,76,77,78,79,80,81,82,83,84,85"
    queueSizes "32"
    type "destination_mmtc"
  ]
  node [
    id 22
    label "22"
    schedulingPolicy "FIFO"
    levelsQoS "1"
    schedulingWeights "-"
    tosToQoSqueue "0,1,2,3,4,5,6,7,8,9,10,11,12,13,14,15,16,17,18,19,20,21,22,23,24,25,26,27,28,29,30,31,32,33,34,35,36,37,38,39,40,41,42,43,44,45,46,47,48,49,50,51,52,53,54,55,56,57,58,59,60,61,62,63,64,65,66,67,68,69,70,71,72,73,74,75,76,77,78,79,80,81,82,83,84,85"
    queueSizes "32"
    type "destination_embb"
  ]
  node [
    id 23
    label "23"
    schedulingPolicy "FIFO"
    levelsQoS "1"
    schedulingWeights "-"
    tosToQoSqueue "0,1,2,3,4,5,6,7,8,9,10,11,12,13,14,15,16,17,18,19,20,21,22,23,24,25,26,27,28,29,30,31,32,33,34,35,36,37,38,39,40,41,42,43,44,45,46,47,48,49,50,51,52,53,54,55,56,57,58,59,60,61,62,63,64,65,66,67,68,69,70,71,72,73,74,75,76,77,78,79,80,81,82,83,84,85"
    queueSizes "32"
    type "origin_embb"
    reservation 17487000.0
  ]
  node [
    id 24
    label "24"
    schedulingPolicy "FIFO"
    levelsQoS "1"
    schedulingWeights "-"
    tosToQoSqueue "0,1,2,3,4,5,6,7,8,9,10,11,12,13,14,15,16,17,18,19,20,21,22,23,24,25,26,27,28,29,30,31,32,33,34,35,36,37,38,39,40,41,42,43,44,45,46,47,48,49,50,51,52,53,54,55,56,57,58,59,60,61,62,63,64,65,66,67,68,69,70,71,72,73,74,75,76,77,78,79,80,81,82,83,84,85"
    queueSizes "32"
    type "origin_embb"
    reservation 16677000.0
  ]
  node [
    id 25
    label "25"
    schedulingPolicy "FIFO"
    levelsQoS "1"
    schedulingWeights "-"
    tosToQoSqueue "0,1,2,3,4,5,6,7,8,9,10,11,12,13,14,15,16,17,18,19,20,21,22,23,24,25,26,27,28,29,30,31,32,33,34,35,36,37,38,39,40,41,42,43,44,45,46,47,48,49,50,51,52,53,54,55,56,57,58,59,60,61,62,63,64,65,66,67,68,69,70,71,72,73,74,75,76,77,78,79,80,81,82,83,84,85"
    queueSizes "32"
    type "origin_urllc"
    reservation 3837050.0
  ]
  node [
    id 26
    label "26"
    schedulingPolicy "FIFO"
    levelsQoS "1"
    schedulingWeights "-"
    tosToQoSqueue "0,1,2,3,4,5,6,7,8,9,10,11,12,13,14,15,16,17,18,19,20,21,22,23,24,25,26,27,28,29,30,31,32,33,34,35,36,37,38,39,40,41,42,43,44,45,46,47,48,49,50,51,52,53,54,55,56,57,58,59,60,61,62,63,64,65,66,67,68,69,70,71,72,73,74,75,76,77,78,79,80,81,82,83,84,85"
    queueSizes "32"
    type "origin_urllc"
    reservation 3807650.0
  ]
  node [
    id 27
    label "27"
    schedulingPolicy "FIFO"
    levelsQoS "1"
    schedulingWeights "-"
    tosToQoSqueue "0,1,2,3,4,5,6,7,8,9,10,11,12,13,14,15,16,17,18,19,20,21,22,23,24,25,26,27,28,29,30,31,32,33,34,35,36,37,38,39,40,41,42,43,44,45,46,47,48,49,50,51,52,53,54,55,56,57,58,59,60,61,62,63,64,65,66,67,68,69,70,71,72,73,74,75,76,77,78,79,80,81,82,83,84,85"
    queueSizes "32"
    type "origin_urllc"
    reservation 3976700.0
  ]
  node [
    id 28
    label "28"
    schedulingPolicy "FIFO"
    levelsQoS "1"
    schedulingWeights "-"
    tosToQoSqueue "0,1,2,3,4,5,6,7,8,9,10,11,12,13,14,15,16,17,18,19,20,21,22,23,24,25,26,27,28,29,30,31,32,33,34,35,36,37,38,39,40,41,42,43,44,45,46,47,48,49,50,51,52,53,54,55,56,57,58,59,60,61,62,63,64,65,66,67,68,69,70,71,72,73,74,75,76,77,78,79,80,81,82,83,84,85"
    queueSizes "32"
    type "origin_urllc"
    reservation 3208100.0
  ]
  node [
    id 29
    label "29"
    schedulingPolicy "FIFO"
    levelsQoS "1"
    schedulingWeights "-"
    tosToQoSqueue "0,1,2,3,4,5,6,7,8,9,10,11,12,13,14,15,16,17,18,19,20,21,22,23,24,25,26,27,28,29,30,31,32,33,34,35,36,37,38,39,40,41,42,43,44,45,46,47,48,49,50,51,52,53,54,55,56,57,58,59,60,61,62,63,64,65,66,67,68,69,70,71,72,73,74,75,76,77,78,79,80,81,82,83,84,85"
    queueSizes "32"
    type "origin_embb"
    reservation 20592000.0
  ]
  node [
    id 30
    label "30"
    schedulingPolicy "FIFO"
    levelsQoS "1"
    schedulingWeights "-"
    tosToQoSqueue "0,1,2,3,4,5,6,7,8,9,10,11,12,13,14,15,16,17,18,19,20,21,22,23,24,25,26,27,28,29,30,31,32,33,34,35,36,37,38,39,40,41,42,43,44,45,46,47,48,49,50,51,52,53,54,55,56,57,58,59,60,61,62,63,64,65,66,67,68,69,70,71,72,73,74,75,76,77,78,79,80,81,82,83,84,85"
    queueSizes "32"
    type "origin_urllc"
    reservation 3643850.0
  ]
  node [
    id 31
    label "31"
    schedulingPolicy "FIFO"
    levelsQoS "1"
    schedulingWeights "-"
    tosToQoSqueue "0,1,2,3,4,5,6,7,8,9,10,11,12,13,14,15,16,17,18,19,20,21,22,23,24,25,26,27,28,29,30,31,32,33,34,35,36,37,38,39,40,41,42,43,44,45,46,47,48,49,50,51,52,53,54,55,56,57,58,59,60,61,62,63,64,65,66,67,68,69,70,71,72,73,74,75,76,77,78,79,80,81,82,83,84,85"
    queueSizes "32"
    type "origin_urllc"
    reservation 3976700.0
  ]
  node [
    id 32
    label "32"
    schedulingPolicy "FIFO"
    levelsQoS "1"
    schedulingWeights "-"
    tosToQoSqueue "0,1,2,3,4,5,6,7,8,9,10,11,12,13,14,15,16,17,18,19,20,21,22,23,24,25,26,27,28,29,30,31,32,33,34,35,36,37,38,39,40,41,42,43,44,45,46,47,48,49,50,51,52,53,54,55,56,57,58,59,60,61,62,63,64,65,66,67,68,69,70,71,72,73,74,75,76,77,78,79,80,81,82,83,84,85"
    queueSizes "32"
    type "origin_urllc"
    reservation 3976700.0
  ]
  node [
    id 33
    label "33"
    schedulingPolicy "FIFO"
    levelsQoS "1"
    schedulingWeights "-"
    tosToQoSqueue "0,1,2,3,4,5,6,7,8,9,10,11,12,13,14,15,16,17,18,19,20,21,22,23,24,25,26,27,28,29,30,31,32,33,34,35,36,37,38,39,40,41,42,43,44,45,46,47,48,49,50,51,52,53,54,55,56,57,58,59,60,61,62,63,64,65,66,67,68,69,70,71,72,73,74,75,76,77,78,79,80,81,82,83,84,85"
    queueSizes "32"
    type "origin_embb"
    reservation 17487000.0
  ]
  node [
    id 34
    label "34"
    schedulingPolicy "FIFO"
    levelsQoS "1"
    schedulingWeights "-"
    tosToQoSqueue "0,1,2,3,4,5,6,7,8,9,10,11,12,13,14,15,16,17,18,19,20,21,22,23,24,25,26,27,28,29,30,31,32,33,34,35,36,37,38,39,40,41,42,43,44,45,46,47,48,49,50,51,52,53,54,55,56,57,58,59,60,61,62,63,64,65,66,67,68,69,70,71,72,73,74,75,76,77,78,79,80,81,82,83,84,85"
    queueSizes "32"
    type "origin_urllc"
    reservation 3303650.0
  ]
  node [
    id 35
    label "35"
    schedulingPolicy "FIFO"
    levelsQoS "1"
    schedulingWeights "-"
    tosToQoSqueue "0,1,2,3,4,5,6,7,8,9,10,11,12,13,14,15,16,17,18,19,20,21,22,23,24,25,26,27,28,29,30,31,32,33,34,35,36,37,38,39,40,41,42,43,44,45,46,47,48,49,50,51,52,53,54,55,56,57,58,59,60,61,62,63,64,65,66,67,68,69,70,71,72,73,74,75,76,77,78,79,80,81,82,83,84,85"
    queueSizes "32"
    type "origin_urllc"
    reservation 3976700.0
  ]
  node [
    id 36
    label "36"
    schedulingPolicy "FIFO"
    levelsQoS "1"
    schedulingWeights "-"
    tosToQoSqueue "0,1,2,3,4,5,6,7,8,9,10,11,12,13,14,15,16,17,18,19,20,21,22,23,24,25,26,27,28,29,30,31,32,33,34,35,36,37,38,39,40,41,42,43,44,45,46,47,48,49,50,51,52,53,54,55,56,57,58,59,60,61,62,63,64,65,66,67,68,69,70,71,72,73,74,75,76,77,78,79,80,81,82,83,84,85"
    queueSizes "32"
    type "origin_urllc"
    reservation 3489500.0
  ]
  node [
    id 37
    label "37"
    schedulingPolicy "FIFO"
    levelsQoS "1"
    schedulingWeights "-"
    tosToQoSqueue "0,1,2,3,4,5,6,7,8,9,10,11,12,13,14,15,16,17,18,19,20,21,22,23,24,25,26,27,28,29,30,31,32,33,34,35,36,37,38,39,40,41,42,43,44,45,46,47,48,49,50,51,52,53,54,55,56,57,58,59,60,61,62,63,64,65,66,67,68,69,70,71,72,73,74,75,76,77,78,79,80,81,82,83,84,85"
    queueSizes "32"
    type "origin_urllc"
    reservation 3643850.0
  ]
  node [
    id 38
    label "38"
    schedulingPolicy "FIFO"
    levelsQoS "1"
    schedulingWeights "-"
    tosToQoSqueue "0,1,2,3,4,5,6,7,8,9,10,11,12,13,14,15,16,17,18,19,20,21,22,23,24,25,26,27,28,29,30,31,32,33,34,35,36,37,38,39,40,41,42,43,44,45,46,47,48,49,50,51,52,53,54,55,56,57,58,59,60,61,62,63,64,65,66,67,68,69,70,71,72,73,74,75,76,77,78,79,80,81,82,83,84,85"
    queueSizes "32"
    type "origin_urllc"
    reservation 3489500.0
  ]
  node [
    id 39
    label "39"
    schedulingPolicy "FIFO"
    levelsQoS "1"
    schedulingWeights "-"
    tosToQoSqueue "0,1,2,3,4,5,6,7,8,9,10,11,12,13,14,15,16,17,18,19,20,21,22,23,24,25,26,27,28,29,30,31,32,33,34,35,36,37,38,39,40,41,42,43,44,45,46,47,48,49,50,51,52,53,54,55,56,57,58,59,60,61,62,63,64,65,66,67,68,69,70,71,72,73,74,75,76,77,78,79,80,81,82,83,84,85"
    queueSizes "32"
    type "origin_mmtc"
    reservation 217040.0
  ]
  node [
    id 40
    label "40"
    schedulingPolicy "FIFO"
    levelsQoS "1"
    schedulingWeights "-"
    tosToQoSqueue "0,1,2,3,4,5,6,7,8,9,10,11,12,13,14,15,16,17,18,19,20,21,22,23,24,25,26,27,28,29,30,31,32,33,34,35,36,37,38,39,40,41,42,43,44,45,46,47,48,49,50,51,52,53,54,55,56,57,58,59,60,61,62,63,64,65,66,67,68,69,70,71,72,73,74,75,76,77,78,79,80,81,82,83,84,85"
    queueSizes "32"
    type "origin_urllc"
    reservation 3643850.0
  ]
  node [
    id 41
    label "41"
    schedulingPolicy "FIFO"
    levelsQoS "1"
    schedulingWeights "-"
    tosToQoSqueue "0,1,2,3,4,5,6,7,8,9,10,11,12,13,14,15,16,17,18,19,20,21,22,23,24,25,26,27,28,29,30,31,32,33,34,35,36,37,38,39,40,41,42,43,44,45,46,47,48,49,50,51,52,53,54,55,56,57,58,59,60,61,62,63,64,65,66,67,68,69,70,71,72,73,74,75,76,77,78,79,80,81,82,83,84,85"
    queueSizes "32"
    type "origin_mmtc"
    reservation 221540.0
  ]
  node [
    id 42
    label "42"
    schedulingPolicy "FIFO"
    levelsQoS "1"
    schedulingWeights "-"
    tosToQoSqueue "0,1,2,3,4,5,6,7,8,9,10,11,12,13,14,15,16,17,18,19,20,21,22,23,24,25,26,27,28,29,30,31,32,33,34,35,36,37,38,39,40,41,42,43,44,45,46,47,48,49,50,51,52,53,54,55,56,57,58,59,60,61,62,63,64,65,66,67,68,69,70,71,72,73,74,75,76,77,78,79,80,81,82,83,84,85"
    queueSizes "32"
    type "origin_urllc"
    reservation 3303650.0
  ]
  node [
    id 43
    label "43"
    schedulingPolicy "FIFO"
    levelsQoS "1"
    schedulingWeights "-"
    tosToQoSqueue "0,1,2,3,4,5,6,7,8,9,10,11,12,13,14,15,16,17,18,19,20,21,22,23,24,25,26,27,28,29,30,31,32,33,34,35,36,37,38,39,40,41,42,43,44,45,46,47,48,49,50,51,52,53,54,55,56,57,58,59,60,61,62,63,64,65,66,67,68,69,70,71,72,73,74,75,76,77,78,79,80,81,82,83,84,85"
    queueSizes "32"
    type "origin_urllc"
    reservation 3807650.0
  ]
  node [
    id 44
    label "44"
    schedulingPolicy "FIFO"
    levelsQoS "1"
    schedulingWeights "-"
    tosToQoSqueue "0,1,2,3,4,5,6,7,8,9,10,11,12,13,14,15,16,17,18,19,20,21,22,23,24,25,26,27,28,29,30,31,32,33,34,35,36,37,38,39,40,41,42,43,44,45,46,47,48,49,50,51,52,53,54,55,56,57,58,59,60,61,62,63,64,65,66,67,68,69,70,71,72,73,74,75,76,77,78,79,80,81,82,83,84,85"
    queueSizes "32"
    type "origin_urllc"
    reservation 3643850.0
  ]
  node [
    id 45
    label "45"
    schedulingPolicy "FIFO"
    levelsQoS "1"
    schedulingWeights "-"
    tosToQoSqueue "0,1,2,3,4,5,6,7,8,9,10,11,12,13,14,15,16,17,18,19,20,21,22,23,24,25,26,27,28,29,30,31,32,33,34,35,36,37,38,39,40,41,42,43,44,45,46,47,48,49,50,51,52,53,54,55,56,57,58,59,60,61,62,63,64,65,66,67,68,69,70,71,72,73,74,75,76,77,78,79,80,81,82,83,84,85"
    queueSizes "32"
    type "origin_urllc"
    reservation 3643850.0
  ]
  node [
    id 46
    label "46"
    schedulingPolicy "FIFO"
    levelsQoS "1"
    schedulingWeights "-"
    tosToQoSqueue "0,1,2,3,4,5,6,7,8,9,10,11,12,13,14,15,16,17,18,19,20,21,22,23,24,25,26,27,28,29,30,31,32,33,34,35,36,37,38,39,40,41,42,43,44,45,46,47,48,49,50,51,52,53,54,55,56,57,58,59,60,61,62,63,64,65,66,67,68,69,70,71,72,73,74,75,76,77,78,79,80,81,82,83,84,85"
    queueSizes "32"
    type "origin_urllc"
    reservation 3489500.0
  ]
  node [
    id 47
    label "47"
    schedulingPolicy "FIFO"
    levelsQoS "1"
    schedulingWeights "-"
    tosToQoSqueue "0,1,2,3,4,5,6,7,8,9,10,11,12,13,14,15,16,17,18,19,20,21,22,23,24,25,26,27,28,29,30,31,32,33,34,35,36,37,38,39,40,41,42,43,44,45,46,47,48,49,50,51,52,53,54,55,56,57,58,59,60,61,62,63,64,65,66,67,68,69,70,71,72,73,74,75,76,77,78,79,80,81,82,83,84,85"
    queueSizes "32"
    type "origin_urllc"
    reservation 3976700.0
  ]
  node [
    id 48
    label "48"
    schedulingPolicy "FIFO"
    levelsQoS "1"
    schedulingWeights "-"
    tosToQoSqueue "0,1,2,3,4,5,6,7,8,9,10,11,12,13,14,15,16,17,18,19,20,21,22,23,24,25,26,27,28,29,30,31,32,33,34,35,36,37,38,39,40,41,42,43,44,45,46,47,48,49,50,51,52,53,54,55,56,57,58,59,60,61,62,63,64,65,66,67,68,69,70,71,72,73,74,75,76,77,78,79,80,81,82,83,84,85"
    queueSizes "32"
    type "origin_mmtc"
    reservation 192260.0
  ]
  node [
    id 49
    label "49"
    schedulingPolicy "FIFO"
    levelsQoS "1"
    schedulingWeights "-"
    tosToQoSqueue "0,1,2,3,4,5,6,7,8,9,10,11,12,13,14,15,16,17,18,19,20,21,22,23,24,25,26,27,28,29,30,31,32,33,34,35,36,37,38,39,40,41,42,43,44,45,46,47,48,49,50,51,52,53,54,55,56,57,58,59,60,61,62,63,64,65,66,67,68,69,70,71,72,73,74,75,76,77,78,79,80,81,82,83,84,85"
    queueSizes "32"
    type "origin_urllc"
    reservation 3208100.0
  ]
  node [
    id 50
    label "50"
    schedulingPolicy "FIFO"
    levelsQoS "1"
    schedulingWeights "-"
    tosToQoSqueue "0,1,2,3,4,5,6,7,8,9,10,11,12,13,14,15,16,17,18,19,20,21,22,23,24,25,26,27,28,29,30,31,32,33,34,35,36,37,38,39,40,41,42,43,44,45,46,47,48,49,50,51,52,53,54,55,56,57,58,59,60,61,62,63,64,65,66,67,68,69,70,71,72,73,74,75,76,77,78,79,80,81,82,83,84,85"
    queueSizes "32"
    type "origin_mmtc"
    reservation 185660.0
  ]
  node [
    id 51
    label "51"
    schedulingPolicy "FIFO"
    levelsQoS "1"
    schedulingWeights "-"
    tosToQoSqueue "0,1,2,3,4,5,6,7,8,9,10,11,12,13,14,15,16,17,18,19,20,21,22,23,24,25,26,27,28,29,30,31,32,33,34,35,36,37,38,39,40,41,42,43,44,45,46,47,48,49,50,51,52,53,54,55,56,57,58,59,60,61,62,63,64,65,66,67,68,69,70,71,72,73,74,75,76,77,78,79,80,81,82,83,84,85"
    queueSizes "32"
    type "origin_mmtc"
    reservation 185660.0
  ]
  node [
    id 52
    label "52"
    schedulingPolicy "FIFO"
    levelsQoS "1"
    schedulingWeights "-"
    tosToQoSqueue "0,1,2,3,4,5,6,7,8,9,10,11,12,13,14,15,16,17,18,19,20,21,22,23,24,25,26,27,28,29,30,31,32,33,34,35,36,37,38,39,40,41,42,43,44,45,46,47,48,49,50,51,52,53,54,55,56,57,58,59,60,61,62,63,64,65,66,67,68,69,70,71,72,73,74,75,76,77,78,79,80,81,82,83,84,85"
    queueSizes "32"
    type "origin_mmtc"
    reservation 177320.0
  ]
  node [
    id 53
    label "53"
    schedulingPolicy "FIFO"
    levelsQoS "1"
    schedulingWeights "-"
    tosToQoSqueue "0,1,2,3,4,5,6,7,8,9,10,11,12,13,14,15,16,17,18,19,20,21,22,23,24,25,26,27,28,29,30,31,32,33,34,35,36,37,38,39,40,41,42,43,44,45,46,47,48,49,50,51,52,53,54,55,56,57,58,59,60,61,62,63,64,65,66,67,68,69,70,71,72,73,74,75,76,77,78,79,80,81,82,83,84,85"
    queueSizes "32"
    type "origin_mmtc"
    reservation 217040.0
  ]
  node [
    id 54
    label "54"
    schedulingPolicy "FIFO"
    levelsQoS "1"
    schedulingWeights "-"
    tosToQoSqueue "0,1,2,3,4,5,6,7,8,9,10,11,12,13,14,15,16,17,18,19,20,21,22,23,24,25,26,27,28,29,30,31,32,33,34,35,36,37,38,39,40,41,42,43,44,45,46,47,48,49,50,51,52,53,54,55,56,57,58,59,60,61,62,63,64,65,66,67,68,69,70,71,72,73,74,75,76,77,78,79,80,81,82,83,84,85"
    queueSizes "32"
    type "origin_mmtc"
    reservation 181820.0
  ]
  node [
    id 55
    label "55"
    schedulingPolicy "FIFO"
    levelsQoS "1"
    schedulingWeights "-"
    tosToQoSqueue "0,1,2,3,4,5,6,7,8,9,10,11,12,13,14,15,16,17,18,19,20,21,22,23,24,25,26,27,28,29,30,31,32,33,34,35,36,37,38,39,40,41,42,43,44,45,46,47,48,49,50,51,52,53,54,55,56,57,58,59,60,61,62,63,64,65,66,67,68,69,70,71,72,73,74,75,76,77,78,79,80,81,82,83,84,85"
    queueSizes "32"
    type "origin_mmtc"
    reservation 171380.0
  ]
  node [
    id 56
    label "56"
    schedulingPolicy "FIFO"
    levelsQoS "1"
    schedulingWeights "-"
    tosToQoSqueue "0,1,2,3,4,5,6,7,8,9,10,11,12,13,14,15,16,17,18,19,20,21,22,23,24,25,26,27,28,29,30,31,32,33,34,35,36,37,38,39,40,41,42,43,44,45,46,47,48,49,50,51,52,53,54,55,56,57,58,59,60,61,62,63,64,65,66,67,68,69,70,71,72,73,74,75,76,77,78,79,80,81,82,83,84,85"
    queueSizes "32"
    type "origin_mmtc"
    reservation 185660.0
  ]
  node [
    id 57
    label "57"
    schedulingPolicy "FIFO"
    levelsQoS "1"
    schedulingWeights "-"
    tosToQoSqueue "0,1,2,3,4,5,6,7,8,9,10,11,12,13,14,15,16,17,18,19,20,21,22,23,24,25,26,27,28,29,30,31,32,33,34,35,36,37,38,39,40,41,42,43,44,45,46,47,48,49,50,51,52,53,54,55,56,57,58,59,60,61,62,63,64,65,66,67,68,69,70,71,72,73,74,75,76,77,78,79,80,81,82,83,84,85"
    queueSizes "32"
    type "origin_mmtc"
    reservation 177320.0
  ]
  node [
    id 58
    label "58"
    schedulingPolicy "FIFO"
    levelsQoS "1"
    schedulingWeights "-"
    tosToQoSqueue "0,1,2,3,4,5,6,7,8,9,10,11,12,13,14,15,16,17,18,19,20,21,22,23,24,25,26,27,28,29,30,31,32,33,34,35,36,37,38,39,40,41,42,43,44,45,46,47,48,49,50,51,52,53,54,55,56,57,58,59,60,61,62,63,64,65,66,67,68,69,70,71,72,73,74,75,76,77,78,79,80,81,82,83,84,85"
    queueSizes "32"
    type "origin_mmtc"
    reservation 171980.0
  ]
  node [
    id 59
    label "59"
    schedulingPolicy "FIFO"
    levelsQoS "1"
    schedulingWeights "-"
    tosToQoSqueue "0,1,2,3,4,5,6,7,8,9,10,11,12,13,14,15,16,17,18,19,20,21,22,23,24,25,26,27,28,29,30,31,32,33,34,35,36,37,38,39,40,41,42,43,44,45,46,47,48,49,50,51,52,53,54,55,56,57,58,59,60,61,62,63,64,65,66,67,68,69,70,71,72,73,74,75,76,77,78,79,80,81,82,83,84,85"
    queueSizes "32"
    type "origin_mmtc"
    reservation 171380.0
  ]
  node [
    id 60
    label "60"
    schedulingPolicy "FIFO"
    levelsQoS "1"
    schedulingWeights "-"
    tosToQoSqueue "0,1,2,3,4,5,6,7,8,9,10,11,12,13,14,15,16,17,18,19,20,21,22,23,24,25,26,27,28,29,30,31,32,33,34,35,36,37,38,39,40,41,42,43,44,45,46,47,48,49,50,51,52,53,54,55,56,57,58,59,60,61,62,63,64,65,66,67,68,69,70,71,72,73,74,75,76,77,78,79,80,81,82,83,84,85"
    queueSizes "32"
    type "origin_mmtc"
    reservation 221840.0
  ]
  node [
    id 61
    label "61"
    schedulingPolicy "FIFO"
    levelsQoS "1"
    schedulingWeights "-"
    tosToQoSqueue "0,1,2,3,4,5,6,7,8,9,10,11,12,13,14,15,16,17,18,19,20,21,22,23,24,25,26,27,28,29,30,31,32,33,34,35,36,37,38,39,40,41,42,43,44,45,46,47,48,49,50,51,52,53,54,55,56,57,58,59,60,61,62,63,64,65,66,67,68,69,70,71,72,73,74,75,76,77,78,79,80,81,82,83,84,85"
    queueSizes "32"
    type "origin_mmtc"
    reservation 171980.0
  ]
  node [
    id 62
    label "62"
    schedulingPolicy "FIFO"
    levelsQoS "1"
    schedulingWeights "-"
    tosToQoSqueue "0,1,2,3,4,5,6,7,8,9,10,11,12,13,14,15,16,17,18,19,20,21,22,23,24,25,26,27,28,29,30,31,32,33,34,35,36,37,38,39,40,41,42,43,44,45,46,47,48,49,50,51,52,53,54,55,56,57,58,59,60,61,62,63,64,65,66,67,68,69,70,71,72,73,74,75,76,77,78,79,80,81,82,83,84,85"
    queueSizes "32"
    type "origin_mmtc"
    reservation 192260.0
  ]
  node [
    id 63
    label "63"
    schedulingPolicy "FIFO"
    levelsQoS "1"
    schedulingWeights "-"
    tosToQoSqueue "0,1,2,3,4,5,6,7,8,9,10,11,12,13,14,15,16,17,18,19,20,21,22,23,24,25,26,27,28,29,30,31,32,33,34,35,36,37,38,39,40,41,42,43,44,45,46,47,48,49,50,51,52,53,54,55,56,57,58,59,60,61,62,63,64,65,66,67,68,69,70,71,72,73,74,75,76,77,78,79,80,81,82,83,84,85"
    queueSizes "32"
    type "origin_mmtc"
    reservation 171380.0
  ]
  node [
    id 64
    label "64"
    schedulingPolicy "FIFO"
    levelsQoS "1"
    schedulingWeights "-"
    tosToQoSqueue "0,1,2,3,4,5,6,7,8,9,10,11,12,13,14,15,16,17,18,19,20,21,22,23,24,25,26,27,28,29,30,31,32,33,34,35,36,37,38,39,40,41,42,43,44,45,46,47,48,49,50,51,52,53,54,55,56,57,58,59,60,61,62,63,64,65,66,67,68,69,70,71,72,73,74,75,76,77,78,79,80,81,82,83,84,85"
    queueSizes "32"
    type "origin_mmtc"
    reservation 185840.0
  ]
  node [
    id 65
    label "65"
    schedulingPolicy "FIFO"
    levelsQoS "1"
    schedulingWeights "-"
    tosToQoSqueue "0,1,2,3,4,5,6,7,8,9,10,11,12,13,14,15,16,17,18,19,20,21,22,23,24,25,26,27,28,29,30,31,32,33,34,35,36,37,38,39,40,41,42,43,44,45,46,47,48,49,50,51,52,53,54,55,56,57,58,59,60,61,62,63,64,65,66,67,68,69,70,71,72,73,74,75,76,77,78,79,80,81,82,83,84,85"
    queueSizes "32"
    type "origin_mmtc"
    reservation 221540.0
  ]
  node [
    id 66
    label "66"
    schedulingPolicy "FIFO"
    levelsQoS "1"
    schedulingWeights "-"
    tosToQoSqueue "0,1,2,3,4,5,6,7,8,9,10,11,12,13,14,15,16,17,18,19,20,21,22,23,24,25,26,27,28,29,30,31,32,33,34,35,36,37,38,39,40,41,42,43,44,45,46,47,48,49,50,51,52,53,54,55,56,57,58,59,60,61,62,63,64,65,66,67,68,69,70,71,72,73,74,75,76,77,78,79,80,81,82,83,84,85"
    queueSizes "32"
    type "origin_mmtc"
    reservation 171980.0
  ]
  node [
    id 67
    label "67"
    schedulingPolicy "FIFO"
    levelsQoS "1"
    schedulingWeights "-"
    tosToQoSqueue "0,1,2,3,4,5,6,7,8,9,10,11,12,13,14,15,16,17,18,19,20,21,22,23,24,25,26,27,28,29,30,31,32,33,34,35,36,37,38,39,40,41,42,43,44,45,46,47,48,49,50,51,52,53,54,55,56,57,58,59,60,61,62,63,64,65,66,67,68,69,70,71,72,73,74,75,76,77,78,79,80,81,82,83,84,85"
    queueSizes "32"
    type "origin_mmtc"
    reservation 171980.0
  ]
  node [
    id 68
    label "68"
    schedulingPolicy "FIFO"
    levelsQoS "1"
    schedulingWeights "-"
    tosToQoSqueue "0,1,2,3,4,5,6,7,8,9,10,11,12,13,14,15,16,17,18,19,20,21,22,23,24,25,26,27,28,29,30,31,32,33,34,35,36,37,38,39,40,41,42,43,44,45,46,47,48,49,50,51,52,53,54,55,56,57,58,59,60,61,62,63,64,65,66,67,68,69,70,71,72,73,74,75,76,77,78,79,80,81,82,83,84,85"
    queueSizes "32"
    type "origin_mmtc"
    reservation 198920.0
  ]
  node [
    id 69
    label "69"
    schedulingPolicy "FIFO"
    levelsQoS "1"
    schedulingWeights "-"
    tosToQoSqueue "0,1,2,3,4,5,6,7,8,9,10,11,12,13,14,15,16,17,18,19,20,21,22,23,24,25,26,27,28,29,30,31,32,33,34,35,36,37,38,39,40,41,42,43,44,45,46,47,48,49,50,51,52,53,54,55,56,57,58,59,60,61,62,63,64,65,66,67,68,69,70,71,72,73,74,75,76,77,78,79,80,81,82,83,84,85"
    queueSizes "32"
    type "origin_mmtc"
    reservation 221840.0
  ]
  node [
    id 70
    label "70"
    schedulingPolicy "FIFO"
    levelsQoS "1"
    schedulingWeights "-"
    tosToQoSqueue "0,1,2,3,4,5,6,7,8,9,10,11,12,13,14,15,16,17,18,19,20,21,22,23,24,25,26,27,28,29,30,31,32,33,34,35,36,37,38,39,40,41,42,43,44,45,46,47,48,49,50,51,52,53,54,55,56,57,58,59,60,61,62,63,64,65,66,67,68,69,70,71,72,73,74,75,76,77,78,79,80,81,82,83,84,85"
    queueSizes "32"
    type "origin_urllc"
    reservation 3976700.0
  ]
  node [
    id 71
    label "71"
    schedulingPolicy "FIFO"
    levelsQoS "1"
    schedulingWeights "-"
    tosToQoSqueue "0,1,2,3,4,5,6,7,8,9,10,11,12,13,14,15,16,17,18,19,20,21,22,23,24,25,26,27,28,29,30,31,32,33,34,35,36,37,38,39,40,41,42,43,44,45,46,47,48,49,50,51,52,53,54,55,56,57,58,59,60,61,62,63,64,65,66,67,68,69,70,71,72,73,74,75,76,77,78,79,80,81,82,83,84,85"
    queueSizes "32"
    type "origin_mmtc"
    reservation 221540.0
  ]
  node [
    id 72
    label "72"
    schedulingPolicy "FIFO"
    levelsQoS "1"
    schedulingWeights "-"
    tosToQoSqueue "0,1,2,3,4,5,6,7,8,9,10,11,12,13,14,15,16,17,18,19,20,21,22,23,24,25,26,27,28,29,30,31,32,33,34,35,36,37,38,39,40,41,42,43,44,45,46,47,48,49,50,51,52,53,54,55,56,57,58,59,60,61,62,63,64,65,66,67,68,69,70,71,72,73,74,75,76,77,78,79,80,81,82,83,84,85"
    queueSizes "32"
    type "origin_mmtc"
    reservation 171980.0
  ]
  node [
    id 73
    label "73"
    schedulingPolicy "FIFO"
    levelsQoS "1"
    schedulingWeights "-"
    tosToQoSqueue "0,1,2,3,4,5,6,7,8,9,10,11,12,13,14,15,16,17,18,19,20,21,22,23,24,25,26,27,28,29,30,31,32,33,34,35,36,37,38,39,40,41,42,43,44,45,46,47,48,49,50,51,52,53,54,55,56,57,58,59,60,61,62,63,64,65,66,67,68,69,70,71,72,73,74,75,76,77,78,79,80,81,82,83,84,85"
    queueSizes "32"
    type "origin_mmtc"
    reservation 171980.0
  ]
  node [
    id 74
    label "74"
    schedulingPolicy "FIFO"
    levelsQoS "1"
    schedulingWeights "-"
    tosToQoSqueue "0,1,2,3,4,5,6,7,8,9,10,11,12,13,14,15,16,17,18,19,20,21,22,23,24,25,26,27,28,29,30,31,32,33,34,35,36,37,38,39,40,41,42,43,44,45,46,47,48,49,50,51,52,53,54,55,56,57,58,59,60,61,62,63,64,65,66,67,68,69,70,71,72,73,74,75,76,77,78,79,80,81,82,83,84,85"
    queueSizes "32"
    type "origin_mmtc"
    reservation 192260.0
  ]
  node [
    id 75
    label "75"
    schedulingPolicy "FIFO"
    levelsQoS "1"
    schedulingWeights "-"
    tosToQoSqueue "0,1,2,3,4,5,6,7,8,9,10,11,12,13,14,15,16,17,18,19,20,21,22,23,24,25,26,27,28,29,30,31,32,33,34,35,36,37,38,39,40,41,42,43,44,45,46,47,48,49,50,51,52,53,54,55,56,57,58,59,60,61,62,63,64,65,66,67,68,69,70,71,72,73,74,75,76,77,78,79,80,81,82,83,84,85"
    queueSizes "32"
    type "origin_mmtc"
    reservation 171380.0
  ]
  node [
    id 76
    label "76"
    schedulingPolicy "FIFO"
    levelsQoS "1"
    schedulingWeights "-"
    tosToQoSqueue "0,1,2,3,4,5,6,7,8,9,10,11,12,13,14,15,16,17,18,19,20,21,22,23,24,25,26,27,28,29,30,31,32,33,34,35,36,37,38,39,40,41,42,43,44,45,46,47,48,49,50,51,52,53,54,55,56,57,58,59,60,61,62,63,64,65,66,67,68,69,70,71,72,73,74,75,76,77,78,79,80,81,82,83,84,85"
    queueSizes "32"
    type "origin_mmtc"
    reservation 171380.0
  ]
  node [
    id 77
    label "77"
    schedulingPolicy "FIFO"
    levelsQoS "1"
    schedulingWeights "-"
    tosToQoSqueue "0,1,2,3,4,5,6,7,8,9,10,11,12,13,14,15,16,17,18,19,20,21,22,23,24,25,26,27,28,29,30,31,32,33,34,35,36,37,38,39,40,41,42,43,44,45,46,47,48,49,50,51,52,53,54,55,56,57,58,59,60,61,62,63,64,65,66,67,68,69,70,71,72,73,74,75,76,77,78,79,80,81,82,83,84,85"
    queueSizes "32"
    type "origin_mmtc"
    reservation 217040.0
  ]
  node [
    id 78
    label "78"
    schedulingPolicy "FIFO"
    levelsQoS "1"
    schedulingWeights "-"
    tosToQoSqueue "0,1,2,3,4,5,6,7,8,9,10,11,12,13,14,15,16,17,18,19,20,21,22,23,24,25,26,27,28,29,30,31,32,33,34,35,36,37,38,39,40,41,42,43,44,45,46,47,48,49,50,51,52,53,54,55,56,57,58,59,60,61,62,63,64,65,66,67,68,69,70,71,72,73,74,75,76,77,78,79,80,81,82,83,84,85"
    queueSizes "32"
    type "origin_mmtc"
    reservation 185840.0
  ]
  node [
    id 79
    label "79"
    schedulingPolicy "FIFO"
    levelsQoS "1"
    schedulingWeights "-"
    tosToQoSqueue "0,1,2,3,4,5,6,7,8,9,10,11,12,13,14,15,16,17,18,19,20,21,22,23,24,25,26,27,28,29,30,31,32,33,34,35,36,37,38,39,40,41,42,43,44,45,46,47,48,49,50,51,52,53,54,55,56,57,58,59,60,61,62,63,64,65,66,67,68,69,70,71,72,73,74,75,76,77,78,79,80,81,82,83,84,85"
    queueSizes "32"
    type "origin_mmtc"
    reservation 177860.0
  ]
  node [
    id 80
    label "80"
    schedulingPolicy "FIFO"
    levelsQoS "1"
    schedulingWeights "-"
    tosToQoSqueue "0,1,2,3,4,5,6,7,8,9,10,11,12,13,14,15,16,17,18,19,20,21,22,23,24,25,26,27,28,29,30,31,32,33,34,35,36,37,38,39,40,41,42,43,44,45,46,47,48,49,50,51,52,53,54,55,56,57,58,59,60,61,62,63,64,65,66,67,68,69,70,71,72,73,74,75,76,77,78,79,80,81,82,83,84,85"
    queueSizes "32"
    type "origin_mmtc"
    reservation 221840.0
  ]
  node [
    id 81
    label "81"
    schedulingPolicy "FIFO"
    levelsQoS "1"
    schedulingWeights "-"
    tosToQoSqueue "0,1,2,3,4,5,6,7,8,9,10,11,12,13,14,15,16,17,18,19,20,21,22,23,24,25,26,27,28,29,30,31,32,33,34,35,36,37,38,39,40,41,42,43,44,45,46,47,48,49,50,51,52,53,54,55,56,57,58,59,60,61,62,63,64,65,66,67,68,69,70,71,72,73,74,75,76,77,78,79,80,81,82,83,84,85"
    queueSizes "32"
    type "origin_mmtc"
    reservation 221540.0
  ]
  node [
    id 82
    label "82"
    schedulingPolicy "FIFO"
    levelsQoS "1"
    schedulingWeights "-"
    tosToQoSqueue "0,1,2,3,4,5,6,7,8,9,10,11,12,13,14,15,16,17,18,19,20,21,22,23,24,25,26,27,28,29,30,31,32,33,34,35,36,37,38,39,40,41,42,43,44,45,46,47,48,49,50,51,52,53,54,55,56,57,58,59,60,61,62,63,64,65,66,67,68,69,70,71,72,73,74,75,76,77,78,79,80,81,82,83,84,85"
    queueSizes "32"
    type "origin_mmtc"
    reservation 202880.0
  ]
  node [
    id 83
    label "83"
    schedulingPolicy "FIFO"
    levelsQoS "1"
    schedulingWeights "-"
    tosToQoSqueue "0,1,2,3,4,5,6,7,8,9,10,11,12,13,14,15,16,17,18,19,20,21,22,23,24,25,26,27,28,29,30,31,32,33,34,35,36,37,38,39,40,41,42,43,44,45,46,47,48,49,50,51,52,53,54,55,56,57,58,59,60,61,62,63,64,65,66,67,68,69,70,71,72,73,74,75,76,77,78,79,80,81,82,83,84,85"
    queueSizes "32"
    type "origin_mmtc"
    reservation 174500.0
  ]
  node [
    id 84
    label "84"
    schedulingPolicy "FIFO"
    levelsQoS "1"
    schedulingWeights "-"
    tosToQoSqueue "0,1,2,3,4,5,6,7,8,9,10,11,12,13,14,15,16,17,18,19,20,21,22,23,24,25,26,27,28,29,30,31,32,33,34,35,36,37,38,39,40,41,42,43,44,45,46,47,48,49,50,51,52,53,54,55,56,57,58,59,60,61,62,63,64,65,66,67,68,69,70,71,72,73,74,75,76,77,78,79,80,81,82,83,84,85"
    queueSizes "32"
    type "origin_mmtc"
    reservation 221840.0
  ]
  node [
    id 85
    label "85"
    schedulingPolicy "FIFO"
    levelsQoS "1"
    schedulingWeights "-"
    tosToQoSqueue "0,1,2,3,4,5,6,7,8,9,10,11,12,13,14,15,16,17,18,19,20,21,22,23,24,25,26,27,28,29,30,31,32,33,34,35,36,37,38,39,40,41,42,43,44,45,46,47,48,49,50,51,52,53,54,55,56,57,58,59,60,61,62,63,64,65,66,67,68,69,70,71,72,73,74,75,76,77,78,79,80,81,82,83,84,85"
    queueSizes "32"
    type "origin_mmtc"
    reservation 221540.0
  ]
  edge [
    source 0
    target 1
    key 0
    id "e21"
    bandwidth 50000000
    traffic "18000000,18000000,3500000,3500000,3500000,3500000,200000,200000,200000,200000,200000"
    reservation "17487000.0,16677000.0,3837050.0,3807650.0,3976700.0,3208100.0,217040.0,221540.0,192260.0,185660.0,185660.0"
    port 0
  ]
  edge [
    source 0
    target 3
    key 0
    id "e19"
    bandwidth 50000000
    traffic ""
    reservation ""
    port 1
  ]
  edge [
    source 0
    target 14
    key 0
    id "e7"
    bandwidth 50000000
    traffic "18000000,3500000,3500000,3500000,18000000,200000"
    reservation "20592000.0,3643850.0,3976700.0,3976700.0,17487000.0,177320.0"
    port 2
  ]
  edge [
    source 1
    target 0
    key 0
    id "e21"
    bandwidth 50000000
    traffic "18000000,18000000"
    reservation "20592000.0,17487000.0"
    port 0
  ]
  edge [
    source 1
    target 3
    key 0
    id "e20"
    bandwidth 50000000
    traffic ""
    reservation ""
    port 1
  ]
  edge [
    source 1
    target 4
    key 0
    id "e22"
    bandwidth 50000000
    traffic "18000000,18000000,3500000,3500000,3500000,3500000,200000,200000,200000,200000,200000"
    reservation "17487000.0,16677000.0,3837050.0,3807650.0,3976700.0,3208100.0,217040.0,221540.0,192260.0,185660.0,185660.0"
    port 2
  ]
  edge [
    source 2
    target 16
    key 0
    id "e10"
    bandwidth 50000000
    traffic "18000000,3500000,3500000,3500000,3500000,3500000,3500000,3500000,3500000,3500000,200000,200000,200000,200000,200000"
    reservation "16677000.0,3303650.0,3976700.0,3489500.0,3643850.0,3489500.0,3643850.0,3303650.0,3807650.0,3643850.0,217040.0,181820.0,171380.0,185660.0,177320.0"
    port 0
  ]
  edge [
    source 2
    target 11
    key 0
    id "e17"
    bandwidth 50000000
    traffic "3500000,3500000,3500000,3500000,3500000,3500000,3500000,3500000,3500000,3500000,3500000,200000,200000,200000,200000,200000,200000,200000,200000,200000,200000,200000,200000"
    reservation "3837050.0,3807650.0,3976700.0,3208100.0,3643850.0,3976700.0,3976700.0,3643850.0,3489500.0,3976700.0,3208100.0,171980.0,171380.0,221840.0,171980.0,192260.0,171380.0,185840.0,221540.0,171980.0,171980.0,198920.0,221840.0"
    port 1
  ]
  edge [
    source 2
    target 3
    key 0
    id "e18"
    bandwidth 50000000
    traffic ""
    reservation ""
    port 2
  ]
  edge [
    source 2
    target 19
    key 0
    id "e15"
    bandwidth 50000000
    traffic "3500000,200000,200000,200000,200000,200000,200000,200000,200000,200000,200000,200000,200000,200000,200000,200000"
    reservation "3976700.0,221540.0,171980.0,171980.0,192260.0,171380.0,171380.0,217040.0,185840.0,177860.0,221840.0,221540.0,202880.0,174500.0,221840.0,221540.0"
    port 3
  ]
  edge [
    source 3
    target 0
    key 0
    id "e19"
    bandwidth 50000000
    traffic "18000000,3500000,3500000,3500000,3500000,3500000,3500000,3500000,200000,200000,200000,200000,200000,200000"
    reservation "17487000.0,3837050.0,3807650.0,3976700.0,3208100.0,3643850.0,3976700.0,3976700.0,217040.0,221540.0,192260.0,185660.0,185660.0,177320.0"
    port 0
  ]
  edge [
    source 3
    target 1
    key 0
    id "e20"
    bandwidth 50000000
    traffic "18000000,18000000"
    reservation "20592000.0,17487000.0"
    port 1
  ]
  edge [
    source 3
    target 2
    key 0
    id "e18"
    bandwidth 50000000
    traffic "3500000,3500000,3500000,3500000,3500000,3500000,3500000,3500000,3500000,3500000,3500000,3500000,3500000,200000,200000,200000,200000,200000,200000,200000,200000,200000,200000,200000,200000,200000,200000,200000,200000,200000"
    reservation "3303650.0,3976700.0,3489500.0,3643850.0,3489500.0,3643850.0,3303650.0,3807650.0,3643850.0,3643850.0,3489500.0,3976700.0,3208100.0,217040.0,181820.0,171380.0,185660.0,177320.0,171980.0,171380.0,221840.0,171980.0,192260.0,171380.0,185840.0,221540.0,171980.0,171980.0,198920.0,221840.0"
    port 2
  ]
  edge [
    source 3
    target 23
    key 0
    port 3
    weight 1
    bandwidth 50000000
    traffic ""
    reservation ""
  ]
  edge [
    source 3
    target 25
    key 0
    port 4
    weight 1
    bandwidth 50000000
    traffic ""
    reservation ""
  ]
  edge [
    source 3
    target 26
    key 0
    port 5
    weight 1
    bandwidth 50000000
    traffic ""
    reservation ""
  ]
  edge [
    source 3
    target 27
    key 0
    port 6
    weight 1
    bandwidth 50000000
    traffic ""
    reservation ""
  ]
  edge [
    source 3
    target 28
    key 0
    port 7
    weight 1
    bandwidth 50000000
    traffic ""
    reservation ""
  ]
  edge [
    source 3
    target 29
    key 0
    port 8
    weight 1
    bandwidth 50000000
    traffic ""
    reservation ""
  ]
  edge [
    source 3
    target 30
    key 0
    port 9
    weight 1
    bandwidth 50000000
    traffic ""
    reservation ""
  ]
  edge [
    source 3
    target 31
    key 0
    port 10
    weight 1
    bandwidth 50000000
    traffic ""
    reservation ""
  ]
  edge [
    source 3
    target 32
    key 0
    port 11
    weight 1
    bandwidth 50000000
    traffic ""
    reservation ""
  ]
  edge [
    source 3
    target 33
    key 0
    port 12
    weight 1
    bandwidth 50000000
    traffic ""
    reservation ""
  ]
  edge [
    source 3
    target 34
    key 0
    port 13
    weight 1
    bandwidth 50000000
    traffic ""
    reservation ""
  ]
  edge [
    source 3
    target 35
    key 0
    port 14
    weight 1
    bandwidth 50000000
    traffic ""
    reservation ""
  ]
  edge [
    source 3
    target 36
    key 0
    port 15
    weight 1
    bandwidth 50000000
    traffic ""
    reservation ""
  ]
  edge [
    source 3
    target 37
    key 0
    port 16
    weight 1
    bandwidth 50000000
    traffic ""
    reservation ""
  ]
  edge [
    source 3
    target 38
    key 0
    port 17
    weight 1
    bandwidth 50000000
    traffic ""
    reservation ""
  ]
  edge [
    source 3
    target 39
    key 0
    port 18
    weight 1
    bandwidth 50000000
    traffic ""
    reservation ""
  ]
  edge [
    source 3
    target 40
    key 0
    port 19
    weight 1
    bandwidth 50000000
    traffic ""
    reservation ""
  ]
  edge [
    source 3
    target 41
    key 0
    port 20
    weight 1
    bandwidth 50000000
    traffic ""
    reservation ""
  ]
  edge [
    source 3
    target 42
    key 0
    port 21
    weight 1
    bandwidth 50000000
    traffic ""
    reservation ""
  ]
  edge [
    source 3
    target 43
    key 0
    port 22
    weight 1
    bandwidth 50000000
    traffic ""
    reservation ""
  ]
  edge [
    source 3
    target 44
    key 0
    port 23
    weight 1
    bandwidth 50000000
    traffic ""
    reservation ""
  ]
  edge [
    source 3
    target 45
    key 0
    port 24
    weight 1
    bandwidth 50000000
    traffic ""
    reservation ""
  ]
  edge [
    source 3
    target 46
    key 0
    port 25
    weight 1
    bandwidth 50000000
    traffic ""
    reservation ""
  ]
  edge [
    source 3
    target 47
    key 0
    port 26
    weight 1
    bandwidth 50000000
    traffic ""
    reservation ""
  ]
  edge [
    source 3
    target 48
    key 0
    port 27
    weight 1
    bandwidth 50000000
    traffic ""
    reservation ""
  ]
  edge [
    source 3
    target 49
    key 0
    port 28
    weight 1
    bandwidth 50000000
    traffic ""
    reservation ""
  ]
  edge [
    source 3
    target 50
    key 0
    port 29
    weight 1
    bandwidth 50000000
    traffic ""
    reservation ""
  ]
  edge [
    source 3
    target 51
    key 0
    port 30
    weight 1
    bandwidth 50000000
    traffic ""
    reservation ""
  ]
  edge [
    source 3
    target 52
    key 0
    port 31
    weight 1
    bandwidth 50000000
    traffic ""
    reservation ""
  ]
  edge [
    source 3
    target 53
    key 0
    port 32
    weight 1
    bandwidth 50000000
    traffic ""
    reservation ""
  ]
  edge [
    source 3
    target 54
    key 0
    port 33
    weight 1
    bandwidth 50000000
    traffic ""
    reservation ""
  ]
  edge [
    source 3
    target 55
    key 0
    port 34
    weight 1
    bandwidth 50000000
    traffic ""
    reservation ""
  ]
  edge [
    source 3
    target 56
    key 0
    port 35
    weight 1
    bandwidth 50000000
    traffic ""
    reservation ""
  ]
  edge [
    source 3
    target 57
    key 0
    port 36
    weight 1
    bandwidth 50000000
    traffic ""
    reservation ""
  ]
  edge [
    source 3
    target 58
    key 0
    port 37
    weight 1
    bandwidth 50000000
    traffic ""
    reservation ""
  ]
  edge [
    source 3
    target 59
    key 0
    port 38
    weight 1
    bandwidth 50000000
    traffic ""
    reservation ""
  ]
  edge [
    source 3
    target 60
    key 0
    port 39
    weight 1
    bandwidth 50000000
    traffic ""
    reservation ""
  ]
  edge [
    source 3
    target 61
    key 0
    port 40
    weight 1
    bandwidth 50000000
    traffic ""
    reservation ""
  ]
  edge [
    source 3
    target 62
    key 0
    port 41
    weight 1
    bandwidth 50000000
    traffic ""
    reservation ""
  ]
  edge [
    source 3
    target 63
    key 0
    port 42
    weight 1
    bandwidth 50000000
    traffic ""
    reservation ""
  ]
  edge [
    source 3
    target 64
    key 0
    port 43
    weight 1
    bandwidth 50000000
    traffic ""
    reservation ""
  ]
  edge [
    source 3
    target 65
    key 0
    port 44
    weight 1
    bandwidth 50000000
    traffic ""
    reservation ""
  ]
  edge [
    source 3
    target 66
    key 0
    port 45
    weight 1
    bandwidth 50000000
    traffic ""
    reservation ""
  ]
  edge [
    source 3
    target 67
    key 0
    port 46
    weight 1
    bandwidth 50000000
    traffic ""
    reservation ""
  ]
  edge [
    source 3
    target 68
    key 0
    port 47
    weight 1
    bandwidth 50000000
    traffic ""
    reservation ""
  ]
  edge [
    source 3
    target 69
    key 0
    port 48
    weight 1
    bandwidth 50000000
    traffic ""
    reservation ""
  ]
  edge [
    source 4
    target 1
    key 0
    id "e22"
    bandwidth 50000000
    traffic ""
    reservation ""
    port 0
  ]
  edge [
    source 4
    target 7
    key 0
    id "e26"
    bandwidth 50000000
    traffic "18000000,18000000,3500000,3500000,3500000,3500000,200000,200000,200000,200000,200000"
    reservation "17487000.0,16677000.0,3837050.0,3807650.0,3976700.0,3208100.0,217040.0,221540.0,192260.0,185660.0,185660.0"
    port 1
  ]
  edge [
    source 5
    target 8
    key 0
    id "e28"
    bandwidth 50000000
    traffic "3500000,3500000,3500000,3500000,200000,200000,200000,200000,200000"
    reservation "3837050.0,3807650.0,3976700.0,3208100.0,217040.0,221540.0,192260.0,185660.0,185660.0"
    port 0
  ]
  edge [
    source 5
    target 6
    key 0
    id "e23"
    bandwidth 50000000
    traffic ""
    reservation ""
    port 1
  ]
  edge [
    source 5
    target 22
    key 0
    port 2
    weight 1
    bandwidth 350000000
    traffic "18000000,18000000,18000000,18000000"
    reservation "17487000.0,16677000.0,20592000.0,17487000.0"
  ]
  edge [
    source 6
    target 5
    key 0
    id "e23"
    bandwidth 50000000
    traffic "18000000,18000000,3500000,3500000,3500000,3500000,200000,200000,200000,200000,200000"
    reservation "17487000.0,16677000.0,3837050.0,3807650.0,3976700.0,3208100.0,217040.0,221540.0,192260.0,185660.0,185660.0"
    port 0
  ]
  edge [
    source 6
    target 8
    key 0
    id "e24"
    bandwidth 50000000
    traffic "18000000,3500000,3500000,3500000,18000000"
    reservation "20592000.0,3643850.0,3976700.0,3976700.0,17487000.0"
    port 1
  ]
  edge [
    source 6
    target 14
    key 0
    id "e6"
    bandwidth 50000000
    traffic ""
    reservation ""
    port 2
  ]
  edge [
    source 6
    target 7
    key 0
    id "e25"
    bandwidth 50000000
    traffic ""
    reservation ""
    port 3
  ]
  edge [
    source 7
    target 4
    key 0
    id "e26"
    bandwidth 50000000
    traffic ""
    reservation ""
    port 0
  ]
  edge [
    source 7
    target 6
    key 0
    id "e25"
    bandwidth 50000000
    traffic "18000000,18000000,3500000,3500000,3500000,3500000,200000,200000,200000,200000,200000"
    reservation "17487000.0,16677000.0,3837050.0,3807650.0,3976700.0,3208100.0,217040.0,221540.0,192260.0,185660.0,185660.0"
    port 1
  ]
  edge [
    source 7
    target 9
    key 0
    id "e27"
    bandwidth 50000000
    traffic ""
    reservation ""
    port 2
  ]
  edge [
    source 8
    target 5
    key 0
    id "e28"
    bandwidth 50000000
    traffic "18000000,18000000"
    reservation "20592000.0,17487000.0"
    port 0
  ]
  edge [
    source 8
    target 6
    key 0
    id "e24"
    bandwidth 50000000
    traffic ""
    reservation ""
    port 1
  ]
  edge [
    source 8
    target 9
    key 0
    id "e29"
    bandwidth 50000000
    traffic "3500000,3500000,3500000,3500000,3500000,3500000,3500000,200000,200000,200000,200000,200000"
    reservation "3837050.0,3807650.0,3976700.0,3208100.0,3643850.0,3976700.0,3976700.0,217040.0,221540.0,192260.0,185660.0,185660.0"
    port 2
  ]
  edge [
    source 9
    target 7
    key 0
    id "e27"
    bandwidth 50000000
    traffic ""
    reservation ""
    port 0
  ]
  edge [
    source 9
    target 8
    key 0
    id "e29"
    bandwidth 50000000
    traffic ""
    reservation ""
    port 1
  ]
  edge [
    source 9
    target 12
    key 0
    id "e1"
    bandwidth 50000000
    traffic "3500000,3500000,3500000,3500000,200000,200000,200000,200000,200000"
    reservation "3837050.0,3807650.0,3976700.0,3208100.0,217040.0,221540.0,192260.0,185660.0,185660.0"
    port 2
  ]
  edge [
    source 9
    target 13
    key 0
    id "e3"
    bandwidth 50000000
    traffic ""
    reservation ""
    port 3
  ]
  edge [
    source 9
    target 14
    key 0
    id "e4"
    bandwidth 50000000
    traffic ""
    reservation ""
    port 4
  ]
  edge [
    source 9
    target 15
    key 0
    id "e8"
    bandwidth 50000000
    traffic "3500000,3500000,3500000"
    reservation "3643850.0,3976700.0,3976700.0"
    port 5
  ]
  edge [
    source 10
    target 11
    key 0
    id "e16"
    bandwidth 50000000
    traffic "18000000,3500000,200000,200000,200000,200000,200000,200000,200000,200000,200000,200000,200000,200000,200000,200000,200000"
    reservation "16677000.0,3976700.0,221540.0,171980.0,171980.0,192260.0,171380.0,171380.0,217040.0,185840.0,177860.0,221840.0,221540.0,202880.0,174500.0,221840.0,221540.0"
    port 0
  ]
  edge [
    source 10
    target 19
    key 0
    id "e14"
    bandwidth 50000000
    traffic "3500000,3500000,3500000,3500000,3500000,3500000,3500000,3500000,3500000,3500000,3500000,200000,200000,200000,200000,200000,200000,200000,200000,200000,200000,200000,200000"
    reservation "3837050.0,3807650.0,3976700.0,3208100.0,3643850.0,3976700.0,3976700.0,3643850.0,3489500.0,3976700.0,3208100.0,171980.0,171380.0,221840.0,171980.0,192260.0,171380.0,185840.0,221540.0,171980.0,171980.0,198920.0,221840.0"
    port 1
  ]
  edge [
    source 10
    target 24
    key 0
    port 2
    weight 1
    bandwidth 50000000
    traffic ""
    reservation ""
  ]
  edge [
    source 10
    target 70
    key 0
    port 3
    weight 1
    bandwidth 50000000
    traffic ""
    reservation ""
  ]
  edge [
    source 10
    target 71
    key 0
    port 4
    weight 1
    bandwidth 50000000
    traffic ""
    reservation ""
  ]
  edge [
    source 10
    target 72
    key 0
    port 5
    weight 1
    bandwidth 50000000
    traffic ""
    reservation ""
  ]
  edge [
    source 10
    target 73
    key 0
    port 6
    weight 1
    bandwidth 50000000
    traffic ""
    reservation ""
  ]
  edge [
    source 10
    target 74
    key 0
    port 7
    weight 1
    bandwidth 50000000
    traffic ""
    reservation ""
  ]
  edge [
    source 10
    target 75
    key 0
    port 8
    weight 1
    bandwidth 50000000
    traffic ""
    reservation ""
  ]
  edge [
    source 10
    target 76
    key 0
    port 9
    weight 1
    bandwidth 50000000
    traffic ""
    reservation ""
  ]
  edge [
    source 10
    target 77
    key 0
    port 10
    weight 1
    bandwidth 50000000
    traffic ""
    reservation ""
  ]
  edge [
    source 10
    target 78
    key 0
    port 11
    weight 1
    bandwidth 50000000
    traffic ""
    reservation ""
  ]
  edge [
    source 10
    target 79
    key 0
    port 12
    weight 1
    bandwidth 50000000
    traffic ""
    reservation ""
  ]
  edge [
    source 10
    target 80
    key 0
    port 13
    weight 1
    bandwidth 50000000
    traffic ""
    reservation ""
  ]
  edge [
    source 10
    target 81
    key 0
    port 14
    weight 1
    bandwidth 50000000
    traffic ""
    reservation ""
  ]
  edge [
    source 10
    target 82
    key 0
    port 15
    weight 1
    bandwidth 50000000
    traffic ""
    reservation ""
  ]
  edge [
    source 10
    target 83
    key 0
    port 16
    weight 1
    bandwidth 50000000
    traffic ""
    reservation ""
  ]
  edge [
    source 10
    target 84
    key 0
    port 17
    weight 1
    bandwidth 50000000
    traffic ""
    reservation ""
  ]
  edge [
    source 10
    target 85
    key 0
    port 18
    weight 1
    bandwidth 50000000
    traffic ""
    reservation ""
  ]
  edge [
    source 11
    target 2
    key 0
    id "e17"
    bandwidth 50000000
    traffic "18000000,3500000,200000,200000,200000,200000,200000,200000,200000,200000,200000,200000,200000,200000,200000,200000,200000"
    reservation "16677000.0,3976700.0,221540.0,171980.0,171980.0,192260.0,171380.0,171380.0,217040.0,185840.0,177860.0,221840.0,221540.0,202880.0,174500.0,221840.0,221540.0"
    port 0
  ]
  edge [
    source 11
    target 10
    key 0
    id "e16"
    bandwidth 50000000
    traffic "3500000,3500000,3500000,3500000,3500000,3500000,3500000,3500000,3500000,3500000,3500000,200000,200000,200000,200000,200000,200000,200000,200000,200000,200000,200000,200000"
    reservation "3837050.0,3807650.0,3976700.0,3208100.0,3643850.0,3976700.0,3976700.0,3643850.0,3489500.0,3976700.0,3208100.0,171980.0,171380.0,221840.0,171980.0,192260.0,171380.0,185840.0,221540.0,171980.0,171980.0,198920.0,221840.0"
    port 1
  ]
  edge [
    source 12
    target 9
    key 0
    id "e1"
    bandwidth 50000000
    traffic ""
    reservation ""
    port 0
  ]
  edge [
    source 12
    target 13
    key 0
    id "e0"
    bandwidth 50000000
    traffic "3500000,3500000,3500000,3500000,200000,200000,200000,200000,200000"
    reservation "3837050.0,3807650.0,3976700.0,3208100.0,217040.0,221540.0,192260.0,185660.0,185660.0"
    port 1
  ]
  edge [
    source 13
    target 9
    key 0
    id "e3"
    bandwidth 50000000
    traffic ""
    reservation ""
    port 0
  ]
  edge [
    source 13
    target 12
    key 0
    id "e0"
    bandwidth 50000000
    traffic ""
    reservation ""
    port 1
  ]
  edge [
    source 13
    target 14
    key 0
    id "e2"
    bandwidth 50000000
    traffic "3500000,3500000,3500000,3500000,200000,200000,200000,200000,200000"
    reservation "3837050.0,3807650.0,3976700.0,3208100.0,217040.0,221540.0,192260.0,185660.0,185660.0"
    port 2
  ]
  edge [
    source 14
    target 0
    key 0
    id "e7"
    bandwidth 50000000
    traffic "18000000"
    reservation "16677000.0"
    port 0
  ]
  edge [
    source 14
    target 6
    key 0
    id "e6"
    bandwidth 50000000
    traffic "18000000,3500000,3500000,3500000,18000000"
    reservation "20592000.0,3643850.0,3976700.0,3976700.0,17487000.0"
    port 1
  ]
  edge [
    source 14
    target 9
    key 0
    id "e4"
    bandwidth 50000000
    traffic ""
    reservation ""
    port 2
  ]
  edge [
    source 14
    target 13
    key 0
    id "e2"
    bandwidth 50000000
    traffic ""
    reservation ""
    port 3
  ]
  edge [
    source 14
    target 16
    key 0
    id "e5"
    bandwidth 50000000
    traffic "3500000,3500000,3500000,3500000"
    reservation "3837050.0,3807650.0,3976700.0,3208100.0"
    port 4
  ]
  edge [
    source 14
    target 21
    key 0
    port 5
    weight 1
    bandwidth 350000000
    traffic "200000,200000,200000,200000,200000,200000,200000,200000,200000,200000,200000,200000,200000,200000,200000,200000,200000,200000,200000,200000,200000,200000,200000,200000,200000,200000,200000,200000,200000,200000,200000,200000,200000,200000,200000,200000,200000,200000"
    reservation "217040.0,221540.0,192260.0,185660.0,185660.0,177320.0,217040.0,181820.0,171380.0,185660.0,177320.0,171980.0,171380.0,221840.0,171980.0,192260.0,171380.0,185840.0,221540.0,171980.0,171980.0,198920.0,221840.0,221540.0,171980.0,171980.0,192260.0,171380.0,171380.0,217040.0,185840.0,177860.0,221840.0,221540.0,202880.0,174500.0,221840.0,221540.0"
  ]
  edge [
    source 15
    target 9
    key 0
    id "e8"
    bandwidth 50000000
    traffic ""
    reservation ""
    port 0
  ]
  edge [
    source 15
    target 16
    key 0
    id "e9"
    bandwidth 50000000
    traffic "3500000,3500000,3500000"
    reservation "3643850.0,3976700.0,3976700.0"
    port 1
  ]
  edge [
    source 16
    target 2
    key 0
    id "e10"
    bandwidth 50000000
    traffic "3500000,3500000,3500000,3500000,3500000,3500000,3500000"
    reservation "3837050.0,3807650.0,3976700.0,3208100.0,3643850.0,3976700.0,3976700.0"
    port 0
  ]
  edge [
    source 16
    target 14
    key 0
    id "e5"
    bandwidth 50000000
    traffic "18000000,200000,200000,200000,200000,200000,200000,200000,200000,200000,200000,200000,200000,200000,200000,200000,200000,200000,200000,200000,200000,200000,200000,200000,200000,200000,200000,200000,200000,200000,200000,200000,200000"
    reservation "16677000.0,217040.0,181820.0,171380.0,185660.0,177320.0,171980.0,171380.0,221840.0,171980.0,192260.0,171380.0,185840.0,221540.0,171980.0,171980.0,198920.0,221840.0,221540.0,171980.0,171980.0,192260.0,171380.0,171380.0,217040.0,185840.0,177860.0,221840.0,221540.0,202880.0,174500.0,221840.0,221540.0"
    port 1
  ]
  edge [
    source 16
    target 15
    key 0
    id "e9"
    bandwidth 50000000
    traffic ""
    reservation ""
    port 2
  ]
  edge [
    source 16
    target 17
    key 0
    id "e11"
    bandwidth 50000000
    traffic "3500000,3500000,3500000,3500000,3500000,3500000,3500000,3500000,3500000"
    reservation "3303650.0,3976700.0,3489500.0,3643850.0,3489500.0,3643850.0,3303650.0,3807650.0,3643850.0"
    port 3
  ]
  edge [
    source 17
    target 16
    key 0
    id "e11"
    bandwidth 50000000
    traffic "200000,200000,200000,200000,200000,200000,200000,200000,200000,200000,200000,200000,200000,200000,200000,200000,200000,200000,200000,200000,200000,200000,200000,200000,200000,200000,200000"
    reservation "171980.0,171380.0,221840.0,171980.0,192260.0,171380.0,185840.0,221540.0,171980.0,171980.0,198920.0,221840.0,221540.0,171980.0,171980.0,192260.0,171380.0,171380.0,217040.0,185840.0,177860.0,221840.0,221540.0,202880.0,174500.0,221840.0,221540.0"
    port 0
  ]
  edge [
    source 17
    target 18
    key 0
    id "e12"
    bandwidth 50000000
    traffic "3500000,3500000,3500000,3500000,3500000,3500000,3500000,3500000,3500000"
    reservation "3303650.0,3976700.0,3489500.0,3643850.0,3489500.0,3643850.0,3303650.0,3807650.0,3643850.0"
    port 1
  ]
  edge [
    source 18
    target 17
    key 0
    id "e12"
    bandwidth 50000000
    traffic "200000,200000,200000,200000,200000,200000,200000,200000,200000,200000,200000,200000,200000,200000,200000,200000,200000,200000,200000,200000,200000,200000,200000,200000,200000,200000,200000"
    reservation "171980.0,171380.0,221840.0,171980.0,192260.0,171380.0,185840.0,221540.0,171980.0,171980.0,198920.0,221840.0,221540.0,171980.0,171980.0,192260.0,171380.0,171380.0,217040.0,185840.0,177860.0,221840.0,221540.0,202880.0,174500.0,221840.0,221540.0"
    port 0
  ]
  edge [
    source 18
    target 19
    key 0
    id "e13"
    bandwidth 50000000
    traffic ""
    reservation ""
    port 1
  ]
  edge [
    source 18
    target 20
    key 0
    port 2
    weight 1
    bandwidth 350000000
    traffic "3500000,3500000,3500000,3500000,3500000,3500000,3500000,3500000,3500000,3500000,3500000,3500000,3500000,3500000,3500000,3500000,3500000,3500000,3500000,3500000,3500000"
    reservation "3837050.0,3807650.0,3976700.0,3208100.0,3643850.0,3976700.0,3976700.0,3303650.0,3976700.0,3489500.0,3643850.0,3489500.0,3643850.0,3303650.0,3807650.0,3643850.0,3643850.0,3489500.0,3976700.0,3208100.0,3976700.0"
  ]
  edge [
    source 19
    target 2
    key 0
    id "e15"
    bandwidth 50000000
    traffic ""
    reservation ""
    port 0
  ]
  edge [
    source 19
    target 10
    key 0
    id "e14"
    bandwidth 50000000
    traffic ""
    reservation ""
    port 1
  ]
  edge [
    source 19
    target 18
    key 0
    id "e13"
    bandwidth 50000000
    traffic "3500000,3500000,3500000,3500000,3500000,3500000,3500000,3500000,3500000,3500000,3500000,200000,200000,200000,200000,200000,200000,200000,200000,200000,200000,200000,200000,3500000,200000,200000,200000,200000,200000,200000,200000,200000,200000,200000,200000,200000,200000,200000,200000"
    reservation "3837050.0,3807650.0,3976700.0,3208100.0,3643850.0,3976700.0,3976700.0,3643850.0,3489500.0,3976700.0,3208100.0,171980.0,171380.0,221840.0,171980.0,192260.0,171380.0,185840.0,221540.0,171980.0,171980.0,198920.0,221840.0,3976700.0,221540.0,171980.0,171980.0,192260.0,171380.0,171380.0,217040.0,185840.0,177860.0,221840.0,221540.0,202880.0,174500.0,221840.0,221540.0"
    port 2
  ]
  edge [
    source 20
    target 18
    key 0
    port 0
    weight 1
    bandwidth 350000000
    traffic ""
    reservation ""
  ]
  edge [
    source 21
    target 14
    key 0
    port 0
    weight 1
    bandwidth 350000000
    traffic ""
    reservation ""
  ]
  edge [
    source 22
    target 5
    key 0
    port 0
    weight 1
    bandwidth 350000000
    traffic ""
    reservation ""
  ]
  edge [
    source 23
    target 3
    key 0
    port 0
    weight 1
    bandwidth 50000000
    traffic "18000000"
    reservation "17487000.0"
  ]
  edge [
    source 24
    target 10
    key 0
    port 0
    weight 1
    bandwidth 50000000
    traffic "18000000"
    reservation "16677000.0"
  ]
  edge [
    source 25
    target 3
    key 0
    port 0
    weight 1
    bandwidth 50000000
    traffic "3500000"
    reservation "3837050.0"
  ]
  edge [
    source 26
    target 3
    key 0
    port 0
    weight 1
    bandwidth 50000000
    traffic "3500000"
    reservation "3807650.0"
  ]
  edge [
    source 27
    target 3
    key 0
    port 0
    weight 1
    bandwidth 50000000
    traffic "3500000"
    reservation "3976700.0"
  ]
  edge [
    source 28
    target 3
    key 0
    port 0
    weight 1
    bandwidth 50000000
    traffic "3500000"
    reservation "3208100.0"
  ]
  edge [
    source 29
    target 3
    key 0
    port 0
    weight 1
    bandwidth 50000000
    traffic "18000000"
    reservation "20592000.0"
  ]
  edge [
    source 30
    target 3
    key 0
    port 0
    weight 1
    bandwidth 50000000
    traffic "3500000"
    reservation "3643850.0"
  ]
  edge [
    source 31
    target 3
    key 0
    port 0
    weight 1
    bandwidth 50000000
    traffic "3500000"
    reservation "3976700.0"
  ]
  edge [
    source 32
    target 3
    key 0
    port 0
    weight 1
    bandwidth 50000000
    traffic "3500000"
    reservation "3976700.0"
  ]
  edge [
    source 33
    target 3
    key 0
    port 0
    weight 1
    bandwidth 50000000
    traffic "18000000"
    reservation "17487000.0"
  ]
  edge [
    source 34
    target 3
    key 0
    port 0
    weight 1
    bandwidth 50000000
    traffic "3500000"
    reservation "3303650.0"
  ]
  edge [
    source 35
    target 3
    key 0
    port 0
    weight 1
    bandwidth 50000000
    traffic "3500000"
    reservation "3976700.0"
  ]
  edge [
    source 36
    target 3
    key 0
    port 0
    weight 1
    bandwidth 50000000
    traffic "3500000"
    reservation "3489500.0"
  ]
  edge [
    source 37
    target 3
    key 0
    port 0
    weight 1
    bandwidth 50000000
    traffic "3500000"
    reservation "3643850.0"
  ]
  edge [
    source 38
    target 3
    key 0
    port 0
    weight 1
    bandwidth 50000000
    traffic "3500000"
    reservation "3489500.0"
  ]
  edge [
    source 39
    target 3
    key 0
    port 0
    weight 1
    bandwidth 50000000
    traffic "200000"
    reservation "217040.0"
  ]
  edge [
    source 40
    target 3
    key 0
    port 0
    weight 1
    bandwidth 50000000
    traffic "3500000"
    reservation "3643850.0"
  ]
  edge [
    source 41
    target 3
    key 0
    port 0
    weight 1
    bandwidth 50000000
    traffic "200000"
    reservation "221540.0"
  ]
  edge [
    source 42
    target 3
    key 0
    port 0
    weight 1
    bandwidth 50000000
    traffic "3500000"
    reservation "3303650.0"
  ]
  edge [
    source 43
    target 3
    key 0
    port 0
    weight 1
    bandwidth 50000000
    traffic "3500000"
    reservation "3807650.0"
  ]
  edge [
    source 44
    target 3
    key 0
    port 0
    weight 1
    bandwidth 50000000
    traffic "3500000"
    reservation "3643850.0"
  ]
  edge [
    source 45
    target 3
    key 0
    port 0
    weight 1
    bandwidth 50000000
    traffic "3500000"
    reservation "3643850.0"
  ]
  edge [
    source 46
    target 3
    key 0
    port 0
    weight 1
    bandwidth 50000000
    traffic "3500000"
    reservation "3489500.0"
  ]
  edge [
    source 47
    target 3
    key 0
    port 0
    weight 1
    bandwidth 50000000
    traffic "3500000"
    reservation "3976700.0"
  ]
  edge [
    source 48
    target 3
    key 0
    port 0
    weight 1
    bandwidth 50000000
    traffic "200000"
    reservation "192260.0"
  ]
  edge [
    source 49
    target 3
    key 0
    port 0
    weight 1
    bandwidth 50000000
    traffic "3500000"
    reservation "3208100.0"
  ]
  edge [
    source 50
    target 3
    key 0
    port 0
    weight 1
    bandwidth 50000000
    traffic "200000"
    reservation "185660.0"
  ]
  edge [
    source 51
    target 3
    key 0
    port 0
    weight 1
    bandwidth 50000000
    traffic "200000"
    reservation "185660.0"
  ]
  edge [
    source 52
    target 3
    key 0
    port 0
    weight 1
    bandwidth 50000000
    traffic "200000"
    reservation "177320.0"
  ]
  edge [
    source 53
    target 3
    key 0
    port 0
    weight 1
    bandwidth 50000000
    traffic "200000"
    reservation "217040.0"
  ]
  edge [
    source 54
    target 3
    key 0
    port 0
    weight 1
    bandwidth 50000000
    traffic "200000"
    reservation "181820.0"
  ]
  edge [
    source 55
    target 3
    key 0
    port 0
    weight 1
    bandwidth 50000000
    traffic "200000"
    reservation "171380.0"
  ]
  edge [
    source 56
    target 3
    key 0
    port 0
    weight 1
    bandwidth 50000000
    traffic "200000"
    reservation "185660.0"
  ]
  edge [
    source 57
    target 3
    key 0
    port 0
    weight 1
    bandwidth 50000000
    traffic "200000"
    reservation "177320.0"
  ]
  edge [
    source 58
    target 3
    key 0
    port 0
    weight 1
    bandwidth 50000000
    traffic "200000"
    reservation "171980.0"
  ]
  edge [
    source 59
    target 3
    key 0
    port 0
    weight 1
    bandwidth 50000000
    traffic "200000"
    reservation "171380.0"
  ]
  edge [
    source 60
    target 3
    key 0
    port 0
    weight 1
    bandwidth 50000000
    traffic "200000"
    reservation "221840.0"
  ]
  edge [
    source 61
    target 3
    key 0
    port 0
    weight 1
    bandwidth 50000000
    traffic "200000"
    reservation "171980.0"
  ]
  edge [
    source 62
    target 3
    key 0
    port 0
    weight 1
    bandwidth 50000000
    traffic "200000"
    reservation "192260.0"
  ]
  edge [
    source 63
    target 3
    key 0
    port 0
    weight 1
    bandwidth 50000000
    traffic "200000"
    reservation "171380.0"
  ]
  edge [
    source 64
    target 3
    key 0
    port 0
    weight 1
    bandwidth 50000000
    traffic "200000"
    reservation "185840.0"
  ]
  edge [
    source 65
    target 3
    key 0
    port 0
    weight 1
    bandwidth 50000000
    traffic "200000"
    reservation "221540.0"
  ]
  edge [
    source 66
    target 3
    key 0
    port 0
    weight 1
    bandwidth 50000000
    traffic "200000"
    reservation "171980.0"
  ]
  edge [
    source 67
    target 3
    key 0
    port 0
    weight 1
    bandwidth 50000000
    traffic "200000"
    reservation "171980.0"
  ]
  edge [
    source 68
    target 3
    key 0
    port 0
    weight 1
    bandwidth 50000000
    traffic "200000"
    reservation "198920.0"
  ]
  edge [
    source 69
    target 3
    key 0
    port 0
    weight 1
    bandwidth 50000000
    traffic "200000"
    reservation "221840.0"
  ]
  edge [
    source 70
    target 10
    key 0
    port 0
    weight 1
    bandwidth 50000000
    traffic "3500000"
    reservation "3976700.0"
  ]
  edge [
    source 71
    target 10
    key 0
    port 0
    weight 1
    bandwidth 50000000
    traffic "200000"
    reservation "221540.0"
  ]
  edge [
    source 72
    target 10
    key 0
    port 0
    weight 1
    bandwidth 50000000
    traffic "200000"
    reservation "171980.0"
  ]
  edge [
    source 73
    target 10
    key 0
    port 0
    weight 1
    bandwidth 50000000
    traffic "200000"
    reservation "171980.0"
  ]
  edge [
    source 74
    target 10
    key 0
    port 0
    weight 1
    bandwidth 50000000
    traffic "200000"
    reservation "192260.0"
  ]
  edge [
    source 75
    target 10
    key 0
    port 0
    weight 1
    bandwidth 50000000
    traffic "200000"
    reservation "171380.0"
  ]
  edge [
    source 76
    target 10
    key 0
    port 0
    weight 1
    bandwidth 50000000
    traffic "200000"
    reservation "171380.0"
  ]
  edge [
    source 77
    target 10
    key 0
    port 0
    weight 1
    bandwidth 50000000
    traffic "200000"
    reservation "217040.0"
  ]
  edge [
    source 78
    target 10
    key 0
    port 0
    weight 1
    bandwidth 50000000
    traffic "200000"
    reservation "185840.0"
  ]
  edge [
    source 79
    target 10
    key 0
    port 0
    weight 1
    bandwidth 50000000
    traffic "200000"
    reservation "177860.0"
  ]
  edge [
    source 80
    target 10
    key 0
    port 0
    weight 1
    bandwidth 50000000
    traffic "200000"
    reservation "221840.0"
  ]
  edge [
    source 81
    target 10
    key 0
    port 0
    weight 1
    bandwidth 50000000
    traffic "200000"
    reservation "221540.0"
  ]
  edge [
    source 82
    target 10
    key 0
    port 0
    weight 1
    bandwidth 50000000
    traffic "200000"
    reservation "202880.0"
  ]
  edge [
    source 83
    target 10
    key 0
    port 0
    weight 1
    bandwidth 50000000
    traffic "200000"
    reservation "174500.0"
  ]
  edge [
    source 84
    target 10
    key 0
    port 0
    weight 1
    bandwidth 50000000
    traffic "200000"
    reservation "221840.0"
  ]
  edge [
    source 85
    target 10
    key 0
    port 0
    weight 1
    bandwidth 50000000
    traffic "200000"
    reservation "221540.0"
  ]
]
