graph [
  directed 1
  multigraph 1
  GeoLocation "Kent, UK"
  GeoExtent "Region"
  Network "KentMan"
  Provenance "Secondary"
  Note "JANET local provider, Geolocation for Beacon Hill approximated"
  Source "http://replay.waybackmachine.org/20050206124154/http://www.kentman.ac.uk/kman/map.html"
  Version "1.0"
  Type "REN"
  DateType "Historic"
  Backbone 1
  Commercial 0
  label "KentmanJul2005"
  ToolsetVersion "0.3.34dev-20120328"
  Customer 0
  IX 0
  SourceGitVersion "e278b1b"
  DateModifier "="
  DateMonth "07"
  LastAccess "31/01/11"
  Access 0
  Layer "IP"
  Creator "Topology Zoo Toolset"
  Developed 1
  Transit 0
  NetworkDate "2005_07"
  DateYear "2005"
  LastProcessed "2011_09_01"
  Testbed 0
  levelsToS 88
  node [
    id 0
    label "0"
    Country "United Kingdom"
    Longitude 0.5046
    Internal 1
    Latitude 51.33265
    type "antenna"
    schedulingPolicy "WFQ"
    tosToQoSqueue "28,43,47,61,67;31,56,71;33,60,63,74,76;41;27;44,53,73;26,50,54;37,75;25,48;36,45,58,64,66,72;24,40,52,59;32,49,57;30,35,55,77,83,84;34,39,78,81,82,87;29,46,51,62,68,69,79,80,85,86;19,23;38,42,70;20,65;21,0,1,2,3,4,5,6,7,8,9,10,11,12,13,14,15,16,17,18,22"
    schedulingWeights "6.611,2.281,2.479,2.186,2.573,2.42,2.212,2.068,5.325,4.934,5.326,2.494,0.355,0.276,0.674,10.65,21.775,13.184,12.176;0.001,0.001,0.001,0.001,0.001,0.001,0.001,0.001,0.001,0.001,0.001,0.001,0.001,0.001,0.001,0.001,0.001,0.001,99.982;4.408,4.562,9.916,0.001,0.001,4.84,4.423,2.068,0.001,9.868,5.326,4.989,0.355,0.552,0.674,10.65,10.888,13.184,13.295;0.001,0.001,0.001,0.001,0.001,0.001,0.001,0.001,0.001,0.001,0.001,0.001,0.001,0.001,0.001,0.001,0.001,0.001,99.982;0.001,0.001,0.001,0.001,0.001,0.001,0.001,0.001,0.001,0.001,0.001,0.001,0.001,0.001,0.001,0.001,0.001,0.001,99.982;0.001,0.001,0.001,0.001,0.001,0.001,0.001,0.001,0.001,0.001,0.001,0.001,0.001,0.001,0.001,0.001,0.001,0.001,99.982;0.001,0.001,0.001,0.001,0.001,0.001,0.001,0.001,0.001,0.001,0.001,0.001,0.001,0.001,0.001,0.001,0.001,0.001,99.982;0.001,0.001,0.001,0.001,0.001,0.001,0.001,0.001,0.001,0.001,0.001,0.001,0.001,0.001,0.001,0.001,0.001,0.001,99.982;0.001,0.001,0.001,0.001,0.001,0.001,0.001,0.001,0.001,0.001,0.001,0.001,0.001,0.001,0.001,0.001,0.001,0.001,99.982;0.001,0.001,0.001,0.001,0.001,0.001,0.001,0.001,0.001,0.001,0.001,0.001,0.001,0.001,0.001,0.001,0.001,0.001,99.982;0.001,0.001,0.001,0.001,0.001,0.001,0.001,0.001,0.001,0.001,0.001,0.001,0.001,0.001,0.001,0.001,0.001,0.001,99.982;0.001,0.001,0.001,0.001,0.001,0.001,0.001,0.001,0.001,0.001,0.001,0.001,0.001,0.001,0.001,0.001,0.001,0.001,99.982;0.001,0.001,0.001,0.001,0.001,0.001,0.001,0.001,0.001,0.001,0.001,0.001,0.001,0.001,0.001,0.001,0.001,0.001,99.982;0.001,0.001,0.001,0.001,0.001,0.001,0.001,0.001,0.001,0.001,0.001,0.001,0.001,0.001,0.001,0.001,0.001,0.001,99.982;0.001,0.001,0.001,0.001,0.001,0.001,0.001,0.001,0.001,0.001,0.001,0.001,0.001,0.001,0.001,0.001,0.001,0.001,99.982;0.001,0.001,0.001,0.001,0.001,0.001,0.001,0.001,0.001,0.001,0.001,0.001,0.001,0.001,0.001,0.001,0.001,0.001,99.982;0.001,0.001,0.001,0.001,0.001,0.001,0.001,0.001,0.001,0.001,0.001,0.001,0.001,0.001,0.001,0.001,0.001,0.001,99.982;0.001,0.001,0.001,0.001,0.001,0.001,0.001,0.001,0.001,0.001,0.001,0.001,0.001,0.001,0.001,0.001,0.001,0.001,99.982;0.001,0.001,0.001,0.001,0.001,0.001,0.001,0.001,0.001,0.001,0.001,0.001,0.001,0.001,0.001,0.001,0.001,0.001,99.982;0.001,0.001,0.001,0.001,0.001,0.001,0.001,0.001,0.001,0.001,0.001,0.001,0.001,0.001,0.001,0.001,0.001,0.001,99.982;0.001,0.001,0.001,0.001,0.001,0.001,0.001,0.001,0.001,0.001,0.001,0.001,0.001,0.001,0.001,0.001,0.001,0.001,99.982;0.001,0.001,0.001,0.001,0.001,0.001,0.001,0.001,0.001,0.001,0.001,0.001,0.001,0.001,0.001,0.001,0.001,0.001,99.982;0.001,0.001,0.001,0.001,0.001,0.001,0.001,0.001,0.001,0.001,0.001,0.001,0.001,0.001,0.001,0.001,0.001,0.001,99.982;0.001,0.001,0.001,0.001,0.001,0.001,0.001,0.001,0.001,0.001,0.001,0.001,0.001,0.001,0.001,0.001,0.001,0.001,99.982;0.001,0.001,0.001,0.001,0.001,0.001,0.001,0.001,0.001,0.001,0.001,0.001,0.001,0.001,0.001,0.001,0.001,0.001,99.982;0.001,0.001,0.001,0.001,0.001,0.001,0.001,0.001,0.001,0.001,0.001,0.001,0.001,0.001,0.001,0.001,0.001,0.001,99.982;0.001,0.001,0.001,0.001,0.001,0.001,0.001,0.001,0.001,0.001,0.001,0.001,0.001,0.001,0.001,0.001,0.001,0.001,99.982;0.001,0.001,0.001,0.001,0.001,0.001,0.001,0.001,0.001,0.001,0.001,0.001,0.001,0.001,0.001,0.001,0.001,0.001,99.982;0.001,0.001,0.001,0.001,0.001,0.001,0.001,0.001,0.001,0.001,0.001,0.001,0.001,0.001,0.001,0.001,0.001,0.001,99.982;0.001,0.001,0.001,0.001,0.001,0.001,0.001,0.001,0.001,0.001,0.001,0.001,0.001,0.001,0.001,0.001,0.001,0.001,99.982;0.001,0.001,0.001,0.001,0.001,0.001,0.001,0.001,0.001,0.001,0.001,0.001,0.001,0.001,0.001,0.001,0.001,0.001,99.982;0.001,0.001,0.001,0.001,0.001,0.001,0.001,0.001,0.001,0.001,0.001,0.001,0.001,0.001,0.001,0.001,0.001,0.001,99.982;0.001,0.001,0.001,0.001,0.001,0.001,0.001,0.001,0.001,0.001,0.001,0.001,0.001,0.001,0.001,0.001,0.001,0.001,99.982;0.001,0.001,0.001,0.001,0.001,0.001,0.001,0.001,0.001,0.001,0.001,0.001,0.001,0.001,0.001,0.001,0.001,0.001,99.982;0.001,0.001,0.001,0.001,0.001,0.001,0.001,0.001,0.001,0.001,0.001,0.001,0.001,0.001,0.001,0.001,0.001,0.001,99.982;0.001,0.001,0.001,0.001,0.001,0.001,0.001,0.001,0.001,0.001,0.001,0.001,0.001,0.001,0.001,0.001,0.001,0.001,99.982;0.001,0.001,0.001,0.001,0.001,0.001,0.001,0.001,0.001,0.001,0.001,0.001,0.001,0.001,0.001,0.001,0.001,0.001,99.982;0.001,0.001,0.001,0.001,0.001,0.001,0.001,0.001,0.001,0.001,0.001,0.001,0.001,0.001,0.001,0.001,0.001,0.001,99.982;0.001,0.001,0.001,0.001,0.001,0.001,0.001,0.001,0.001,0.001,0.001,0.001,0.001,0.001,0.001,0.001,0.001,0.001,99.982;0.001,0.001,0.001,0.001,0.001,0.001,0.001,0.001,0.001,0.001,0.001,0.001,0.001,0.001,0.001,0.001,0.001,0.001,99.982;0.001,0.001,0.001,0.001,0.001,0.001,0.001,0.001,0.001,0.001,0.001,0.001,0.001,0.001,0.001,0.001,0.001,0.001,99.982;0.001,0.001,0.001,0.001,0.001,0.001,0.001,0.001,0.001,0.001,0.001,0.001,0.001,0.001,0.001,0.001,0.001,0.001,99.982;0.001,0.001,0.001,0.001,0.001,0.001,0.001,0.001,0.001,0.001,0.001,0.001,0.001,0.001,0.001,0.001,0.001,0.001,99.982;0.001,0.001,0.001,0.001,0.001,0.001,0.001,0.001,0.001,0.001,0.001,0.001,0.001,0.001,0.001,0.001,0.001,0.001,99.982;0.001,0.001,0.001,0.001,0.001,0.001,0.001,0.001,0.001,0.001,0.001,0.001,0.001,0.001,0.001,0.001,0.001,0.001,99.982;0.001,0.001,0.001,0.001,0.001,0.001,0.001,0.001,0.001,0.001,0.001,0.001,0.001,0.001,0.001,0.001,0.001,0.001,99.982;0.001,0.001,0.001,0.001,0.001,0.001,0.001,0.001,0.001,0.001,0.001,0.001,0.001,0.001,0.001,0.001,0.001,0.001,99.982;0.001,0.001,0.001,0.001,0.001,0.001,0.001,0.001,0.001,0.001,0.001,0.001,0.001,0.001,0.001,0.001,0.001,0.001,99.982;0.001,0.001,0.001,0.001,0.001,0.001,0.001,0.001,0.001,0.001,0.001,0.001,0.001,0.001,0.001,0.001,0.001,0.001,99.982;0.001,0.001,0.001,0.001,0.001,0.001,0.001,0.001,0.001,0.001,0.001,0.001,0.001,0.001,0.001,0.001,0.001,0.001,99.982;0.001,0.001,0.001,0.001,0.001,0.001,0.001,0.001,0.001,0.001,0.001,0.001,0.001,0.001,0.001,0.001,0.001,0.001,99.982;0.001,0.001,0.001,0.001,0.001,0.001,0.001,0.001,0.001,0.001,0.001,0.001,0.001,0.001,0.001,0.001,0.001,0.001,99.982;0.001,0.001,0.001,0.001,0.001,0.001,0.001,0.001,0.001,0.001,0.001,0.001,0.001,0.001,0.001,0.001,0.001,0.001,99.982;0.001,0.001,0.001,0.001,0.001,0.001,0.001,0.001,0.001,0.001,0.001,0.001,0.001,0.001,0.001,0.001,0.001,0.001,99.982;0.001,0.001,0.001,0.001,0.001,0.001,0.001,0.001,0.001,0.001,0.001,0.001,0.001,0.001,0.001,0.001,0.001,0.001,99.982;0.001,0.001,0.001,0.001,0.001,0.001,0.001,0.001,0.001,0.001,0.001,0.001,0.001,0.001,0.001,0.001,0.001,0.001,99.982;0.001,0.001,0.001,0.001,0.001,0.001,0.001,0.001,0.001,0.001,0.001,0.001,0.001,0.001,0.001,0.001,0.001,0.001,99.982;0.001,0.001,0.001,0.001,0.001,0.001,0.001,0.001,0.001,0.001,0.001,0.001,0.001,0.001,0.001,0.001,0.001,0.001,99.982;0.001,0.001,0.001,0.001,0.001,0.001,0.001,0.001,0.001,0.001,0.001,0.001,0.001,0.001,0.001,0.001,0.001,0.001,99.982;0.001,0.001,0.001,0.001,0.001,0.001,0.001,0.001,0.001,0.001,0.001,0.001,0.001,0.001,0.001,0.001,0.001,0.001,99.982;0.001,0.001,0.001,0.001,0.001,0.001,0.001,0.001,0.001,0.001,0.001,0.001,0.001,0.001,0.001,0.001,0.001,0.001,99.982;0.001,0.001,0.001,0.001,0.001,0.001,0.001,0.001,0.001,0.001,0.001,0.001,0.001,0.001,0.001,0.001,0.001,0.001,99.982;0.001,0.001,0.001,0.001,0.001,0.001,0.001,0.001,0.001,0.001,0.001,0.001,0.001,0.001,0.001,0.001,0.001,0.001,99.982;0.001,0.001,0.001,0.001,0.001,0.001,0.001,0.001,0.001,0.001,0.001,0.001,0.001,0.001,0.001,0.001,0.001,0.001,99.982;0.001,0.001,0.001,0.001,0.001,0.001,0.001,0.001,0.001,0.001,0.001,0.001,0.001,0.001,0.001,0.001,0.001,0.001,99.982;0.001,0.001,0.001,0.001,0.001,0.001,0.001,0.001,0.001,0.001,0.001,0.001,0.001,0.001,0.001,0.001,0.001,0.001,99.982;0.001,0.001,0.001,0.001,0.001,0.001,0.001,0.001,0.001,0.001,0.001,0.001,0.001,0.001,0.001,0.001,0.001,0.001,99.982;0.001,0.001,0.001,0.001,0.001,0.001,0.001,0.001,0.001,0.001,0.001,0.001,0.001,0.001,0.001,0.001,0.001,0.001,99.982;0.001,0.001,0.001,0.001,0.001,0.001,0.001,0.001,0.001,0.001,0.001,0.001,0.001,0.001,0.001,0.001,0.001,0.001,99.982;0.001,0.001,0.001,0.001,0.001,0.001,0.001,0.001,0.001,0.001,0.001,0.001,0.001,0.001,0.001,0.001,0.001,0.001,99.982;0.001,0.001,0.001,0.001,0.001,0.001,0.001,0.001,0.001,0.001,0.001,0.001,0.001,0.001,0.001,0.001,0.001,0.001,99.982"
    levelsQoS 19
    queueSizes "32,32,32,32,32,32,32,32,32,32,32,32,32,32,32,32,32,32,32"
  ]
  node [
    id 1
    label "1"
    Country "United Kingdom"
    Longitude 0.93678
    Internal 1
    Latitude 51.18249
    type "destination_embb"
    schedulingPolicy "FIFO"
    levelsQoS "1"
    schedulingWeights "-"
    tosToQoSqueue "0,1,2,3,4,5,6,7,8,9,10,11,12,13,14,15,16,17,18,19,20,21,22,23,24,25,26,27,28,29,30,31,32,33,34,35,36,37,38,39,40,41,42,43,44,45,46,47,48,49,50,51,52,53,54,55,56,57,58,59,60,61,62,63,64,65,66,67,68,69,70,71,72,73,74,75,76,77,78,79,80,81,82,83,84,85,86,87"
    queueSizes "32"
  ]
  node [
    id 2
    label "2"
    Country "United Kingdom"
    Longitude 0.97929
    Internal 1
    Latitude 51.29169
    type "inner"
    schedulingPolicy "WFQ"
    tosToQoSqueue "28,43,47;31;33;41;27;44;26;37;25,48;36,45;24,40;32;30,35,55;34,39;29,46,51,62,68;23;38,42;20;21,0,1,2,3,4,5,6,7,8,9,10,11,12,13,14,15,16,17,18,19,22,49,50,52,53,54,56,57,58,59,60,61,63,64,65,66,67,69,70,71,72,73,74,75,76,77,78,79,80,81,82,83,84,85,86,87"
    schedulingWeights "0.001,0.001,0.001,0.001,0.001,0.001,0.001,0.001,0.001,0.001,0.001,0.001,0.001,0.001,0.001,0.001,0.001,0.001,99.982;6.611,2.281,2.479,2.186,2.573,2.42,2.212,2.068,5.325,4.934,5.326,2.494,0.355,0.276,0.674,10.65,21.775,13.184,12.176"
    levelsQoS 19
    queueSizes "32,32,32,32,32,32,32,32,32,32,32,32,32,32,32,32,32,32,32"
  ]
  node [
    id 3
    label "3"
    Country "United Kingdom"
    Longitude 0.43333
    Internal 1
    Latitude 51.4
    type "antenna"
    schedulingPolicy "WFQ"
    tosToQoSqueue "28,43,47;31;33;41;27;44;26;37;25,48;36,45;24,40;32;30,35,55;34,39;29,46,51,62,68;19,23;38,42;20;21,0,1,2,3,4,5,6,7,8,9,10,11,12,13,14,15,16,17,18,22,49,50,52,53,54,56,57,58,59,60,61,63,64,65,66,67,69,70,71,72,73,74,75,76,77,78,79,80,81,82,83,84,85,86,87"
    schedulingWeights "0.001,0.001,0.001,0.001,0.001,0.001,0.001,0.001,0.001,0.001,0.001,0.001,0.001,0.001,0.001,10.65,0.001,0.001,89.333;6.611,2.281,2.479,2.186,2.573,2.42,2.212,2.068,5.325,4.934,5.326,2.494,0.355,0.276,0.674,10.65,21.775,13.184,12.176;0.001,0.001,0.001,0.001,0.001,0.001,0.001,0.001,0.001,0.001,0.001,0.001,0.001,0.001,0.001,0.001,0.001,0.001,99.982;0.001,0.001,0.001,0.001,0.001,0.001,0.001,0.001,0.001,0.001,0.001,0.001,0.001,0.001,0.001,0.001,0.001,0.001,99.982;0.001,0.001,0.001,0.001,0.001,0.001,0.001,0.001,0.001,0.001,0.001,0.001,0.001,0.001,0.001,0.001,0.001,0.001,99.982"
    levelsQoS 19
    queueSizes "32,32,32,32,32,32,32,32,32,32,32,32,32,32,32,32,32,32,32"
  ]
  node [
    id 4
    label "4"
    Country "United Kingdom"
    Longitude 1.07992
    Internal 1
    Latitude 51.27904
    type "inner"
    schedulingPolicy "WFQ"
    tosToQoSqueue "28,43,47,61,67;31,56,71;33,60,63,74,76;41;27;44,53,73;26,50,54;37,75;25,48;36,45,58,64,66,72;24,40,52,59;32,49,57;30,35,55,77,83,84;34,39,78,81,82,87;29,46,51,62,68,69,79,80,85,86;23;38,42;20;21,0,1,2,3,4,5,6,7,8,9,10,11,12,13,14,15,16,17,18,19,22,65,70"
    schedulingWeights "0.001,0.001,0.001,0.001,0.001,0.001,0.001,0.001,0.001,0.001,0.001,0.001,0.001,0.001,0.001,10.65,21.775,13.184,54.375;0.001,0.001,0.001,0.001,0.001,0.001,0.001,0.001,0.001,0.001,0.001,0.001,0.001,0.001,0.001,0.001,0.001,0.001,99.982;0.001,0.001,0.001,0.001,0.001,0.001,0.001,0.001,0.001,0.001,0.001,0.001,0.001,0.001,0.001,0.001,0.001,0.001,99.982;0.001,0.001,0.001,0.001,0.001,0.001,0.001,0.001,0.001,0.001,0.001,0.001,0.709,0.828,1.349,0.001,0.001,0.001,97.099;11.019,6.842,12.395,2.186,2.573,7.26,6.635,4.136,5.325,14.802,10.652,7.483,0.001,0.001,0.001,0.001,0.001,0.001,8.686"
    levelsQoS 19
    queueSizes "32,32,32,32,32,32,32,32,32,32,32,32,32,32,32,32,32,32,32"
  ]
  node [
    id 5
    label "5"
    Country "United Kingdom"
    Longitude 0.52786
    Internal 1
    Latitude 51.37891
    type "antenna"
    schedulingPolicy "WFQ"
    tosToQoSqueue "23,0,1,2,3,4,5,6,7,8,9,10,11,12,13,14,15,16,17,18,19,20,21,22,24,25,26,27,28,29,30,31,32,33,34,35,36,37,38,39,40,41,42,43,44,45,46,47,48,49,50,51,52,53,54,55,56,57,58,59,60,61,62,63,64,65,66,67,68,69,70,71,72,73,74,75,76,77,78,79,80,81,82,83,84,85,86,87"
    schedulingWeights "100;100"
    levelsQoS 1
    queueSizes "32"
  ]
  node [
    id 6
    label "6"
    Country "United Kingdom"
    Longitude 0.53333
    Internal 1
    Latitude 51.08333
    type "inner"
    schedulingPolicy "WFQ"
    tosToQoSqueue "61,67;56,71;60,63,74,76;53,73;50,54;75;58,64,66,72;52,59;49,57;77,83,84;78,81,82,87;69,79,80,85,86;19;70;65,0,1,2,3,4,5,6,7,8,9,10,11,12,13,14,15,16,17,18,20,21,22,23,24,25,26,27,28,29,30,31,32,33,34,35,36,37,38,39,40,41,42,43,44,45,46,47,48,51,55,62,68"
    schedulingWeights "0.001,0.001,0.001,0.001,0.001,0.001,0.001,0.001,0.001,0.001,0.001,0.001,0.001,0.001,99.986;4.408,4.562,9.916,4.84,4.423,2.068,9.868,5.326,4.989,0.355,0.552,0.674,10.65,10.888,26.482"
    levelsQoS 15
    queueSizes "32,32,32,32,32,32,32,32,32,32,32,32,32,32,32"
  ]
  node [
    id 7
    label "7"
    Country "United Kingdom"
    Longitude 0.93678
    Internal 1
    Latitude 51.18249
    type "antenna"
    schedulingPolicy "WFQ"
    tosToQoSqueue "61,67;56,71;60,63,74,76;53,73;50,54;75;58,64,66,72;52,59;49,57;77,83,84;78,81,82,87;69,79,80,85,86;19;70;22,65,0,1,2,3,4,5,6,7,8,9,10,11,12,13,14,15,16,17,18,20,21,23,24,25,26,27,28,29,30,31,32,33,34,35,36,37,38,39,40,41,42,43,44,45,46,47,48,51,55,62,68"
    schedulingWeights "4.408,4.562,9.916,4.84,4.423,2.068,9.868,5.326,4.989,0.355,0.552,0.674,10.65,10.888,26.482;0.001,0.001,0.001,0.001,0.001,0.001,0.001,0.001,0.001,0.001,0.001,0.001,0.001,0.001,99.986;0.001,0.001,0.001,0.001,0.001,0.001,0.001,0.001,0.001,0.001,0.001,0.001,0.001,0.001,99.986"
    levelsQoS 15
    queueSizes "32,32,32,32,32,32,32,32,32,32,32,32,32,32,32"
  ]
  node [
    id 8
    label "8"
    geocode_append "Medway"
    Country "United Kingdom"
    Longitude 0.07703
    Internal 1
    Latitude 51.44628
    type "antenna"
    schedulingPolicy "WFQ"
    tosToQoSqueue "20,0,1,2,3,4,5,6,7,8,9,10,11,12,13,14,15,16,17,18,19,21,22,23,24,25,26,27,28,29,30,31,32,33,34,35,36,37,38,39,40,41,42,43,44,45,46,47,48,49,50,51,52,53,54,55,56,57,58,59,60,61,62,63,64,65,66,67,68,69,70,71,72,73,74,75,76,77,78,79,80,81,82,83,84,85,86,87"
    schedulingWeights "100;100;100"
    levelsQoS 1
    queueSizes "32"
  ]
  node [
    id 9
    label "9"
    Country "United Kingdom"
    Longitude 1.08936
    Internal 1
    Latitude 51.27934
    type "destination_urllc"
    schedulingPolicy "FIFO"
    levelsQoS "1"
    schedulingWeights "-"
    tosToQoSqueue "0,1,2,3,4,5,6,7,8,9,10,11,12,13,14,15,16,17,18,19,20,21,22,23,24,25,26,27,28,29,30,31,32,33,34,35,36,37,38,39,40,41,42,43,44,45,46,47,48,49,50,51,52,53,54,55,56,57,58,59,60,61,62,63,64,65,66,67,68,69,70,71,72,73,74,75,76,77,78,79,80,81,82,83,84,85,86,87"
    queueSizes "32"
  ]
  node [
    id 10
    label "10"
    Country "United Kingdom"
    Longitude 0.24307
    Internal 1
    Latitude 51.15222
    type "inner"
    schedulingPolicy "WFQ"
    tosToQoSqueue "0,1,2,3,4,5,6,7,8,9,10,11,12,13,14,15,16,17,18,19,20,21,22,23,24,25,26,27,28,29,30,31,32,33,34,35,36,37,38,39,40,41,42,43,44,45,46,47,48,49,50,51,52,53,54,55,56,57,58,59,60,61,62,63,64,65,66,67,68,69,70,71,72,73,74,75,76,77,78,79,80,81,82,83,84,85,86,87"
    schedulingWeights "100"
    levelsQoS 1
    queueSizes "32"
  ]
  node [
    id 11
    label "11"
    Country "United Kingdom"
    Longitude 1.40616
    Internal 1
    Latitude 51.35895
    type "inner"
    schedulingPolicy "WFQ"
    tosToQoSqueue "0,1,2,3,4,5,6,7,8,9,10,11,12,13,14,15,16,17,18,19,20,21,22,23,24,25,26,27,28,29,30,31,32,33,34,35,36,37,38,39,40,41,42,43,44,45,46,47,48,49,50,51,52,53,54,55,56,57,58,59,60,61,62,63,64,65,66,67,68,69,70,71,72,73,74,75,76,77,78,79,80,81,82,83,84,85,86,87"
    schedulingWeights "100"
    levelsQoS 1
    queueSizes "32"
  ]
  node [
    id 12
    label "12"
    Country "United Kingdom"
    Longitude 0.51438
    Internal 1
    Latitude 51.37992
    type "inner"
    schedulingPolicy "WFQ"
    tosToQoSqueue "0,1,2,3,4,5,6,7,8,9,10,11,12,13,14,15,16,17,18,19,20,21,22,23,24,25,26,27,28,29,30,31,32,33,34,35,36,37,38,39,40,41,42,43,44,45,46,47,48,49,50,51,52,53,54,55,56,57,58,59,60,61,62,63,64,65,66,67,68,69,70,71,72,73,74,75,76,77,78,79,80,81,82,83,84,85,86,87"
    schedulingWeights "100"
    levelsQoS 1
    queueSizes "32"
  ]
  node [
    id 13
    label "13"
    Country "United Kingdom"
    Longitude 1.09078
    Internal 1
    Latitude 51.27537
    type "destination_mmtc"
    schedulingPolicy "FIFO"
    levelsQoS "1"
    schedulingWeights "-"
    tosToQoSqueue "0,1,2,3,4,5,6,7,8,9,10,11,12,13,14,15,16,17,18,19,20,21,22,23,24,25,26,27,28,29,30,31,32,33,34,35,36,37,38,39,40,41,42,43,44,45,46,47,48,49,50,51,52,53,54,55,56,57,58,59,60,61,62,63,64,65,66,67,68,69,70,71,72,73,74,75,76,77,78,79,80,81,82,83,84,85,86,87"
    queueSizes "32"
  ]
  node [
    id 14
    label "14"
    Country "United Kingdom"
    Longitude 0.49799
    Internal 1
    Latitude 51.27115
    type "inner"
    schedulingPolicy "WFQ"
    tosToQoSqueue "0,1,2,3,4,5,6,7,8,9,10,11,12,13,14,15,16,17,18,19,20,21,22,23,24,25,26,27,28,29,30,31,32,33,34,35,36,37,38,39,40,41,42,43,44,45,46,47,48,49,50,51,52,53,54,55,56,57,58,59,60,61,62,63,64,65,66,67,68,69,70,71,72,73,74,75,76,77,78,79,80,81,82,83,84,85,86,87"
    schedulingWeights "100"
    levelsQoS 1
    queueSizes "32"
  ]
  node [
    id 15
    label "15"
    Country "United Kingdom"
    Longitude 0.28333
    Internal 1
    Latitude 51.18333
    type "inner"
    schedulingPolicy "WFQ"
    tosToQoSqueue "0,1,2,3,4,5,6,7,8,9,10,11,12,13,14,15,16,17,18,19,20,21,22,23,24,25,26,27,28,29,30,31,32,33,34,35,36,37,38,39,40,41,42,43,44,45,46,47,48,49,50,51,52,53,54,55,56,57,58,59,60,61,62,63,64,65,66,67,68,69,70,71,72,73,74,75,76,77,78,79,80,81,82,83,84,85,86,87"
    schedulingWeights "100;100"
    levelsQoS 1
    queueSizes "32"
  ]
  node [
    id 16
    label "16"
    schedulingPolicy "FIFO"
    levelsQoS "1"
    schedulingWeights "-"
    tosToQoSqueue "0,1,2,3,4,5,6,7,8,9,10,11,12,13,14,15,16,17,18,19,20,21,22,23,24,25,26,27,28,29,30,31,32,33,34,35,36,37,38,39,40,41,42,43,44,45,46,47,48,49,50,51,52,53,54,55,56,57,58,59,60,61,62,63,64,65,66,67,68,69,70,71,72,73,74,75,76,77,78,79,80,81,82,83,84,85,86,87"
    queueSizes "32"
    type "destination_urllc"
  ]
  node [
    id 17
    label "17"
    schedulingPolicy "FIFO"
    levelsQoS "1"
    schedulingWeights "-"
    tosToQoSqueue "0,1,2,3,4,5,6,7,8,9,10,11,12,13,14,15,16,17,18,19,20,21,22,23,24,25,26,27,28,29,30,31,32,33,34,35,36,37,38,39,40,41,42,43,44,45,46,47,48,49,50,51,52,53,54,55,56,57,58,59,60,61,62,63,64,65,66,67,68,69,70,71,72,73,74,75,76,77,78,79,80,81,82,83,84,85,86,87"
    queueSizes "32"
    type "destination_mmtc"
  ]
  node [
    id 18
    label "18"
    schedulingPolicy "FIFO"
    levelsQoS "1"
    schedulingWeights "-"
    tosToQoSqueue "0,1,2,3,4,5,6,7,8,9,10,11,12,13,14,15,16,17,18,19,20,21,22,23,24,25,26,27,28,29,30,31,32,33,34,35,36,37,38,39,40,41,42,43,44,45,46,47,48,49,50,51,52,53,54,55,56,57,58,59,60,61,62,63,64,65,66,67,68,69,70,71,72,73,74,75,76,77,78,79,80,81,82,83,84,85,86,87"
    queueSizes "32"
    type "destination_embb"
  ]
  node [
    id 19
    label "19"
    schedulingPolicy "FIFO"
    levelsQoS "1"
    schedulingWeights "-"
    tosToQoSqueue "0,1,2,3,4,5,6,7,8,9,10,11,12,13,14,15,16,17,18,19,20,21,22,23,24,25,26,27,28,29,30,31,32,33,34,35,36,37,38,39,40,41,42,43,44,45,46,47,48,49,50,51,52,53,54,55,56,57,58,59,60,61,62,63,64,65,66,67,68,69,70,71,72,73,74,75,76,77,78,79,80,81,82,83,84,85,86,87"
    queueSizes "32"
    type "origin_embb"
    reservation 15975000.0
  ]
  node [
    id 20
    label "20"
    schedulingPolicy "FIFO"
    levelsQoS "1"
    schedulingWeights "-"
    tosToQoSqueue "0,1,2,3,4,5,6,7,8,9,10,11,12,13,14,15,16,17,18,19,20,21,22,23,24,25,26,27,28,29,30,31,32,33,34,35,36,37,38,39,40,41,42,43,44,45,46,47,48,49,50,51,52,53,54,55,56,57,58,59,60,61,62,63,64,65,66,67,68,69,70,71,72,73,74,75,76,77,78,79,80,81,82,83,84,85,86,87"
    queueSizes "32"
    type "origin_embb"
    reservation 19776600.0
  ]
  node [
    id 21
    label "21"
    schedulingPolicy "FIFO"
    levelsQoS "1"
    schedulingWeights "-"
    tosToQoSqueue "0,1,2,3,4,5,6,7,8,9,10,11,12,13,14,15,16,17,18,19,20,21,22,23,24,25,26,27,28,29,30,31,32,33,34,35,36,37,38,39,40,41,42,43,44,45,46,47,48,49,50,51,52,53,54,55,56,57,58,59,60,61,62,63,64,65,66,67,68,69,70,71,72,73,74,75,76,77,78,79,80,81,82,83,84,85,86,87"
    queueSizes "32"
    type "origin_embb"
    reservation 18102600.0
  ]
  node [
    id 22
    label "22"
    schedulingPolicy "FIFO"
    levelsQoS "1"
    schedulingWeights "-"
    tosToQoSqueue "0,1,2,3,4,5,6,7,8,9,10,11,12,13,14,15,16,17,18,19,20,21,22,23,24,25,26,27,28,29,30,31,32,33,34,35,36,37,38,39,40,41,42,43,44,45,46,47,48,49,50,51,52,53,54,55,56,57,58,59,60,61,62,63,64,65,66,67,68,69,70,71,72,73,74,75,76,77,78,79,80,81,82,83,84,85,86,87"
    queueSizes "32"
    type "origin_embb"
    reservation 19776600.0
  ]
  node [
    id 23
    label "23"
    schedulingPolicy "FIFO"
    levelsQoS "1"
    schedulingWeights "-"
    tosToQoSqueue "0,1,2,3,4,5,6,7,8,9,10,11,12,13,14,15,16,17,18,19,20,21,22,23,24,25,26,27,28,29,30,31,32,33,34,35,36,37,38,39,40,41,42,43,44,45,46,47,48,49,50,51,52,53,54,55,56,57,58,59,60,61,62,63,64,65,66,67,68,69,70,71,72,73,74,75,76,77,78,79,80,81,82,83,84,85,86,87"
    queueSizes "32"
    type "origin_embb"
    reservation 15975000.0
  ]
  node [
    id 24
    label "24"
    schedulingPolicy "FIFO"
    levelsQoS "1"
    schedulingWeights "-"
    tosToQoSqueue "0,1,2,3,4,5,6,7,8,9,10,11,12,13,14,15,16,17,18,19,20,21,22,23,24,25,26,27,28,29,30,31,32,33,34,35,36,37,38,39,40,41,42,43,44,45,46,47,48,49,50,51,52,53,54,55,56,57,58,59,60,61,62,63,64,65,66,67,68,69,70,71,72,73,74,75,76,77,78,79,80,81,82,83,84,85,86,87"
    queueSizes "32"
    type "origin_urllc"
    reservation 3994550.0
  ]
  node [
    id 25
    label "25"
    schedulingPolicy "FIFO"
    levelsQoS "1"
    schedulingWeights "-"
    tosToQoSqueue "0,1,2,3,4,5,6,7,8,9,10,11,12,13,14,15,16,17,18,19,20,21,22,23,24,25,26,27,28,29,30,31,32,33,34,35,36,37,38,39,40,41,42,43,44,45,46,47,48,49,50,51,52,53,54,55,56,57,58,59,60,61,62,63,64,65,66,67,68,69,70,71,72,73,74,75,76,77,78,79,80,81,82,83,84,85,86,87"
    queueSizes "32"
    type "origin_urllc"
    reservation 3993500.0
  ]
  node [
    id 26
    label "26"
    schedulingPolicy "FIFO"
    levelsQoS "1"
    schedulingWeights "-"
    tosToQoSqueue "0,1,2,3,4,5,6,7,8,9,10,11,12,13,14,15,16,17,18,19,20,21,22,23,24,25,26,27,28,29,30,31,32,33,34,35,36,37,38,39,40,41,42,43,44,45,46,47,48,49,50,51,52,53,54,55,56,57,58,59,60,61,62,63,64,65,66,67,68,69,70,71,72,73,74,75,76,77,78,79,80,81,82,83,84,85,86,87"
    queueSizes "32"
    type "origin_urllc"
    reservation 3317300.0
  ]
  node [
    id 27
    label "27"
    schedulingPolicy "FIFO"
    levelsQoS "1"
    schedulingWeights "-"
    tosToQoSqueue "0,1,2,3,4,5,6,7,8,9,10,11,12,13,14,15,16,17,18,19,20,21,22,23,24,25,26,27,28,29,30,31,32,33,34,35,36,37,38,39,40,41,42,43,44,45,46,47,48,49,50,51,52,53,54,55,56,57,58,59,60,61,62,63,64,65,66,67,68,69,70,71,72,73,74,75,76,77,78,79,80,81,82,83,84,85,86,87"
    queueSizes "32"
    type "origin_urllc"
    reservation 3860150.0
  ]
  node [
    id 28
    label "28"
    schedulingPolicy "FIFO"
    levelsQoS "1"
    schedulingWeights "-"
    tosToQoSqueue "0,1,2,3,4,5,6,7,8,9,10,11,12,13,14,15,16,17,18,19,20,21,22,23,24,25,26,27,28,29,30,31,32,33,34,35,36,37,38,39,40,41,42,43,44,45,46,47,48,49,50,51,52,53,54,55,56,57,58,59,60,61,62,63,64,65,66,67,68,69,70,71,72,73,74,75,76,77,78,79,80,81,82,83,84,85,86,87"
    queueSizes "32"
    type "origin_urllc"
    reservation 3305750.0
  ]
  node [
    id 29
    label "29"
    schedulingPolicy "FIFO"
    levelsQoS "1"
    schedulingWeights "-"
    tosToQoSqueue "0,1,2,3,4,5,6,7,8,9,10,11,12,13,14,15,16,17,18,19,20,21,22,23,24,25,26,27,28,29,30,31,32,33,34,35,36,37,38,39,40,41,42,43,44,45,46,47,48,49,50,51,52,53,54,55,56,57,58,59,60,61,62,63,64,65,66,67,68,69,70,71,72,73,74,75,76,77,78,79,80,81,82,83,84,85,86,87"
    queueSizes "32"
    type "origin_mmtc"
    reservation 202280.0
  ]
  node [
    id 30
    label "30"
    schedulingPolicy "FIFO"
    levelsQoS "1"
    schedulingWeights "-"
    tosToQoSqueue "0,1,2,3,4,5,6,7,8,9,10,11,12,13,14,15,16,17,18,19,20,21,22,23,24,25,26,27,28,29,30,31,32,33,34,35,36,37,38,39,40,41,42,43,44,45,46,47,48,49,50,51,52,53,54,55,56,57,58,59,60,61,62,63,64,65,66,67,68,69,70,71,72,73,74,75,76,77,78,79,80,81,82,83,84,85,86,87"
    queueSizes "32"
    type "origin_mmtc"
    reservation 177260.0
  ]
  node [
    id 31
    label "31"
    schedulingPolicy "FIFO"
    levelsQoS "1"
    schedulingWeights "-"
    tosToQoSqueue "0,1,2,3,4,5,6,7,8,9,10,11,12,13,14,15,16,17,18,19,20,21,22,23,24,25,26,27,28,29,30,31,32,33,34,35,36,37,38,39,40,41,42,43,44,45,46,47,48,49,50,51,52,53,54,55,56,57,58,59,60,61,62,63,64,65,66,67,68,69,70,71,72,73,74,75,76,77,78,79,80,81,82,83,84,85,86,87"
    queueSizes "32"
    type "origin_urllc"
    reservation 3421250.0
  ]
  node [
    id 32
    label "32"
    schedulingPolicy "FIFO"
    levelsQoS "1"
    schedulingWeights "-"
    tosToQoSqueue "0,1,2,3,4,5,6,7,8,9,10,11,12,13,14,15,16,17,18,19,20,21,22,23,24,25,26,27,28,29,30,31,32,33,34,35,36,37,38,39,40,41,42,43,44,45,46,47,48,49,50,51,52,53,54,55,56,57,58,59,60,61,62,63,64,65,66,67,68,69,70,71,72,73,74,75,76,77,78,79,80,81,82,83,84,85,86,87"
    queueSizes "32"
    type "origin_urllc"
    reservation 3741500.0
  ]
  node [
    id 33
    label "33"
    schedulingPolicy "FIFO"
    levelsQoS "1"
    schedulingWeights "-"
    tosToQoSqueue "0,1,2,3,4,5,6,7,8,9,10,11,12,13,14,15,16,17,18,19,20,21,22,23,24,25,26,27,28,29,30,31,32,33,34,35,36,37,38,39,40,41,42,43,44,45,46,47,48,49,50,51,52,53,54,55,56,57,58,59,60,61,62,63,64,65,66,67,68,69,70,71,72,73,74,75,76,77,78,79,80,81,82,83,84,85,86,87"
    queueSizes "32"
    type "origin_urllc"
    reservation 3718400.0
  ]
  node [
    id 34
    label "34"
    schedulingPolicy "FIFO"
    levelsQoS "1"
    schedulingWeights "-"
    tosToQoSqueue "0,1,2,3,4,5,6,7,8,9,10,11,12,13,14,15,16,17,18,19,20,21,22,23,24,25,26,27,28,29,30,31,32,33,34,35,36,37,38,39,40,41,42,43,44,45,46,47,48,49,50,51,52,53,54,55,56,57,58,59,60,61,62,63,64,65,66,67,68,69,70,71,72,73,74,75,76,77,78,79,80,81,82,83,84,85,86,87"
    queueSizes "32"
    type "origin_mmtc"
    reservation 207020.0
  ]
  node [
    id 35
    label "35"
    schedulingPolicy "FIFO"
    levelsQoS "1"
    schedulingWeights "-"
    tosToQoSqueue "0,1,2,3,4,5,6,7,8,9,10,11,12,13,14,15,16,17,18,19,20,21,22,23,24,25,26,27,28,29,30,31,32,33,34,35,36,37,38,39,40,41,42,43,44,45,46,47,48,49,50,51,52,53,54,55,56,57,58,59,60,61,62,63,64,65,66,67,68,69,70,71,72,73,74,75,76,77,78,79,80,81,82,83,84,85,86,87"
    queueSizes "32"
    type "origin_mmtc"
    reservation 177260.0
  ]
  node [
    id 36
    label "36"
    schedulingPolicy "FIFO"
    levelsQoS "1"
    schedulingWeights "-"
    tosToQoSqueue "0,1,2,3,4,5,6,7,8,9,10,11,12,13,14,15,16,17,18,19,20,21,22,23,24,25,26,27,28,29,30,31,32,33,34,35,36,37,38,39,40,41,42,43,44,45,46,47,48,49,50,51,52,53,54,55,56,57,58,59,60,61,62,63,64,65,66,67,68,69,70,71,72,73,74,75,76,77,78,79,80,81,82,83,84,85,86,87"
    queueSizes "32"
    type "origin_urllc"
    reservation 3700550.0
  ]
  node [
    id 37
    label "37"
    schedulingPolicy "FIFO"
    levelsQoS "1"
    schedulingWeights "-"
    tosToQoSqueue "0,1,2,3,4,5,6,7,8,9,10,11,12,13,14,15,16,17,18,19,20,21,22,23,24,25,26,27,28,29,30,31,32,33,34,35,36,37,38,39,40,41,42,43,44,45,46,47,48,49,50,51,52,53,54,55,56,57,58,59,60,61,62,63,64,65,66,67,68,69,70,71,72,73,74,75,76,77,78,79,80,81,82,83,84,85,86,87"
    queueSizes "32"
    type "origin_urllc"
    reservation 3102050.0
  ]
  node [
    id 38
    label "38"
    schedulingPolicy "FIFO"
    levelsQoS "1"
    schedulingWeights "-"
    tosToQoSqueue "0,1,2,3,4,5,6,7,8,9,10,11,12,13,14,15,16,17,18,19,20,21,22,23,24,25,26,27,28,29,30,31,32,33,34,35,36,37,38,39,40,41,42,43,44,45,46,47,48,49,50,51,52,53,54,55,56,57,58,59,60,61,62,63,64,65,66,67,68,69,70,71,72,73,74,75,76,77,78,79,80,81,82,83,84,85,86,87"
    queueSizes "32"
    type "origin_embb"
    reservation 16331400.0
  ]
  node [
    id 39
    label "39"
    schedulingPolicy "FIFO"
    levelsQoS "1"
    schedulingWeights "-"
    tosToQoSqueue "0,1,2,3,4,5,6,7,8,9,10,11,12,13,14,15,16,17,18,19,20,21,22,23,24,25,26,27,28,29,30,31,32,33,34,35,36,37,38,39,40,41,42,43,44,45,46,47,48,49,50,51,52,53,54,55,56,57,58,59,60,61,62,63,64,65,66,67,68,69,70,71,72,73,74,75,76,77,78,79,80,81,82,83,84,85,86,87"
    queueSizes "32"
    type "origin_mmtc"
    reservation 207020.0
  ]
  node [
    id 40
    label "40"
    schedulingPolicy "FIFO"
    levelsQoS "1"
    schedulingWeights "-"
    tosToQoSqueue "0,1,2,3,4,5,6,7,8,9,10,11,12,13,14,15,16,17,18,19,20,21,22,23,24,25,26,27,28,29,30,31,32,33,34,35,36,37,38,39,40,41,42,43,44,45,46,47,48,49,50,51,52,53,54,55,56,57,58,59,60,61,62,63,64,65,66,67,68,69,70,71,72,73,74,75,76,77,78,79,80,81,82,83,84,85,86,87"
    queueSizes "32"
    type "origin_urllc"
    reservation 3994550.0
  ]
  node [
    id 41
    label "41"
    schedulingPolicy "FIFO"
    levelsQoS "1"
    schedulingWeights "-"
    tosToQoSqueue "0,1,2,3,4,5,6,7,8,9,10,11,12,13,14,15,16,17,18,19,20,21,22,23,24,25,26,27,28,29,30,31,32,33,34,35,36,37,38,39,40,41,42,43,44,45,46,47,48,49,50,51,52,53,54,55,56,57,58,59,60,61,62,63,64,65,66,67,68,69,70,71,72,73,74,75,76,77,78,79,80,81,82,83,84,85,86,87"
    queueSizes "32"
    type "origin_urllc"
    reservation 3278450.0
  ]
  node [
    id 42
    label "42"
    schedulingPolicy "FIFO"
    levelsQoS "1"
    schedulingWeights "-"
    tosToQoSqueue "0,1,2,3,4,5,6,7,8,9,10,11,12,13,14,15,16,17,18,19,20,21,22,23,24,25,26,27,28,29,30,31,32,33,34,35,36,37,38,39,40,41,42,43,44,45,46,47,48,49,50,51,52,53,54,55,56,57,58,59,60,61,62,63,64,65,66,67,68,69,70,71,72,73,74,75,76,77,78,79,80,81,82,83,84,85,86,87"
    queueSizes "32"
    type "origin_embb"
    reservation 16331400.0
  ]
  node [
    id 43
    label "43"
    schedulingPolicy "FIFO"
    levelsQoS "1"
    schedulingWeights "-"
    tosToQoSqueue "0,1,2,3,4,5,6,7,8,9,10,11,12,13,14,15,16,17,18,19,20,21,22,23,24,25,26,27,28,29,30,31,32,33,34,35,36,37,38,39,40,41,42,43,44,45,46,47,48,49,50,51,52,53,54,55,56,57,58,59,60,61,62,63,64,65,66,67,68,69,70,71,72,73,74,75,76,77,78,79,80,81,82,83,84,85,86,87"
    queueSizes "32"
    type "origin_urllc"
    reservation 3305750.0
  ]
  node [
    id 44
    label "44"
    schedulingPolicy "FIFO"
    levelsQoS "1"
    schedulingWeights "-"
    tosToQoSqueue "0,1,2,3,4,5,6,7,8,9,10,11,12,13,14,15,16,17,18,19,20,21,22,23,24,25,26,27,28,29,30,31,32,33,34,35,36,37,38,39,40,41,42,43,44,45,46,47,48,49,50,51,52,53,54,55,56,57,58,59,60,61,62,63,64,65,66,67,68,69,70,71,72,73,74,75,76,77,78,79,80,81,82,83,84,85,86,87"
    queueSizes "32"
    type "origin_urllc"
    reservation 3630200.0
  ]
  node [
    id 45
    label "45"
    schedulingPolicy "FIFO"
    levelsQoS "1"
    schedulingWeights "-"
    tosToQoSqueue "0,1,2,3,4,5,6,7,8,9,10,11,12,13,14,15,16,17,18,19,20,21,22,23,24,25,26,27,28,29,30,31,32,33,34,35,36,37,38,39,40,41,42,43,44,45,46,47,48,49,50,51,52,53,54,55,56,57,58,59,60,61,62,63,64,65,66,67,68,69,70,71,72,73,74,75,76,77,78,79,80,81,82,83,84,85,86,87"
    queueSizes "32"
    type "origin_urllc"
    reservation 3700550.0
  ]
  node [
    id 46
    label "46"
    schedulingPolicy "FIFO"
    levelsQoS "1"
    schedulingWeights "-"
    tosToQoSqueue "0,1,2,3,4,5,6,7,8,9,10,11,12,13,14,15,16,17,18,19,20,21,22,23,24,25,26,27,28,29,30,31,32,33,34,35,36,37,38,39,40,41,42,43,44,45,46,47,48,49,50,51,52,53,54,55,56,57,58,59,60,61,62,63,64,65,66,67,68,69,70,71,72,73,74,75,76,77,78,79,80,81,82,83,84,85,86,87"
    queueSizes "32"
    type "origin_mmtc"
    reservation 202280.0
  ]
  node [
    id 47
    label "47"
    schedulingPolicy "FIFO"
    levelsQoS "1"
    schedulingWeights "-"
    tosToQoSqueue "0,1,2,3,4,5,6,7,8,9,10,11,12,13,14,15,16,17,18,19,20,21,22,23,24,25,26,27,28,29,30,31,32,33,34,35,36,37,38,39,40,41,42,43,44,45,46,47,48,49,50,51,52,53,54,55,56,57,58,59,60,61,62,63,64,65,66,67,68,69,70,71,72,73,74,75,76,77,78,79,80,81,82,83,84,85,86,87"
    queueSizes "32"
    type "origin_urllc"
    reservation 3305750.0
  ]
  node [
    id 48
    label "48"
    schedulingPolicy "FIFO"
    levelsQoS "1"
    schedulingWeights "-"
    tosToQoSqueue "0,1,2,3,4,5,6,7,8,9,10,11,12,13,14,15,16,17,18,19,20,21,22,23,24,25,26,27,28,29,30,31,32,33,34,35,36,37,38,39,40,41,42,43,44,45,46,47,48,49,50,51,52,53,54,55,56,57,58,59,60,61,62,63,64,65,66,67,68,69,70,71,72,73,74,75,76,77,78,79,80,81,82,83,84,85,86,87"
    queueSizes "32"
    type "origin_urllc"
    reservation 3993500.0
  ]
  node [
    id 49
    label "49"
    schedulingPolicy "FIFO"
    levelsQoS "1"
    schedulingWeights "-"
    tosToQoSqueue "0,1,2,3,4,5,6,7,8,9,10,11,12,13,14,15,16,17,18,19,20,21,22,23,24,25,26,27,28,29,30,31,32,33,34,35,36,37,38,39,40,41,42,43,44,45,46,47,48,49,50,51,52,53,54,55,56,57,58,59,60,61,62,63,64,65,66,67,68,69,70,71,72,73,74,75,76,77,78,79,80,81,82,83,84,85,86,87"
    queueSizes "32"
    type "origin_urllc"
    reservation 3741500.0
  ]
  node [
    id 50
    label "50"
    schedulingPolicy "FIFO"
    levelsQoS "1"
    schedulingWeights "-"
    tosToQoSqueue "0,1,2,3,4,5,6,7,8,9,10,11,12,13,14,15,16,17,18,19,20,21,22,23,24,25,26,27,28,29,30,31,32,33,34,35,36,37,38,39,40,41,42,43,44,45,46,47,48,49,50,51,52,53,54,55,56,57,58,59,60,61,62,63,64,65,66,67,68,69,70,71,72,73,74,75,76,77,78,79,80,81,82,83,84,85,86,87"
    queueSizes "32"
    type "origin_urllc"
    reservation 3317300.0
  ]
  node [
    id 51
    label "51"
    schedulingPolicy "FIFO"
    levelsQoS "1"
    schedulingWeights "-"
    tosToQoSqueue "0,1,2,3,4,5,6,7,8,9,10,11,12,13,14,15,16,17,18,19,20,21,22,23,24,25,26,27,28,29,30,31,32,33,34,35,36,37,38,39,40,41,42,43,44,45,46,47,48,49,50,51,52,53,54,55,56,57,58,59,60,61,62,63,64,65,66,67,68,69,70,71,72,73,74,75,76,77,78,79,80,81,82,83,84,85,86,87"
    queueSizes "32"
    type "origin_mmtc"
    reservation 202280.0
  ]
  node [
    id 52
    label "52"
    schedulingPolicy "FIFO"
    levelsQoS "1"
    schedulingWeights "-"
    tosToQoSqueue "0,1,2,3,4,5,6,7,8,9,10,11,12,13,14,15,16,17,18,19,20,21,22,23,24,25,26,27,28,29,30,31,32,33,34,35,36,37,38,39,40,41,42,43,44,45,46,47,48,49,50,51,52,53,54,55,56,57,58,59,60,61,62,63,64,65,66,67,68,69,70,71,72,73,74,75,76,77,78,79,80,81,82,83,84,85,86,87"
    queueSizes "32"
    type "origin_urllc"
    reservation 3994550.0
  ]
  node [
    id 53
    label "53"
    schedulingPolicy "FIFO"
    levelsQoS "1"
    schedulingWeights "-"
    tosToQoSqueue "0,1,2,3,4,5,6,7,8,9,10,11,12,13,14,15,16,17,18,19,20,21,22,23,24,25,26,27,28,29,30,31,32,33,34,35,36,37,38,39,40,41,42,43,44,45,46,47,48,49,50,51,52,53,54,55,56,57,58,59,60,61,62,63,64,65,66,67,68,69,70,71,72,73,74,75,76,77,78,79,80,81,82,83,84,85,86,87"
    queueSizes "32"
    type "origin_urllc"
    reservation 3630200.0
  ]
  node [
    id 54
    label "54"
    schedulingPolicy "FIFO"
    levelsQoS "1"
    schedulingWeights "-"
    tosToQoSqueue "0,1,2,3,4,5,6,7,8,9,10,11,12,13,14,15,16,17,18,19,20,21,22,23,24,25,26,27,28,29,30,31,32,33,34,35,36,37,38,39,40,41,42,43,44,45,46,47,48,49,50,51,52,53,54,55,56,57,58,59,60,61,62,63,64,65,66,67,68,69,70,71,72,73,74,75,76,77,78,79,80,81,82,83,84,85,86,87"
    queueSizes "32"
    type "origin_urllc"
    reservation 3317300.0
  ]
  node [
    id 55
    label "55"
    schedulingPolicy "FIFO"
    levelsQoS "1"
    schedulingWeights "-"
    tosToQoSqueue "0,1,2,3,4,5,6,7,8,9,10,11,12,13,14,15,16,17,18,19,20,21,22,23,24,25,26,27,28,29,30,31,32,33,34,35,36,37,38,39,40,41,42,43,44,45,46,47,48,49,50,51,52,53,54,55,56,57,58,59,60,61,62,63,64,65,66,67,68,69,70,71,72,73,74,75,76,77,78,79,80,81,82,83,84,85,86,87"
    queueSizes "32"
    type "origin_mmtc"
    reservation 177260.0
  ]
  node [
    id 56
    label "56"
    schedulingPolicy "FIFO"
    levelsQoS "1"
    schedulingWeights "-"
    tosToQoSqueue "0,1,2,3,4,5,6,7,8,9,10,11,12,13,14,15,16,17,18,19,20,21,22,23,24,25,26,27,28,29,30,31,32,33,34,35,36,37,38,39,40,41,42,43,44,45,46,47,48,49,50,51,52,53,54,55,56,57,58,59,60,61,62,63,64,65,66,67,68,69,70,71,72,73,74,75,76,77,78,79,80,81,82,83,84,85,86,87"
    queueSizes "32"
    type "origin_urllc"
    reservation 3421250.0
  ]
  node [
    id 57
    label "57"
    schedulingPolicy "FIFO"
    levelsQoS "1"
    schedulingWeights "-"
    tosToQoSqueue "0,1,2,3,4,5,6,7,8,9,10,11,12,13,14,15,16,17,18,19,20,21,22,23,24,25,26,27,28,29,30,31,32,33,34,35,36,37,38,39,40,41,42,43,44,45,46,47,48,49,50,51,52,53,54,55,56,57,58,59,60,61,62,63,64,65,66,67,68,69,70,71,72,73,74,75,76,77,78,79,80,81,82,83,84,85,86,87"
    queueSizes "32"
    type "origin_urllc"
    reservation 3741500.0
  ]
  node [
    id 58
    label "58"
    schedulingPolicy "FIFO"
    levelsQoS "1"
    schedulingWeights "-"
    tosToQoSqueue "0,1,2,3,4,5,6,7,8,9,10,11,12,13,14,15,16,17,18,19,20,21,22,23,24,25,26,27,28,29,30,31,32,33,34,35,36,37,38,39,40,41,42,43,44,45,46,47,48,49,50,51,52,53,54,55,56,57,58,59,60,61,62,63,64,65,66,67,68,69,70,71,72,73,74,75,76,77,78,79,80,81,82,83,84,85,86,87"
    queueSizes "32"
    type "origin_urllc"
    reservation 3700550.0
  ]
  node [
    id 59
    label "59"
    schedulingPolicy "FIFO"
    levelsQoS "1"
    schedulingWeights "-"
    tosToQoSqueue "0,1,2,3,4,5,6,7,8,9,10,11,12,13,14,15,16,17,18,19,20,21,22,23,24,25,26,27,28,29,30,31,32,33,34,35,36,37,38,39,40,41,42,43,44,45,46,47,48,49,50,51,52,53,54,55,56,57,58,59,60,61,62,63,64,65,66,67,68,69,70,71,72,73,74,75,76,77,78,79,80,81,82,83,84,85,86,87"
    queueSizes "32"
    type "origin_urllc"
    reservation 3994550.0
  ]
  node [
    id 60
    label "60"
    schedulingPolicy "FIFO"
    levelsQoS "1"
    schedulingWeights "-"
    tosToQoSqueue "0,1,2,3,4,5,6,7,8,9,10,11,12,13,14,15,16,17,18,19,20,21,22,23,24,25,26,27,28,29,30,31,32,33,34,35,36,37,38,39,40,41,42,43,44,45,46,47,48,49,50,51,52,53,54,55,56,57,58,59,60,61,62,63,64,65,66,67,68,69,70,71,72,73,74,75,76,77,78,79,80,81,82,83,84,85,86,87"
    queueSizes "32"
    type "origin_urllc"
    reservation 3718400.0
  ]
  node [
    id 61
    label "61"
    schedulingPolicy "FIFO"
    levelsQoS "1"
    schedulingWeights "-"
    tosToQoSqueue "0,1,2,3,4,5,6,7,8,9,10,11,12,13,14,15,16,17,18,19,20,21,22,23,24,25,26,27,28,29,30,31,32,33,34,35,36,37,38,39,40,41,42,43,44,45,46,47,48,49,50,51,52,53,54,55,56,57,58,59,60,61,62,63,64,65,66,67,68,69,70,71,72,73,74,75,76,77,78,79,80,81,82,83,84,85,86,87"
    queueSizes "32"
    type "origin_urllc"
    reservation 3305750.0
  ]
  node [
    id 62
    label "62"
    schedulingPolicy "FIFO"
    levelsQoS "1"
    schedulingWeights "-"
    tosToQoSqueue "0,1,2,3,4,5,6,7,8,9,10,11,12,13,14,15,16,17,18,19,20,21,22,23,24,25,26,27,28,29,30,31,32,33,34,35,36,37,38,39,40,41,42,43,44,45,46,47,48,49,50,51,52,53,54,55,56,57,58,59,60,61,62,63,64,65,66,67,68,69,70,71,72,73,74,75,76,77,78,79,80,81,82,83,84,85,86,87"
    queueSizes "32"
    type "origin_mmtc"
    reservation 202280.0
  ]
  node [
    id 63
    label "63"
    schedulingPolicy "FIFO"
    levelsQoS "1"
    schedulingWeights "-"
    tosToQoSqueue "0,1,2,3,4,5,6,7,8,9,10,11,12,13,14,15,16,17,18,19,20,21,22,23,24,25,26,27,28,29,30,31,32,33,34,35,36,37,38,39,40,41,42,43,44,45,46,47,48,49,50,51,52,53,54,55,56,57,58,59,60,61,62,63,64,65,66,67,68,69,70,71,72,73,74,75,76,77,78,79,80,81,82,83,84,85,86,87"
    queueSizes "32"
    type "origin_urllc"
    reservation 3718400.0
  ]
  node [
    id 64
    label "64"
    schedulingPolicy "FIFO"
    levelsQoS "1"
    schedulingWeights "-"
    tosToQoSqueue "0,1,2,3,4,5,6,7,8,9,10,11,12,13,14,15,16,17,18,19,20,21,22,23,24,25,26,27,28,29,30,31,32,33,34,35,36,37,38,39,40,41,42,43,44,45,46,47,48,49,50,51,52,53,54,55,56,57,58,59,60,61,62,63,64,65,66,67,68,69,70,71,72,73,74,75,76,77,78,79,80,81,82,83,84,85,86,87"
    queueSizes "32"
    type "origin_urllc"
    reservation 3700550.0
  ]
  node [
    id 65
    label "65"
    schedulingPolicy "FIFO"
    levelsQoS "1"
    schedulingWeights "-"
    tosToQoSqueue "0,1,2,3,4,5,6,7,8,9,10,11,12,13,14,15,16,17,18,19,20,21,22,23,24,25,26,27,28,29,30,31,32,33,34,35,36,37,38,39,40,41,42,43,44,45,46,47,48,49,50,51,52,53,54,55,56,57,58,59,60,61,62,63,64,65,66,67,68,69,70,71,72,73,74,75,76,77,78,79,80,81,82,83,84,85,86,87"
    queueSizes "32"
    type "origin_embb"
    reservation 19776600.0
  ]
  node [
    id 66
    label "66"
    schedulingPolicy "FIFO"
    levelsQoS "1"
    schedulingWeights "-"
    tosToQoSqueue "0,1,2,3,4,5,6,7,8,9,10,11,12,13,14,15,16,17,18,19,20,21,22,23,24,25,26,27,28,29,30,31,32,33,34,35,36,37,38,39,40,41,42,43,44,45,46,47,48,49,50,51,52,53,54,55,56,57,58,59,60,61,62,63,64,65,66,67,68,69,70,71,72,73,74,75,76,77,78,79,80,81,82,83,84,85,86,87"
    queueSizes "32"
    type "origin_urllc"
    reservation 3700550.0
  ]
  node [
    id 67
    label "67"
    schedulingPolicy "FIFO"
    levelsQoS "1"
    schedulingWeights "-"
    tosToQoSqueue "0,1,2,3,4,5,6,7,8,9,10,11,12,13,14,15,16,17,18,19,20,21,22,23,24,25,26,27,28,29,30,31,32,33,34,35,36,37,38,39,40,41,42,43,44,45,46,47,48,49,50,51,52,53,54,55,56,57,58,59,60,61,62,63,64,65,66,67,68,69,70,71,72,73,74,75,76,77,78,79,80,81,82,83,84,85,86,87"
    queueSizes "32"
    type "origin_urllc"
    reservation 3305750.0
  ]
  node [
    id 68
    label "68"
    schedulingPolicy "FIFO"
    levelsQoS "1"
    schedulingWeights "-"
    tosToQoSqueue "0,1,2,3,4,5,6,7,8,9,10,11,12,13,14,15,16,17,18,19,20,21,22,23,24,25,26,27,28,29,30,31,32,33,34,35,36,37,38,39,40,41,42,43,44,45,46,47,48,49,50,51,52,53,54,55,56,57,58,59,60,61,62,63,64,65,66,67,68,69,70,71,72,73,74,75,76,77,78,79,80,81,82,83,84,85,86,87"
    queueSizes "32"
    type "origin_mmtc"
    reservation 202280.0
  ]
  node [
    id 69
    label "69"
    schedulingPolicy "FIFO"
    levelsQoS "1"
    schedulingWeights "-"
    tosToQoSqueue "0,1,2,3,4,5,6,7,8,9,10,11,12,13,14,15,16,17,18,19,20,21,22,23,24,25,26,27,28,29,30,31,32,33,34,35,36,37,38,39,40,41,42,43,44,45,46,47,48,49,50,51,52,53,54,55,56,57,58,59,60,61,62,63,64,65,66,67,68,69,70,71,72,73,74,75,76,77,78,79,80,81,82,83,84,85,86,87"
    queueSizes "32"
    type "origin_mmtc"
    reservation 202280.0
  ]
  node [
    id 70
    label "70"
    schedulingPolicy "FIFO"
    levelsQoS "1"
    schedulingWeights "-"
    tosToQoSqueue "0,1,2,3,4,5,6,7,8,9,10,11,12,13,14,15,16,17,18,19,20,21,22,23,24,25,26,27,28,29,30,31,32,33,34,35,36,37,38,39,40,41,42,43,44,45,46,47,48,49,50,51,52,53,54,55,56,57,58,59,60,61,62,63,64,65,66,67,68,69,70,71,72,73,74,75,76,77,78,79,80,81,82,83,84,85,86,87"
    queueSizes "32"
    type "origin_embb"
    reservation 16331400.0
  ]
  node [
    id 71
    label "71"
    schedulingPolicy "FIFO"
    levelsQoS "1"
    schedulingWeights "-"
    tosToQoSqueue "0,1,2,3,4,5,6,7,8,9,10,11,12,13,14,15,16,17,18,19,20,21,22,23,24,25,26,27,28,29,30,31,32,33,34,35,36,37,38,39,40,41,42,43,44,45,46,47,48,49,50,51,52,53,54,55,56,57,58,59,60,61,62,63,64,65,66,67,68,69,70,71,72,73,74,75,76,77,78,79,80,81,82,83,84,85,86,87"
    queueSizes "32"
    type "origin_urllc"
    reservation 3421250.0
  ]
  node [
    id 72
    label "72"
    schedulingPolicy "FIFO"
    levelsQoS "1"
    schedulingWeights "-"
    tosToQoSqueue "0,1,2,3,4,5,6,7,8,9,10,11,12,13,14,15,16,17,18,19,20,21,22,23,24,25,26,27,28,29,30,31,32,33,34,35,36,37,38,39,40,41,42,43,44,45,46,47,48,49,50,51,52,53,54,55,56,57,58,59,60,61,62,63,64,65,66,67,68,69,70,71,72,73,74,75,76,77,78,79,80,81,82,83,84,85,86,87"
    queueSizes "32"
    type "origin_urllc"
    reservation 3700550.0
  ]
  node [
    id 73
    label "73"
    schedulingPolicy "FIFO"
    levelsQoS "1"
    schedulingWeights "-"
    tosToQoSqueue "0,1,2,3,4,5,6,7,8,9,10,11,12,13,14,15,16,17,18,19,20,21,22,23,24,25,26,27,28,29,30,31,32,33,34,35,36,37,38,39,40,41,42,43,44,45,46,47,48,49,50,51,52,53,54,55,56,57,58,59,60,61,62,63,64,65,66,67,68,69,70,71,72,73,74,75,76,77,78,79,80,81,82,83,84,85,86,87"
    queueSizes "32"
    type "origin_urllc"
    reservation 3630200.0
  ]
  node [
    id 74
    label "74"
    schedulingPolicy "FIFO"
    levelsQoS "1"
    schedulingWeights "-"
    tosToQoSqueue "0,1,2,3,4,5,6,7,8,9,10,11,12,13,14,15,16,17,18,19,20,21,22,23,24,25,26,27,28,29,30,31,32,33,34,35,36,37,38,39,40,41,42,43,44,45,46,47,48,49,50,51,52,53,54,55,56,57,58,59,60,61,62,63,64,65,66,67,68,69,70,71,72,73,74,75,76,77,78,79,80,81,82,83,84,85,86,87"
    queueSizes "32"
    type "origin_urllc"
    reservation 3718400.0
  ]
  node [
    id 75
    label "75"
    schedulingPolicy "FIFO"
    levelsQoS "1"
    schedulingWeights "-"
    tosToQoSqueue "0,1,2,3,4,5,6,7,8,9,10,11,12,13,14,15,16,17,18,19,20,21,22,23,24,25,26,27,28,29,30,31,32,33,34,35,36,37,38,39,40,41,42,43,44,45,46,47,48,49,50,51,52,53,54,55,56,57,58,59,60,61,62,63,64,65,66,67,68,69,70,71,72,73,74,75,76,77,78,79,80,81,82,83,84,85,86,87"
    queueSizes "32"
    type "origin_urllc"
    reservation 3102050.0
  ]
  node [
    id 76
    label "76"
    schedulingPolicy "FIFO"
    levelsQoS "1"
    schedulingWeights "-"
    tosToQoSqueue "0,1,2,3,4,5,6,7,8,9,10,11,12,13,14,15,16,17,18,19,20,21,22,23,24,25,26,27,28,29,30,31,32,33,34,35,36,37,38,39,40,41,42,43,44,45,46,47,48,49,50,51,52,53,54,55,56,57,58,59,60,61,62,63,64,65,66,67,68,69,70,71,72,73,74,75,76,77,78,79,80,81,82,83,84,85,86,87"
    queueSizes "32"
    type "origin_urllc"
    reservation 3718400.0
  ]
  node [
    id 77
    label "77"
    schedulingPolicy "FIFO"
    levelsQoS "1"
    schedulingWeights "-"
    tosToQoSqueue "0,1,2,3,4,5,6,7,8,9,10,11,12,13,14,15,16,17,18,19,20,21,22,23,24,25,26,27,28,29,30,31,32,33,34,35,36,37,38,39,40,41,42,43,44,45,46,47,48,49,50,51,52,53,54,55,56,57,58,59,60,61,62,63,64,65,66,67,68,69,70,71,72,73,74,75,76,77,78,79,80,81,82,83,84,85,86,87"
    queueSizes "32"
    type "origin_mmtc"
    reservation 177260.0
  ]
  node [
    id 78
    label "78"
    schedulingPolicy "FIFO"
    levelsQoS "1"
    schedulingWeights "-"
    tosToQoSqueue "0,1,2,3,4,5,6,7,8,9,10,11,12,13,14,15,16,17,18,19,20,21,22,23,24,25,26,27,28,29,30,31,32,33,34,35,36,37,38,39,40,41,42,43,44,45,46,47,48,49,50,51,52,53,54,55,56,57,58,59,60,61,62,63,64,65,66,67,68,69,70,71,72,73,74,75,76,77,78,79,80,81,82,83,84,85,86,87"
    queueSizes "32"
    type "origin_mmtc"
    reservation 207020.0
  ]
  node [
    id 79
    label "79"
    schedulingPolicy "FIFO"
    levelsQoS "1"
    schedulingWeights "-"
    tosToQoSqueue "0,1,2,3,4,5,6,7,8,9,10,11,12,13,14,15,16,17,18,19,20,21,22,23,24,25,26,27,28,29,30,31,32,33,34,35,36,37,38,39,40,41,42,43,44,45,46,47,48,49,50,51,52,53,54,55,56,57,58,59,60,61,62,63,64,65,66,67,68,69,70,71,72,73,74,75,76,77,78,79,80,81,82,83,84,85,86,87"
    queueSizes "32"
    type "origin_mmtc"
    reservation 202280.0
  ]
  node [
    id 80
    label "80"
    schedulingPolicy "FIFO"
    levelsQoS "1"
    schedulingWeights "-"
    tosToQoSqueue "0,1,2,3,4,5,6,7,8,9,10,11,12,13,14,15,16,17,18,19,20,21,22,23,24,25,26,27,28,29,30,31,32,33,34,35,36,37,38,39,40,41,42,43,44,45,46,47,48,49,50,51,52,53,54,55,56,57,58,59,60,61,62,63,64,65,66,67,68,69,70,71,72,73,74,75,76,77,78,79,80,81,82,83,84,85,86,87"
    queueSizes "32"
    type "origin_mmtc"
    reservation 202280.0
  ]
  node [
    id 81
    label "81"
    schedulingPolicy "FIFO"
    levelsQoS "1"
    schedulingWeights "-"
    tosToQoSqueue "0,1,2,3,4,5,6,7,8,9,10,11,12,13,14,15,16,17,18,19,20,21,22,23,24,25,26,27,28,29,30,31,32,33,34,35,36,37,38,39,40,41,42,43,44,45,46,47,48,49,50,51,52,53,54,55,56,57,58,59,60,61,62,63,64,65,66,67,68,69,70,71,72,73,74,75,76,77,78,79,80,81,82,83,84,85,86,87"
    queueSizes "32"
    type "origin_mmtc"
    reservation 207020.0
  ]
  node [
    id 82
    label "82"
    schedulingPolicy "FIFO"
    levelsQoS "1"
    schedulingWeights "-"
    tosToQoSqueue "0,1,2,3,4,5,6,7,8,9,10,11,12,13,14,15,16,17,18,19,20,21,22,23,24,25,26,27,28,29,30,31,32,33,34,35,36,37,38,39,40,41,42,43,44,45,46,47,48,49,50,51,52,53,54,55,56,57,58,59,60,61,62,63,64,65,66,67,68,69,70,71,72,73,74,75,76,77,78,79,80,81,82,83,84,85,86,87"
    queueSizes "32"
    type "origin_mmtc"
    reservation 207020.0
  ]
  node [
    id 83
    label "83"
    schedulingPolicy "FIFO"
    levelsQoS "1"
    schedulingWeights "-"
    tosToQoSqueue "0,1,2,3,4,5,6,7,8,9,10,11,12,13,14,15,16,17,18,19,20,21,22,23,24,25,26,27,28,29,30,31,32,33,34,35,36,37,38,39,40,41,42,43,44,45,46,47,48,49,50,51,52,53,54,55,56,57,58,59,60,61,62,63,64,65,66,67,68,69,70,71,72,73,74,75,76,77,78,79,80,81,82,83,84,85,86,87"
    queueSizes "32"
    type "origin_mmtc"
    reservation 177260.0
  ]
  node [
    id 84
    label "84"
    schedulingPolicy "FIFO"
    levelsQoS "1"
    schedulingWeights "-"
    tosToQoSqueue "0,1,2,3,4,5,6,7,8,9,10,11,12,13,14,15,16,17,18,19,20,21,22,23,24,25,26,27,28,29,30,31,32,33,34,35,36,37,38,39,40,41,42,43,44,45,46,47,48,49,50,51,52,53,54,55,56,57,58,59,60,61,62,63,64,65,66,67,68,69,70,71,72,73,74,75,76,77,78,79,80,81,82,83,84,85,86,87"
    queueSizes "32"
    type "origin_mmtc"
    reservation 177260.0
  ]
  node [
    id 85
    label "85"
    schedulingPolicy "FIFO"
    levelsQoS "1"
    schedulingWeights "-"
    tosToQoSqueue "0,1,2,3,4,5,6,7,8,9,10,11,12,13,14,15,16,17,18,19,20,21,22,23,24,25,26,27,28,29,30,31,32,33,34,35,36,37,38,39,40,41,42,43,44,45,46,47,48,49,50,51,52,53,54,55,56,57,58,59,60,61,62,63,64,65,66,67,68,69,70,71,72,73,74,75,76,77,78,79,80,81,82,83,84,85,86,87"
    queueSizes "32"
    type "origin_mmtc"
    reservation 202280.0
  ]
  node [
    id 86
    label "86"
    schedulingPolicy "FIFO"
    levelsQoS "1"
    schedulingWeights "-"
    tosToQoSqueue "0,1,2,3,4,5,6,7,8,9,10,11,12,13,14,15,16,17,18,19,20,21,22,23,24,25,26,27,28,29,30,31,32,33,34,35,36,37,38,39,40,41,42,43,44,45,46,47,48,49,50,51,52,53,54,55,56,57,58,59,60,61,62,63,64,65,66,67,68,69,70,71,72,73,74,75,76,77,78,79,80,81,82,83,84,85,86,87"
    queueSizes "32"
    type "origin_mmtc"
    reservation 202280.0
  ]
  node [
    id 87
    label "87"
    schedulingPolicy "FIFO"
    levelsQoS "1"
    schedulingWeights "-"
    tosToQoSqueue "0,1,2,3,4,5,6,7,8,9,10,11,12,13,14,15,16,17,18,19,20,21,22,23,24,25,26,27,28,29,30,31,32,33,34,35,36,37,38,39,40,41,42,43,44,45,46,47,48,49,50,51,52,53,54,55,56,57,58,59,60,61,62,63,64,65,66,67,68,69,70,71,72,73,74,75,76,77,78,79,80,81,82,83,84,85,86,87"
    queueSizes "32"
    type "origin_mmtc"
    reservation 207020.0
  ]
  edge [
    source 0
    target 3
    key 0
    LinkSpeed "155"
    LinkNote "  radio"
    LinkLabel "155 Mbps radio"
    LinkSpeedUnits "M"
    LinkSpeedRaw 155000000.0
    bandwidth 150000000
    traffic "18000000,18000000,18000000,3500000,3500000,3500000,3500000,3500000,200000,200000,3500000,3500000,3500000,200000,200000,3500000,3500000,18000000,200000,3500000,3500000,18000000,3500000,3500000,3500000,200000,3500000,3500000,200000,200000,200000,200000"
    reservation "19776600.0,18102600.0,15975000.0,3994550.0,3993500.0,3317300.0,3860150.0,3305750.0,202280.0,177260.0,3421250.0,3741500.0,3718400.0,207020.0,177260.0,3700550.0,3102050.0,16331400.0,207020.0,3994550.0,3278450.0,16331400.0,3305750.0,3630200.0,3700550.0,202280.0,3305750.0,3993500.0,202280.0,177260.0,202280.0,202280.0"
    port 0
  ]
  edge [
    source 0
    target 5
    key 0
    LinkSpeed "34"
    LinkNote "  Radio"
    LinkLabel "34 Mbps Radio"
    LinkSpeedUnits "M"
    LinkSpeedRaw 34000000.0
    bandwidth 150000000
    traffic ""
    reservation ""
    port 1
  ]
  edge [
    source 0
    target 6
    key 0
    LinkSpeed "155"
    LinkNote "  radio"
    LinkLabel "155 Mbps radio"
    LinkSpeedUnits "M"
    LinkSpeedRaw 155000000.0
    bandwidth 150000000
    traffic "18000000,3500000,3500000,3500000,3500000,3500000,3500000,3500000,3500000,3500000,3500000,3500000,3500000,3500000,18000000,3500000,3500000,200000,18000000,3500000,3500000,3500000,3500000,3500000,3500000,200000,200000,200000,200000,200000,200000,200000,200000,200000,200000,200000"
    reservation "15975000.0,3741500.0,3317300.0,3994550.0,3630200.0,3317300.0,3421250.0,3741500.0,3700550.0,3994550.0,3718400.0,3305750.0,3718400.0,3700550.0,19776600.0,3700550.0,3305750.0,202280.0,16331400.0,3421250.0,3700550.0,3630200.0,3718400.0,3102050.0,3718400.0,177260.0,207020.0,202280.0,202280.0,207020.0,207020.0,177260.0,177260.0,202280.0,202280.0,207020.0"
    port 2
  ]
  edge [
    source 0
    target 8
    key 0
    LinkSpeed "155"
    LinkNote "  LES"
    LinkLabel "155 Mbps LES"
    LinkSpeedUnits "M"
    LinkSpeedRaw 155000000.0
    bandwidth 150000000
    traffic ""
    reservation ""
    port 3
  ]
  edge [
    source 0
    target 14
    key 0
    LinkSpeed "34"
    LinkNote "  Radio"
    LinkLabel "34 Mbps Radio"
    LinkSpeedUnits "M"
    LinkSpeedRaw 34000000.0
    bandwidth 150000000
    traffic ""
    reservation ""
    port 4
  ]
  edge [
    source 0
    target 15
    key 0
    LinkSpeed "34"
    LinkNote "  Radio"
    LinkLabel "34 Mbps Radio"
    LinkSpeedUnits "M"
    LinkSpeedRaw 34000000.0
    bandwidth 150000000
    traffic ""
    reservation ""
    port 5
  ]
  edge [
    source 0
    target 21
    key 0
    port 6
    weight 1
    bandwidth 50000000
    traffic ""
    reservation ""
  ]
  edge [
    source 0
    target 24
    key 0
    port 7
    weight 1
    bandwidth 50000000
    traffic ""
    reservation ""
  ]
  edge [
    source 0
    target 25
    key 0
    port 8
    weight 1
    bandwidth 50000000
    traffic ""
    reservation ""
  ]
  edge [
    source 0
    target 26
    key 0
    port 9
    weight 1
    bandwidth 50000000
    traffic ""
    reservation ""
  ]
  edge [
    source 0
    target 27
    key 0
    port 10
    weight 1
    bandwidth 50000000
    traffic ""
    reservation ""
  ]
  edge [
    source 0
    target 28
    key 0
    port 11
    weight 1
    bandwidth 50000000
    traffic ""
    reservation ""
  ]
  edge [
    source 0
    target 29
    key 0
    port 12
    weight 1
    bandwidth 50000000
    traffic ""
    reservation ""
  ]
  edge [
    source 0
    target 30
    key 0
    port 13
    weight 1
    bandwidth 50000000
    traffic ""
    reservation ""
  ]
  edge [
    source 0
    target 31
    key 0
    port 14
    weight 1
    bandwidth 50000000
    traffic ""
    reservation ""
  ]
  edge [
    source 0
    target 32
    key 0
    port 15
    weight 1
    bandwidth 50000000
    traffic ""
    reservation ""
  ]
  edge [
    source 0
    target 33
    key 0
    port 16
    weight 1
    bandwidth 50000000
    traffic ""
    reservation ""
  ]
  edge [
    source 0
    target 34
    key 0
    port 17
    weight 1
    bandwidth 50000000
    traffic ""
    reservation ""
  ]
  edge [
    source 0
    target 35
    key 0
    port 18
    weight 1
    bandwidth 50000000
    traffic ""
    reservation ""
  ]
  edge [
    source 0
    target 36
    key 0
    port 19
    weight 1
    bandwidth 50000000
    traffic ""
    reservation ""
  ]
  edge [
    source 0
    target 37
    key 0
    port 20
    weight 1
    bandwidth 50000000
    traffic ""
    reservation ""
  ]
  edge [
    source 0
    target 38
    key 0
    port 21
    weight 1
    bandwidth 50000000
    traffic ""
    reservation ""
  ]
  edge [
    source 0
    target 39
    key 0
    port 22
    weight 1
    bandwidth 50000000
    traffic ""
    reservation ""
  ]
  edge [
    source 0
    target 40
    key 0
    port 23
    weight 1
    bandwidth 50000000
    traffic ""
    reservation ""
  ]
  edge [
    source 0
    target 41
    key 0
    port 24
    weight 1
    bandwidth 50000000
    traffic ""
    reservation ""
  ]
  edge [
    source 0
    target 42
    key 0
    port 25
    weight 1
    bandwidth 50000000
    traffic ""
    reservation ""
  ]
  edge [
    source 0
    target 43
    key 0
    port 26
    weight 1
    bandwidth 50000000
    traffic ""
    reservation ""
  ]
  edge [
    source 0
    target 44
    key 0
    port 27
    weight 1
    bandwidth 50000000
    traffic ""
    reservation ""
  ]
  edge [
    source 0
    target 45
    key 0
    port 28
    weight 1
    bandwidth 50000000
    traffic ""
    reservation ""
  ]
  edge [
    source 0
    target 46
    key 0
    port 29
    weight 1
    bandwidth 50000000
    traffic ""
    reservation ""
  ]
  edge [
    source 0
    target 47
    key 0
    port 30
    weight 1
    bandwidth 50000000
    traffic ""
    reservation ""
  ]
  edge [
    source 0
    target 48
    key 0
    port 31
    weight 1
    bandwidth 50000000
    traffic ""
    reservation ""
  ]
  edge [
    source 0
    target 49
    key 0
    port 32
    weight 1
    bandwidth 50000000
    traffic ""
    reservation ""
  ]
  edge [
    source 0
    target 50
    key 0
    port 33
    weight 1
    bandwidth 50000000
    traffic ""
    reservation ""
  ]
  edge [
    source 0
    target 51
    key 0
    port 34
    weight 1
    bandwidth 50000000
    traffic ""
    reservation ""
  ]
  edge [
    source 0
    target 52
    key 0
    port 35
    weight 1
    bandwidth 50000000
    traffic ""
    reservation ""
  ]
  edge [
    source 0
    target 53
    key 0
    port 36
    weight 1
    bandwidth 50000000
    traffic ""
    reservation ""
  ]
  edge [
    source 0
    target 54
    key 0
    port 37
    weight 1
    bandwidth 50000000
    traffic ""
    reservation ""
  ]
  edge [
    source 0
    target 55
    key 0
    port 38
    weight 1
    bandwidth 50000000
    traffic ""
    reservation ""
  ]
  edge [
    source 0
    target 56
    key 0
    port 39
    weight 1
    bandwidth 50000000
    traffic ""
    reservation ""
  ]
  edge [
    source 0
    target 57
    key 0
    port 40
    weight 1
    bandwidth 50000000
    traffic ""
    reservation ""
  ]
  edge [
    source 0
    target 58
    key 0
    port 41
    weight 1
    bandwidth 50000000
    traffic ""
    reservation ""
  ]
  edge [
    source 0
    target 59
    key 0
    port 42
    weight 1
    bandwidth 50000000
    traffic ""
    reservation ""
  ]
  edge [
    source 0
    target 60
    key 0
    port 43
    weight 1
    bandwidth 50000000
    traffic ""
    reservation ""
  ]
  edge [
    source 0
    target 61
    key 0
    port 44
    weight 1
    bandwidth 50000000
    traffic ""
    reservation ""
  ]
  edge [
    source 0
    target 62
    key 0
    port 45
    weight 1
    bandwidth 50000000
    traffic ""
    reservation ""
  ]
  edge [
    source 0
    target 63
    key 0
    port 46
    weight 1
    bandwidth 50000000
    traffic ""
    reservation ""
  ]
  edge [
    source 0
    target 64
    key 0
    port 47
    weight 1
    bandwidth 50000000
    traffic ""
    reservation ""
  ]
  edge [
    source 0
    target 65
    key 0
    port 48
    weight 1
    bandwidth 50000000
    traffic ""
    reservation ""
  ]
  edge [
    source 0
    target 66
    key 0
    port 49
    weight 1
    bandwidth 50000000
    traffic ""
    reservation ""
  ]
  edge [
    source 0
    target 67
    key 0
    port 50
    weight 1
    bandwidth 50000000
    traffic ""
    reservation ""
  ]
  edge [
    source 0
    target 68
    key 0
    port 51
    weight 1
    bandwidth 50000000
    traffic ""
    reservation ""
  ]
  edge [
    source 0
    target 69
    key 0
    port 52
    weight 1
    bandwidth 50000000
    traffic ""
    reservation ""
  ]
  edge [
    source 0
    target 70
    key 0
    port 53
    weight 1
    bandwidth 50000000
    traffic ""
    reservation ""
  ]
  edge [
    source 0
    target 71
    key 0
    port 54
    weight 1
    bandwidth 50000000
    traffic ""
    reservation ""
  ]
  edge [
    source 0
    target 72
    key 0
    port 55
    weight 1
    bandwidth 50000000
    traffic ""
    reservation ""
  ]
  edge [
    source 0
    target 73
    key 0
    port 56
    weight 1
    bandwidth 50000000
    traffic ""
    reservation ""
  ]
  edge [
    source 0
    target 74
    key 0
    port 57
    weight 1
    bandwidth 50000000
    traffic ""
    reservation ""
  ]
  edge [
    source 0
    target 75
    key 0
    port 58
    weight 1
    bandwidth 50000000
    traffic ""
    reservation ""
  ]
  edge [
    source 0
    target 76
    key 0
    port 59
    weight 1
    bandwidth 50000000
    traffic ""
    reservation ""
  ]
  edge [
    source 0
    target 77
    key 0
    port 60
    weight 1
    bandwidth 50000000
    traffic ""
    reservation ""
  ]
  edge [
    source 0
    target 78
    key 0
    port 61
    weight 1
    bandwidth 50000000
    traffic ""
    reservation ""
  ]
  edge [
    source 0
    target 79
    key 0
    port 62
    weight 1
    bandwidth 50000000
    traffic ""
    reservation ""
  ]
  edge [
    source 0
    target 80
    key 0
    port 63
    weight 1
    bandwidth 50000000
    traffic ""
    reservation ""
  ]
  edge [
    source 0
    target 81
    key 0
    port 64
    weight 1
    bandwidth 50000000
    traffic ""
    reservation ""
  ]
  edge [
    source 0
    target 82
    key 0
    port 65
    weight 1
    bandwidth 50000000
    traffic ""
    reservation ""
  ]
  edge [
    source 0
    target 83
    key 0
    port 66
    weight 1
    bandwidth 50000000
    traffic ""
    reservation ""
  ]
  edge [
    source 0
    target 84
    key 0
    port 67
    weight 1
    bandwidth 50000000
    traffic ""
    reservation ""
  ]
  edge [
    source 0
    target 85
    key 0
    port 68
    weight 1
    bandwidth 50000000
    traffic ""
    reservation ""
  ]
  edge [
    source 0
    target 86
    key 0
    port 69
    weight 1
    bandwidth 50000000
    traffic ""
    reservation ""
  ]
  edge [
    source 0
    target 87
    key 0
    port 70
    weight 1
    bandwidth 50000000
    traffic ""
    reservation ""
  ]
  edge [
    source 1
    target 4
    key 0
    LinkSpeed "155"
    LinkNote "  LES"
    LinkLabel "155 Mbps LES"
    LinkSpeedUnits "M"
    LinkSpeedRaw 155000000.0
    bandwidth 150000000
    traffic "3500000,3500000,3500000,3500000,3500000,3500000,3500000,3500000,3500000,3500000,3500000,3500000,3500000,3500000,3500000,200000,3500000,3500000,3500000,3500000,3500000,3500000,200000,200000,200000,200000,200000,200000,200000,200000,200000,200000,200000"
    reservation "3741500.0,3317300.0,3994550.0,3630200.0,3317300.0,3421250.0,3741500.0,3700550.0,3994550.0,3718400.0,3305750.0,3718400.0,3700550.0,3700550.0,3305750.0,202280.0,3421250.0,3700550.0,3630200.0,3718400.0,3102050.0,3718400.0,177260.0,207020.0,202280.0,202280.0,207020.0,207020.0,177260.0,177260.0,202280.0,202280.0,207020.0"
    port 0
  ]
  edge [
    source 1
    target 7
    key 0
    LinkSpeed "155"
    LinkNote "  radio"
    LinkLabel "155 Mbps radio"
    LinkSpeedUnits "M"
    LinkSpeedRaw 155000000.0
    bandwidth 150000000
    traffic ""
    reservation ""
    port 1
  ]
  edge [
    source 1
    target 18
    key 0
    port 2
    weight 1
    bandwidth 350000000
    traffic "18000000,18000000,18000000,18000000,18000000,18000000,18000000,18000000,18000000"
    reservation "15975000.0,19776600.0,18102600.0,19776600.0,15975000.0,16331400.0,16331400.0,19776600.0,16331400.0"
  ]
  edge [
    source 2
    target 3
    key 0
    LinkSpeed "155"
    LinkNote "  radio"
    LinkLabel "155 Mbps radio"
    LinkSpeedUnits "M"
    LinkSpeedRaw 155000000.0
    bandwidth 150000000
    traffic ""
    reservation ""
    port 0
  ]
  edge [
    source 2
    target 4
    key 0
    LinkSpeed "155"
    LinkNote "  radio"
    LinkLabel "155 Mbps radio"
    LinkSpeedUnits "M"
    LinkSpeedRaw 155000000.0
    bandwidth 150000000
    traffic "18000000,18000000,18000000,3500000,3500000,3500000,3500000,3500000,200000,200000,3500000,3500000,3500000,200000,200000,3500000,3500000,18000000,200000,3500000,3500000,18000000,3500000,3500000,3500000,200000,3500000,3500000,200000,200000,200000,200000"
    reservation "19776600.0,18102600.0,15975000.0,3994550.0,3993500.0,3317300.0,3860150.0,3305750.0,202280.0,177260.0,3421250.0,3741500.0,3718400.0,207020.0,177260.0,3700550.0,3102050.0,16331400.0,207020.0,3994550.0,3278450.0,16331400.0,3305750.0,3630200.0,3700550.0,202280.0,3305750.0,3993500.0,202280.0,177260.0,202280.0,202280.0"
    port 1
  ]
  edge [
    source 3
    target 0
    key 0
    LinkSpeed "155"
    LinkNote "  radio"
    LinkLabel "155 Mbps radio"
    LinkSpeedUnits "M"
    LinkSpeedRaw 155000000.0
    bandwidth 150000000
    traffic "18000000"
    reservation "15975000.0"
    port 0
  ]
  edge [
    source 3
    target 2
    key 0
    LinkSpeed "155"
    LinkNote "  radio"
    LinkLabel "155 Mbps radio"
    LinkSpeedUnits "M"
    LinkSpeedRaw 155000000.0
    bandwidth 150000000
    traffic "18000000,18000000,18000000,3500000,3500000,3500000,3500000,3500000,200000,200000,3500000,3500000,3500000,200000,200000,3500000,3500000,18000000,200000,3500000,3500000,18000000,3500000,3500000,3500000,200000,3500000,3500000,200000,200000,200000,200000"
    reservation "19776600.0,18102600.0,15975000.0,3994550.0,3993500.0,3317300.0,3860150.0,3305750.0,202280.0,177260.0,3421250.0,3741500.0,3718400.0,207020.0,177260.0,3700550.0,3102050.0,16331400.0,207020.0,3994550.0,3278450.0,16331400.0,3305750.0,3630200.0,3700550.0,202280.0,3305750.0,3993500.0,202280.0,177260.0,202280.0,202280.0"
    port 1
  ]
  edge [
    source 3
    target 8
    key 0
    LinkSpeed "155"
    LinkNote "  radio"
    LinkLabel "155 Mbps radio"
    LinkSpeedUnits "M"
    LinkSpeedRaw 155000000.0
    bandwidth 150000000
    traffic ""
    reservation ""
    port 2
  ]
  edge [
    source 3
    target 12
    key 0
    LinkSpeed "34"
    LinkNote "  Radio"
    LinkLabel "34 Mbps Radio"
    LinkSpeedUnits "M"
    LinkSpeedRaw 34000000.0
    bandwidth 150000000
    traffic ""
    reservation ""
    port 3
  ]
  edge [
    source 3
    target 19
    key 0
    port 4
    weight 1
    bandwidth 50000000
    traffic ""
    reservation ""
  ]
  edge [
    source 4
    target 1
    key 0
    LinkSpeed "155"
    LinkNote "  LES"
    LinkLabel "155 Mbps LES"
    LinkSpeedUnits "M"
    LinkSpeedRaw 155000000.0
    bandwidth 150000000
    traffic "18000000,18000000,18000000,18000000,18000000"
    reservation "19776600.0,18102600.0,15975000.0,16331400.0,16331400.0"
    port 0
  ]
  edge [
    source 4
    target 2
    key 0
    LinkSpeed "155"
    LinkNote "  radio"
    LinkLabel "155 Mbps radio"
    LinkSpeedUnits "M"
    LinkSpeedRaw 155000000.0
    bandwidth 150000000
    traffic ""
    reservation ""
    port 1
  ]
  edge [
    source 4
    target 11
    key 0
    LinkSpeed "34"
    LinkNote "  Radio"
    LinkLabel "34 Mbps Radio"
    LinkSpeedUnits "M"
    LinkSpeedRaw 34000000.0
    bandwidth 150000000
    traffic ""
    reservation ""
    port 2
  ]
  edge [
    source 4
    target 13
    key 0
    LinkSpeed "34"
    LinkNote "  Radio"
    LinkLabel "34 Mbps Radio"
    LinkSpeedUnits "M"
    LinkSpeedRaw 34000000.0
    bandwidth 150000000
    traffic "200000,200000,200000,200000,200000,200000,200000,200000,200000,200000,200000,200000,200000,200000,200000,200000,200000,200000,200000,200000,200000,200000"
    reservation "202280.0,177260.0,207020.0,177260.0,207020.0,202280.0,202280.0,177260.0,202280.0,202280.0,202280.0,177260.0,207020.0,202280.0,202280.0,207020.0,207020.0,177260.0,177260.0,202280.0,202280.0,207020.0"
    port 3
  ]
  edge [
    source 4
    target 9
    key 0
    LinkSpeed "155"
    LinkNote "  radio"
    LinkLabel "155 Mbps radio"
    LinkSpeedUnits "M"
    LinkSpeedRaw 155000000.0
    bandwidth 150000000
    traffic "3500000,3500000,3500000,3500000,3500000,3500000,3500000,3500000,3500000,3500000,3500000,3500000,3500000,3500000,3500000,3500000,3500000,3500000,3500000,3500000,3500000,3500000,3500000,3500000,3500000,3500000,3500000,3500000,3500000,3500000,3500000,3500000,3500000,3500000,3500000,3500000,3500000,3500000"
    reservation "3994550.0,3993500.0,3317300.0,3860150.0,3305750.0,3421250.0,3741500.0,3718400.0,3700550.0,3102050.0,3994550.0,3278450.0,3305750.0,3630200.0,3700550.0,3305750.0,3993500.0,3741500.0,3317300.0,3994550.0,3630200.0,3317300.0,3421250.0,3741500.0,3700550.0,3994550.0,3718400.0,3305750.0,3718400.0,3700550.0,3700550.0,3305750.0,3421250.0,3700550.0,3630200.0,3718400.0,3102050.0,3718400.0"
    port 4
  ]
  edge [
    source 5
    target 0
    key 0
    LinkSpeed "34"
    LinkNote "  Radio"
    LinkLabel "34 Mbps Radio"
    LinkSpeedUnits "M"
    LinkSpeedRaw 34000000.0
    bandwidth 150000000
    traffic "18000000"
    reservation "15975000.0"
    port 0
  ]
  edge [
    source 5
    target 23
    key 0
    port 1
    weight 1
    bandwidth 50000000
    traffic ""
    reservation ""
  ]
  edge [
    source 6
    target 0
    key 0
    LinkSpeed "155"
    LinkNote "  radio"
    LinkLabel "155 Mbps radio"
    LinkSpeedUnits "M"
    LinkSpeedRaw 155000000.0
    bandwidth 150000000
    traffic ""
    reservation ""
    port 0
  ]
  edge [
    source 6
    target 7
    key 0
    LinkSpeed "155"
    LinkNote "  radio"
    LinkLabel "155 Mbps radio"
    LinkSpeedUnits "M"
    LinkSpeedRaw 155000000.0
    bandwidth 150000000
    traffic "18000000,3500000,3500000,3500000,3500000,3500000,3500000,3500000,3500000,3500000,3500000,3500000,3500000,3500000,18000000,3500000,3500000,200000,18000000,3500000,3500000,3500000,3500000,3500000,3500000,200000,200000,200000,200000,200000,200000,200000,200000,200000,200000,200000"
    reservation "15975000.0,3741500.0,3317300.0,3994550.0,3630200.0,3317300.0,3421250.0,3741500.0,3700550.0,3994550.0,3718400.0,3305750.0,3718400.0,3700550.0,19776600.0,3700550.0,3305750.0,202280.0,16331400.0,3421250.0,3700550.0,3630200.0,3718400.0,3102050.0,3718400.0,177260.0,207020.0,202280.0,202280.0,207020.0,207020.0,177260.0,177260.0,202280.0,202280.0,207020.0"
    port 1
  ]
  edge [
    source 7
    target 1
    key 0
    LinkSpeed "155"
    LinkNote "  radio"
    LinkLabel "155 Mbps radio"
    LinkSpeedUnits "M"
    LinkSpeedRaw 155000000.0
    bandwidth 150000000
    traffic "18000000,18000000,3500000,3500000,3500000,3500000,3500000,3500000,3500000,3500000,3500000,3500000,3500000,3500000,3500000,18000000,3500000,3500000,200000,18000000,3500000,3500000,3500000,3500000,3500000,3500000,200000,200000,200000,200000,200000,200000,200000,200000,200000,200000,200000"
    reservation "15975000.0,19776600.0,3741500.0,3317300.0,3994550.0,3630200.0,3317300.0,3421250.0,3741500.0,3700550.0,3994550.0,3718400.0,3305750.0,3718400.0,3700550.0,19776600.0,3700550.0,3305750.0,202280.0,16331400.0,3421250.0,3700550.0,3630200.0,3718400.0,3102050.0,3718400.0,177260.0,207020.0,202280.0,202280.0,207020.0,207020.0,177260.0,177260.0,202280.0,202280.0,207020.0"
    port 0
  ]
  edge [
    source 7
    target 6
    key 0
    LinkSpeed "155"
    LinkNote "  radio"
    LinkLabel "155 Mbps radio"
    LinkSpeedUnits "M"
    LinkSpeedRaw 155000000.0
    bandwidth 150000000
    traffic ""
    reservation ""
    port 1
  ]
  edge [
    source 7
    target 22
    key 0
    port 2
    weight 1
    bandwidth 50000000
    traffic ""
    reservation ""
  ]
  edge [
    source 8
    target 0
    key 0
    LinkSpeed "155"
    LinkNote "  LES"
    LinkLabel "155 Mbps LES"
    LinkSpeedUnits "M"
    LinkSpeedRaw 155000000.0
    bandwidth 150000000
    traffic "18000000"
    reservation "19776600.0"
    port 0
  ]
  edge [
    source 8
    target 3
    key 0
    LinkSpeed "155"
    LinkNote "  radio"
    LinkLabel "155 Mbps radio"
    LinkSpeedUnits "M"
    LinkSpeedRaw 155000000.0
    bandwidth 150000000
    traffic ""
    reservation ""
    port 1
  ]
  edge [
    source 8
    target 20
    key 0
    port 2
    weight 1
    bandwidth 50000000
    traffic ""
    reservation ""
  ]
  edge [
    source 9
    target 4
    key 0
    LinkSpeed "155"
    LinkNote "  radio"
    LinkLabel "155 Mbps radio"
    LinkSpeedUnits "M"
    LinkSpeedRaw 155000000.0
    bandwidth 150000000
    traffic ""
    reservation ""
    port 0
  ]
  edge [
    source 9
    target 16
    key 0
    port 1
    weight 1
    bandwidth 350000000
    traffic "3500000,3500000,3500000,3500000,3500000,3500000,3500000,3500000,3500000,3500000,3500000,3500000,3500000,3500000,3500000,3500000,3500000,3500000,3500000,3500000,3500000,3500000,3500000,3500000,3500000,3500000,3500000,3500000,3500000,3500000,3500000,3500000,3500000,3500000,3500000,3500000,3500000,3500000"
    reservation "3994550.0,3993500.0,3317300.0,3860150.0,3305750.0,3421250.0,3741500.0,3718400.0,3700550.0,3102050.0,3994550.0,3278450.0,3305750.0,3630200.0,3700550.0,3305750.0,3993500.0,3741500.0,3317300.0,3994550.0,3630200.0,3317300.0,3421250.0,3741500.0,3700550.0,3994550.0,3718400.0,3305750.0,3718400.0,3700550.0,3700550.0,3305750.0,3421250.0,3700550.0,3630200.0,3718400.0,3102050.0,3718400.0"
  ]
  edge [
    source 10
    target 15
    key 0
    LinkSpeed "34"
    LinkNote "  Radio"
    LinkLabel "34 Mbps Radio"
    LinkSpeedUnits "M"
    LinkSpeedRaw 34000000.0
    bandwidth 150000000
    traffic ""
    reservation ""
    port 0
  ]
  edge [
    source 11
    target 4
    key 0
    LinkSpeed "34"
    LinkNote "  Radio"
    LinkLabel "34 Mbps Radio"
    LinkSpeedUnits "M"
    LinkSpeedRaw 34000000.0
    bandwidth 150000000
    traffic ""
    reservation ""
    port 0
  ]
  edge [
    source 12
    target 3
    key 0
    LinkSpeed "34"
    LinkNote "  Radio"
    LinkLabel "34 Mbps Radio"
    LinkSpeedUnits "M"
    LinkSpeedRaw 34000000.0
    bandwidth 150000000
    traffic ""
    reservation ""
    port 0
  ]
  edge [
    source 13
    target 4
    key 0
    LinkSpeed "34"
    LinkNote "  Radio"
    LinkLabel "34 Mbps Radio"
    LinkSpeedUnits "M"
    LinkSpeedRaw 34000000.0
    bandwidth 150000000
    traffic ""
    reservation ""
    port 0
  ]
  edge [
    source 13
    target 17
    key 0
    port 1
    weight 1
    bandwidth 350000000
    traffic "200000,200000,200000,200000,200000,200000,200000,200000,200000,200000,200000,200000,200000,200000,200000,200000,200000,200000,200000,200000,200000,200000"
    reservation "202280.0,177260.0,207020.0,177260.0,207020.0,202280.0,202280.0,177260.0,202280.0,202280.0,202280.0,177260.0,207020.0,202280.0,202280.0,207020.0,207020.0,177260.0,177260.0,202280.0,202280.0,207020.0"
  ]
  edge [
    source 14
    target 0
    key 0
    LinkSpeed "34"
    LinkNote "  Radio"
    LinkLabel "34 Mbps Radio"
    LinkSpeedUnits "M"
    LinkSpeedRaw 34000000.0
    bandwidth 150000000
    traffic ""
    reservation ""
    port 0
  ]
  edge [
    source 15
    target 0
    key 0
    LinkSpeed "34"
    LinkNote "  Radio"
    LinkLabel "34 Mbps Radio"
    LinkSpeedUnits "M"
    LinkSpeedRaw 34000000.0
    bandwidth 150000000
    traffic ""
    reservation ""
    port 0
  ]
  edge [
    source 15
    target 10
    key 0
    LinkSpeed "34"
    LinkNote "  Radio"
    LinkLabel "34 Mbps Radio"
    LinkSpeedUnits "M"
    LinkSpeedRaw 34000000.0
    bandwidth 150000000
    traffic ""
    reservation ""
    port 1
  ]
  edge [
    source 16
    target 9
    key 0
    port 0
    weight 1
    bandwidth 350000000
    traffic ""
    reservation ""
  ]
  edge [
    source 17
    target 13
    key 0
    port 0
    weight 1
    bandwidth 350000000
    traffic ""
    reservation ""
  ]
  edge [
    source 18
    target 1
    key 0
    port 0
    weight 1
    bandwidth 350000000
    traffic ""
    reservation ""
  ]
  edge [
    source 19
    target 3
    key 0
    port 0
    weight 1
    bandwidth 50000000
    traffic "18000000"
    reservation "15975000.0"
  ]
  edge [
    source 20
    target 8
    key 0
    port 0
    weight 1
    bandwidth 50000000
    traffic "18000000"
    reservation "19776600.0"
  ]
  edge [
    source 21
    target 0
    key 0
    port 0
    weight 1
    bandwidth 50000000
    traffic "18000000"
    reservation "18102600.0"
  ]
  edge [
    source 22
    target 7
    key 0
    port 0
    weight 1
    bandwidth 50000000
    traffic "18000000"
    reservation "19776600.0"
  ]
  edge [
    source 23
    target 5
    key 0
    port 0
    weight 1
    bandwidth 50000000
    traffic "18000000"
    reservation "15975000.0"
  ]
  edge [
    source 24
    target 0
    key 0
    port 0
    weight 1
    bandwidth 50000000
    traffic "3500000"
    reservation "3994550.0"
  ]
  edge [
    source 25
    target 0
    key 0
    port 0
    weight 1
    bandwidth 50000000
    traffic "3500000"
    reservation "3993500.0"
  ]
  edge [
    source 26
    target 0
    key 0
    port 0
    weight 1
    bandwidth 50000000
    traffic "3500000"
    reservation "3317300.0"
  ]
  edge [
    source 27
    target 0
    key 0
    port 0
    weight 1
    bandwidth 50000000
    traffic "3500000"
    reservation "3860150.0"
  ]
  edge [
    source 28
    target 0
    key 0
    port 0
    weight 1
    bandwidth 50000000
    traffic "3500000"
    reservation "3305750.0"
  ]
  edge [
    source 29
    target 0
    key 0
    port 0
    weight 1
    bandwidth 50000000
    traffic "200000"
    reservation "202280.0"
  ]
  edge [
    source 30
    target 0
    key 0
    port 0
    weight 1
    bandwidth 50000000
    traffic "200000"
    reservation "177260.0"
  ]
  edge [
    source 31
    target 0
    key 0
    port 0
    weight 1
    bandwidth 50000000
    traffic "3500000"
    reservation "3421250.0"
  ]
  edge [
    source 32
    target 0
    key 0
    port 0
    weight 1
    bandwidth 50000000
    traffic "3500000"
    reservation "3741500.0"
  ]
  edge [
    source 33
    target 0
    key 0
    port 0
    weight 1
    bandwidth 50000000
    traffic "3500000"
    reservation "3718400.0"
  ]
  edge [
    source 34
    target 0
    key 0
    port 0
    weight 1
    bandwidth 50000000
    traffic "200000"
    reservation "207020.0"
  ]
  edge [
    source 35
    target 0
    key 0
    port 0
    weight 1
    bandwidth 50000000
    traffic "200000"
    reservation "177260.0"
  ]
  edge [
    source 36
    target 0
    key 0
    port 0
    weight 1
    bandwidth 50000000
    traffic "3500000"
    reservation "3700550.0"
  ]
  edge [
    source 37
    target 0
    key 0
    port 0
    weight 1
    bandwidth 50000000
    traffic "3500000"
    reservation "3102050.0"
  ]
  edge [
    source 38
    target 0
    key 0
    port 0
    weight 1
    bandwidth 50000000
    traffic "18000000"
    reservation "16331400.0"
  ]
  edge [
    source 39
    target 0
    key 0
    port 0
    weight 1
    bandwidth 50000000
    traffic "200000"
    reservation "207020.0"
  ]
  edge [
    source 40
    target 0
    key 0
    port 0
    weight 1
    bandwidth 50000000
    traffic "3500000"
    reservation "3994550.0"
  ]
  edge [
    source 41
    target 0
    key 0
    port 0
    weight 1
    bandwidth 50000000
    traffic "3500000"
    reservation "3278450.0"
  ]
  edge [
    source 42
    target 0
    key 0
    port 0
    weight 1
    bandwidth 50000000
    traffic "18000000"
    reservation "16331400.0"
  ]
  edge [
    source 43
    target 0
    key 0
    port 0
    weight 1
    bandwidth 50000000
    traffic "3500000"
    reservation "3305750.0"
  ]
  edge [
    source 44
    target 0
    key 0
    port 0
    weight 1
    bandwidth 50000000
    traffic "3500000"
    reservation "3630200.0"
  ]
  edge [
    source 45
    target 0
    key 0
    port 0
    weight 1
    bandwidth 50000000
    traffic "3500000"
    reservation "3700550.0"
  ]
  edge [
    source 46
    target 0
    key 0
    port 0
    weight 1
    bandwidth 50000000
    traffic "200000"
    reservation "202280.0"
  ]
  edge [
    source 47
    target 0
    key 0
    port 0
    weight 1
    bandwidth 50000000
    traffic "3500000"
    reservation "3305750.0"
  ]
  edge [
    source 48
    target 0
    key 0
    port 0
    weight 1
    bandwidth 50000000
    traffic "3500000"
    reservation "3993500.0"
  ]
  edge [
    source 49
    target 0
    key 0
    port 0
    weight 1
    bandwidth 50000000
    traffic "3500000"
    reservation "3741500.0"
  ]
  edge [
    source 50
    target 0
    key 0
    port 0
    weight 1
    bandwidth 50000000
    traffic "3500000"
    reservation "3317300.0"
  ]
  edge [
    source 51
    target 0
    key 0
    port 0
    weight 1
    bandwidth 50000000
    traffic "200000"
    reservation "202280.0"
  ]
  edge [
    source 52
    target 0
    key 0
    port 0
    weight 1
    bandwidth 50000000
    traffic "3500000"
    reservation "3994550.0"
  ]
  edge [
    source 53
    target 0
    key 0
    port 0
    weight 1
    bandwidth 50000000
    traffic "3500000"
    reservation "3630200.0"
  ]
  edge [
    source 54
    target 0
    key 0
    port 0
    weight 1
    bandwidth 50000000
    traffic "3500000"
    reservation "3317300.0"
  ]
  edge [
    source 55
    target 0
    key 0
    port 0
    weight 1
    bandwidth 50000000
    traffic "200000"
    reservation "177260.0"
  ]
  edge [
    source 56
    target 0
    key 0
    port 0
    weight 1
    bandwidth 50000000
    traffic "3500000"
    reservation "3421250.0"
  ]
  edge [
    source 57
    target 0
    key 0
    port 0
    weight 1
    bandwidth 50000000
    traffic "3500000"
    reservation "3741500.0"
  ]
  edge [
    source 58
    target 0
    key 0
    port 0
    weight 1
    bandwidth 50000000
    traffic "3500000"
    reservation "3700550.0"
  ]
  edge [
    source 59
    target 0
    key 0
    port 0
    weight 1
    bandwidth 50000000
    traffic "3500000"
    reservation "3994550.0"
  ]
  edge [
    source 60
    target 0
    key 0
    port 0
    weight 1
    bandwidth 50000000
    traffic "3500000"
    reservation "3718400.0"
  ]
  edge [
    source 61
    target 0
    key 0
    port 0
    weight 1
    bandwidth 50000000
    traffic "3500000"
    reservation "3305750.0"
  ]
  edge [
    source 62
    target 0
    key 0
    port 0
    weight 1
    bandwidth 50000000
    traffic "200000"
    reservation "202280.0"
  ]
  edge [
    source 63
    target 0
    key 0
    port 0
    weight 1
    bandwidth 50000000
    traffic "3500000"
    reservation "3718400.0"
  ]
  edge [
    source 64
    target 0
    key 0
    port 0
    weight 1
    bandwidth 50000000
    traffic "3500000"
    reservation "3700550.0"
  ]
  edge [
    source 65
    target 0
    key 0
    port 0
    weight 1
    bandwidth 50000000
    traffic "18000000"
    reservation "19776600.0"
  ]
  edge [
    source 66
    target 0
    key 0
    port 0
    weight 1
    bandwidth 50000000
    traffic "3500000"
    reservation "3700550.0"
  ]
  edge [
    source 67
    target 0
    key 0
    port 0
    weight 1
    bandwidth 50000000
    traffic "3500000"
    reservation "3305750.0"
  ]
  edge [
    source 68
    target 0
    key 0
    port 0
    weight 1
    bandwidth 50000000
    traffic "200000"
    reservation "202280.0"
  ]
  edge [
    source 69
    target 0
    key 0
    port 0
    weight 1
    bandwidth 50000000
    traffic "200000"
    reservation "202280.0"
  ]
  edge [
    source 70
    target 0
    key 0
    port 0
    weight 1
    bandwidth 50000000
    traffic "18000000"
    reservation "16331400.0"
  ]
  edge [
    source 71
    target 0
    key 0
    port 0
    weight 1
    bandwidth 50000000
    traffic "3500000"
    reservation "3421250.0"
  ]
  edge [
    source 72
    target 0
    key 0
    port 0
    weight 1
    bandwidth 50000000
    traffic "3500000"
    reservation "3700550.0"
  ]
  edge [
    source 73
    target 0
    key 0
    port 0
    weight 1
    bandwidth 50000000
    traffic "3500000"
    reservation "3630200.0"
  ]
  edge [
    source 74
    target 0
    key 0
    port 0
    weight 1
    bandwidth 50000000
    traffic "3500000"
    reservation "3718400.0"
  ]
  edge [
    source 75
    target 0
    key 0
    port 0
    weight 1
    bandwidth 50000000
    traffic "3500000"
    reservation "3102050.0"
  ]
  edge [
    source 76
    target 0
    key 0
    port 0
    weight 1
    bandwidth 50000000
    traffic "3500000"
    reservation "3718400.0"
  ]
  edge [
    source 77
    target 0
    key 0
    port 0
    weight 1
    bandwidth 50000000
    traffic "200000"
    reservation "177260.0"
  ]
  edge [
    source 78
    target 0
    key 0
    port 0
    weight 1
    bandwidth 50000000
    traffic "200000"
    reservation "207020.0"
  ]
  edge [
    source 79
    target 0
    key 0
    port 0
    weight 1
    bandwidth 50000000
    traffic "200000"
    reservation "202280.0"
  ]
  edge [
    source 80
    target 0
    key 0
    port 0
    weight 1
    bandwidth 50000000
    traffic "200000"
    reservation "202280.0"
  ]
  edge [
    source 81
    target 0
    key 0
    port 0
    weight 1
    bandwidth 50000000
    traffic "200000"
    reservation "207020.0"
  ]
  edge [
    source 82
    target 0
    key 0
    port 0
    weight 1
    bandwidth 50000000
    traffic "200000"
    reservation "207020.0"
  ]
  edge [
    source 83
    target 0
    key 0
    port 0
    weight 1
    bandwidth 50000000
    traffic "200000"
    reservation "177260.0"
  ]
  edge [
    source 84
    target 0
    key 0
    port 0
    weight 1
    bandwidth 50000000
    traffic "200000"
    reservation "177260.0"
  ]
  edge [
    source 85
    target 0
    key 0
    port 0
    weight 1
    bandwidth 50000000
    traffic "200000"
    reservation "202280.0"
  ]
  edge [
    source 86
    target 0
    key 0
    port 0
    weight 1
    bandwidth 50000000
    traffic "200000"
    reservation "202280.0"
  ]
  edge [
    source 87
    target 0
    key 0
    port 0
    weight 1
    bandwidth 50000000
    traffic "200000"
    reservation "207020.0"
  ]
]
