graph [
  directed 1
  multigraph 1
  GeoLocation "US"
  GeoExtent "Country"
  Network "Abilene"
  Provenance "Primary"
  Access 0
  Source "http://www.internet2.edu/pubs/200502-IS-AN.pdf"
  Version "1.0"
  Type "REN"
  DateType "Historic"
  Backbone 1
  Commercial 0
  label "Abilene"
  ToolsetVersion "0.3.34dev-20120328"
  Customer 0
  IX 0
  SourceGitVersion "e278b1b"
  DateModifier "="
  DateMonth "02"
  LastAccess "3/02/11"
  Layer "IP"
  Creator "Topology Zoo Toolset"
  Developed 0
  Transit 0
  NetworkDate "2005_02"
  DateYear "2005"
  LastProcessed "2011_09_01"
  Testbed 0
  levelsToS 75
  node [
    id 0
    label "0"
    Country "United States"
    Longitude -74.00597
    Internal 1
    Latitude 40.71427
    type "antenna"
    schedulingPolicy "WFQ"
    tosToQoSqueue "26,41;16;19,23,24,36,39,44;27,31,33;17,18,30,34,35,40;29,42,43;45,46,49,52;20,21,22,38,50,51;48,55;47;37,53,54;32;14,25,28,0,1,2,3,4,5,6,7,8,9,10,11,12,13,15,56,57,58,59,60,61,62,63,64,65,66,67,68,69,70,71,72,73,74"
    schedulingWeights "5.206,4.935,12.509,4.049,15.184,4.641,0.768,1.636,0.285,0.256,0.256,0.001,50.273;5.206,0.001,12.509,8.099,15.184,9.283,0.256,0.001,0.285,0.001,0.513,23.46,25.203;0.001,0.001,0.001,0.001,0.001,0.001,0.001,0.001,0.001,0.001,0.001,0.001,99.988;0.001,0.001,0.001,0.001,0.001,0.001,0.001,0.001,0.001,0.001,0.001,0.001,99.988;0.001,0.001,0.001,0.001,0.001,0.001,0.001,0.001,0.001,0.001,0.001,0.001,99.988;0.001,0.001,0.001,0.001,0.001,0.001,0.001,0.001,0.001,0.001,0.001,0.001,99.988;0.001,0.001,0.001,0.001,0.001,0.001,0.001,0.001,0.001,0.001,0.001,0.001,99.988;0.001,0.001,0.001,0.001,0.001,0.001,0.001,0.001,0.001,0.001,0.001,0.001,99.988;0.001,0.001,0.001,0.001,0.001,0.001,0.001,0.001,0.001,0.001,0.001,0.001,99.988;0.001,0.001,0.001,0.001,0.001,0.001,0.001,0.001,0.001,0.001,0.001,0.001,99.988;0.001,0.001,0.001,0.001,0.001,0.001,0.001,0.001,0.001,0.001,0.001,0.001,99.988;0.001,0.001,0.001,0.001,0.001,0.001,0.001,0.001,0.001,0.001,0.001,0.001,99.988;0.001,0.001,0.001,0.001,0.001,0.001,0.001,0.001,0.001,0.001,0.001,0.001,99.988;0.001,0.001,0.001,0.001,0.001,0.001,0.001,0.001,0.001,0.001,0.001,0.001,99.988;0.001,0.001,0.001,0.001,0.001,0.001,0.001,0.001,0.001,0.001,0.001,0.001,99.988;0.001,0.001,0.001,0.001,0.001,0.001,0.001,0.001,0.001,0.001,0.001,0.001,99.988;0.001,0.001,0.001,0.001,0.001,0.001,0.001,0.001,0.001,0.001,0.001,0.001,99.988;0.001,0.001,0.001,0.001,0.001,0.001,0.001,0.001,0.001,0.001,0.001,0.001,99.988;0.001,0.001,0.001,0.001,0.001,0.001,0.001,0.001,0.001,0.001,0.001,0.001,99.988;0.001,0.001,0.001,0.001,0.001,0.001,0.001,0.001,0.001,0.001,0.001,0.001,99.988;0.001,0.001,0.001,0.001,0.001,0.001,0.001,0.001,0.001,0.001,0.001,0.001,99.988;0.001,0.001,0.001,0.001,0.001,0.001,0.001,0.001,0.001,0.001,0.001,0.001,99.988;0.001,0.001,0.001,0.001,0.001,0.001,0.001,0.001,0.001,0.001,0.001,0.001,99.988;0.001,0.001,0.001,0.001,0.001,0.001,0.001,0.001,0.001,0.001,0.001,0.001,99.988;0.001,0.001,0.001,0.001,0.001,0.001,0.001,0.001,0.001,0.001,0.001,0.001,99.988;0.001,0.001,0.001,0.001,0.001,0.001,0.001,0.001,0.001,0.001,0.001,0.001,99.988;0.001,0.001,0.001,0.001,0.001,0.001,0.001,0.001,0.001,0.001,0.001,0.001,99.988;0.001,0.001,0.001,0.001,0.001,0.001,0.001,0.001,0.001,0.001,0.001,0.001,99.988;0.001,0.001,0.001,0.001,0.001,0.001,0.001,0.001,0.001,0.001,0.001,0.001,99.988;0.001,0.001,0.001,0.001,0.001,0.001,0.001,0.001,0.001,0.001,0.001,0.001,99.988;0.001,0.001,0.001,0.001,0.001,0.001,0.001,0.001,0.001,0.001,0.001,0.001,99.988;0.001,0.001,0.001,0.001,0.001,0.001,0.001,0.001,0.001,0.001,0.001,0.001,99.988;0.001,0.001,0.001,0.001,0.001,0.001,0.001,0.001,0.001,0.001,0.001,0.001,99.988;0.001,0.001,0.001,0.001,0.001,0.001,0.001,0.001,0.001,0.001,0.001,0.001,99.988;0.001,0.001,0.001,0.001,0.001,0.001,0.001,0.001,0.001,0.001,0.001,0.001,99.988;0.001,0.001,0.001,0.001,0.001,0.001,0.001,0.001,0.001,0.001,0.001,0.001,99.988;0.001,0.001,0.001,0.001,0.001,0.001,0.001,0.001,0.001,0.001,0.001,0.001,99.988;0.001,0.001,0.001,0.001,0.001,0.001,0.001,0.001,0.001,0.001,0.001,0.001,99.988;0.001,0.001,0.001,0.001,0.001,0.001,0.001,0.001,0.001,0.001,0.001,0.001,99.988;0.001,0.001,0.001,0.001,0.001,0.001,0.001,0.001,0.001,0.001,0.001,0.001,99.988;0.001,0.001,0.001,0.001,0.001,0.001,0.001,0.001,0.001,0.001,0.001,0.001,99.988;0.001,0.001,0.001,0.001,0.001,0.001,0.001,0.001,0.001,0.001,0.001,0.001,99.988;0.001,0.001,0.001,0.001,0.001,0.001,0.001,0.001,0.001,0.001,0.001,0.001,99.988"
    levelsQoS 13
    queueSizes "32,32,32,32,32,32,32,32,32,32,32,32,32"
  ]
  node [
    id 1
    label "1"
    Country "United States"
    Longitude -87.65005
    Internal 1
    Latitude 41.85003
    type "inner"
    schedulingPolicy "WFQ"
    tosToQoSqueue "26;16;19,23,24;27;17,18,30;29;45,46,49;20,21,22,38,50,51;48;47;37;14,25,0,1,2,3,4,5,6,7,8,9,10,11,12,13,15,28,31,32,33,34,35,36,39,40,41,42,43,44,52,53,54,55,56,57,58,59,60,61,62,63,64,65,66,67,68,69,70,71,72,73,74"
    schedulingWeights "0.001,0.001,0.001,0.001,0.001,0.001,0.001,0.001,0.001,0.001,0.001,99.989;5.206,4.935,12.509,4.049,15.184,4.641,0.768,1.636,0.285,0.256,0.256,50.274"
    levelsQoS 12
    queueSizes "32,32,32,32,32,32,32,32,32,32,32,32"
  ]
  node [
    id 2
    label "2"
    Country "United States"
    Longitude -77.03637
    Internal 1
    Latitude 38.89511
    type "inner"
    schedulingPolicy "WFQ"
    tosToQoSqueue "41;36,39,44;31,33;34,35,40;42,43;52;55;53,54;32;28,0,1,2,3,4,5,6,7,8,9,10,11,12,13,14,15,16,17,18,19,20,21,22,23,24,25,26,27,29,30,37,38,45,46,47,48,49,50,51,56,57,58,59,60,61,62,63,64,65,66,67,68,69,70,71,72,73,74"
    schedulingWeights "0.001,0.001,0.001,0.001,0.001,0.001,0.001,0.001,0.001,99.991;5.206,12.509,8.099,15.184,9.283,0.256,0.285,0.513,23.46,25.206"
    levelsQoS 10
    queueSizes "32,32,32,32,32,32,32,32,32,32"
  ]
  node [
    id 3
    label "3"
    Country "United States"
    Longitude -122.33207
    Internal 1
    Latitude 47.60621
    type "inner"
    schedulingPolicy "WFQ"
    tosToQoSqueue "41,64;60;36,39,44;31,33,57,69;34,35,40;65;42,43;52,62;55;61,66;53,54,56,63,67,68;15;14,25,0,1,2,3,4,5,6,7,8,9,10,11,12,13,16,17,18,19,20,21,22,23,24,26,27,28,29,30,32,37,38,45,46,47,48,49,50,51,58,59,70,71,72,73,74"
    schedulingWeights "0.001,0.001,0.001,0.001,0.001,0.001,0.001,0.001,0.001,0.001,0.001,0.001,99.988;10.411,4.935,12.509,16.197,15.184,5.026,9.283,0.512,0.285,0.512,1.538,23.46,0.147"
    levelsQoS 13
    queueSizes "32,32,32,32,32,32,32,32,32,32,32,32,32"
  ]
  node [
    id 4
    label "4"
    Country "United States"
    Longitude -122.03635
    Internal 1
    Latitude 37.36883
    type "antenna"
    schedulingPolicy "WFQ"
    tosToQoSqueue "41,64;60;36,39,44;31,33,57,69;34,35,40;65;42,43;52,62,70;71,74;55,73;61,66,72;53,54,56,63,67,68;15,58;14,25,59,0,1,2,3,4,5,6,7,8,9,10,11,12,13,16,17,18,19,20,21,22,23,24,26,27,28,29,30,32,37,38,45,46,47,48,49,50,51"
    schedulingWeights "10.411,4.935,12.509,16.197,15.184,5.026,9.283,0.512,0.001,0.285,0.512,1.538,23.46,0.146;0.001,0.001,0.001,0.001,0.001,0.001,0.001,0.256,0.545,0.285,0.256,0.001,23.46,75.19;0.001,0.001,0.001,0.001,0.001,0.001,0.001,0.001,0.001,0.001,0.001,0.001,0.001,99.987;0.001,0.001,0.001,0.001,0.001,0.001,0.001,0.001,0.001,0.001,0.001,0.001,0.001,99.987;0.001,0.001,0.001,0.001,0.001,0.001,0.001,0.001,0.001,0.001,0.001,0.001,0.001,99.987;0.001,0.001,0.001,0.001,0.001,0.001,0.001,0.001,0.001,0.001,0.001,0.001,0.001,99.987;0.001,0.001,0.001,0.001,0.001,0.001,0.001,0.001,0.001,0.001,0.001,0.001,0.001,99.987;0.001,0.001,0.001,0.001,0.001,0.001,0.001,0.001,0.001,0.001,0.001,0.001,0.001,99.987;0.001,0.001,0.001,0.001,0.001,0.001,0.001,0.001,0.001,0.001,0.001,0.001,0.001,99.987;0.001,0.001,0.001,0.001,0.001,0.001,0.001,0.001,0.001,0.001,0.001,0.001,0.001,99.987;0.001,0.001,0.001,0.001,0.001,0.001,0.001,0.001,0.001,0.001,0.001,0.001,0.001,99.987;0.001,0.001,0.001,0.001,0.001,0.001,0.001,0.001,0.001,0.001,0.001,0.001,0.001,99.987;0.001,0.001,0.001,0.001,0.001,0.001,0.001,0.001,0.001,0.001,0.001,0.001,0.001,99.987;0.001,0.001,0.001,0.001,0.001,0.001,0.001,0.001,0.001,0.001,0.001,0.001,0.001,99.987;0.001,0.001,0.001,0.001,0.001,0.001,0.001,0.001,0.001,0.001,0.001,0.001,0.001,99.987;0.001,0.001,0.001,0.001,0.001,0.001,0.001,0.001,0.001,0.001,0.001,0.001,0.001,99.987;0.001,0.001,0.001,0.001,0.001,0.001,0.001,0.001,0.001,0.001,0.001,0.001,0.001,99.987;0.001,0.001,0.001,0.001,0.001,0.001,0.001,0.001,0.001,0.001,0.001,0.001,0.001,99.987;0.001,0.001,0.001,0.001,0.001,0.001,0.001,0.001,0.001,0.001,0.001,0.001,0.001,99.987;0.001,0.001,0.001,0.001,0.001,0.001,0.001,0.001,0.001,0.001,0.001,0.001,0.001,99.987;0.001,0.001,0.001,0.001,0.001,0.001,0.001,0.001,0.001,0.001,0.001,0.001,0.001,99.987;0.001,0.001,0.001,0.001,0.001,0.001,0.001,0.001,0.001,0.001,0.001,0.001,0.001,99.987;0.001,0.001,0.001,0.001,0.001,0.001,0.001,0.001,0.001,0.001,0.001,0.001,0.001,99.987"
    levelsQoS 14
    queueSizes "32,32,32,32,32,32,32,32,32,32,32,32,32,32"
  ]
  node [
    id 5
    label "5"
    Country "United States"
    Longitude -118.24368
    Internal 1
    Latitude 34.05223
    type "inner"
    schedulingPolicy "WFQ"
    tosToQoSqueue "41;36,39,44;31,33;34,35,40;42,43;52,70;71,74;55,73;72;53,54;58;14,25,59,0,1,2,3,4,5,6,7,8,9,10,11,12,13,15,16,17,18,19,20,21,22,23,24,26,27,28,29,30,32,37,38,45,46,47,48,49,50,51,56,57,60,61,62,63,64,65,66,67,68,69"
    schedulingWeights "5.206,12.509,8.099,15.184,9.283,0.256,0.001,0.285,0.001,0.513,0.001,48.663;0.001,0.001,0.001,0.001,0.001,0.256,0.545,0.285,0.256,0.001,23.46,75.192"
    levelsQoS 12
    queueSizes "32,32,32,32,32,32,32,32,32,32,32,32"
  ]
  node [
    id 6
    label "6"
    Country "United States"
    Longitude -104.9847
    Internal 1
    Latitude 39.73915
    type "inner"
    schedulingPolicy "WFQ"
    tosToQoSqueue "41,64;60;36,39,44;31,33,57,69;34,35,40;65;42,43;52,62;55;61,66;53,54,56,63,67,68;15;14,25,0,1,2,3,4,5,6,7,8,9,10,11,12,13,16,17,18,19,20,21,22,23,24,26,27,28,29,30,32,37,38,45,46,47,48,49,50,51,58,59,70,71,72,73,74"
    schedulingWeights "0.001,0.001,0.001,0.001,0.001,0.001,0.001,0.001,0.001,0.001,0.001,0.001,99.988;0.001,0.001,0.001,0.001,0.001,0.001,0.001,0.001,0.001,0.001,0.001,0.001,99.988;10.411,4.935,12.509,16.197,15.184,5.026,9.283,0.512,0.285,0.512,1.538,23.46,0.147"
    levelsQoS 13
    queueSizes "32,32,32,32,32,32,32,32,32,32,32,32,32"
  ]
  node [
    id 7
    label "7"
    Country "United States"
    Longitude -94.62746
    Internal 1
    Latitude 39.11417
    type "destination_mmtc"
    schedulingPolicy "FIFO"
    levelsQoS "1"
    schedulingWeights "-"
    tosToQoSqueue "0,1,2,3,4,5,6,7,8,9,10,11,12,13,14,15,16,17,18,19,20,21,22,23,24,25,26,27,28,29,30,31,32,33,34,35,36,37,38,39,40,41,42,43,44,45,46,47,48,49,50,51,52,53,54,55,56,57,58,59,60,61,62,63,64,65,66,67,68,69,70,71,72,73,74"
    queueSizes "32"
  ]
  node [
    id 8
    label "8"
    Country "United States"
    Longitude -95.36327
    Internal 1
    Latitude 29.76328
    type "inner"
    schedulingPolicy "WFQ"
    tosToQoSqueue "41,64;60;36,39,44;31,33,57,69;34,35,40;65;42,43;52,70;71,74;55,73;72;53,54;15,58;14,25,59,0,1,2,3,4,5,6,7,8,9,10,11,12,13,16,17,18,19,20,21,22,23,24,26,27,28,29,30,32,37,38,45,46,47,48,49,50,51,56,61,62,63,66,67,68"
    schedulingWeights "5.206,0.001,12.509,8.099,15.184,0.001,9.283,0.256,0.001,0.285,0.001,0.513,0.001,48.661;0.001,0.001,0.001,0.001,0.001,0.001,0.001,0.256,0.545,0.285,0.256,0.001,23.46,75.19;5.206,4.935,0.001,8.099,0.001,5.026,0.001,0.001,0.001,0.001,0.001,0.001,23.46,53.266"
    levelsQoS 14
    queueSizes "32,32,32,32,32,32,32,32,32,32,32,32,32,32"
  ]
  node [
    id 9
    label "9"
    Country "United States"
    Longitude -84.38798
    Internal 1
    Latitude 33.749
    type "destination_embb"
    schedulingPolicy "FIFO"
    levelsQoS "1"
    schedulingWeights "-"
    tosToQoSqueue "0,1,2,3,4,5,6,7,8,9,10,11,12,13,14,15,16,17,18,19,20,21,22,23,24,25,26,27,28,29,30,31,32,33,34,35,36,37,38,39,40,41,42,43,44,45,46,47,48,49,50,51,52,53,54,55,56,57,58,59,60,61,62,63,64,65,66,67,68,69,70,71,72,73,74"
    queueSizes "32"
  ]
  node [
    id 10
    label "10"
    Country "United States"
    Longitude -86.15804
    Internal 1
    Latitude 39.76838
    type "destination_urllc"
    schedulingPolicy "FIFO"
    levelsQoS "1"
    schedulingWeights "-"
    tosToQoSqueue "0,1,2,3,4,5,6,7,8,9,10,11,12,13,14,15,16,17,18,19,20,21,22,23,24,25,26,27,28,29,30,31,32,33,34,35,36,37,38,39,40,41,42,43,44,45,46,47,48,49,50,51,52,53,54,55,56,57,58,59,60,61,62,63,64,65,66,67,68,69,70,71,72,73,74"
    queueSizes "32"
  ]
  node [
    id 11
    label "11"
    schedulingPolicy "FIFO"
    levelsQoS "1"
    schedulingWeights "-"
    tosToQoSqueue "0,1,2,3,4,5,6,7,8,9,10,11,12,13,14,15,16,17,18,19,20,21,22,23,24,25,26,27,28,29,30,31,32,33,34,35,36,37,38,39,40,41,42,43,44,45,46,47,48,49,50,51,52,53,54,55,56,57,58,59,60,61,62,63,64,65,66,67,68,69,70,71,72,73,74"
    queueSizes "32"
    type "destination_urllc"
  ]
  node [
    id 12
    label "12"
    schedulingPolicy "FIFO"
    levelsQoS "1"
    schedulingWeights "-"
    tosToQoSqueue "0,1,2,3,4,5,6,7,8,9,10,11,12,13,14,15,16,17,18,19,20,21,22,23,24,25,26,27,28,29,30,31,32,33,34,35,36,37,38,39,40,41,42,43,44,45,46,47,48,49,50,51,52,53,54,55,56,57,58,59,60,61,62,63,64,65,66,67,68,69,70,71,72,73,74"
    queueSizes "32"
    type "destination_mmtc"
  ]
  node [
    id 13
    label "13"
    schedulingPolicy "FIFO"
    levelsQoS "1"
    schedulingWeights "-"
    tosToQoSqueue "0,1,2,3,4,5,6,7,8,9,10,11,12,13,14,15,16,17,18,19,20,21,22,23,24,25,26,27,28,29,30,31,32,33,34,35,36,37,38,39,40,41,42,43,44,45,46,47,48,49,50,51,52,53,54,55,56,57,58,59,60,61,62,63,64,65,66,67,68,69,70,71,72,73,74"
    queueSizes "32"
    type "destination_embb"
  ]
  node [
    id 14
    label "14"
    schedulingPolicy "FIFO"
    levelsQoS "1"
    schedulingWeights "-"
    tosToQoSqueue "0,1,2,3,4,5,6,7,8,9,10,11,12,13,14,15,16,17,18,19,20,21,22,23,24,25,26,27,28,29,30,31,32,33,34,35,36,37,38,39,40,41,42,43,44,45,46,47,48,49,50,51,52,53,54,55,56,57,58,59,60,61,62,63,64,65,66,67,68,69,70,71,72,73,74"
    queueSizes "32"
    type "origin_embb"
    reservation 18777600.0
  ]
  node [
    id 15
    label "15"
    schedulingPolicy "FIFO"
    levelsQoS "1"
    schedulingWeights "-"
    tosToQoSqueue "0,1,2,3,4,5,6,7,8,9,10,11,12,13,14,15,16,17,18,19,20,21,22,23,24,25,26,27,28,29,30,31,32,33,34,35,36,37,38,39,40,41,42,43,44,45,46,47,48,49,50,51,52,53,54,55,56,57,58,59,60,61,62,63,64,65,66,67,68,69,70,71,72,73,74"
    queueSizes "32"
    type "origin_embb"
    reservation 17595000.0
  ]
  node [
    id 16
    label "16"
    schedulingPolicy "FIFO"
    levelsQoS "1"
    schedulingWeights "-"
    tosToQoSqueue "0,1,2,3,4,5,6,7,8,9,10,11,12,13,14,15,16,17,18,19,20,21,22,23,24,25,26,27,28,29,30,31,32,33,34,35,36,37,38,39,40,41,42,43,44,45,46,47,48,49,50,51,52,53,54,55,56,57,58,59,60,61,62,63,64,65,66,67,68,69,70,71,72,73,74"
    queueSizes "32"
    type "origin_urllc"
    reservation 3701600.0
  ]
  node [
    id 17
    label "17"
    schedulingPolicy "FIFO"
    levelsQoS "1"
    schedulingWeights "-"
    tosToQoSqueue "0,1,2,3,4,5,6,7,8,9,10,11,12,13,14,15,16,17,18,19,20,21,22,23,24,25,26,27,28,29,30,31,32,33,34,35,36,37,38,39,40,41,42,43,44,45,46,47,48,49,50,51,52,53,54,55,56,57,58,59,60,61,62,63,64,65,66,67,68,69,70,71,72,73,74"
    queueSizes "32"
    type "origin_urllc"
    reservation 3796100.0
  ]
  node [
    id 18
    label "18"
    schedulingPolicy "FIFO"
    levelsQoS "1"
    schedulingWeights "-"
    tosToQoSqueue "0,1,2,3,4,5,6,7,8,9,10,11,12,13,14,15,16,17,18,19,20,21,22,23,24,25,26,27,28,29,30,31,32,33,34,35,36,37,38,39,40,41,42,43,44,45,46,47,48,49,50,51,52,53,54,55,56,57,58,59,60,61,62,63,64,65,66,67,68,69,70,71,72,73,74"
    queueSizes "32"
    type "origin_urllc"
    reservation 3796100.0
  ]
  node [
    id 19
    label "19"
    schedulingPolicy "FIFO"
    levelsQoS "1"
    schedulingWeights "-"
    tosToQoSqueue "0,1,2,3,4,5,6,7,8,9,10,11,12,13,14,15,16,17,18,19,20,21,22,23,24,25,26,27,28,29,30,31,32,33,34,35,36,37,38,39,40,41,42,43,44,45,46,47,48,49,50,51,52,53,54,55,56,57,58,59,60,61,62,63,64,65,66,67,68,69,70,71,72,73,74"
    queueSizes "32"
    type "origin_urllc"
    reservation 3127250.0
  ]
  node [
    id 20
    label "20"
    schedulingPolicy "FIFO"
    levelsQoS "1"
    schedulingWeights "-"
    tosToQoSqueue "0,1,2,3,4,5,6,7,8,9,10,11,12,13,14,15,16,17,18,19,20,21,22,23,24,25,26,27,28,29,30,31,32,33,34,35,36,37,38,39,40,41,42,43,44,45,46,47,48,49,50,51,52,53,54,55,56,57,58,59,60,61,62,63,64,65,66,67,68,69,70,71,72,73,74"
    queueSizes "32"
    type "origin_mmtc"
    reservation 204440.0
  ]
  node [
    id 21
    label "21"
    schedulingPolicy "FIFO"
    levelsQoS "1"
    schedulingWeights "-"
    tosToQoSqueue "0,1,2,3,4,5,6,7,8,9,10,11,12,13,14,15,16,17,18,19,20,21,22,23,24,25,26,27,28,29,30,31,32,33,34,35,36,37,38,39,40,41,42,43,44,45,46,47,48,49,50,51,52,53,54,55,56,57,58,59,60,61,62,63,64,65,66,67,68,69,70,71,72,73,74"
    queueSizes "32"
    type "origin_mmtc"
    reservation 204440.0
  ]
  node [
    id 22
    label "22"
    schedulingPolicy "FIFO"
    levelsQoS "1"
    schedulingWeights "-"
    tosToQoSqueue "0,1,2,3,4,5,6,7,8,9,10,11,12,13,14,15,16,17,18,19,20,21,22,23,24,25,26,27,28,29,30,31,32,33,34,35,36,37,38,39,40,41,42,43,44,45,46,47,48,49,50,51,52,53,54,55,56,57,58,59,60,61,62,63,64,65,66,67,68,69,70,71,72,73,74"
    queueSizes "32"
    type "origin_mmtc"
    reservation 204440.0
  ]
  node [
    id 23
    label "23"
    schedulingPolicy "FIFO"
    levelsQoS "1"
    schedulingWeights "-"
    tosToQoSqueue "0,1,2,3,4,5,6,7,8,9,10,11,12,13,14,15,16,17,18,19,20,21,22,23,24,25,26,27,28,29,30,31,32,33,34,35,36,37,38,39,40,41,42,43,44,45,46,47,48,49,50,51,52,53,54,55,56,57,58,59,60,61,62,63,64,65,66,67,68,69,70,71,72,73,74"
    queueSizes "32"
    type "origin_urllc"
    reservation 3127250.0
  ]
  node [
    id 24
    label "24"
    schedulingPolicy "FIFO"
    levelsQoS "1"
    schedulingWeights "-"
    tosToQoSqueue "0,1,2,3,4,5,6,7,8,9,10,11,12,13,14,15,16,17,18,19,20,21,22,23,24,25,26,27,28,29,30,31,32,33,34,35,36,37,38,39,40,41,42,43,44,45,46,47,48,49,50,51,52,53,54,55,56,57,58,59,60,61,62,63,64,65,66,67,68,69,70,71,72,73,74"
    queueSizes "32"
    type "origin_urllc"
    reservation 3127250.0
  ]
  node [
    id 25
    label "25"
    schedulingPolicy "FIFO"
    levelsQoS "1"
    schedulingWeights "-"
    tosToQoSqueue "0,1,2,3,4,5,6,7,8,9,10,11,12,13,14,15,16,17,18,19,20,21,22,23,24,25,26,27,28,29,30,31,32,33,34,35,36,37,38,39,40,41,42,43,44,45,46,47,48,49,50,51,52,53,54,55,56,57,58,59,60,61,62,63,64,65,66,67,68,69,70,71,72,73,74"
    queueSizes "32"
    type "origin_embb"
    reservation 18777600.0
  ]
  node [
    id 26
    label "26"
    schedulingPolicy "FIFO"
    levelsQoS "1"
    schedulingWeights "-"
    tosToQoSqueue "0,1,2,3,4,5,6,7,8,9,10,11,12,13,14,15,16,17,18,19,20,21,22,23,24,25,26,27,28,29,30,31,32,33,34,35,36,37,38,39,40,41,42,43,44,45,46,47,48,49,50,51,52,53,54,55,56,57,58,59,60,61,62,63,64,65,66,67,68,69,70,71,72,73,74"
    queueSizes "32"
    type "origin_urllc"
    reservation 3904250.0
  ]
  node [
    id 27
    label "27"
    schedulingPolicy "FIFO"
    levelsQoS "1"
    schedulingWeights "-"
    tosToQoSqueue "0,1,2,3,4,5,6,7,8,9,10,11,12,13,14,15,16,17,18,19,20,21,22,23,24,25,26,27,28,29,30,31,32,33,34,35,36,37,38,39,40,41,42,43,44,45,46,47,48,49,50,51,52,53,54,55,56,57,58,59,60,61,62,63,64,65,66,67,68,69,70,71,72,73,74"
    queueSizes "32"
    type "origin_urllc"
    reservation 3036950.0
  ]
  node [
    id 28
    label "28"
    schedulingPolicy "FIFO"
    levelsQoS "1"
    schedulingWeights "-"
    tosToQoSqueue "0,1,2,3,4,5,6,7,8,9,10,11,12,13,14,15,16,17,18,19,20,21,22,23,24,25,26,27,28,29,30,31,32,33,34,35,36,37,38,39,40,41,42,43,44,45,46,47,48,49,50,51,52,53,54,55,56,57,58,59,60,61,62,63,64,65,66,67,68,69,70,71,72,73,74"
    queueSizes "32"
    type "origin_embb"
    reservation 18777600.0
  ]
  node [
    id 29
    label "29"
    schedulingPolicy "FIFO"
    levelsQoS "1"
    schedulingWeights "-"
    tosToQoSqueue "0,1,2,3,4,5,6,7,8,9,10,11,12,13,14,15,16,17,18,19,20,21,22,23,24,25,26,27,28,29,30,31,32,33,34,35,36,37,38,39,40,41,42,43,44,45,46,47,48,49,50,51,52,53,54,55,56,57,58,59,60,61,62,63,64,65,66,67,68,69,70,71,72,73,74"
    queueSizes "32"
    type "origin_urllc"
    reservation 3481100.0
  ]
  node [
    id 30
    label "30"
    schedulingPolicy "FIFO"
    levelsQoS "1"
    schedulingWeights "-"
    tosToQoSqueue "0,1,2,3,4,5,6,7,8,9,10,11,12,13,14,15,16,17,18,19,20,21,22,23,24,25,26,27,28,29,30,31,32,33,34,35,36,37,38,39,40,41,42,43,44,45,46,47,48,49,50,51,52,53,54,55,56,57,58,59,60,61,62,63,64,65,66,67,68,69,70,71,72,73,74"
    queueSizes "32"
    type "origin_urllc"
    reservation 3796100.0
  ]
  node [
    id 31
    label "31"
    schedulingPolicy "FIFO"
    levelsQoS "1"
    schedulingWeights "-"
    tosToQoSqueue "0,1,2,3,4,5,6,7,8,9,10,11,12,13,14,15,16,17,18,19,20,21,22,23,24,25,26,27,28,29,30,31,32,33,34,35,36,37,38,39,40,41,42,43,44,45,46,47,48,49,50,51,52,53,54,55,56,57,58,59,60,61,62,63,64,65,66,67,68,69,70,71,72,73,74"
    queueSizes "32"
    type "origin_urllc"
    reservation 3036950.0
  ]
  node [
    id 32
    label "32"
    schedulingPolicy "FIFO"
    levelsQoS "1"
    schedulingWeights "-"
    tosToQoSqueue "0,1,2,3,4,5,6,7,8,9,10,11,12,13,14,15,16,17,18,19,20,21,22,23,24,25,26,27,28,29,30,31,32,33,34,35,36,37,38,39,40,41,42,43,44,45,46,47,48,49,50,51,52,53,54,55,56,57,58,59,60,61,62,63,64,65,66,67,68,69,70,71,72,73,74"
    queueSizes "32"
    type "origin_embb"
    reservation 17595000.0
  ]
  node [
    id 33
    label "33"
    schedulingPolicy "FIFO"
    levelsQoS "1"
    schedulingWeights "-"
    tosToQoSqueue "0,1,2,3,4,5,6,7,8,9,10,11,12,13,14,15,16,17,18,19,20,21,22,23,24,25,26,27,28,29,30,31,32,33,34,35,36,37,38,39,40,41,42,43,44,45,46,47,48,49,50,51,52,53,54,55,56,57,58,59,60,61,62,63,64,65,66,67,68,69,70,71,72,73,74"
    queueSizes "32"
    type "origin_urllc"
    reservation 3036950.0
  ]
  node [
    id 34
    label "34"
    schedulingPolicy "FIFO"
    levelsQoS "1"
    schedulingWeights "-"
    tosToQoSqueue "0,1,2,3,4,5,6,7,8,9,10,11,12,13,14,15,16,17,18,19,20,21,22,23,24,25,26,27,28,29,30,31,32,33,34,35,36,37,38,39,40,41,42,43,44,45,46,47,48,49,50,51,52,53,54,55,56,57,58,59,60,61,62,63,64,65,66,67,68,69,70,71,72,73,74"
    queueSizes "32"
    type "origin_urllc"
    reservation 3796100.0
  ]
  node [
    id 35
    label "35"
    schedulingPolicy "FIFO"
    levelsQoS "1"
    schedulingWeights "-"
    tosToQoSqueue "0,1,2,3,4,5,6,7,8,9,10,11,12,13,14,15,16,17,18,19,20,21,22,23,24,25,26,27,28,29,30,31,32,33,34,35,36,37,38,39,40,41,42,43,44,45,46,47,48,49,50,51,52,53,54,55,56,57,58,59,60,61,62,63,64,65,66,67,68,69,70,71,72,73,74"
    queueSizes "32"
    type "origin_urllc"
    reservation 3796100.0
  ]
  node [
    id 36
    label "36"
    schedulingPolicy "FIFO"
    levelsQoS "1"
    schedulingWeights "-"
    tosToQoSqueue "0,1,2,3,4,5,6,7,8,9,10,11,12,13,14,15,16,17,18,19,20,21,22,23,24,25,26,27,28,29,30,31,32,33,34,35,36,37,38,39,40,41,42,43,44,45,46,47,48,49,50,51,52,53,54,55,56,57,58,59,60,61,62,63,64,65,66,67,68,69,70,71,72,73,74"
    queueSizes "32"
    type "origin_urllc"
    reservation 3127250.0
  ]
  node [
    id 37
    label "37"
    schedulingPolicy "FIFO"
    levelsQoS "1"
    schedulingWeights "-"
    tosToQoSqueue "0,1,2,3,4,5,6,7,8,9,10,11,12,13,14,15,16,17,18,19,20,21,22,23,24,25,26,27,28,29,30,31,32,33,34,35,36,37,38,39,40,41,42,43,44,45,46,47,48,49,50,51,52,53,54,55,56,57,58,59,60,61,62,63,64,65,66,67,68,69,70,71,72,73,74"
    queueSizes "32"
    type "origin_mmtc"
    reservation 192200.0
  ]
  node [
    id 38
    label "38"
    schedulingPolicy "FIFO"
    levelsQoS "1"
    schedulingWeights "-"
    tosToQoSqueue "0,1,2,3,4,5,6,7,8,9,10,11,12,13,14,15,16,17,18,19,20,21,22,23,24,25,26,27,28,29,30,31,32,33,34,35,36,37,38,39,40,41,42,43,44,45,46,47,48,49,50,51,52,53,54,55,56,57,58,59,60,61,62,63,64,65,66,67,68,69,70,71,72,73,74"
    queueSizes "32"
    type "origin_mmtc"
    reservation 204440.0
  ]
  node [
    id 39
    label "39"
    schedulingPolicy "FIFO"
    levelsQoS "1"
    schedulingWeights "-"
    tosToQoSqueue "0,1,2,3,4,5,6,7,8,9,10,11,12,13,14,15,16,17,18,19,20,21,22,23,24,25,26,27,28,29,30,31,32,33,34,35,36,37,38,39,40,41,42,43,44,45,46,47,48,49,50,51,52,53,54,55,56,57,58,59,60,61,62,63,64,65,66,67,68,69,70,71,72,73,74"
    queueSizes "32"
    type "origin_urllc"
    reservation 3127250.0
  ]
  node [
    id 40
    label "40"
    schedulingPolicy "FIFO"
    levelsQoS "1"
    schedulingWeights "-"
    tosToQoSqueue "0,1,2,3,4,5,6,7,8,9,10,11,12,13,14,15,16,17,18,19,20,21,22,23,24,25,26,27,28,29,30,31,32,33,34,35,36,37,38,39,40,41,42,43,44,45,46,47,48,49,50,51,52,53,54,55,56,57,58,59,60,61,62,63,64,65,66,67,68,69,70,71,72,73,74"
    queueSizes "32"
    type "origin_urllc"
    reservation 3796100.0
  ]
  node [
    id 41
    label "41"
    schedulingPolicy "FIFO"
    levelsQoS "1"
    schedulingWeights "-"
    tosToQoSqueue "0,1,2,3,4,5,6,7,8,9,10,11,12,13,14,15,16,17,18,19,20,21,22,23,24,25,26,27,28,29,30,31,32,33,34,35,36,37,38,39,40,41,42,43,44,45,46,47,48,49,50,51,52,53,54,55,56,57,58,59,60,61,62,63,64,65,66,67,68,69,70,71,72,73,74"
    queueSizes "32"
    type "origin_urllc"
    reservation 3904250.0
  ]
  node [
    id 42
    label "42"
    schedulingPolicy "FIFO"
    levelsQoS "1"
    schedulingWeights "-"
    tosToQoSqueue "0,1,2,3,4,5,6,7,8,9,10,11,12,13,14,15,16,17,18,19,20,21,22,23,24,25,26,27,28,29,30,31,32,33,34,35,36,37,38,39,40,41,42,43,44,45,46,47,48,49,50,51,52,53,54,55,56,57,58,59,60,61,62,63,64,65,66,67,68,69,70,71,72,73,74"
    queueSizes "32"
    type "origin_urllc"
    reservation 3481100.0
  ]
  node [
    id 43
    label "43"
    schedulingPolicy "FIFO"
    levelsQoS "1"
    schedulingWeights "-"
    tosToQoSqueue "0,1,2,3,4,5,6,7,8,9,10,11,12,13,14,15,16,17,18,19,20,21,22,23,24,25,26,27,28,29,30,31,32,33,34,35,36,37,38,39,40,41,42,43,44,45,46,47,48,49,50,51,52,53,54,55,56,57,58,59,60,61,62,63,64,65,66,67,68,69,70,71,72,73,74"
    queueSizes "32"
    type "origin_urllc"
    reservation 3481100.0
  ]
  node [
    id 44
    label "44"
    schedulingPolicy "FIFO"
    levelsQoS "1"
    schedulingWeights "-"
    tosToQoSqueue "0,1,2,3,4,5,6,7,8,9,10,11,12,13,14,15,16,17,18,19,20,21,22,23,24,25,26,27,28,29,30,31,32,33,34,35,36,37,38,39,40,41,42,43,44,45,46,47,48,49,50,51,52,53,54,55,56,57,58,59,60,61,62,63,64,65,66,67,68,69,70,71,72,73,74"
    queueSizes "32"
    type "origin_urllc"
    reservation 3127250.0
  ]
  node [
    id 45
    label "45"
    schedulingPolicy "FIFO"
    levelsQoS "1"
    schedulingWeights "-"
    tosToQoSqueue "0,1,2,3,4,5,6,7,8,9,10,11,12,13,14,15,16,17,18,19,20,21,22,23,24,25,26,27,28,29,30,31,32,33,34,35,36,37,38,39,40,41,42,43,44,45,46,47,48,49,50,51,52,53,54,55,56,57,58,59,60,61,62,63,64,65,66,67,68,69,70,71,72,73,74"
    queueSizes "32"
    type "origin_mmtc"
    reservation 191900.0
  ]
  node [
    id 46
    label "46"
    schedulingPolicy "FIFO"
    levelsQoS "1"
    schedulingWeights "-"
    tosToQoSqueue "0,1,2,3,4,5,6,7,8,9,10,11,12,13,14,15,16,17,18,19,20,21,22,23,24,25,26,27,28,29,30,31,32,33,34,35,36,37,38,39,40,41,42,43,44,45,46,47,48,49,50,51,52,53,54,55,56,57,58,59,60,61,62,63,64,65,66,67,68,69,70,71,72,73,74"
    queueSizes "32"
    type "origin_mmtc"
    reservation 191900.0
  ]
  node [
    id 47
    label "47"
    schedulingPolicy "FIFO"
    levelsQoS "1"
    schedulingWeights "-"
    tosToQoSqueue "0,1,2,3,4,5,6,7,8,9,10,11,12,13,14,15,16,17,18,19,20,21,22,23,24,25,26,27,28,29,30,31,32,33,34,35,36,37,38,39,40,41,42,43,44,45,46,47,48,49,50,51,52,53,54,55,56,57,58,59,60,61,62,63,64,65,66,67,68,69,70,71,72,73,74"
    queueSizes "32"
    type "origin_mmtc"
    reservation 192080.0
  ]
  node [
    id 48
    label "48"
    schedulingPolicy "FIFO"
    levelsQoS "1"
    schedulingWeights "-"
    tosToQoSqueue "0,1,2,3,4,5,6,7,8,9,10,11,12,13,14,15,16,17,18,19,20,21,22,23,24,25,26,27,28,29,30,31,32,33,34,35,36,37,38,39,40,41,42,43,44,45,46,47,48,49,50,51,52,53,54,55,56,57,58,59,60,61,62,63,64,65,66,67,68,69,70,71,72,73,74"
    queueSizes "32"
    type "origin_mmtc"
    reservation 213680.0
  ]
  node [
    id 49
    label "49"
    schedulingPolicy "FIFO"
    levelsQoS "1"
    schedulingWeights "-"
    tosToQoSqueue "0,1,2,3,4,5,6,7,8,9,10,11,12,13,14,15,16,17,18,19,20,21,22,23,24,25,26,27,28,29,30,31,32,33,34,35,36,37,38,39,40,41,42,43,44,45,46,47,48,49,50,51,52,53,54,55,56,57,58,59,60,61,62,63,64,65,66,67,68,69,70,71,72,73,74"
    queueSizes "32"
    type "origin_mmtc"
    reservation 191900.0
  ]
  node [
    id 50
    label "50"
    schedulingPolicy "FIFO"
    levelsQoS "1"
    schedulingWeights "-"
    tosToQoSqueue "0,1,2,3,4,5,6,7,8,9,10,11,12,13,14,15,16,17,18,19,20,21,22,23,24,25,26,27,28,29,30,31,32,33,34,35,36,37,38,39,40,41,42,43,44,45,46,47,48,49,50,51,52,53,54,55,56,57,58,59,60,61,62,63,64,65,66,67,68,69,70,71,72,73,74"
    queueSizes "32"
    type "origin_mmtc"
    reservation 204440.0
  ]
  node [
    id 51
    label "51"
    schedulingPolicy "FIFO"
    levelsQoS "1"
    schedulingWeights "-"
    tosToQoSqueue "0,1,2,3,4,5,6,7,8,9,10,11,12,13,14,15,16,17,18,19,20,21,22,23,24,25,26,27,28,29,30,31,32,33,34,35,36,37,38,39,40,41,42,43,44,45,46,47,48,49,50,51,52,53,54,55,56,57,58,59,60,61,62,63,64,65,66,67,68,69,70,71,72,73,74"
    queueSizes "32"
    type "origin_mmtc"
    reservation 204440.0
  ]
  node [
    id 52
    label "52"
    schedulingPolicy "FIFO"
    levelsQoS "1"
    schedulingWeights "-"
    tosToQoSqueue "0,1,2,3,4,5,6,7,8,9,10,11,12,13,14,15,16,17,18,19,20,21,22,23,24,25,26,27,28,29,30,31,32,33,34,35,36,37,38,39,40,41,42,43,44,45,46,47,48,49,50,51,52,53,54,55,56,57,58,59,60,61,62,63,64,65,66,67,68,69,70,71,72,73,74"
    queueSizes "32"
    type "origin_mmtc"
    reservation 191900.0
  ]
  node [
    id 53
    label "53"
    schedulingPolicy "FIFO"
    levelsQoS "1"
    schedulingWeights "-"
    tosToQoSqueue "0,1,2,3,4,5,6,7,8,9,10,11,12,13,14,15,16,17,18,19,20,21,22,23,24,25,26,27,28,29,30,31,32,33,34,35,36,37,38,39,40,41,42,43,44,45,46,47,48,49,50,51,52,53,54,55,56,57,58,59,60,61,62,63,64,65,66,67,68,69,70,71,72,73,74"
    queueSizes "32"
    type "origin_mmtc"
    reservation 192200.0
  ]
  node [
    id 54
    label "54"
    schedulingPolicy "FIFO"
    levelsQoS "1"
    schedulingWeights "-"
    tosToQoSqueue "0,1,2,3,4,5,6,7,8,9,10,11,12,13,14,15,16,17,18,19,20,21,22,23,24,25,26,27,28,29,30,31,32,33,34,35,36,37,38,39,40,41,42,43,44,45,46,47,48,49,50,51,52,53,54,55,56,57,58,59,60,61,62,63,64,65,66,67,68,69,70,71,72,73,74"
    queueSizes "32"
    type "origin_mmtc"
    reservation 192200.0
  ]
  node [
    id 55
    label "55"
    schedulingPolicy "FIFO"
    levelsQoS "1"
    schedulingWeights "-"
    tosToQoSqueue "0,1,2,3,4,5,6,7,8,9,10,11,12,13,14,15,16,17,18,19,20,21,22,23,24,25,26,27,28,29,30,31,32,33,34,35,36,37,38,39,40,41,42,43,44,45,46,47,48,49,50,51,52,53,54,55,56,57,58,59,60,61,62,63,64,65,66,67,68,69,70,71,72,73,74"
    queueSizes "32"
    type "origin_mmtc"
    reservation 213680.0
  ]
  node [
    id 56
    label "56"
    schedulingPolicy "FIFO"
    levelsQoS "1"
    schedulingWeights "-"
    tosToQoSqueue "0,1,2,3,4,5,6,7,8,9,10,11,12,13,14,15,16,17,18,19,20,21,22,23,24,25,26,27,28,29,30,31,32,33,34,35,36,37,38,39,40,41,42,43,44,45,46,47,48,49,50,51,52,53,54,55,56,57,58,59,60,61,62,63,64,65,66,67,68,69,70,71,72,73,74"
    queueSizes "32"
    type "origin_mmtc"
    reservation 192200.0
  ]
  node [
    id 57
    label "57"
    schedulingPolicy "FIFO"
    levelsQoS "1"
    schedulingWeights "-"
    tosToQoSqueue "0,1,2,3,4,5,6,7,8,9,10,11,12,13,14,15,16,17,18,19,20,21,22,23,24,25,26,27,28,29,30,31,32,33,34,35,36,37,38,39,40,41,42,43,44,45,46,47,48,49,50,51,52,53,54,55,56,57,58,59,60,61,62,63,64,65,66,67,68,69,70,71,72,73,74"
    queueSizes "32"
    type "origin_urllc"
    reservation 3036950.0
  ]
  node [
    id 58
    label "58"
    schedulingPolicy "FIFO"
    levelsQoS "1"
    schedulingWeights "-"
    tosToQoSqueue "0,1,2,3,4,5,6,7,8,9,10,11,12,13,14,15,16,17,18,19,20,21,22,23,24,25,26,27,28,29,30,31,32,33,34,35,36,37,38,39,40,41,42,43,44,45,46,47,48,49,50,51,52,53,54,55,56,57,58,59,60,61,62,63,64,65,66,67,68,69,70,71,72,73,74"
    queueSizes "32"
    type "origin_embb"
    reservation 17595000.0
  ]
  node [
    id 59
    label "59"
    schedulingPolicy "FIFO"
    levelsQoS "1"
    schedulingWeights "-"
    tosToQoSqueue "0,1,2,3,4,5,6,7,8,9,10,11,12,13,14,15,16,17,18,19,20,21,22,23,24,25,26,27,28,29,30,31,32,33,34,35,36,37,38,39,40,41,42,43,44,45,46,47,48,49,50,51,52,53,54,55,56,57,58,59,60,61,62,63,64,65,66,67,68,69,70,71,72,73,74"
    queueSizes "32"
    type "origin_embb"
    reservation 18777600.0
  ]
  node [
    id 60
    label "60"
    schedulingPolicy "FIFO"
    levelsQoS "1"
    schedulingWeights "-"
    tosToQoSqueue "0,1,2,3,4,5,6,7,8,9,10,11,12,13,14,15,16,17,18,19,20,21,22,23,24,25,26,27,28,29,30,31,32,33,34,35,36,37,38,39,40,41,42,43,44,45,46,47,48,49,50,51,52,53,54,55,56,57,58,59,60,61,62,63,64,65,66,67,68,69,70,71,72,73,74"
    queueSizes "32"
    type "origin_urllc"
    reservation 3701600.0
  ]
  node [
    id 61
    label "61"
    schedulingPolicy "FIFO"
    levelsQoS "1"
    schedulingWeights "-"
    tosToQoSqueue "0,1,2,3,4,5,6,7,8,9,10,11,12,13,14,15,16,17,18,19,20,21,22,23,24,25,26,27,28,29,30,31,32,33,34,35,36,37,38,39,40,41,42,43,44,45,46,47,48,49,50,51,52,53,54,55,56,57,58,59,60,61,62,63,64,65,66,67,68,69,70,71,72,73,74"
    queueSizes "32"
    type "origin_mmtc"
    reservation 192080.0
  ]
  node [
    id 62
    label "62"
    schedulingPolicy "FIFO"
    levelsQoS "1"
    schedulingWeights "-"
    tosToQoSqueue "0,1,2,3,4,5,6,7,8,9,10,11,12,13,14,15,16,17,18,19,20,21,22,23,24,25,26,27,28,29,30,31,32,33,34,35,36,37,38,39,40,41,42,43,44,45,46,47,48,49,50,51,52,53,54,55,56,57,58,59,60,61,62,63,64,65,66,67,68,69,70,71,72,73,74"
    queueSizes "32"
    type "origin_mmtc"
    reservation 191900.0
  ]
  node [
    id 63
    label "63"
    schedulingPolicy "FIFO"
    levelsQoS "1"
    schedulingWeights "-"
    tosToQoSqueue "0,1,2,3,4,5,6,7,8,9,10,11,12,13,14,15,16,17,18,19,20,21,22,23,24,25,26,27,28,29,30,31,32,33,34,35,36,37,38,39,40,41,42,43,44,45,46,47,48,49,50,51,52,53,54,55,56,57,58,59,60,61,62,63,64,65,66,67,68,69,70,71,72,73,74"
    queueSizes "32"
    type "origin_mmtc"
    reservation 192200.0
  ]
  node [
    id 64
    label "64"
    schedulingPolicy "FIFO"
    levelsQoS "1"
    schedulingWeights "-"
    tosToQoSqueue "0,1,2,3,4,5,6,7,8,9,10,11,12,13,14,15,16,17,18,19,20,21,22,23,24,25,26,27,28,29,30,31,32,33,34,35,36,37,38,39,40,41,42,43,44,45,46,47,48,49,50,51,52,53,54,55,56,57,58,59,60,61,62,63,64,65,66,67,68,69,70,71,72,73,74"
    queueSizes "32"
    type "origin_urllc"
    reservation 3904250.0
  ]
  node [
    id 65
    label "65"
    schedulingPolicy "FIFO"
    levelsQoS "1"
    schedulingWeights "-"
    tosToQoSqueue "0,1,2,3,4,5,6,7,8,9,10,11,12,13,14,15,16,17,18,19,20,21,22,23,24,25,26,27,28,29,30,31,32,33,34,35,36,37,38,39,40,41,42,43,44,45,46,47,48,49,50,51,52,53,54,55,56,57,58,59,60,61,62,63,64,65,66,67,68,69,70,71,72,73,74"
    queueSizes "32"
    type "origin_urllc"
    reservation 3769850.0
  ]
  node [
    id 66
    label "66"
    schedulingPolicy "FIFO"
    levelsQoS "1"
    schedulingWeights "-"
    tosToQoSqueue "0,1,2,3,4,5,6,7,8,9,10,11,12,13,14,15,16,17,18,19,20,21,22,23,24,25,26,27,28,29,30,31,32,33,34,35,36,37,38,39,40,41,42,43,44,45,46,47,48,49,50,51,52,53,54,55,56,57,58,59,60,61,62,63,64,65,66,67,68,69,70,71,72,73,74"
    queueSizes "32"
    type "origin_mmtc"
    reservation 192080.0
  ]
  node [
    id 67
    label "67"
    schedulingPolicy "FIFO"
    levelsQoS "1"
    schedulingWeights "-"
    tosToQoSqueue "0,1,2,3,4,5,6,7,8,9,10,11,12,13,14,15,16,17,18,19,20,21,22,23,24,25,26,27,28,29,30,31,32,33,34,35,36,37,38,39,40,41,42,43,44,45,46,47,48,49,50,51,52,53,54,55,56,57,58,59,60,61,62,63,64,65,66,67,68,69,70,71,72,73,74"
    queueSizes "32"
    type "origin_mmtc"
    reservation 192200.0
  ]
  node [
    id 68
    label "68"
    schedulingPolicy "FIFO"
    levelsQoS "1"
    schedulingWeights "-"
    tosToQoSqueue "0,1,2,3,4,5,6,7,8,9,10,11,12,13,14,15,16,17,18,19,20,21,22,23,24,25,26,27,28,29,30,31,32,33,34,35,36,37,38,39,40,41,42,43,44,45,46,47,48,49,50,51,52,53,54,55,56,57,58,59,60,61,62,63,64,65,66,67,68,69,70,71,72,73,74"
    queueSizes "32"
    type "origin_mmtc"
    reservation 192200.0
  ]
  node [
    id 69
    label "69"
    schedulingPolicy "FIFO"
    levelsQoS "1"
    schedulingWeights "-"
    tosToQoSqueue "0,1,2,3,4,5,6,7,8,9,10,11,12,13,14,15,16,17,18,19,20,21,22,23,24,25,26,27,28,29,30,31,32,33,34,35,36,37,38,39,40,41,42,43,44,45,46,47,48,49,50,51,52,53,54,55,56,57,58,59,60,61,62,63,64,65,66,67,68,69,70,71,72,73,74"
    queueSizes "32"
    type "origin_urllc"
    reservation 3036950.0
  ]
  node [
    id 70
    label "70"
    schedulingPolicy "FIFO"
    levelsQoS "1"
    schedulingWeights "-"
    tosToQoSqueue "0,1,2,3,4,5,6,7,8,9,10,11,12,13,14,15,16,17,18,19,20,21,22,23,24,25,26,27,28,29,30,31,32,33,34,35,36,37,38,39,40,41,42,43,44,45,46,47,48,49,50,51,52,53,54,55,56,57,58,59,60,61,62,63,64,65,66,67,68,69,70,71,72,73,74"
    queueSizes "32"
    type "origin_mmtc"
    reservation 191900.0
  ]
  node [
    id 71
    label "71"
    schedulingPolicy "FIFO"
    levelsQoS "1"
    schedulingWeights "-"
    tosToQoSqueue "0,1,2,3,4,5,6,7,8,9,10,11,12,13,14,15,16,17,18,19,20,21,22,23,24,25,26,27,28,29,30,31,32,33,34,35,36,37,38,39,40,41,42,43,44,45,46,47,48,49,50,51,52,53,54,55,56,57,58,59,60,61,62,63,64,65,66,67,68,69,70,71,72,73,74"
    queueSizes "32"
    type "origin_mmtc"
    reservation 204440.0
  ]
  node [
    id 72
    label "72"
    schedulingPolicy "FIFO"
    levelsQoS "1"
    schedulingWeights "-"
    tosToQoSqueue "0,1,2,3,4,5,6,7,8,9,10,11,12,13,14,15,16,17,18,19,20,21,22,23,24,25,26,27,28,29,30,31,32,33,34,35,36,37,38,39,40,41,42,43,44,45,46,47,48,49,50,51,52,53,54,55,56,57,58,59,60,61,62,63,64,65,66,67,68,69,70,71,72,73,74"
    queueSizes "32"
    type "origin_mmtc"
    reservation 192080.0
  ]
  node [
    id 73
    label "73"
    schedulingPolicy "FIFO"
    levelsQoS "1"
    schedulingWeights "-"
    tosToQoSqueue "0,1,2,3,4,5,6,7,8,9,10,11,12,13,14,15,16,17,18,19,20,21,22,23,24,25,26,27,28,29,30,31,32,33,34,35,36,37,38,39,40,41,42,43,44,45,46,47,48,49,50,51,52,53,54,55,56,57,58,59,60,61,62,63,64,65,66,67,68,69,70,71,72,73,74"
    queueSizes "32"
    type "origin_mmtc"
    reservation 213680.0
  ]
  node [
    id 74
    label "74"
    schedulingPolicy "FIFO"
    levelsQoS "1"
    schedulingWeights "-"
    tosToQoSqueue "0,1,2,3,4,5,6,7,8,9,10,11,12,13,14,15,16,17,18,19,20,21,22,23,24,25,26,27,28,29,30,31,32,33,34,35,36,37,38,39,40,41,42,43,44,45,46,47,48,49,50,51,52,53,54,55,56,57,58,59,60,61,62,63,64,65,66,67,68,69,70,71,72,73,74"
    queueSizes "32"
    type "origin_mmtc"
    reservation 204440.0
  ]
  edge [
    source 0
    target 1
    key 0
    LinkType "OC-192"
    LinkLabel "OC-192c"
    LinkNote "c"
    bandwidth 75000000
    traffic "18000000,3500000,3500000,3500000,3500000,200000,200000,200000,3500000,3500000,18000000,3500000,3500000,3500000,3500000,200000,200000,200000,200000,200000,200000,200000,200000,200000"
    reservation "18777600.0,3701600.0,3796100.0,3796100.0,3127250.0,204440.0,204440.0,204440.0,3127250.0,3127250.0,18777600.0,3904250.0,3036950.0,3481100.0,3796100.0,192200.0,204440.0,191900.0,191900.0,192080.0,213680.0,191900.0,204440.0,204440.0"
    port 0
  ]
  edge [
    source 0
    target 2
    key 0
    LinkType "OC-192"
    LinkLabel "OC-192c"
    LinkNote "c"
    bandwidth 75000000
    traffic "18000000,3500000,18000000,3500000,3500000,3500000,3500000,3500000,3500000,3500000,3500000,3500000,3500000,200000,200000,200000,200000"
    reservation "18777600.0,3036950.0,17595000.0,3036950.0,3796100.0,3796100.0,3127250.0,3127250.0,3796100.0,3904250.0,3481100.0,3481100.0,3127250.0,191900.0,192200.0,192200.0,213680.0"
    port 1
  ]
  edge [
    source 0
    target 14
    key 0
    port 2
    weight 1
    bandwidth 50000000
    traffic ""
    reservation ""
  ]
  edge [
    source 0
    target 16
    key 0
    port 3
    weight 1
    bandwidth 50000000
    traffic ""
    reservation ""
  ]
  edge [
    source 0
    target 17
    key 0
    port 4
    weight 1
    bandwidth 50000000
    traffic ""
    reservation ""
  ]
  edge [
    source 0
    target 18
    key 0
    port 5
    weight 1
    bandwidth 50000000
    traffic ""
    reservation ""
  ]
  edge [
    source 0
    target 19
    key 0
    port 6
    weight 1
    bandwidth 50000000
    traffic ""
    reservation ""
  ]
  edge [
    source 0
    target 20
    key 0
    port 7
    weight 1
    bandwidth 50000000
    traffic ""
    reservation ""
  ]
  edge [
    source 0
    target 21
    key 0
    port 8
    weight 1
    bandwidth 50000000
    traffic ""
    reservation ""
  ]
  edge [
    source 0
    target 22
    key 0
    port 9
    weight 1
    bandwidth 50000000
    traffic ""
    reservation ""
  ]
  edge [
    source 0
    target 23
    key 0
    port 10
    weight 1
    bandwidth 50000000
    traffic ""
    reservation ""
  ]
  edge [
    source 0
    target 24
    key 0
    port 11
    weight 1
    bandwidth 50000000
    traffic ""
    reservation ""
  ]
  edge [
    source 0
    target 25
    key 0
    port 12
    weight 1
    bandwidth 50000000
    traffic ""
    reservation ""
  ]
  edge [
    source 0
    target 26
    key 0
    port 13
    weight 1
    bandwidth 50000000
    traffic ""
    reservation ""
  ]
  edge [
    source 0
    target 27
    key 0
    port 14
    weight 1
    bandwidth 50000000
    traffic ""
    reservation ""
  ]
  edge [
    source 0
    target 28
    key 0
    port 15
    weight 1
    bandwidth 50000000
    traffic ""
    reservation ""
  ]
  edge [
    source 0
    target 29
    key 0
    port 16
    weight 1
    bandwidth 50000000
    traffic ""
    reservation ""
  ]
  edge [
    source 0
    target 30
    key 0
    port 17
    weight 1
    bandwidth 50000000
    traffic ""
    reservation ""
  ]
  edge [
    source 0
    target 31
    key 0
    port 18
    weight 1
    bandwidth 50000000
    traffic ""
    reservation ""
  ]
  edge [
    source 0
    target 32
    key 0
    port 19
    weight 1
    bandwidth 50000000
    traffic ""
    reservation ""
  ]
  edge [
    source 0
    target 33
    key 0
    port 20
    weight 1
    bandwidth 50000000
    traffic ""
    reservation ""
  ]
  edge [
    source 0
    target 34
    key 0
    port 21
    weight 1
    bandwidth 50000000
    traffic ""
    reservation ""
  ]
  edge [
    source 0
    target 35
    key 0
    port 22
    weight 1
    bandwidth 50000000
    traffic ""
    reservation ""
  ]
  edge [
    source 0
    target 36
    key 0
    port 23
    weight 1
    bandwidth 50000000
    traffic ""
    reservation ""
  ]
  edge [
    source 0
    target 37
    key 0
    port 24
    weight 1
    bandwidth 50000000
    traffic ""
    reservation ""
  ]
  edge [
    source 0
    target 38
    key 0
    port 25
    weight 1
    bandwidth 50000000
    traffic ""
    reservation ""
  ]
  edge [
    source 0
    target 39
    key 0
    port 26
    weight 1
    bandwidth 50000000
    traffic ""
    reservation ""
  ]
  edge [
    source 0
    target 40
    key 0
    port 27
    weight 1
    bandwidth 50000000
    traffic ""
    reservation ""
  ]
  edge [
    source 0
    target 41
    key 0
    port 28
    weight 1
    bandwidth 50000000
    traffic ""
    reservation ""
  ]
  edge [
    source 0
    target 42
    key 0
    port 29
    weight 1
    bandwidth 50000000
    traffic ""
    reservation ""
  ]
  edge [
    source 0
    target 43
    key 0
    port 30
    weight 1
    bandwidth 50000000
    traffic ""
    reservation ""
  ]
  edge [
    source 0
    target 44
    key 0
    port 31
    weight 1
    bandwidth 50000000
    traffic ""
    reservation ""
  ]
  edge [
    source 0
    target 45
    key 0
    port 32
    weight 1
    bandwidth 50000000
    traffic ""
    reservation ""
  ]
  edge [
    source 0
    target 46
    key 0
    port 33
    weight 1
    bandwidth 50000000
    traffic ""
    reservation ""
  ]
  edge [
    source 0
    target 47
    key 0
    port 34
    weight 1
    bandwidth 50000000
    traffic ""
    reservation ""
  ]
  edge [
    source 0
    target 48
    key 0
    port 35
    weight 1
    bandwidth 50000000
    traffic ""
    reservation ""
  ]
  edge [
    source 0
    target 49
    key 0
    port 36
    weight 1
    bandwidth 50000000
    traffic ""
    reservation ""
  ]
  edge [
    source 0
    target 50
    key 0
    port 37
    weight 1
    bandwidth 50000000
    traffic ""
    reservation ""
  ]
  edge [
    source 0
    target 51
    key 0
    port 38
    weight 1
    bandwidth 50000000
    traffic ""
    reservation ""
  ]
  edge [
    source 0
    target 52
    key 0
    port 39
    weight 1
    bandwidth 50000000
    traffic ""
    reservation ""
  ]
  edge [
    source 0
    target 53
    key 0
    port 40
    weight 1
    bandwidth 50000000
    traffic ""
    reservation ""
  ]
  edge [
    source 0
    target 54
    key 0
    port 41
    weight 1
    bandwidth 50000000
    traffic ""
    reservation ""
  ]
  edge [
    source 0
    target 55
    key 0
    port 42
    weight 1
    bandwidth 50000000
    traffic ""
    reservation ""
  ]
  edge [
    source 1
    target 0
    key 0
    LinkType "OC-192"
    LinkLabel "OC-192c"
    LinkNote "c"
    bandwidth 75000000
    traffic ""
    reservation ""
    port 0
  ]
  edge [
    source 1
    target 10
    key 0
    LinkType "OC-192"
    LinkLabel "OC-192c"
    LinkNote "c"
    bandwidth 75000000
    traffic "18000000,3500000,3500000,3500000,3500000,200000,200000,200000,3500000,3500000,18000000,3500000,3500000,3500000,3500000,200000,200000,200000,200000,200000,200000,200000,200000,200000"
    reservation "18777600.0,3701600.0,3796100.0,3796100.0,3127250.0,204440.0,204440.0,204440.0,3127250.0,3127250.0,18777600.0,3904250.0,3036950.0,3481100.0,3796100.0,192200.0,204440.0,191900.0,191900.0,192080.0,213680.0,191900.0,204440.0,204440.0"
    port 1
  ]
  edge [
    source 2
    target 0
    key 0
    LinkType "OC-192"
    LinkLabel "OC-192c"
    LinkNote "c"
    bandwidth 75000000
    traffic ""
    reservation ""
    port 0
  ]
  edge [
    source 2
    target 9
    key 0
    LinkType "OC-192"
    LinkLabel "OC-192c"
    LinkNote "c"
    bandwidth 75000000
    traffic "18000000,3500000,18000000,3500000,3500000,3500000,3500000,3500000,3500000,3500000,3500000,3500000,3500000,200000,200000,200000,200000"
    reservation "18777600.0,3036950.0,17595000.0,3036950.0,3796100.0,3796100.0,3127250.0,3127250.0,3796100.0,3904250.0,3481100.0,3481100.0,3127250.0,191900.0,192200.0,192200.0,213680.0"
    port 1
  ]
  edge [
    source 3
    target 4
    key 0
    LinkType "OC-192"
    LinkLabel "OC-192c"
    LinkNote "c"
    bandwidth 75000000
    traffic "18000000,18000000"
    reservation "18777600.0,18777600.0"
    port 0
  ]
  edge [
    source 3
    target 6
    key 0
    LinkType "OC-192"
    LinkLabel "OC-192c"
    LinkNote "c"
    bandwidth 75000000
    traffic "18000000,3500000,3500000,3500000,3500000,3500000,3500000,3500000,3500000,3500000,3500000,3500000,200000,200000,200000,200000,200000,3500000,3500000,200000,200000,200000,3500000,3500000,200000,200000,200000,3500000"
    reservation "17595000.0,3036950.0,3036950.0,3796100.0,3796100.0,3127250.0,3127250.0,3796100.0,3904250.0,3481100.0,3481100.0,3127250.0,191900.0,192200.0,192200.0,213680.0,192200.0,3036950.0,3701600.0,192080.0,191900.0,192200.0,3904250.0,3769850.0,192080.0,192200.0,192200.0,3036950.0"
    port 1
  ]
  edge [
    source 4
    target 3
    key 0
    LinkType "OC-192"
    LinkLabel "OC-192c"
    LinkNote "c"
    bandwidth 75000000
    traffic "18000000,3500000,3500000,3500000,3500000,3500000,3500000,3500000,3500000,3500000,3500000,3500000,200000,200000,200000,200000,200000,3500000,3500000,200000,200000,200000,3500000,3500000,200000,200000,200000,3500000"
    reservation "17595000.0,3036950.0,3036950.0,3796100.0,3796100.0,3127250.0,3127250.0,3796100.0,3904250.0,3481100.0,3481100.0,3127250.0,191900.0,192200.0,192200.0,213680.0,192200.0,3036950.0,3701600.0,192080.0,191900.0,192200.0,3904250.0,3769850.0,192080.0,192200.0,192200.0,3036950.0"
    port 0
  ]
  edge [
    source 4
    target 5
    key 0
    LinkType "OC-192"
    LinkLabel "OC-192c"
    LinkNote "c"
    bandwidth 75000000
    traffic "18000000,18000000,18000000,18000000,200000,200000,200000,200000,200000"
    reservation "18777600.0,18777600.0,17595000.0,18777600.0,191900.0,204440.0,192080.0,213680.0,204440.0"
    port 1
  ]
  edge [
    source 4
    target 6
    key 0
    LinkType "OC-192"
    LinkLabel "OC-192c"
    LinkNote "c"
    bandwidth 75000000
    traffic ""
    reservation ""
    port 2
  ]
  edge [
    source 4
    target 15
    key 0
    port 3
    weight 1
    bandwidth 50000000
    traffic ""
    reservation ""
  ]
  edge [
    source 4
    target 56
    key 0
    port 4
    weight 1
    bandwidth 50000000
    traffic ""
    reservation ""
  ]
  edge [
    source 4
    target 57
    key 0
    port 5
    weight 1
    bandwidth 50000000
    traffic ""
    reservation ""
  ]
  edge [
    source 4
    target 58
    key 0
    port 6
    weight 1
    bandwidth 50000000
    traffic ""
    reservation ""
  ]
  edge [
    source 4
    target 59
    key 0
    port 7
    weight 1
    bandwidth 50000000
    traffic ""
    reservation ""
  ]
  edge [
    source 4
    target 60
    key 0
    port 8
    weight 1
    bandwidth 50000000
    traffic ""
    reservation ""
  ]
  edge [
    source 4
    target 61
    key 0
    port 9
    weight 1
    bandwidth 50000000
    traffic ""
    reservation ""
  ]
  edge [
    source 4
    target 62
    key 0
    port 10
    weight 1
    bandwidth 50000000
    traffic ""
    reservation ""
  ]
  edge [
    source 4
    target 63
    key 0
    port 11
    weight 1
    bandwidth 50000000
    traffic ""
    reservation ""
  ]
  edge [
    source 4
    target 64
    key 0
    port 12
    weight 1
    bandwidth 50000000
    traffic ""
    reservation ""
  ]
  edge [
    source 4
    target 65
    key 0
    port 13
    weight 1
    bandwidth 50000000
    traffic ""
    reservation ""
  ]
  edge [
    source 4
    target 66
    key 0
    port 14
    weight 1
    bandwidth 50000000
    traffic ""
    reservation ""
  ]
  edge [
    source 4
    target 67
    key 0
    port 15
    weight 1
    bandwidth 50000000
    traffic ""
    reservation ""
  ]
  edge [
    source 4
    target 68
    key 0
    port 16
    weight 1
    bandwidth 50000000
    traffic ""
    reservation ""
  ]
  edge [
    source 4
    target 69
    key 0
    port 17
    weight 1
    bandwidth 50000000
    traffic ""
    reservation ""
  ]
  edge [
    source 4
    target 70
    key 0
    port 18
    weight 1
    bandwidth 50000000
    traffic ""
    reservation ""
  ]
  edge [
    source 4
    target 71
    key 0
    port 19
    weight 1
    bandwidth 50000000
    traffic ""
    reservation ""
  ]
  edge [
    source 4
    target 72
    key 0
    port 20
    weight 1
    bandwidth 50000000
    traffic ""
    reservation ""
  ]
  edge [
    source 4
    target 73
    key 0
    port 21
    weight 1
    bandwidth 50000000
    traffic ""
    reservation ""
  ]
  edge [
    source 4
    target 74
    key 0
    port 22
    weight 1
    bandwidth 50000000
    traffic ""
    reservation ""
  ]
  edge [
    source 5
    target 4
    key 0
    LinkType "OC-192"
    LinkLabel "OC-192c"
    LinkNote "c"
    bandwidth 75000000
    traffic "3500000,3500000,3500000,3500000,3500000,3500000,3500000,3500000,3500000,3500000,3500000,200000,200000,200000,200000"
    reservation "3036950.0,3036950.0,3796100.0,3796100.0,3127250.0,3127250.0,3796100.0,3904250.0,3481100.0,3481100.0,3127250.0,191900.0,192200.0,192200.0,213680.0"
    port 0
  ]
  edge [
    source 5
    target 8
    key 0
    LinkType "OC-192"
    LinkLabel "OC-192c"
    LinkNote "c"
    bandwidth 75000000
    traffic "18000000,18000000,18000000,18000000,200000,200000,200000,200000,200000"
    reservation "18777600.0,18777600.0,17595000.0,18777600.0,191900.0,204440.0,192080.0,213680.0,204440.0"
    port 1
  ]
  edge [
    source 6
    target 3
    key 0
    LinkType "OC-192"
    LinkLabel "OC-192c"
    LinkNote "c"
    bandwidth 75000000
    traffic "18000000,18000000"
    reservation "18777600.0,18777600.0"
    port 0
  ]
  edge [
    source 6
    target 4
    key 0
    LinkType "OC-192"
    LinkLabel "OC-192c"
    LinkNote "c"
    bandwidth 75000000
    traffic ""
    reservation ""
    port 1
  ]
  edge [
    source 6
    target 7
    key 0
    LinkType "OC-192"
    LinkLabel "OC-192c"
    LinkNote "c"
    bandwidth 75000000
    traffic "18000000,3500000,3500000,3500000,3500000,3500000,3500000,3500000,3500000,3500000,3500000,3500000,200000,200000,200000,200000,200000,3500000,3500000,200000,200000,200000,3500000,3500000,200000,200000,200000,3500000"
    reservation "17595000.0,3036950.0,3036950.0,3796100.0,3796100.0,3127250.0,3127250.0,3796100.0,3904250.0,3481100.0,3481100.0,3127250.0,191900.0,192200.0,192200.0,213680.0,192200.0,3036950.0,3701600.0,192080.0,191900.0,192200.0,3904250.0,3769850.0,192080.0,192200.0,192200.0,3036950.0"
    port 2
  ]
  edge [
    source 7
    target 6
    key 0
    LinkType "OC-192"
    LinkLabel "OC-192c"
    LinkNote "c"
    bandwidth 75000000
    traffic "18000000,18000000"
    reservation "18777600.0,18777600.0"
    port 0
  ]
  edge [
    source 7
    target 8
    key 0
    LinkType "OC-192"
    LinkLabel "OC-192c"
    LinkNote "c"
    bandwidth 75000000
    traffic "18000000,3500000,3500000,3500000,3500000,3500000"
    reservation "17595000.0,3036950.0,3701600.0,3904250.0,3769850.0,3036950.0"
    port 1
  ]
  edge [
    source 7
    target 10
    key 0
    LinkType "OC-192"
    LinkLabel "OC-192c"
    LinkNote "c"
    bandwidth 75000000
    traffic "3500000,3500000,3500000,3500000,3500000,3500000,3500000,3500000,3500000,3500000,3500000,18000000,18000000"
    reservation "3036950.0,3036950.0,3796100.0,3796100.0,3127250.0,3127250.0,3796100.0,3904250.0,3481100.0,3481100.0,3127250.0,17595000.0,18777600.0"
    port 2
  ]
  edge [
    source 7
    target 12
    key 0
    port 3
    weight 1
    bandwidth 350000000
    traffic "200000,200000,200000,200000,200000,200000,200000,200000,200000,200000,200000,200000,200000,200000,200000,200000,200000,200000,200000,200000,200000,200000,200000,200000,200000,200000,200000,200000"
    reservation "204440.0,204440.0,204440.0,192200.0,204440.0,191900.0,191900.0,192080.0,213680.0,191900.0,204440.0,204440.0,191900.0,192200.0,192200.0,213680.0,192200.0,192080.0,191900.0,192200.0,192080.0,192200.0,192200.0,191900.0,204440.0,192080.0,213680.0,204440.0"
  ]
  edge [
    source 8
    target 5
    key 0
    LinkType "OC-192"
    LinkLabel "OC-192c"
    LinkNote "c"
    bandwidth 75000000
    traffic "3500000,3500000,3500000,3500000,3500000,3500000,3500000,3500000,3500000,3500000,3500000,200000,200000,200000,200000"
    reservation "3036950.0,3036950.0,3796100.0,3796100.0,3127250.0,3127250.0,3796100.0,3904250.0,3481100.0,3481100.0,3127250.0,191900.0,192200.0,192200.0,213680.0"
    port 0
  ]
  edge [
    source 8
    target 7
    key 0
    LinkType "OC-192"
    LinkLabel "OC-192c"
    LinkNote "c"
    bandwidth 75000000
    traffic "18000000,18000000,200000,200000,200000,200000,200000"
    reservation "17595000.0,18777600.0,191900.0,204440.0,192080.0,213680.0,204440.0"
    port 1
  ]
  edge [
    source 8
    target 9
    key 0
    LinkType "OC-192"
    LinkLabel "OC-192c"
    LinkNote "c"
    bandwidth 75000000
    traffic "18000000,18000000,18000000,3500000,3500000,3500000,3500000,3500000"
    reservation "18777600.0,17595000.0,18777600.0,3036950.0,3701600.0,3904250.0,3769850.0,3036950.0"
    port 2
  ]
  edge [
    source 9
    target 2
    key 0
    LinkType "OC-192"
    LinkLabel "OC-192c"
    LinkNote "c"
    bandwidth 75000000
    traffic ""
    reservation ""
    port 0
  ]
  edge [
    source 9
    target 8
    key 0
    LinkType "OC-192"
    LinkLabel "OC-192c"
    LinkNote "c"
    bandwidth 75000000
    traffic "3500000,3500000,3500000,3500000,3500000,3500000,3500000,3500000,3500000,3500000,3500000,200000,200000,200000,200000"
    reservation "3036950.0,3036950.0,3796100.0,3796100.0,3127250.0,3127250.0,3796100.0,3904250.0,3481100.0,3481100.0,3127250.0,191900.0,192200.0,192200.0,213680.0"
    port 1
  ]
  edge [
    source 9
    target 10
    key 0
    LinkType "OC-192"
    LinkLabel "OC-192c"
    LinkNote "c"
    bandwidth 75000000
    traffic "3500000,3500000,3500000,3500000,3500000"
    reservation "3036950.0,3701600.0,3904250.0,3769850.0,3036950.0"
    port 2
  ]
  edge [
    source 9
    target 13
    key 0
    port 3
    weight 1
    bandwidth 350000000
    traffic "18000000,18000000,18000000,18000000,18000000,18000000,18000000"
    reservation "18777600.0,17595000.0,18777600.0,18777600.0,17595000.0,17595000.0,18777600.0"
  ]
  edge [
    source 10
    target 1
    key 0
    LinkType "OC-192"
    LinkLabel "OC-192c"
    LinkNote "c"
    bandwidth 75000000
    traffic ""
    reservation ""
    port 0
  ]
  edge [
    source 10
    target 7
    key 0
    LinkType "OC-192"
    LinkLabel "OC-192c"
    LinkNote "c"
    bandwidth 75000000
    traffic "18000000,200000,200000,200000,18000000,200000,200000,200000,200000,200000,200000,200000,200000,200000"
    reservation "18777600.0,204440.0,204440.0,204440.0,18777600.0,192200.0,204440.0,191900.0,191900.0,192080.0,213680.0,191900.0,204440.0,204440.0"
    port 1
  ]
  edge [
    source 10
    target 9
    key 0
    LinkType "OC-192"
    LinkLabel "OC-192c"
    LinkNote "c"
    bandwidth 75000000
    traffic "18000000,18000000"
    reservation "17595000.0,18777600.0"
    port 2
  ]
  edge [
    source 10
    target 11
    key 0
    port 3
    weight 1
    bandwidth 350000000
    traffic "3500000,3500000,3500000,3500000,3500000,3500000,3500000,3500000,3500000,3500000,3500000,3500000,3500000,3500000,3500000,3500000,3500000,3500000,3500000,3500000,3500000,3500000,3500000,3500000,3500000,3500000"
    reservation "3701600.0,3796100.0,3796100.0,3127250.0,3127250.0,3127250.0,3904250.0,3036950.0,3481100.0,3796100.0,3036950.0,3036950.0,3796100.0,3796100.0,3127250.0,3127250.0,3796100.0,3904250.0,3481100.0,3481100.0,3127250.0,3036950.0,3701600.0,3904250.0,3769850.0,3036950.0"
  ]
  edge [
    source 11
    target 10
    key 0
    port 0
    weight 1
    bandwidth 350000000
    traffic ""
    reservation ""
  ]
  edge [
    source 12
    target 7
    key 0
    port 0
    weight 1
    bandwidth 350000000
    traffic ""
    reservation ""
  ]
  edge [
    source 13
    target 9
    key 0
    port 0
    weight 1
    bandwidth 350000000
    traffic ""
    reservation ""
  ]
  edge [
    source 14
    target 0
    key 0
    port 0
    weight 1
    bandwidth 50000000
    traffic "18000000"
    reservation "18777600.0"
  ]
  edge [
    source 15
    target 4
    key 0
    port 0
    weight 1
    bandwidth 50000000
    traffic "18000000"
    reservation "17595000.0"
  ]
  edge [
    source 16
    target 0
    key 0
    port 0
    weight 1
    bandwidth 50000000
    traffic "3500000"
    reservation "3701600.0"
  ]
  edge [
    source 17
    target 0
    key 0
    port 0
    weight 1
    bandwidth 50000000
    traffic "3500000"
    reservation "3796100.0"
  ]
  edge [
    source 18
    target 0
    key 0
    port 0
    weight 1
    bandwidth 50000000
    traffic "3500000"
    reservation "3796100.0"
  ]
  edge [
    source 19
    target 0
    key 0
    port 0
    weight 1
    bandwidth 50000000
    traffic "3500000"
    reservation "3127250.0"
  ]
  edge [
    source 20
    target 0
    key 0
    port 0
    weight 1
    bandwidth 50000000
    traffic "200000"
    reservation "204440.0"
  ]
  edge [
    source 21
    target 0
    key 0
    port 0
    weight 1
    bandwidth 50000000
    traffic "200000"
    reservation "204440.0"
  ]
  edge [
    source 22
    target 0
    key 0
    port 0
    weight 1
    bandwidth 50000000
    traffic "200000"
    reservation "204440.0"
  ]
  edge [
    source 23
    target 0
    key 0
    port 0
    weight 1
    bandwidth 50000000
    traffic "3500000"
    reservation "3127250.0"
  ]
  edge [
    source 24
    target 0
    key 0
    port 0
    weight 1
    bandwidth 50000000
    traffic "3500000"
    reservation "3127250.0"
  ]
  edge [
    source 25
    target 0
    key 0
    port 0
    weight 1
    bandwidth 50000000
    traffic "18000000"
    reservation "18777600.0"
  ]
  edge [
    source 26
    target 0
    key 0
    port 0
    weight 1
    bandwidth 50000000
    traffic "3500000"
    reservation "3904250.0"
  ]
  edge [
    source 27
    target 0
    key 0
    port 0
    weight 1
    bandwidth 50000000
    traffic "3500000"
    reservation "3036950.0"
  ]
  edge [
    source 28
    target 0
    key 0
    port 0
    weight 1
    bandwidth 50000000
    traffic "18000000"
    reservation "18777600.0"
  ]
  edge [
    source 29
    target 0
    key 0
    port 0
    weight 1
    bandwidth 50000000
    traffic "3500000"
    reservation "3481100.0"
  ]
  edge [
    source 30
    target 0
    key 0
    port 0
    weight 1
    bandwidth 50000000
    traffic "3500000"
    reservation "3796100.0"
  ]
  edge [
    source 31
    target 0
    key 0
    port 0
    weight 1
    bandwidth 50000000
    traffic "3500000"
    reservation "3036950.0"
  ]
  edge [
    source 32
    target 0
    key 0
    port 0
    weight 1
    bandwidth 50000000
    traffic "18000000"
    reservation "17595000.0"
  ]
  edge [
    source 33
    target 0
    key 0
    port 0
    weight 1
    bandwidth 50000000
    traffic "3500000"
    reservation "3036950.0"
  ]
  edge [
    source 34
    target 0
    key 0
    port 0
    weight 1
    bandwidth 50000000
    traffic "3500000"
    reservation "3796100.0"
  ]
  edge [
    source 35
    target 0
    key 0
    port 0
    weight 1
    bandwidth 50000000
    traffic "3500000"
    reservation "3796100.0"
  ]
  edge [
    source 36
    target 0
    key 0
    port 0
    weight 1
    bandwidth 50000000
    traffic "3500000"
    reservation "3127250.0"
  ]
  edge [
    source 37
    target 0
    key 0
    port 0
    weight 1
    bandwidth 50000000
    traffic "200000"
    reservation "192200.0"
  ]
  edge [
    source 38
    target 0
    key 0
    port 0
    weight 1
    bandwidth 50000000
    traffic "200000"
    reservation "204440.0"
  ]
  edge [
    source 39
    target 0
    key 0
    port 0
    weight 1
    bandwidth 50000000
    traffic "3500000"
    reservation "3127250.0"
  ]
  edge [
    source 40
    target 0
    key 0
    port 0
    weight 1
    bandwidth 50000000
    traffic "3500000"
    reservation "3796100.0"
  ]
  edge [
    source 41
    target 0
    key 0
    port 0
    weight 1
    bandwidth 50000000
    traffic "3500000"
    reservation "3904250.0"
  ]
  edge [
    source 42
    target 0
    key 0
    port 0
    weight 1
    bandwidth 50000000
    traffic "3500000"
    reservation "3481100.0"
  ]
  edge [
    source 43
    target 0
    key 0
    port 0
    weight 1
    bandwidth 50000000
    traffic "3500000"
    reservation "3481100.0"
  ]
  edge [
    source 44
    target 0
    key 0
    port 0
    weight 1
    bandwidth 50000000
    traffic "3500000"
    reservation "3127250.0"
  ]
  edge [
    source 45
    target 0
    key 0
    port 0
    weight 1
    bandwidth 50000000
    traffic "200000"
    reservation "191900.0"
  ]
  edge [
    source 46
    target 0
    key 0
    port 0
    weight 1
    bandwidth 50000000
    traffic "200000"
    reservation "191900.0"
  ]
  edge [
    source 47
    target 0
    key 0
    port 0
    weight 1
    bandwidth 50000000
    traffic "200000"
    reservation "192080.0"
  ]
  edge [
    source 48
    target 0
    key 0
    port 0
    weight 1
    bandwidth 50000000
    traffic "200000"
    reservation "213680.0"
  ]
  edge [
    source 49
    target 0
    key 0
    port 0
    weight 1
    bandwidth 50000000
    traffic "200000"
    reservation "191900.0"
  ]
  edge [
    source 50
    target 0
    key 0
    port 0
    weight 1
    bandwidth 50000000
    traffic "200000"
    reservation "204440.0"
  ]
  edge [
    source 51
    target 0
    key 0
    port 0
    weight 1
    bandwidth 50000000
    traffic "200000"
    reservation "204440.0"
  ]
  edge [
    source 52
    target 0
    key 0
    port 0
    weight 1
    bandwidth 50000000
    traffic "200000"
    reservation "191900.0"
  ]
  edge [
    source 53
    target 0
    key 0
    port 0
    weight 1
    bandwidth 50000000
    traffic "200000"
    reservation "192200.0"
  ]
  edge [
    source 54
    target 0
    key 0
    port 0
    weight 1
    bandwidth 50000000
    traffic "200000"
    reservation "192200.0"
  ]
  edge [
    source 55
    target 0
    key 0
    port 0
    weight 1
    bandwidth 50000000
    traffic "200000"
    reservation "213680.0"
  ]
  edge [
    source 56
    target 4
    key 0
    port 0
    weight 1
    bandwidth 50000000
    traffic "200000"
    reservation "192200.0"
  ]
  edge [
    source 57
    target 4
    key 0
    port 0
    weight 1
    bandwidth 50000000
    traffic "3500000"
    reservation "3036950.0"
  ]
  edge [
    source 58
    target 4
    key 0
    port 0
    weight 1
    bandwidth 50000000
    traffic "18000000"
    reservation "17595000.0"
  ]
  edge [
    source 59
    target 4
    key 0
    port 0
    weight 1
    bandwidth 50000000
    traffic "18000000"
    reservation "18777600.0"
  ]
  edge [
    source 60
    target 4
    key 0
    port 0
    weight 1
    bandwidth 50000000
    traffic "3500000"
    reservation "3701600.0"
  ]
  edge [
    source 61
    target 4
    key 0
    port 0
    weight 1
    bandwidth 50000000
    traffic "200000"
    reservation "192080.0"
  ]
  edge [
    source 62
    target 4
    key 0
    port 0
    weight 1
    bandwidth 50000000
    traffic "200000"
    reservation "191900.0"
  ]
  edge [
    source 63
    target 4
    key 0
    port 0
    weight 1
    bandwidth 50000000
    traffic "200000"
    reservation "192200.0"
  ]
  edge [
    source 64
    target 4
    key 0
    port 0
    weight 1
    bandwidth 50000000
    traffic "3500000"
    reservation "3904250.0"
  ]
  edge [
    source 65
    target 4
    key 0
    port 0
    weight 1
    bandwidth 50000000
    traffic "3500000"
    reservation "3769850.0"
  ]
  edge [
    source 66
    target 4
    key 0
    port 0
    weight 1
    bandwidth 50000000
    traffic "200000"
    reservation "192080.0"
  ]
  edge [
    source 67
    target 4
    key 0
    port 0
    weight 1
    bandwidth 50000000
    traffic "200000"
    reservation "192200.0"
  ]
  edge [
    source 68
    target 4
    key 0
    port 0
    weight 1
    bandwidth 50000000
    traffic "200000"
    reservation "192200.0"
  ]
  edge [
    source 69
    target 4
    key 0
    port 0
    weight 1
    bandwidth 50000000
    traffic "3500000"
    reservation "3036950.0"
  ]
  edge [
    source 70
    target 4
    key 0
    port 0
    weight 1
    bandwidth 50000000
    traffic "200000"
    reservation "191900.0"
  ]
  edge [
    source 71
    target 4
    key 0
    port 0
    weight 1
    bandwidth 50000000
    traffic "200000"
    reservation "204440.0"
  ]
  edge [
    source 72
    target 4
    key 0
    port 0
    weight 1
    bandwidth 50000000
    traffic "200000"
    reservation "192080.0"
  ]
  edge [
    source 73
    target 4
    key 0
    port 0
    weight 1
    bandwidth 50000000
    traffic "200000"
    reservation "213680.0"
  ]
  edge [
    source 74
    target 4
    key 0
    port 0
    weight 1
    bandwidth 50000000
    traffic "200000"
    reservation "204440.0"
  ]
]
