graph [
  directed 1
  multigraph 1
  GeoLocation "Japan"
  GeoExtent "Country"
  Network "JGN2plus-Japan"
  Provenance "Primary"
  Note "National links have capacity between 1Gb/s to 20Gb/s"
  Source "http://www.jgn.nict.go.jp/english/about_us/nw.html"
  Version "1.0"
  Type "REN"
  DateType "Historic"
  Backbone 1
  Commercial 0
  label "Jgn2Plus"
  ToolsetVersion "0.3.34dev-20120328"
  Customer 1
  IX 0
  SourceGitVersion "e278b1b"
  DateModifier "="
  DateMonth 0
  LastAccess "3/08/10"
  Access 0
  Layer "IP"
  Creator "Topology Zoo Toolset"
  Developed 1
  Transit 0
  NetworkDate "2009"
  DateYear "2009"
  LastProcessed "2011_09_01"
  Testbed 1
  levelsToS 95
  node [
    id 0
    label "0"
    Country "Japan"
    Longitude 133.0
    Internal 1
    Latitude 34.5
    type "destination_urllc"
    schedulingPolicy "FIFO"
    levelsQoS "1"
    schedulingWeights "-"
    tosToQoSqueue "0,1,2,3,4,5,6,7,8,9,10,11,12,13,14,15,16,17,18,19,20,21,22,23,24,25,26,27,28,29,30,31,32,33,34,35,36,37,38,39,40,41,42,43,44,45,46,47,48,49,50,51,52,53,54,55,56,57,58,59,60,61,62,63,64,65,66,67,68,69,70,71,72,73,74,75,76,77,78,79,80,81,82,83,84,85,86,87,88,89,90,91,92,93,94"
    queueSizes "32"
  ]
  node [
    id 1
    label "1"
    Country "Japan"
    Longitude 135.5
    Internal 1
    Latitude 35.0
    type "inner"
    schedulingPolicy "WFQ"
    tosToQoSqueue "50,74;84;72;56;68;52,54;58,82;57;53,55,59,61,75;66;83;47,64,71,85;62,69,70,79,80;49;30;33;39;35;25;24,0,1,2,3,4,5,6,7,8,9,10,11,12,13,14,15,16,17,18,19,20,21,22,23,26,27,28,29,31,32,34,36,37,38,40,41,42,43,44,45,46,48,51,60,63,65,67,73,76,77,78,81,86,87,88,89,90,91,92,93,94"
    schedulingWeights "7.248,3.314,3.818,3.36,3.371,6.399,6.723,3.157,16.707,3.921,3.792,15.352,18.886,3.594,0.001,0.001,0.001,0.001,0.001,0.352;0.001,0.001,0.001,0.001,0.001,0.001,0.001,0.001,0.001,0.001,0.001,0.001,0.001,0.001,0.001,0.001,0.001,0.001,0.001,99.981;0.001,0.001,0.001,0.001,0.001,0.001,0.001,0.001,0.001,0.001,0.001,0.001,0.001,0.001,0.226,0.207,0.213,0.205,18.502,80.633"
    levelsQoS 20
    queueSizes "32,32,32,32,32,32,32,32,32,32,32,32,32,32,32,32,32,32,32,32"
  ]
  node [
    id 2
    label "2"
    Country "Japan"
    Longitude 131.0
    Internal 1
    Latitude 33.0
    type "inner"
    schedulingPolicy "WFQ"
    tosToQoSqueue "42;44;31;34,40;38;26;28,36;29,41;27,37;32;43,45,46;30;33;39;35;25;24,0,1,2,3,4,5,6,7,8,9,10,11,12,13,14,15,16,17,18,19,20,21,22,23,47,48,49,50,51,52,53,54,55,56,57,58,59,60,61,62,63,64,65,66,67,68,69,70,71,72,73,74,75,76,77,78,79,80,81,82,83,84,85,86,87,88,89,90,91,92,93,94"
    schedulingWeights "3.624,3.314,3.818,7.687,3.371,3.2,7.143,6.683,7.842,3.838,10.783,0.226,0.207,0.213,0.205,18.502,19.344;0.001,0.001,0.001,0.001,0.001,0.001,0.001,0.001,0.001,0.001,0.001,0.001,0.001,0.001,0.001,0.001,99.984;0.001,0.001,0.001,0.001,0.001,0.001,0.001,0.001,0.001,0.001,0.001,0.001,0.001,0.001,0.001,0.001,99.984"
    levelsQoS 17
    queueSizes "32,32,32,32,32,32,32,32,32,32,32,32,32,32,32,32,32"
  ]
  node [
    id 3
    label "3"
    Country "Japan"
    Longitude 133.5
    Internal 1
    geocode_id "1852487"
    Latitude 33.75
    type "inner"
    schedulingPolicy "WFQ"
    tosToQoSqueue "0,1,2,3,4,5,6,7,8,9,10,11,12,13,14,15,16,17,18,19,20,21,22,23,24,25,26,27,28,29,30,31,32,33,34,35,36,37,38,39,40,41,42,43,44,45,46,47,48,49,50,51,52,53,54,55,56,57,58,59,60,61,62,63,64,65,66,67,68,69,70,71,72,73,74,75,76,77,78,79,80,81,82,83,84,85,86,87,88,89,90,91,92,93,94"
    schedulingWeights "100"
    levelsQoS 1
    queueSizes "32"
  ]
  node [
    id 4
    label "4"
    Country "Japan"
    Longitude 145.13197
    Internal 1
    Latitude 43.65899
    type "antenna"
    schedulingPolicy "WFQ"
    tosToQoSqueue "50,74;72;56;68;52,54;58;57;53,55,59,61,75;66;47,64,71;62,69,70;49;63;78;48,67;73;51,60;65;76;77;22,0,1,2,3,4,5,6,7,8,9,10,11,12,13,14,15,16,17,18,19,20,21,23,24,25,26,27,28,29,30,31,32,33,34,35,36,37,38,39,40,41,42,43,44,45,46,79,80,81,82,83,84,85,86,87,88,89,90,91,92,93,94"
    schedulingWeights "7.248,3.818,3.36,3.371,6.399,3.361,3.157,16.707,3.921,11.514,11.332,3.594,0.181,0.196,0.415,0.201,0.433,0.213,0.202,0.172,20.203;0.001,0.001,0.001,0.001,0.001,0.001,0.001,0.001,0.001,0.001,0.001,0.001,0.001,0.001,0.001,0.001,0.001,0.001,0.001,0.001,99.98;0.001,0.001,0.001,0.001,0.001,0.001,0.001,0.001,0.001,0.001,0.001,0.001,0.001,0.001,0.001,0.001,0.001,0.001,0.001,0.001,99.98;0.001,0.001,0.001,0.001,0.001,0.001,0.001,0.001,0.001,0.001,0.001,0.001,0.001,0.001,0.001,0.001,0.001,0.001,0.001,0.001,99.98;0.001,0.001,0.001,0.001,0.001,0.001,0.001,0.001,0.001,0.001,0.001,0.001,0.001,0.001,0.001,0.001,0.001,0.001,0.001,0.001,99.98;0.001,0.001,0.001,0.001,0.001,0.001,0.001,0.001,0.001,0.001,0.001,0.001,0.001,0.001,0.001,0.001,0.001,0.001,0.001,0.001,99.98;0.001,0.001,0.001,0.001,0.001,0.001,0.001,0.001,0.001,0.001,0.001,0.001,0.001,0.001,0.001,0.001,0.001,0.001,0.001,0.001,99.98;0.001,0.001,0.001,0.001,0.001,0.001,0.001,0.001,0.001,0.001,0.001,0.001,0.001,0.001,0.001,0.001,0.001,0.001,0.001,0.001,99.98;0.001,0.001,0.001,0.001,0.001,0.001,0.001,0.001,0.001,0.001,0.001,0.001,0.001,0.001,0.001,0.001,0.001,0.001,0.001,0.001,99.98;0.001,0.001,0.001,0.001,0.001,0.001,0.001,0.001,0.001,0.001,0.001,0.001,0.001,0.001,0.001,0.001,0.001,0.001,0.001,0.001,99.98;0.001,0.001,0.001,0.001,0.001,0.001,0.001,0.001,0.001,0.001,0.001,0.001,0.001,0.001,0.001,0.001,0.001,0.001,0.001,0.001,99.98;0.001,0.001,0.001,0.001,0.001,0.001,0.001,0.001,0.001,0.001,0.001,0.001,0.001,0.001,0.001,0.001,0.001,0.001,0.001,0.001,99.98;0.001,0.001,0.001,0.001,0.001,0.001,0.001,0.001,0.001,0.001,0.001,0.001,0.001,0.001,0.001,0.001,0.001,0.001,0.001,0.001,99.98;0.001,0.001,0.001,0.001,0.001,0.001,0.001,0.001,0.001,0.001,0.001,0.001,0.001,0.001,0.001,0.001,0.001,0.001,0.001,0.001,99.98;0.001,0.001,0.001,0.001,0.001,0.001,0.001,0.001,0.001,0.001,0.001,0.001,0.001,0.001,0.001,0.001,0.001,0.001,0.001,0.001,99.98;0.001,0.001,0.001,0.001,0.001,0.001,0.001,0.001,0.001,0.001,0.001,0.001,0.001,0.001,0.001,0.001,0.001,0.001,0.001,0.001,99.98;0.001,0.001,0.001,0.001,0.001,0.001,0.001,0.001,0.001,0.001,0.001,0.001,0.001,0.001,0.001,0.001,0.001,0.001,0.001,0.001,99.98;0.001,0.001,0.001,0.001,0.001,0.001,0.001,0.001,0.001,0.001,0.001,0.001,0.001,0.001,0.001,0.001,0.001,0.001,0.001,0.001,99.98;0.001,0.001,0.001,0.001,0.001,0.001,0.001,0.001,0.001,0.001,0.001,0.001,0.001,0.001,0.001,0.001,0.001,0.001,0.001,0.001,99.98;0.001,0.001,0.001,0.001,0.001,0.001,0.001,0.001,0.001,0.001,0.001,0.001,0.001,0.001,0.001,0.001,0.001,0.001,0.001,0.001,99.98;0.001,0.001,0.001,0.001,0.001,0.001,0.001,0.001,0.001,0.001,0.001,0.001,0.001,0.001,0.001,0.001,0.001,0.001,0.001,0.001,99.98;0.001,0.001,0.001,0.001,0.001,0.001,0.001,0.001,0.001,0.001,0.001,0.001,0.001,0.001,0.001,0.001,0.001,0.001,0.001,0.001,99.98;0.001,0.001,0.001,0.001,0.001,0.001,0.001,0.001,0.001,0.001,0.001,0.001,0.001,0.001,0.001,0.001,0.001,0.001,0.001,0.001,99.98;0.001,0.001,0.001,0.001,0.001,0.001,0.001,0.001,0.001,0.001,0.001,0.001,0.001,0.001,0.001,0.001,0.001,0.001,0.001,0.001,99.98;0.001,0.001,0.001,0.001,0.001,0.001,0.001,0.001,0.001,0.001,0.001,0.001,0.001,0.001,0.001,0.001,0.001,0.001,0.001,0.001,99.98;0.001,0.001,0.001,0.001,0.001,0.001,0.001,0.001,0.001,0.001,0.001,0.001,0.001,0.001,0.001,0.001,0.001,0.001,0.001,0.001,99.98;0.001,0.001,0.001,0.001,0.001,0.001,0.001,0.001,0.001,0.001,0.001,0.001,0.001,0.001,0.001,0.001,0.001,0.001,0.001,0.001,99.98;0.001,0.001,0.001,0.001,0.001,0.001,0.001,0.001,0.001,0.001,0.001,0.001,0.001,0.001,0.001,0.001,0.001,0.001,0.001,0.001,99.98;0.001,0.001,0.001,0.001,0.001,0.001,0.001,0.001,0.001,0.001,0.001,0.001,0.001,0.001,0.001,0.001,0.001,0.001,0.001,0.001,99.98;0.001,0.001,0.001,0.001,0.001,0.001,0.001,0.001,0.001,0.001,0.001,0.001,0.001,0.001,0.001,0.001,0.001,0.001,0.001,0.001,99.98;0.001,0.001,0.001,0.001,0.001,0.001,0.001,0.001,0.001,0.001,0.001,0.001,0.001,0.001,0.001,0.001,0.001,0.001,0.001,0.001,99.98;0.001,0.001,0.001,0.001,0.001,0.001,0.001,0.001,0.001,0.001,0.001,0.001,0.001,0.001,0.001,0.001,0.001,0.001,0.001,0.001,99.98;0.001,0.001,0.001,0.001,0.001,0.001,0.001,0.001,0.001,0.001,0.001,0.001,0.001,0.001,0.001,0.001,0.001,0.001,0.001,0.001,99.98;0.001,0.001,0.001,0.001,0.001,0.001,0.001,0.001,0.001,0.001,0.001,0.001,0.001,0.001,0.001,0.001,0.001,0.001,0.001,0.001,99.98"
    levelsQoS 21
    queueSizes "32,32,32,32,32,32,32,32,32,32,32,32,32,32,32,32,32,32,32,32,32"
  ]
  node [
    id 5
    label "5"
    Internal 0
    type "antenna"
    schedulingPolicy "WFQ"
    tosToQoSqueue "25,0,1,2,3,4,5,6,7,8,9,10,11,12,13,14,15,16,17,18,19,20,21,22,23,24,26,27,28,29,30,31,32,33,34,35,36,37,38,39,40,41,42,43,44,45,46,47,48,49,50,51,52,53,54,55,56,57,58,59,60,61,62,63,64,65,66,67,68,69,70,71,72,73,74,75,76,77,78,79,80,81,82,83,84,85,86,87,88,89,90,91,92,93,94"
    schedulingWeights "100;100"
    levelsQoS 1
    queueSizes "32"
  ]
  node [
    id 6
    label "6"
    Country "Japan"
    Longitude 136.89846
    Internal 1
    Latitude 35.02676
    type "antenna"
    schedulingPolicy "WFQ"
    tosToQoSqueue "50,74;84;72;56;68;52,54;58,82;57;53,55,59,61,75;66;83;47,64,71,85;62,69,70,79,80;49;30,93,94;92;33,88;81,87;39,89,90;35,86;91;23,25;24,0,1,2,3,4,5,6,7,8,9,10,11,12,13,14,15,16,17,18,19,20,21,22,26,27,28,29,31,32,34,36,37,38,40,41,42,43,44,45,46,48,51,60,63,65,67,73,76,77,78"
    schedulingWeights "7.248,3.314,3.818,3.36,3.371,6.399,6.723,3.157,16.707,3.921,3.792,15.352,18.886,3.594,0.001,0.001,0.001,0.001,0.001,0.001,0.001,0.001,0.349;0.001,0.001,0.001,0.001,0.001,0.001,0.001,0.001,0.001,0.001,0.001,0.001,0.001,0.001,0.678,0.217,0.415,0.402,0.639,0.409,0.202,37.004,60.019;0.001,0.001,0.001,0.001,0.001,0.001,0.001,0.001,0.001,0.001,0.001,0.001,0.001,0.001,0.001,0.001,0.001,0.001,0.001,0.001,0.001,0.001,99.978;0.001,0.001,0.001,0.001,0.001,0.001,0.001,0.001,0.001,0.001,0.001,0.001,0.001,0.001,0.001,0.001,0.001,0.001,0.001,0.001,0.001,0.001,99.978;0.001,0.001,0.001,0.001,0.001,0.001,0.001,0.001,0.001,0.001,0.001,0.001,0.001,0.001,0.001,0.001,0.001,0.001,0.001,0.001,0.001,0.001,99.978;0.001,0.001,0.001,0.001,0.001,0.001,0.001,0.001,0.001,0.001,0.001,0.001,0.001,0.001,0.001,0.001,0.001,0.001,0.001,0.001,0.001,0.001,99.978;0.001,0.001,0.001,0.001,0.001,0.001,0.001,0.001,0.001,0.001,0.001,0.001,0.001,0.001,0.001,0.001,0.001,0.001,0.001,0.001,0.001,0.001,99.978;0.001,0.001,0.001,0.001,0.001,0.001,0.001,0.001,0.001,0.001,0.001,0.001,0.001,0.001,0.001,0.001,0.001,0.001,0.001,0.001,0.001,0.001,99.978;0.001,0.001,0.001,0.001,0.001,0.001,0.001,0.001,0.001,0.001,0.001,0.001,0.001,0.001,0.001,0.001,0.001,0.001,0.001,0.001,0.001,0.001,99.978;0.001,0.001,0.001,0.001,0.001,0.001,0.001,0.001,0.001,0.001,0.001,0.001,0.001,0.001,0.001,0.001,0.001,0.001,0.001,0.001,0.001,0.001,99.978;0.001,0.001,0.001,0.001,0.001,0.001,0.001,0.001,0.001,0.001,0.001,0.001,0.001,0.001,0.001,0.001,0.001,0.001,0.001,0.001,0.001,0.001,99.978;0.001,0.001,0.001,0.001,0.001,0.001,0.001,0.001,0.001,0.001,0.001,0.001,0.001,0.001,0.001,0.001,0.001,0.001,0.001,0.001,0.001,0.001,99.978;0.001,0.001,0.001,0.001,0.001,0.001,0.001,0.001,0.001,0.001,0.001,0.001,0.001,0.001,0.001,0.001,0.001,0.001,0.001,0.001,0.001,0.001,99.978;0.001,0.001,0.001,0.001,0.001,0.001,0.001,0.001,0.001,0.001,0.001,0.001,0.001,0.001,0.001,0.001,0.001,0.001,0.001,0.001,0.001,0.001,99.978;0.001,0.001,0.001,0.001,0.001,0.001,0.001,0.001,0.001,0.001,0.001,0.001,0.001,0.001,0.001,0.001,0.001,0.001,0.001,0.001,0.001,0.001,99.978;0.001,0.001,0.001,0.001,0.001,0.001,0.001,0.001,0.001,0.001,0.001,0.001,0.001,0.001,0.001,0.001,0.001,0.001,0.001,0.001,0.001,0.001,99.978;0.001,0.001,0.001,0.001,0.001,0.001,0.001,0.001,0.001,0.001,0.001,0.001,0.001,0.001,0.001,0.001,0.001,0.001,0.001,0.001,0.001,0.001,99.978;0.001,0.001,0.001,0.001,0.001,0.001,0.001,0.001,0.001,0.001,0.001,0.001,0.001,0.001,0.001,0.001,0.001,0.001,0.001,0.001,0.001,0.001,99.978;0.001,0.001,0.001,0.001,0.001,0.001,0.001,0.001,0.001,0.001,0.001,0.001,0.001,0.001,0.001,0.001,0.001,0.001,0.001,0.001,0.001,0.001,99.978"
    levelsQoS 23
    queueSizes "32,32,32,32,32,32,32,32,32,32,32,32,32,32,32,32,32,32,32,32,32,32,32"
  ]
  node [
    id 7
    label "7"
    Country "Japan"
    Longitude 137.5
    Internal 1
    Latitude 37.0
    type "inner"
    schedulingPolicy "WFQ"
    tosToQoSqueue "0,1,2,3,4,5,6,7,8,9,10,11,12,13,14,15,16,17,18,19,20,21,22,23,24,25,26,27,28,29,30,31,32,33,34,35,36,37,38,39,40,41,42,43,44,45,46,47,48,49,50,51,52,53,54,55,56,57,58,59,60,61,62,63,64,65,66,67,68,69,70,71,72,73,74,75,76,77,78,79,80,81,82,83,84,85,86,87,88,89,90,91,92,93,94"
    schedulingWeights "100"
    levelsQoS 1
    queueSizes "32"
  ]
  node [
    id 8
    label "8"
    Internal 0
    type "inner"
    schedulingPolicy "WFQ"
    tosToQoSqueue "0,1,2,3,4,5,6,7,8,9,10,11,12,13,14,15,16,17,18,19,20,21,22,23,24,25,26,27,28,29,30,31,32,33,34,35,36,37,38,39,40,41,42,43,44,45,46,47,48,49,50,51,52,53,54,55,56,57,58,59,60,61,62,63,64,65,66,67,68,69,70,71,72,73,74,75,76,77,78,79,80,81,82,83,84,85,86,87,88,89,90,91,92,93,94"
    schedulingWeights "100"
    levelsQoS 1
    queueSizes "32"
  ]
  node [
    id 9
    label "9"
    Country "Japan"
    Longitude 127.80139
    Internal 1
    Latitude 26.33583
    type "antenna"
    schedulingPolicy "WFQ"
    tosToQoSqueue "42;44;31;34,40;38;26;28,36;29,41;27,37;32;43,45,46;30;33;39;35;24,0,1,2,3,4,5,6,7,8,9,10,11,12,13,14,15,16,17,18,19,20,21,22,23,25,47,48,49,50,51,52,53,54,55,56,57,58,59,60,61,62,63,64,65,66,67,68,69,70,71,72,73,74,75,76,77,78,79,80,81,82,83,84,85,86,87,88,89,90,91,92,93,94"
    schedulingWeights "3.624,3.314,3.818,7.687,3.371,3.2,7.143,6.683,7.842,3.838,10.783,0.226,0.207,0.213,0.205,37.846;0.001,0.001,0.001,0.001,0.001,0.001,0.001,0.001,0.001,0.001,0.001,0.001,0.001,0.001,0.001,99.985;0.001,0.001,0.001,0.001,0.001,0.001,0.001,0.001,0.001,0.001,0.001,0.001,0.001,0.001,0.001,99.985;0.001,0.001,0.001,0.001,0.001,0.001,0.001,0.001,0.001,0.001,0.001,0.001,0.001,0.001,0.001,99.985;0.001,0.001,0.001,0.001,0.001,0.001,0.001,0.001,0.001,0.001,0.001,0.001,0.001,0.001,0.001,99.985;0.001,0.001,0.001,0.001,0.001,0.001,0.001,0.001,0.001,0.001,0.001,0.001,0.001,0.001,0.001,99.985;0.001,0.001,0.001,0.001,0.001,0.001,0.001,0.001,0.001,0.001,0.001,0.001,0.001,0.001,0.001,99.985;0.001,0.001,0.001,0.001,0.001,0.001,0.001,0.001,0.001,0.001,0.001,0.001,0.001,0.001,0.001,99.985;0.001,0.001,0.001,0.001,0.001,0.001,0.001,0.001,0.001,0.001,0.001,0.001,0.001,0.001,0.001,99.985;0.001,0.001,0.001,0.001,0.001,0.001,0.001,0.001,0.001,0.001,0.001,0.001,0.001,0.001,0.001,99.985;0.001,0.001,0.001,0.001,0.001,0.001,0.001,0.001,0.001,0.001,0.001,0.001,0.001,0.001,0.001,99.985;0.001,0.001,0.001,0.001,0.001,0.001,0.001,0.001,0.001,0.001,0.001,0.001,0.001,0.001,0.001,99.985;0.001,0.001,0.001,0.001,0.001,0.001,0.001,0.001,0.001,0.001,0.001,0.001,0.001,0.001,0.001,99.985;0.001,0.001,0.001,0.001,0.001,0.001,0.001,0.001,0.001,0.001,0.001,0.001,0.001,0.001,0.001,99.985;0.001,0.001,0.001,0.001,0.001,0.001,0.001,0.001,0.001,0.001,0.001,0.001,0.001,0.001,0.001,99.985;0.001,0.001,0.001,0.001,0.001,0.001,0.001,0.001,0.001,0.001,0.001,0.001,0.001,0.001,0.001,99.985;0.001,0.001,0.001,0.001,0.001,0.001,0.001,0.001,0.001,0.001,0.001,0.001,0.001,0.001,0.001,99.985;0.001,0.001,0.001,0.001,0.001,0.001,0.001,0.001,0.001,0.001,0.001,0.001,0.001,0.001,0.001,99.985;0.001,0.001,0.001,0.001,0.001,0.001,0.001,0.001,0.001,0.001,0.001,0.001,0.001,0.001,0.001,99.985;0.001,0.001,0.001,0.001,0.001,0.001,0.001,0.001,0.001,0.001,0.001,0.001,0.001,0.001,0.001,99.985;0.001,0.001,0.001,0.001,0.001,0.001,0.001,0.001,0.001,0.001,0.001,0.001,0.001,0.001,0.001,99.985;0.001,0.001,0.001,0.001,0.001,0.001,0.001,0.001,0.001,0.001,0.001,0.001,0.001,0.001,0.001,99.985;0.001,0.001,0.001,0.001,0.001,0.001,0.001,0.001,0.001,0.001,0.001,0.001,0.001,0.001,0.001,99.985"
    levelsQoS 16
    queueSizes "32,32,32,32,32,32,32,32,32,32,32,32,32,32,32,32"
  ]
  node [
    id 10
    label "10"
    Country "Japan"
    Longitude 141.34694
    Internal 1
    Latitude 43.06417
    type "destination_embb"
    schedulingPolicy "FIFO"
    levelsQoS "1"
    schedulingWeights "-"
    tosToQoSqueue "0,1,2,3,4,5,6,7,8,9,10,11,12,13,14,15,16,17,18,19,20,21,22,23,24,25,26,27,28,29,30,31,32,33,34,35,36,37,38,39,40,41,42,43,44,45,46,47,48,49,50,51,52,53,54,55,56,57,58,59,60,61,62,63,64,65,66,67,68,69,70,71,72,73,74,75,76,77,78,79,80,81,82,83,84,85,86,87,88,89,90,91,92,93,94"
    queueSizes "32"
  ]
  node [
    id 11
    label "11"
    Country "Japan"
    Longitude 140.87194
    Internal 1
    Latitude 38.26889
    type "destination_mmtc"
    schedulingPolicy "FIFO"
    levelsQoS "1"
    schedulingWeights "-"
    tosToQoSqueue "0,1,2,3,4,5,6,7,8,9,10,11,12,13,14,15,16,17,18,19,20,21,22,23,24,25,26,27,28,29,30,31,32,33,34,35,36,37,38,39,40,41,42,43,44,45,46,47,48,49,50,51,52,53,54,55,56,57,58,59,60,61,62,63,64,65,66,67,68,69,70,71,72,73,74,75,76,77,78,79,80,81,82,83,84,85,86,87,88,89,90,91,92,93,94"
    queueSizes "32"
  ]
  node [
    id 12
    label "12"
    Country "Japan"
    Longitude 139.5813
    Internal 1
    Latitude 35.61488
    type "inner"
    schedulingPolicy "WFQ"
    tosToQoSqueue "50,74;72;56;68;52,54;58;57;53,55,59,61,75;66;47,64,71;62,69,70;49;63;30,93,94;78;92;33,48,67,88;73,81,87;51,60;39,65,89,90;35,86;76,91;77;21,23,25;24;22,0,1,2,3,4,5,6,7,8,9,10,11,12,13,14,15,16,17,18,19,20,26,27,28,29,31,32,34,36,37,38,40,41,42,43,44,45,46,79,80,82,83,84,85"
    schedulingWeights "0.001,0.001,0.001,0.001,0.001,0.001,0.001,0.001,0.001,0.001,0.001,0.001,0.001,0.001,0.001,0.001,0.001,0.001,0.001,0.001,0.001,0.001,0.001,0.001,0.001,99.975;7.248,3.818,3.36,3.371,6.399,3.361,3.157,16.707,3.921,11.514,11.332,3.594,0.001,0.001,0.001,0.001,0.001,0.001,0.001,0.001,0.001,0.001,0.001,0.001,0.001,22.204;0.001,0.001,0.001,0.001,0.001,0.001,0.001,0.001,0.001,0.001,0.001,0.001,0.001,0.001,0.001,0.001,0.001,0.001,0.001,0.001,0.001,0.001,0.001,0.001,0.001,99.975;0.001,0.001,0.001,0.001,0.001,0.001,0.001,0.001,0.001,0.001,0.001,0.001,0.001,0.001,0.001,0.001,0.001,0.001,0.001,0.001,0.001,0.001,0.001,0.001,0.001,99.975;0.001,0.001,0.001,0.001,0.001,0.001,0.001,0.001,0.001,0.001,0.001,0.001,0.181,0.678,0.196,0.217,0.83,0.603,0.433,0.852,0.409,0.404,0.172,55.507,19.242,20.263;0.001,0.001,0.001,0.001,0.001,0.001,0.001,0.001,0.001,0.001,0.001,0.001,0.001,0.001,0.001,0.001,0.001,0.001,0.001,0.001,0.001,0.001,0.001,0.001,0.001,99.975;0.001,0.001,0.001,0.001,0.001,0.001,0.001,0.001,0.001,0.001,0.001,0.001,0.001,0.001,0.001,0.001,0.001,0.001,0.001,0.001,0.001,0.001,0.001,0.001,0.001,99.975;0.001,0.001,0.001,0.001,0.001,0.001,0.001,0.001,0.001,0.001,0.001,0.001,0.001,0.001,0.001,0.001,0.001,0.001,0.001,0.001,0.001,0.001,0.001,0.001,0.001,99.975"
    levelsQoS 26
    queueSizes "32,32,32,32,32,32,32,32,32,32,32,32,32,32,32,32,32,32,32,32,32,32,32,32,32,32"
  ]
  node [
    id 13
    label "13"
    Internal 0
    type "inner"
    schedulingPolicy "WFQ"
    tosToQoSqueue "0,1,2,3,4,5,6,7,8,9,10,11,12,13,14,15,16,17,18,19,20,21,22,23,24,25,26,27,28,29,30,31,32,33,34,35,36,37,38,39,40,41,42,43,44,45,46,47,48,49,50,51,52,53,54,55,56,57,58,59,60,61,62,63,64,65,66,67,68,69,70,71,72,73,74,75,76,77,78,79,80,81,82,83,84,85,86,87,88,89,90,91,92,93,94"
    schedulingWeights "100"
    levelsQoS 1
    queueSizes "32"
  ]
  node [
    id 14
    label "14"
    Internal 0
    type "antenna"
    schedulingPolicy "WFQ"
    tosToQoSqueue "21,0,1,2,3,4,5,6,7,8,9,10,11,12,13,14,15,16,17,18,19,20,22,23,24,25,26,27,28,29,30,31,32,33,34,35,36,37,38,39,40,41,42,43,44,45,46,47,48,49,50,51,52,53,54,55,56,57,58,59,60,61,62,63,64,65,66,67,68,69,70,71,72,73,74,75,76,77,78,79,80,81,82,83,84,85,86,87,88,89,90,91,92,93,94"
    schedulingWeights "100;100"
    levelsQoS 1
    queueSizes "32"
  ]
  node [
    id 15
    label "15"
    hyperedge 1
    Internal 1
    type "inner"
    schedulingPolicy "WFQ"
    tosToQoSqueue "21,0,1,2,3,4,5,6,7,8,9,10,11,12,13,14,15,16,17,18,19,20,22,23,24,25,26,27,28,29,30,31,32,33,34,35,36,37,38,39,40,41,42,43,44,45,46,47,48,49,50,51,52,53,54,55,56,57,58,59,60,61,62,63,64,65,66,67,68,69,70,71,72,73,74,75,76,77,78,79,80,81,82,83,84,85,86,87,88,89,90,91,92,93,94"
    schedulingWeights "100;100;100"
    levelsQoS 1
    queueSizes "32"
  ]
  node [
    id 16
    label "16"
    Internal 0
    type "inner"
    schedulingPolicy "WFQ"
    tosToQoSqueue "0,1,2,3,4,5,6,7,8,9,10,11,12,13,14,15,16,17,18,19,20,21,22,23,24,25,26,27,28,29,30,31,32,33,34,35,36,37,38,39,40,41,42,43,44,45,46,47,48,49,50,51,52,53,54,55,56,57,58,59,60,61,62,63,64,65,66,67,68,69,70,71,72,73,74,75,76,77,78,79,80,81,82,83,84,85,86,87,88,89,90,91,92,93,94"
    schedulingWeights "100"
    levelsQoS 1
    queueSizes "32"
  ]
  node [
    id 17
    label "17"
    Internal 0
    type "inner"
    schedulingPolicy "WFQ"
    tosToQoSqueue "0,1,2,3,4,5,6,7,8,9,10,11,12,13,14,15,16,17,18,19,20,21,22,23,24,25,26,27,28,29,30,31,32,33,34,35,36,37,38,39,40,41,42,43,44,45,46,47,48,49,50,51,52,53,54,55,56,57,58,59,60,61,62,63,64,65,66,67,68,69,70,71,72,73,74,75,76,77,78,79,80,81,82,83,84,85,86,87,88,89,90,91,92,93,94"
    schedulingWeights "100"
    levelsQoS 1
    queueSizes "32"
  ]
  node [
    id 18
    label "18"
    schedulingPolicy "FIFO"
    levelsQoS "1"
    schedulingWeights "-"
    tosToQoSqueue "0,1,2,3,4,5,6,7,8,9,10,11,12,13,14,15,16,17,18,19,20,21,22,23,24,25,26,27,28,29,30,31,32,33,34,35,36,37,38,39,40,41,42,43,44,45,46,47,48,49,50,51,52,53,54,55,56,57,58,59,60,61,62,63,64,65,66,67,68,69,70,71,72,73,74,75,76,77,78,79,80,81,82,83,84,85,86,87,88,89,90,91,92,93,94"
    queueSizes "32"
    type "destination_urllc"
  ]
  node [
    id 19
    label "19"
    schedulingPolicy "FIFO"
    levelsQoS "1"
    schedulingWeights "-"
    tosToQoSqueue "0,1,2,3,4,5,6,7,8,9,10,11,12,13,14,15,16,17,18,19,20,21,22,23,24,25,26,27,28,29,30,31,32,33,34,35,36,37,38,39,40,41,42,43,44,45,46,47,48,49,50,51,52,53,54,55,56,57,58,59,60,61,62,63,64,65,66,67,68,69,70,71,72,73,74,75,76,77,78,79,80,81,82,83,84,85,86,87,88,89,90,91,92,93,94"
    queueSizes "32"
    type "destination_mmtc"
  ]
  node [
    id 20
    label "20"
    schedulingPolicy "FIFO"
    levelsQoS "1"
    schedulingWeights "-"
    tosToQoSqueue "0,1,2,3,4,5,6,7,8,9,10,11,12,13,14,15,16,17,18,19,20,21,22,23,24,25,26,27,28,29,30,31,32,33,34,35,36,37,38,39,40,41,42,43,44,45,46,47,48,49,50,51,52,53,54,55,56,57,58,59,60,61,62,63,64,65,66,67,68,69,70,71,72,73,74,75,76,77,78,79,80,81,82,83,84,85,86,87,88,89,90,91,92,93,94"
    queueSizes "32"
    type "destination_embb"
  ]
  node [
    id 21
    label "21"
    schedulingPolicy "FIFO"
    levelsQoS "1"
    schedulingWeights "-"
    tosToQoSqueue "0,1,2,3,4,5,6,7,8,9,10,11,12,13,14,15,16,17,18,19,20,21,22,23,24,25,26,27,28,29,30,31,32,33,34,35,36,37,38,39,40,41,42,43,44,45,46,47,48,49,50,51,52,53,54,55,56,57,58,59,60,61,62,63,64,65,66,67,68,69,70,71,72,73,74,75,76,77,78,79,80,81,82,83,84,85,86,87,88,89,90,91,92,93,94"
    queueSizes "32"
    type "origin_embb"
    reservation 18502200.0
  ]
  node [
    id 22
    label "22"
    schedulingPolicy "FIFO"
    levelsQoS "1"
    schedulingWeights "-"
    tosToQoSqueue "0,1,2,3,4,5,6,7,8,9,10,11,12,13,14,15,16,17,18,19,20,21,22,23,24,25,26,27,28,29,30,31,32,33,34,35,36,37,38,39,40,41,42,43,44,45,46,47,48,49,50,51,52,53,54,55,56,57,58,59,60,61,62,63,64,65,66,67,68,69,70,71,72,73,74,75,76,77,78,79,80,81,82,83,84,85,86,87,88,89,90,91,92,93,94"
    queueSizes "32"
    type "origin_embb"
    reservation 20197800.0
  ]
  node [
    id 23
    label "23"
    schedulingPolicy "FIFO"
    levelsQoS "1"
    schedulingWeights "-"
    tosToQoSqueue "0,1,2,3,4,5,6,7,8,9,10,11,12,13,14,15,16,17,18,19,20,21,22,23,24,25,26,27,28,29,30,31,32,33,34,35,36,37,38,39,40,41,42,43,44,45,46,47,48,49,50,51,52,53,54,55,56,57,58,59,60,61,62,63,64,65,66,67,68,69,70,71,72,73,74,75,76,77,78,79,80,81,82,83,84,85,86,87,88,89,90,91,92,93,94"
    queueSizes "32"
    type "origin_embb"
    reservation 18502200.0
  ]
  node [
    id 24
    label "24"
    schedulingPolicy "FIFO"
    levelsQoS "1"
    schedulingWeights "-"
    tosToQoSqueue "0,1,2,3,4,5,6,7,8,9,10,11,12,13,14,15,16,17,18,19,20,21,22,23,24,25,26,27,28,29,30,31,32,33,34,35,36,37,38,39,40,41,42,43,44,45,46,47,48,49,50,51,52,53,54,55,56,57,58,59,60,61,62,63,64,65,66,67,68,69,70,71,72,73,74,75,76,77,78,79,80,81,82,83,84,85,86,87,88,89,90,91,92,93,94"
    queueSizes "32"
    type "origin_embb"
    reservation 19242000.0
  ]
  node [
    id 25
    label "25"
    schedulingPolicy "FIFO"
    levelsQoS "1"
    schedulingWeights "-"
    tosToQoSqueue "0,1,2,3,4,5,6,7,8,9,10,11,12,13,14,15,16,17,18,19,20,21,22,23,24,25,26,27,28,29,30,31,32,33,34,35,36,37,38,39,40,41,42,43,44,45,46,47,48,49,50,51,52,53,54,55,56,57,58,59,60,61,62,63,64,65,66,67,68,69,70,71,72,73,74,75,76,77,78,79,80,81,82,83,84,85,86,87,88,89,90,91,92,93,94"
    queueSizes "32"
    type "origin_embb"
    reservation 18502200.0
  ]
  node [
    id 26
    label "26"
    schedulingPolicy "FIFO"
    levelsQoS "1"
    schedulingWeights "-"
    tosToQoSqueue "0,1,2,3,4,5,6,7,8,9,10,11,12,13,14,15,16,17,18,19,20,21,22,23,24,25,26,27,28,29,30,31,32,33,34,35,36,37,38,39,40,41,42,43,44,45,46,47,48,49,50,51,52,53,54,55,56,57,58,59,60,61,62,63,64,65,66,67,68,69,70,71,72,73,74,75,76,77,78,79,80,81,82,83,84,85,86,87,88,89,90,91,92,93,94"
    queueSizes "32"
    type "origin_urllc"
    reservation 3199700.0
  ]
  node [
    id 27
    label "27"
    schedulingPolicy "FIFO"
    levelsQoS "1"
    schedulingWeights "-"
    tosToQoSqueue "0,1,2,3,4,5,6,7,8,9,10,11,12,13,14,15,16,17,18,19,20,21,22,23,24,25,26,27,28,29,30,31,32,33,34,35,36,37,38,39,40,41,42,43,44,45,46,47,48,49,50,51,52,53,54,55,56,57,58,59,60,61,62,63,64,65,66,67,68,69,70,71,72,73,74,75,76,77,78,79,80,81,82,83,84,85,86,87,88,89,90,91,92,93,94"
    queueSizes "32"
    type "origin_urllc"
    reservation 3921050.0
  ]
  node [
    id 28
    label "28"
    schedulingPolicy "FIFO"
    levelsQoS "1"
    schedulingWeights "-"
    tosToQoSqueue "0,1,2,3,4,5,6,7,8,9,10,11,12,13,14,15,16,17,18,19,20,21,22,23,24,25,26,27,28,29,30,31,32,33,34,35,36,37,38,39,40,41,42,43,44,45,46,47,48,49,50,51,52,53,54,55,56,57,58,59,60,61,62,63,64,65,66,67,68,69,70,71,72,73,74,75,76,77,78,79,80,81,82,83,84,85,86,87,88,89,90,91,92,93,94"
    queueSizes "32"
    type "origin_urllc"
    reservation 3571400.0
  ]
  node [
    id 29
    label "29"
    schedulingPolicy "FIFO"
    levelsQoS "1"
    schedulingWeights "-"
    tosToQoSqueue "0,1,2,3,4,5,6,7,8,9,10,11,12,13,14,15,16,17,18,19,20,21,22,23,24,25,26,27,28,29,30,31,32,33,34,35,36,37,38,39,40,41,42,43,44,45,46,47,48,49,50,51,52,53,54,55,56,57,58,59,60,61,62,63,64,65,66,67,68,69,70,71,72,73,74,75,76,77,78,79,80,81,82,83,84,85,86,87,88,89,90,91,92,93,94"
    queueSizes "32"
    type "origin_urllc"
    reservation 3341450.0
  ]
  node [
    id 30
    label "30"
    schedulingPolicy "FIFO"
    levelsQoS "1"
    schedulingWeights "-"
    tosToQoSqueue "0,1,2,3,4,5,6,7,8,9,10,11,12,13,14,15,16,17,18,19,20,21,22,23,24,25,26,27,28,29,30,31,32,33,34,35,36,37,38,39,40,41,42,43,44,45,46,47,48,49,50,51,52,53,54,55,56,57,58,59,60,61,62,63,64,65,66,67,68,69,70,71,72,73,74,75,76,77,78,79,80,81,82,83,84,85,86,87,88,89,90,91,92,93,94"
    queueSizes "32"
    type "origin_mmtc"
    reservation 226100.0
  ]
  node [
    id 31
    label "31"
    schedulingPolicy "FIFO"
    levelsQoS "1"
    schedulingWeights "-"
    tosToQoSqueue "0,1,2,3,4,5,6,7,8,9,10,11,12,13,14,15,16,17,18,19,20,21,22,23,24,25,26,27,28,29,30,31,32,33,34,35,36,37,38,39,40,41,42,43,44,45,46,47,48,49,50,51,52,53,54,55,56,57,58,59,60,61,62,63,64,65,66,67,68,69,70,71,72,73,74,75,76,77,78,79,80,81,82,83,84,85,86,87,88,89,90,91,92,93,94"
    queueSizes "32"
    type "origin_urllc"
    reservation 3818150.0
  ]
  node [
    id 32
    label "32"
    schedulingPolicy "FIFO"
    levelsQoS "1"
    schedulingWeights "-"
    tosToQoSqueue "0,1,2,3,4,5,6,7,8,9,10,11,12,13,14,15,16,17,18,19,20,21,22,23,24,25,26,27,28,29,30,31,32,33,34,35,36,37,38,39,40,41,42,43,44,45,46,47,48,49,50,51,52,53,54,55,56,57,58,59,60,61,62,63,64,65,66,67,68,69,70,71,72,73,74,75,76,77,78,79,80,81,82,83,84,85,86,87,88,89,90,91,92,93,94"
    queueSizes "32"
    type "origin_urllc"
    reservation 3838100.0
  ]
  node [
    id 33
    label "33"
    schedulingPolicy "FIFO"
    levelsQoS "1"
    schedulingWeights "-"
    tosToQoSqueue "0,1,2,3,4,5,6,7,8,9,10,11,12,13,14,15,16,17,18,19,20,21,22,23,24,25,26,27,28,29,30,31,32,33,34,35,36,37,38,39,40,41,42,43,44,45,46,47,48,49,50,51,52,53,54,55,56,57,58,59,60,61,62,63,64,65,66,67,68,69,70,71,72,73,74,75,76,77,78,79,80,81,82,83,84,85,86,87,88,89,90,91,92,93,94"
    queueSizes "32"
    type "origin_mmtc"
    reservation 207440.0
  ]
  node [
    id 34
    label "34"
    schedulingPolicy "FIFO"
    levelsQoS "1"
    schedulingWeights "-"
    tosToQoSqueue "0,1,2,3,4,5,6,7,8,9,10,11,12,13,14,15,16,17,18,19,20,21,22,23,24,25,26,27,28,29,30,31,32,33,34,35,36,37,38,39,40,41,42,43,44,45,46,47,48,49,50,51,52,53,54,55,56,57,58,59,60,61,62,63,64,65,66,67,68,69,70,71,72,73,74,75,76,77,78,79,80,81,82,83,84,85,86,87,88,89,90,91,92,93,94"
    queueSizes "32"
    type "origin_urllc"
    reservation 3843350.0
  ]
  node [
    id 35
    label "35"
    schedulingPolicy "FIFO"
    levelsQoS "1"
    schedulingWeights "-"
    tosToQoSqueue "0,1,2,3,4,5,6,7,8,9,10,11,12,13,14,15,16,17,18,19,20,21,22,23,24,25,26,27,28,29,30,31,32,33,34,35,36,37,38,39,40,41,42,43,44,45,46,47,48,49,50,51,52,53,54,55,56,57,58,59,60,61,62,63,64,65,66,67,68,69,70,71,72,73,74,75,76,77,78,79,80,81,82,83,84,85,86,87,88,89,90,91,92,93,94"
    queueSizes "32"
    type "origin_mmtc"
    reservation 204620.0
  ]
  node [
    id 36
    label "36"
    schedulingPolicy "FIFO"
    levelsQoS "1"
    schedulingWeights "-"
    tosToQoSqueue "0,1,2,3,4,5,6,7,8,9,10,11,12,13,14,15,16,17,18,19,20,21,22,23,24,25,26,27,28,29,30,31,32,33,34,35,36,37,38,39,40,41,42,43,44,45,46,47,48,49,50,51,52,53,54,55,56,57,58,59,60,61,62,63,64,65,66,67,68,69,70,71,72,73,74,75,76,77,78,79,80,81,82,83,84,85,86,87,88,89,90,91,92,93,94"
    queueSizes "32"
    type "origin_urllc"
    reservation 3571400.0
  ]
  node [
    id 37
    label "37"
    schedulingPolicy "FIFO"
    levelsQoS "1"
    schedulingWeights "-"
    tosToQoSqueue "0,1,2,3,4,5,6,7,8,9,10,11,12,13,14,15,16,17,18,19,20,21,22,23,24,25,26,27,28,29,30,31,32,33,34,35,36,37,38,39,40,41,42,43,44,45,46,47,48,49,50,51,52,53,54,55,56,57,58,59,60,61,62,63,64,65,66,67,68,69,70,71,72,73,74,75,76,77,78,79,80,81,82,83,84,85,86,87,88,89,90,91,92,93,94"
    queueSizes "32"
    type "origin_urllc"
    reservation 3921050.0
  ]
  node [
    id 38
    label "38"
    schedulingPolicy "FIFO"
    levelsQoS "1"
    schedulingWeights "-"
    tosToQoSqueue "0,1,2,3,4,5,6,7,8,9,10,11,12,13,14,15,16,17,18,19,20,21,22,23,24,25,26,27,28,29,30,31,32,33,34,35,36,37,38,39,40,41,42,43,44,45,46,47,48,49,50,51,52,53,54,55,56,57,58,59,60,61,62,63,64,65,66,67,68,69,70,71,72,73,74,75,76,77,78,79,80,81,82,83,84,85,86,87,88,89,90,91,92,93,94"
    queueSizes "32"
    type "origin_urllc"
    reservation 3370850.0
  ]
  node [
    id 39
    label "39"
    schedulingPolicy "FIFO"
    levelsQoS "1"
    schedulingWeights "-"
    tosToQoSqueue "0,1,2,3,4,5,6,7,8,9,10,11,12,13,14,15,16,17,18,19,20,21,22,23,24,25,26,27,28,29,30,31,32,33,34,35,36,37,38,39,40,41,42,43,44,45,46,47,48,49,50,51,52,53,54,55,56,57,58,59,60,61,62,63,64,65,66,67,68,69,70,71,72,73,74,75,76,77,78,79,80,81,82,83,84,85,86,87,88,89,90,91,92,93,94"
    queueSizes "32"
    type "origin_mmtc"
    reservation 213080.0
  ]
  node [
    id 40
    label "40"
    schedulingPolicy "FIFO"
    levelsQoS "1"
    schedulingWeights "-"
    tosToQoSqueue "0,1,2,3,4,5,6,7,8,9,10,11,12,13,14,15,16,17,18,19,20,21,22,23,24,25,26,27,28,29,30,31,32,33,34,35,36,37,38,39,40,41,42,43,44,45,46,47,48,49,50,51,52,53,54,55,56,57,58,59,60,61,62,63,64,65,66,67,68,69,70,71,72,73,74,75,76,77,78,79,80,81,82,83,84,85,86,87,88,89,90,91,92,93,94"
    queueSizes "32"
    type "origin_urllc"
    reservation 3843350.0
  ]
  node [
    id 41
    label "41"
    schedulingPolicy "FIFO"
    levelsQoS "1"
    schedulingWeights "-"
    tosToQoSqueue "0,1,2,3,4,5,6,7,8,9,10,11,12,13,14,15,16,17,18,19,20,21,22,23,24,25,26,27,28,29,30,31,32,33,34,35,36,37,38,39,40,41,42,43,44,45,46,47,48,49,50,51,52,53,54,55,56,57,58,59,60,61,62,63,64,65,66,67,68,69,70,71,72,73,74,75,76,77,78,79,80,81,82,83,84,85,86,87,88,89,90,91,92,93,94"
    queueSizes "32"
    type "origin_urllc"
    reservation 3341450.0
  ]
  node [
    id 42
    label "42"
    schedulingPolicy "FIFO"
    levelsQoS "1"
    schedulingWeights "-"
    tosToQoSqueue "0,1,2,3,4,5,6,7,8,9,10,11,12,13,14,15,16,17,18,19,20,21,22,23,24,25,26,27,28,29,30,31,32,33,34,35,36,37,38,39,40,41,42,43,44,45,46,47,48,49,50,51,52,53,54,55,56,57,58,59,60,61,62,63,64,65,66,67,68,69,70,71,72,73,74,75,76,77,78,79,80,81,82,83,84,85,86,87,88,89,90,91,92,93,94"
    queueSizes "32"
    type "origin_urllc"
    reservation 3623900.0
  ]
  node [
    id 43
    label "43"
    schedulingPolicy "FIFO"
    levelsQoS "1"
    schedulingWeights "-"
    tosToQoSqueue "0,1,2,3,4,5,6,7,8,9,10,11,12,13,14,15,16,17,18,19,20,21,22,23,24,25,26,27,28,29,30,31,32,33,34,35,36,37,38,39,40,41,42,43,44,45,46,47,48,49,50,51,52,53,54,55,56,57,58,59,60,61,62,63,64,65,66,67,68,69,70,71,72,73,74,75,76,77,78,79,80,81,82,83,84,85,86,87,88,89,90,91,92,93,94"
    queueSizes "32"
    type "origin_urllc"
    reservation 3594500.0
  ]
  node [
    id 44
    label "44"
    schedulingPolicy "FIFO"
    levelsQoS "1"
    schedulingWeights "-"
    tosToQoSqueue "0,1,2,3,4,5,6,7,8,9,10,11,12,13,14,15,16,17,18,19,20,21,22,23,24,25,26,27,28,29,30,31,32,33,34,35,36,37,38,39,40,41,42,43,44,45,46,47,48,49,50,51,52,53,54,55,56,57,58,59,60,61,62,63,64,65,66,67,68,69,70,71,72,73,74,75,76,77,78,79,80,81,82,83,84,85,86,87,88,89,90,91,92,93,94"
    queueSizes "32"
    type "origin_urllc"
    reservation 3314150.0
  ]
  node [
    id 45
    label "45"
    schedulingPolicy "FIFO"
    levelsQoS "1"
    schedulingWeights "-"
    tosToQoSqueue "0,1,2,3,4,5,6,7,8,9,10,11,12,13,14,15,16,17,18,19,20,21,22,23,24,25,26,27,28,29,30,31,32,33,34,35,36,37,38,39,40,41,42,43,44,45,46,47,48,49,50,51,52,53,54,55,56,57,58,59,60,61,62,63,64,65,66,67,68,69,70,71,72,73,74,75,76,77,78,79,80,81,82,83,84,85,86,87,88,89,90,91,92,93,94"
    queueSizes "32"
    type "origin_urllc"
    reservation 3594500.0
  ]
  node [
    id 46
    label "46"
    schedulingPolicy "FIFO"
    levelsQoS "1"
    schedulingWeights "-"
    tosToQoSqueue "0,1,2,3,4,5,6,7,8,9,10,11,12,13,14,15,16,17,18,19,20,21,22,23,24,25,26,27,28,29,30,31,32,33,34,35,36,37,38,39,40,41,42,43,44,45,46,47,48,49,50,51,52,53,54,55,56,57,58,59,60,61,62,63,64,65,66,67,68,69,70,71,72,73,74,75,76,77,78,79,80,81,82,83,84,85,86,87,88,89,90,91,92,93,94"
    queueSizes "32"
    type "origin_urllc"
    reservation 3594500.0
  ]
  node [
    id 47
    label "47"
    schedulingPolicy "FIFO"
    levelsQoS "1"
    schedulingWeights "-"
    tosToQoSqueue "0,1,2,3,4,5,6,7,8,9,10,11,12,13,14,15,16,17,18,19,20,21,22,23,24,25,26,27,28,29,30,31,32,33,34,35,36,37,38,39,40,41,42,43,44,45,46,47,48,49,50,51,52,53,54,55,56,57,58,59,60,61,62,63,64,65,66,67,68,69,70,71,72,73,74,75,76,77,78,79,80,81,82,83,84,85,86,87,88,89,90,91,92,93,94"
    queueSizes "32"
    type "origin_urllc"
    reservation 3838100.0
  ]
  node [
    id 48
    label "48"
    schedulingPolicy "FIFO"
    levelsQoS "1"
    schedulingWeights "-"
    tosToQoSqueue "0,1,2,3,4,5,6,7,8,9,10,11,12,13,14,15,16,17,18,19,20,21,22,23,24,25,26,27,28,29,30,31,32,33,34,35,36,37,38,39,40,41,42,43,44,45,46,47,48,49,50,51,52,53,54,55,56,57,58,59,60,61,62,63,64,65,66,67,68,69,70,71,72,73,74,75,76,77,78,79,80,81,82,83,84,85,86,87,88,89,90,91,92,93,94"
    queueSizes "32"
    type "origin_mmtc"
    reservation 207440.0
  ]
  node [
    id 49
    label "49"
    schedulingPolicy "FIFO"
    levelsQoS "1"
    schedulingWeights "-"
    tosToQoSqueue "0,1,2,3,4,5,6,7,8,9,10,11,12,13,14,15,16,17,18,19,20,21,22,23,24,25,26,27,28,29,30,31,32,33,34,35,36,37,38,39,40,41,42,43,44,45,46,47,48,49,50,51,52,53,54,55,56,57,58,59,60,61,62,63,64,65,66,67,68,69,70,71,72,73,74,75,76,77,78,79,80,81,82,83,84,85,86,87,88,89,90,91,92,93,94"
    queueSizes "32"
    type "origin_urllc"
    reservation 3594500.0
  ]
  node [
    id 50
    label "50"
    schedulingPolicy "FIFO"
    levelsQoS "1"
    schedulingWeights "-"
    tosToQoSqueue "0,1,2,3,4,5,6,7,8,9,10,11,12,13,14,15,16,17,18,19,20,21,22,23,24,25,26,27,28,29,30,31,32,33,34,35,36,37,38,39,40,41,42,43,44,45,46,47,48,49,50,51,52,53,54,55,56,57,58,59,60,61,62,63,64,65,66,67,68,69,70,71,72,73,74,75,76,77,78,79,80,81,82,83,84,85,86,87,88,89,90,91,92,93,94"
    queueSizes "32"
    type "origin_urllc"
    reservation 3623900.0
  ]
  node [
    id 51
    label "51"
    schedulingPolicy "FIFO"
    levelsQoS "1"
    schedulingWeights "-"
    tosToQoSqueue "0,1,2,3,4,5,6,7,8,9,10,11,12,13,14,15,16,17,18,19,20,21,22,23,24,25,26,27,28,29,30,31,32,33,34,35,36,37,38,39,40,41,42,43,44,45,46,47,48,49,50,51,52,53,54,55,56,57,58,59,60,61,62,63,64,65,66,67,68,69,70,71,72,73,74,75,76,77,78,79,80,81,82,83,84,85,86,87,88,89,90,91,92,93,94"
    queueSizes "32"
    type "origin_mmtc"
    reservation 216560.0
  ]
  node [
    id 52
    label "52"
    schedulingPolicy "FIFO"
    levelsQoS "1"
    schedulingWeights "-"
    tosToQoSqueue "0,1,2,3,4,5,6,7,8,9,10,11,12,13,14,15,16,17,18,19,20,21,22,23,24,25,26,27,28,29,30,31,32,33,34,35,36,37,38,39,40,41,42,43,44,45,46,47,48,49,50,51,52,53,54,55,56,57,58,59,60,61,62,63,64,65,66,67,68,69,70,71,72,73,74,75,76,77,78,79,80,81,82,83,84,85,86,87,88,89,90,91,92,93,94"
    queueSizes "32"
    type "origin_urllc"
    reservation 3199700.0
  ]
  node [
    id 53
    label "53"
    schedulingPolicy "FIFO"
    levelsQoS "1"
    schedulingWeights "-"
    tosToQoSqueue "0,1,2,3,4,5,6,7,8,9,10,11,12,13,14,15,16,17,18,19,20,21,22,23,24,25,26,27,28,29,30,31,32,33,34,35,36,37,38,39,40,41,42,43,44,45,46,47,48,49,50,51,52,53,54,55,56,57,58,59,60,61,62,63,64,65,66,67,68,69,70,71,72,73,74,75,76,77,78,79,80,81,82,83,84,85,86,87,88,89,90,91,92,93,94"
    queueSizes "32"
    type "origin_urllc"
    reservation 3341450.0
  ]
  node [
    id 54
    label "54"
    schedulingPolicy "FIFO"
    levelsQoS "1"
    schedulingWeights "-"
    tosToQoSqueue "0,1,2,3,4,5,6,7,8,9,10,11,12,13,14,15,16,17,18,19,20,21,22,23,24,25,26,27,28,29,30,31,32,33,34,35,36,37,38,39,40,41,42,43,44,45,46,47,48,49,50,51,52,53,54,55,56,57,58,59,60,61,62,63,64,65,66,67,68,69,70,71,72,73,74,75,76,77,78,79,80,81,82,83,84,85,86,87,88,89,90,91,92,93,94"
    queueSizes "32"
    type "origin_urllc"
    reservation 3199700.0
  ]
  node [
    id 55
    label "55"
    schedulingPolicy "FIFO"
    levelsQoS "1"
    schedulingWeights "-"
    tosToQoSqueue "0,1,2,3,4,5,6,7,8,9,10,11,12,13,14,15,16,17,18,19,20,21,22,23,24,25,26,27,28,29,30,31,32,33,34,35,36,37,38,39,40,41,42,43,44,45,46,47,48,49,50,51,52,53,54,55,56,57,58,59,60,61,62,63,64,65,66,67,68,69,70,71,72,73,74,75,76,77,78,79,80,81,82,83,84,85,86,87,88,89,90,91,92,93,94"
    queueSizes "32"
    type "origin_urllc"
    reservation 3341450.0
  ]
  node [
    id 56
    label "56"
    schedulingPolicy "FIFO"
    levelsQoS "1"
    schedulingWeights "-"
    tosToQoSqueue "0,1,2,3,4,5,6,7,8,9,10,11,12,13,14,15,16,17,18,19,20,21,22,23,24,25,26,27,28,29,30,31,32,33,34,35,36,37,38,39,40,41,42,43,44,45,46,47,48,49,50,51,52,53,54,55,56,57,58,59,60,61,62,63,64,65,66,67,68,69,70,71,72,73,74,75,76,77,78,79,80,81,82,83,84,85,86,87,88,89,90,91,92,93,94"
    queueSizes "32"
    type "origin_urllc"
    reservation 3360350.0
  ]
  node [
    id 57
    label "57"
    schedulingPolicy "FIFO"
    levelsQoS "1"
    schedulingWeights "-"
    tosToQoSqueue "0,1,2,3,4,5,6,7,8,9,10,11,12,13,14,15,16,17,18,19,20,21,22,23,24,25,26,27,28,29,30,31,32,33,34,35,36,37,38,39,40,41,42,43,44,45,46,47,48,49,50,51,52,53,54,55,56,57,58,59,60,61,62,63,64,65,66,67,68,69,70,71,72,73,74,75,76,77,78,79,80,81,82,83,84,85,86,87,88,89,90,91,92,93,94"
    queueSizes "32"
    type "origin_urllc"
    reservation 3156650.0
  ]
  node [
    id 58
    label "58"
    schedulingPolicy "FIFO"
    levelsQoS "1"
    schedulingWeights "-"
    tosToQoSqueue "0,1,2,3,4,5,6,7,8,9,10,11,12,13,14,15,16,17,18,19,20,21,22,23,24,25,26,27,28,29,30,31,32,33,34,35,36,37,38,39,40,41,42,43,44,45,46,47,48,49,50,51,52,53,54,55,56,57,58,59,60,61,62,63,64,65,66,67,68,69,70,71,72,73,74,75,76,77,78,79,80,81,82,83,84,85,86,87,88,89,90,91,92,93,94"
    queueSizes "32"
    type "origin_urllc"
    reservation 3361400.0
  ]
  node [
    id 59
    label "59"
    schedulingPolicy "FIFO"
    levelsQoS "1"
    schedulingWeights "-"
    tosToQoSqueue "0,1,2,3,4,5,6,7,8,9,10,11,12,13,14,15,16,17,18,19,20,21,22,23,24,25,26,27,28,29,30,31,32,33,34,35,36,37,38,39,40,41,42,43,44,45,46,47,48,49,50,51,52,53,54,55,56,57,58,59,60,61,62,63,64,65,66,67,68,69,70,71,72,73,74,75,76,77,78,79,80,81,82,83,84,85,86,87,88,89,90,91,92,93,94"
    queueSizes "32"
    type "origin_urllc"
    reservation 3341450.0
  ]
  node [
    id 60
    label "60"
    schedulingPolicy "FIFO"
    levelsQoS "1"
    schedulingWeights "-"
    tosToQoSqueue "0,1,2,3,4,5,6,7,8,9,10,11,12,13,14,15,16,17,18,19,20,21,22,23,24,25,26,27,28,29,30,31,32,33,34,35,36,37,38,39,40,41,42,43,44,45,46,47,48,49,50,51,52,53,54,55,56,57,58,59,60,61,62,63,64,65,66,67,68,69,70,71,72,73,74,75,76,77,78,79,80,81,82,83,84,85,86,87,88,89,90,91,92,93,94"
    queueSizes "32"
    type "origin_mmtc"
    reservation 216560.0
  ]
  node [
    id 61
    label "61"
    schedulingPolicy "FIFO"
    levelsQoS "1"
    schedulingWeights "-"
    tosToQoSqueue "0,1,2,3,4,5,6,7,8,9,10,11,12,13,14,15,16,17,18,19,20,21,22,23,24,25,26,27,28,29,30,31,32,33,34,35,36,37,38,39,40,41,42,43,44,45,46,47,48,49,50,51,52,53,54,55,56,57,58,59,60,61,62,63,64,65,66,67,68,69,70,71,72,73,74,75,76,77,78,79,80,81,82,83,84,85,86,87,88,89,90,91,92,93,94"
    queueSizes "32"
    type "origin_urllc"
    reservation 3341450.0
  ]
  node [
    id 62
    label "62"
    schedulingPolicy "FIFO"
    levelsQoS "1"
    schedulingWeights "-"
    tosToQoSqueue "0,1,2,3,4,5,6,7,8,9,10,11,12,13,14,15,16,17,18,19,20,21,22,23,24,25,26,27,28,29,30,31,32,33,34,35,36,37,38,39,40,41,42,43,44,45,46,47,48,49,50,51,52,53,54,55,56,57,58,59,60,61,62,63,64,65,66,67,68,69,70,71,72,73,74,75,76,77,78,79,80,81,82,83,84,85,86,87,88,89,90,91,92,93,94"
    queueSizes "32"
    type "origin_urllc"
    reservation 3777200.0
  ]
  node [
    id 63
    label "63"
    schedulingPolicy "FIFO"
    levelsQoS "1"
    schedulingWeights "-"
    tosToQoSqueue "0,1,2,3,4,5,6,7,8,9,10,11,12,13,14,15,16,17,18,19,20,21,22,23,24,25,26,27,28,29,30,31,32,33,34,35,36,37,38,39,40,41,42,43,44,45,46,47,48,49,50,51,52,53,54,55,56,57,58,59,60,61,62,63,64,65,66,67,68,69,70,71,72,73,74,75,76,77,78,79,80,81,82,83,84,85,86,87,88,89,90,91,92,93,94"
    queueSizes "32"
    type "origin_mmtc"
    reservation 181460.0
  ]
  node [
    id 64
    label "64"
    schedulingPolicy "FIFO"
    levelsQoS "1"
    schedulingWeights "-"
    tosToQoSqueue "0,1,2,3,4,5,6,7,8,9,10,11,12,13,14,15,16,17,18,19,20,21,22,23,24,25,26,27,28,29,30,31,32,33,34,35,36,37,38,39,40,41,42,43,44,45,46,47,48,49,50,51,52,53,54,55,56,57,58,59,60,61,62,63,64,65,66,67,68,69,70,71,72,73,74,75,76,77,78,79,80,81,82,83,84,85,86,87,88,89,90,91,92,93,94"
    queueSizes "32"
    type "origin_urllc"
    reservation 3838100.0
  ]
  node [
    id 65
    label "65"
    schedulingPolicy "FIFO"
    levelsQoS "1"
    schedulingWeights "-"
    tosToQoSqueue "0,1,2,3,4,5,6,7,8,9,10,11,12,13,14,15,16,17,18,19,20,21,22,23,24,25,26,27,28,29,30,31,32,33,34,35,36,37,38,39,40,41,42,43,44,45,46,47,48,49,50,51,52,53,54,55,56,57,58,59,60,61,62,63,64,65,66,67,68,69,70,71,72,73,74,75,76,77,78,79,80,81,82,83,84,85,86,87,88,89,90,91,92,93,94"
    queueSizes "32"
    type "origin_mmtc"
    reservation 213080.0
  ]
  node [
    id 66
    label "66"
    schedulingPolicy "FIFO"
    levelsQoS "1"
    schedulingWeights "-"
    tosToQoSqueue "0,1,2,3,4,5,6,7,8,9,10,11,12,13,14,15,16,17,18,19,20,21,22,23,24,25,26,27,28,29,30,31,32,33,34,35,36,37,38,39,40,41,42,43,44,45,46,47,48,49,50,51,52,53,54,55,56,57,58,59,60,61,62,63,64,65,66,67,68,69,70,71,72,73,74,75,76,77,78,79,80,81,82,83,84,85,86,87,88,89,90,91,92,93,94"
    queueSizes "32"
    type "origin_urllc"
    reservation 3921050.0
  ]
  node [
    id 67
    label "67"
    schedulingPolicy "FIFO"
    levelsQoS "1"
    schedulingWeights "-"
    tosToQoSqueue "0,1,2,3,4,5,6,7,8,9,10,11,12,13,14,15,16,17,18,19,20,21,22,23,24,25,26,27,28,29,30,31,32,33,34,35,36,37,38,39,40,41,42,43,44,45,46,47,48,49,50,51,52,53,54,55,56,57,58,59,60,61,62,63,64,65,66,67,68,69,70,71,72,73,74,75,76,77,78,79,80,81,82,83,84,85,86,87,88,89,90,91,92,93,94"
    queueSizes "32"
    type "origin_mmtc"
    reservation 207440.0
  ]
  node [
    id 68
    label "68"
    schedulingPolicy "FIFO"
    levelsQoS "1"
    schedulingWeights "-"
    tosToQoSqueue "0,1,2,3,4,5,6,7,8,9,10,11,12,13,14,15,16,17,18,19,20,21,22,23,24,25,26,27,28,29,30,31,32,33,34,35,36,37,38,39,40,41,42,43,44,45,46,47,48,49,50,51,52,53,54,55,56,57,58,59,60,61,62,63,64,65,66,67,68,69,70,71,72,73,74,75,76,77,78,79,80,81,82,83,84,85,86,87,88,89,90,91,92,93,94"
    queueSizes "32"
    type "origin_urllc"
    reservation 3370850.0
  ]
  node [
    id 69
    label "69"
    schedulingPolicy "FIFO"
    levelsQoS "1"
    schedulingWeights "-"
    tosToQoSqueue "0,1,2,3,4,5,6,7,8,9,10,11,12,13,14,15,16,17,18,19,20,21,22,23,24,25,26,27,28,29,30,31,32,33,34,35,36,37,38,39,40,41,42,43,44,45,46,47,48,49,50,51,52,53,54,55,56,57,58,59,60,61,62,63,64,65,66,67,68,69,70,71,72,73,74,75,76,77,78,79,80,81,82,83,84,85,86,87,88,89,90,91,92,93,94"
    queueSizes "32"
    type "origin_urllc"
    reservation 3777200.0
  ]
  node [
    id 70
    label "70"
    schedulingPolicy "FIFO"
    levelsQoS "1"
    schedulingWeights "-"
    tosToQoSqueue "0,1,2,3,4,5,6,7,8,9,10,11,12,13,14,15,16,17,18,19,20,21,22,23,24,25,26,27,28,29,30,31,32,33,34,35,36,37,38,39,40,41,42,43,44,45,46,47,48,49,50,51,52,53,54,55,56,57,58,59,60,61,62,63,64,65,66,67,68,69,70,71,72,73,74,75,76,77,78,79,80,81,82,83,84,85,86,87,88,89,90,91,92,93,94"
    queueSizes "32"
    type "origin_urllc"
    reservation 3777200.0
  ]
  node [
    id 71
    label "71"
    schedulingPolicy "FIFO"
    levelsQoS "1"
    schedulingWeights "-"
    tosToQoSqueue "0,1,2,3,4,5,6,7,8,9,10,11,12,13,14,15,16,17,18,19,20,21,22,23,24,25,26,27,28,29,30,31,32,33,34,35,36,37,38,39,40,41,42,43,44,45,46,47,48,49,50,51,52,53,54,55,56,57,58,59,60,61,62,63,64,65,66,67,68,69,70,71,72,73,74,75,76,77,78,79,80,81,82,83,84,85,86,87,88,89,90,91,92,93,94"
    queueSizes "32"
    type "origin_urllc"
    reservation 3838100.0
  ]
  node [
    id 72
    label "72"
    schedulingPolicy "FIFO"
    levelsQoS "1"
    schedulingWeights "-"
    tosToQoSqueue "0,1,2,3,4,5,6,7,8,9,10,11,12,13,14,15,16,17,18,19,20,21,22,23,24,25,26,27,28,29,30,31,32,33,34,35,36,37,38,39,40,41,42,43,44,45,46,47,48,49,50,51,52,53,54,55,56,57,58,59,60,61,62,63,64,65,66,67,68,69,70,71,72,73,74,75,76,77,78,79,80,81,82,83,84,85,86,87,88,89,90,91,92,93,94"
    queueSizes "32"
    type "origin_urllc"
    reservation 3818150.0
  ]
  node [
    id 73
    label "73"
    schedulingPolicy "FIFO"
    levelsQoS "1"
    schedulingWeights "-"
    tosToQoSqueue "0,1,2,3,4,5,6,7,8,9,10,11,12,13,14,15,16,17,18,19,20,21,22,23,24,25,26,27,28,29,30,31,32,33,34,35,36,37,38,39,40,41,42,43,44,45,46,47,48,49,50,51,52,53,54,55,56,57,58,59,60,61,62,63,64,65,66,67,68,69,70,71,72,73,74,75,76,77,78,79,80,81,82,83,84,85,86,87,88,89,90,91,92,93,94"
    queueSizes "32"
    type "origin_mmtc"
    reservation 201020.0
  ]
  node [
    id 74
    label "74"
    schedulingPolicy "FIFO"
    levelsQoS "1"
    schedulingWeights "-"
    tosToQoSqueue "0,1,2,3,4,5,6,7,8,9,10,11,12,13,14,15,16,17,18,19,20,21,22,23,24,25,26,27,28,29,30,31,32,33,34,35,36,37,38,39,40,41,42,43,44,45,46,47,48,49,50,51,52,53,54,55,56,57,58,59,60,61,62,63,64,65,66,67,68,69,70,71,72,73,74,75,76,77,78,79,80,81,82,83,84,85,86,87,88,89,90,91,92,93,94"
    queueSizes "32"
    type "origin_urllc"
    reservation 3623900.0
  ]
  node [
    id 75
    label "75"
    schedulingPolicy "FIFO"
    levelsQoS "1"
    schedulingWeights "-"
    tosToQoSqueue "0,1,2,3,4,5,6,7,8,9,10,11,12,13,14,15,16,17,18,19,20,21,22,23,24,25,26,27,28,29,30,31,32,33,34,35,36,37,38,39,40,41,42,43,44,45,46,47,48,49,50,51,52,53,54,55,56,57,58,59,60,61,62,63,64,65,66,67,68,69,70,71,72,73,74,75,76,77,78,79,80,81,82,83,84,85,86,87,88,89,90,91,92,93,94"
    queueSizes "32"
    type "origin_urllc"
    reservation 3341450.0
  ]
  node [
    id 76
    label "76"
    schedulingPolicy "FIFO"
    levelsQoS "1"
    schedulingWeights "-"
    tosToQoSqueue "0,1,2,3,4,5,6,7,8,9,10,11,12,13,14,15,16,17,18,19,20,21,22,23,24,25,26,27,28,29,30,31,32,33,34,35,36,37,38,39,40,41,42,43,44,45,46,47,48,49,50,51,52,53,54,55,56,57,58,59,60,61,62,63,64,65,66,67,68,69,70,71,72,73,74,75,76,77,78,79,80,81,82,83,84,85,86,87,88,89,90,91,92,93,94"
    queueSizes "32"
    type "origin_mmtc"
    reservation 202100.0
  ]
  node [
    id 77
    label "77"
    schedulingPolicy "FIFO"
    levelsQoS "1"
    schedulingWeights "-"
    tosToQoSqueue "0,1,2,3,4,5,6,7,8,9,10,11,12,13,14,15,16,17,18,19,20,21,22,23,24,25,26,27,28,29,30,31,32,33,34,35,36,37,38,39,40,41,42,43,44,45,46,47,48,49,50,51,52,53,54,55,56,57,58,59,60,61,62,63,64,65,66,67,68,69,70,71,72,73,74,75,76,77,78,79,80,81,82,83,84,85,86,87,88,89,90,91,92,93,94"
    queueSizes "32"
    type "origin_mmtc"
    reservation 171860.0
  ]
  node [
    id 78
    label "78"
    schedulingPolicy "FIFO"
    levelsQoS "1"
    schedulingWeights "-"
    tosToQoSqueue "0,1,2,3,4,5,6,7,8,9,10,11,12,13,14,15,16,17,18,19,20,21,22,23,24,25,26,27,28,29,30,31,32,33,34,35,36,37,38,39,40,41,42,43,44,45,46,47,48,49,50,51,52,53,54,55,56,57,58,59,60,61,62,63,64,65,66,67,68,69,70,71,72,73,74,75,76,77,78,79,80,81,82,83,84,85,86,87,88,89,90,91,92,93,94"
    queueSizes "32"
    type "origin_mmtc"
    reservation 195860.0
  ]
  node [
    id 79
    label "79"
    schedulingPolicy "FIFO"
    levelsQoS "1"
    schedulingWeights "-"
    tosToQoSqueue "0,1,2,3,4,5,6,7,8,9,10,11,12,13,14,15,16,17,18,19,20,21,22,23,24,25,26,27,28,29,30,31,32,33,34,35,36,37,38,39,40,41,42,43,44,45,46,47,48,49,50,51,52,53,54,55,56,57,58,59,60,61,62,63,64,65,66,67,68,69,70,71,72,73,74,75,76,77,78,79,80,81,82,83,84,85,86,87,88,89,90,91,92,93,94"
    queueSizes "32"
    type "origin_urllc"
    reservation 3777200.0
  ]
  node [
    id 80
    label "80"
    schedulingPolicy "FIFO"
    levelsQoS "1"
    schedulingWeights "-"
    tosToQoSqueue "0,1,2,3,4,5,6,7,8,9,10,11,12,13,14,15,16,17,18,19,20,21,22,23,24,25,26,27,28,29,30,31,32,33,34,35,36,37,38,39,40,41,42,43,44,45,46,47,48,49,50,51,52,53,54,55,56,57,58,59,60,61,62,63,64,65,66,67,68,69,70,71,72,73,74,75,76,77,78,79,80,81,82,83,84,85,86,87,88,89,90,91,92,93,94"
    queueSizes "32"
    type "origin_urllc"
    reservation 3777200.0
  ]
  node [
    id 81
    label "81"
    schedulingPolicy "FIFO"
    levelsQoS "1"
    schedulingWeights "-"
    tosToQoSqueue "0,1,2,3,4,5,6,7,8,9,10,11,12,13,14,15,16,17,18,19,20,21,22,23,24,25,26,27,28,29,30,31,32,33,34,35,36,37,38,39,40,41,42,43,44,45,46,47,48,49,50,51,52,53,54,55,56,57,58,59,60,61,62,63,64,65,66,67,68,69,70,71,72,73,74,75,76,77,78,79,80,81,82,83,84,85,86,87,88,89,90,91,92,93,94"
    queueSizes "32"
    type "origin_mmtc"
    reservation 201020.0
  ]
  node [
    id 82
    label "82"
    schedulingPolicy "FIFO"
    levelsQoS "1"
    schedulingWeights "-"
    tosToQoSqueue "0,1,2,3,4,5,6,7,8,9,10,11,12,13,14,15,16,17,18,19,20,21,22,23,24,25,26,27,28,29,30,31,32,33,34,35,36,37,38,39,40,41,42,43,44,45,46,47,48,49,50,51,52,53,54,55,56,57,58,59,60,61,62,63,64,65,66,67,68,69,70,71,72,73,74,75,76,77,78,79,80,81,82,83,84,85,86,87,88,89,90,91,92,93,94"
    queueSizes "32"
    type "origin_urllc"
    reservation 3361400.0
  ]
  node [
    id 83
    label "83"
    schedulingPolicy "FIFO"
    levelsQoS "1"
    schedulingWeights "-"
    tosToQoSqueue "0,1,2,3,4,5,6,7,8,9,10,11,12,13,14,15,16,17,18,19,20,21,22,23,24,25,26,27,28,29,30,31,32,33,34,35,36,37,38,39,40,41,42,43,44,45,46,47,48,49,50,51,52,53,54,55,56,57,58,59,60,61,62,63,64,65,66,67,68,69,70,71,72,73,74,75,76,77,78,79,80,81,82,83,84,85,86,87,88,89,90,91,92,93,94"
    queueSizes "32"
    type "origin_urllc"
    reservation 3791900.0
  ]
  node [
    id 84
    label "84"
    schedulingPolicy "FIFO"
    levelsQoS "1"
    schedulingWeights "-"
    tosToQoSqueue "0,1,2,3,4,5,6,7,8,9,10,11,12,13,14,15,16,17,18,19,20,21,22,23,24,25,26,27,28,29,30,31,32,33,34,35,36,37,38,39,40,41,42,43,44,45,46,47,48,49,50,51,52,53,54,55,56,57,58,59,60,61,62,63,64,65,66,67,68,69,70,71,72,73,74,75,76,77,78,79,80,81,82,83,84,85,86,87,88,89,90,91,92,93,94"
    queueSizes "32"
    type "origin_urllc"
    reservation 3314150.0
  ]
  node [
    id 85
    label "85"
    schedulingPolicy "FIFO"
    levelsQoS "1"
    schedulingWeights "-"
    tosToQoSqueue "0,1,2,3,4,5,6,7,8,9,10,11,12,13,14,15,16,17,18,19,20,21,22,23,24,25,26,27,28,29,30,31,32,33,34,35,36,37,38,39,40,41,42,43,44,45,46,47,48,49,50,51,52,53,54,55,56,57,58,59,60,61,62,63,64,65,66,67,68,69,70,71,72,73,74,75,76,77,78,79,80,81,82,83,84,85,86,87,88,89,90,91,92,93,94"
    queueSizes "32"
    type "origin_urllc"
    reservation 3838100.0
  ]
  node [
    id 86
    label "86"
    schedulingPolicy "FIFO"
    levelsQoS "1"
    schedulingWeights "-"
    tosToQoSqueue "0,1,2,3,4,5,6,7,8,9,10,11,12,13,14,15,16,17,18,19,20,21,22,23,24,25,26,27,28,29,30,31,32,33,34,35,36,37,38,39,40,41,42,43,44,45,46,47,48,49,50,51,52,53,54,55,56,57,58,59,60,61,62,63,64,65,66,67,68,69,70,71,72,73,74,75,76,77,78,79,80,81,82,83,84,85,86,87,88,89,90,91,92,93,94"
    queueSizes "32"
    type "origin_mmtc"
    reservation 204620.0
  ]
  node [
    id 87
    label "87"
    schedulingPolicy "FIFO"
    levelsQoS "1"
    schedulingWeights "-"
    tosToQoSqueue "0,1,2,3,4,5,6,7,8,9,10,11,12,13,14,15,16,17,18,19,20,21,22,23,24,25,26,27,28,29,30,31,32,33,34,35,36,37,38,39,40,41,42,43,44,45,46,47,48,49,50,51,52,53,54,55,56,57,58,59,60,61,62,63,64,65,66,67,68,69,70,71,72,73,74,75,76,77,78,79,80,81,82,83,84,85,86,87,88,89,90,91,92,93,94"
    queueSizes "32"
    type "origin_mmtc"
    reservation 201020.0
  ]
  node [
    id 88
    label "88"
    schedulingPolicy "FIFO"
    levelsQoS "1"
    schedulingWeights "-"
    tosToQoSqueue "0,1,2,3,4,5,6,7,8,9,10,11,12,13,14,15,16,17,18,19,20,21,22,23,24,25,26,27,28,29,30,31,32,33,34,35,36,37,38,39,40,41,42,43,44,45,46,47,48,49,50,51,52,53,54,55,56,57,58,59,60,61,62,63,64,65,66,67,68,69,70,71,72,73,74,75,76,77,78,79,80,81,82,83,84,85,86,87,88,89,90,91,92,93,94"
    queueSizes "32"
    type "origin_mmtc"
    reservation 207440.0
  ]
  node [
    id 89
    label "89"
    schedulingPolicy "FIFO"
    levelsQoS "1"
    schedulingWeights "-"
    tosToQoSqueue "0,1,2,3,4,5,6,7,8,9,10,11,12,13,14,15,16,17,18,19,20,21,22,23,24,25,26,27,28,29,30,31,32,33,34,35,36,37,38,39,40,41,42,43,44,45,46,47,48,49,50,51,52,53,54,55,56,57,58,59,60,61,62,63,64,65,66,67,68,69,70,71,72,73,74,75,76,77,78,79,80,81,82,83,84,85,86,87,88,89,90,91,92,93,94"
    queueSizes "32"
    type "origin_mmtc"
    reservation 213080.0
  ]
  node [
    id 90
    label "90"
    schedulingPolicy "FIFO"
    levelsQoS "1"
    schedulingWeights "-"
    tosToQoSqueue "0,1,2,3,4,5,6,7,8,9,10,11,12,13,14,15,16,17,18,19,20,21,22,23,24,25,26,27,28,29,30,31,32,33,34,35,36,37,38,39,40,41,42,43,44,45,46,47,48,49,50,51,52,53,54,55,56,57,58,59,60,61,62,63,64,65,66,67,68,69,70,71,72,73,74,75,76,77,78,79,80,81,82,83,84,85,86,87,88,89,90,91,92,93,94"
    queueSizes "32"
    type "origin_mmtc"
    reservation 213080.0
  ]
  node [
    id 91
    label "91"
    schedulingPolicy "FIFO"
    levelsQoS "1"
    schedulingWeights "-"
    tosToQoSqueue "0,1,2,3,4,5,6,7,8,9,10,11,12,13,14,15,16,17,18,19,20,21,22,23,24,25,26,27,28,29,30,31,32,33,34,35,36,37,38,39,40,41,42,43,44,45,46,47,48,49,50,51,52,53,54,55,56,57,58,59,60,61,62,63,64,65,66,67,68,69,70,71,72,73,74,75,76,77,78,79,80,81,82,83,84,85,86,87,88,89,90,91,92,93,94"
    queueSizes "32"
    type "origin_mmtc"
    reservation 202100.0
  ]
  node [
    id 92
    label "92"
    schedulingPolicy "FIFO"
    levelsQoS "1"
    schedulingWeights "-"
    tosToQoSqueue "0,1,2,3,4,5,6,7,8,9,10,11,12,13,14,15,16,17,18,19,20,21,22,23,24,25,26,27,28,29,30,31,32,33,34,35,36,37,38,39,40,41,42,43,44,45,46,47,48,49,50,51,52,53,54,55,56,57,58,59,60,61,62,63,64,65,66,67,68,69,70,71,72,73,74,75,76,77,78,79,80,81,82,83,84,85,86,87,88,89,90,91,92,93,94"
    queueSizes "32"
    type "origin_mmtc"
    reservation 216800.0
  ]
  node [
    id 93
    label "93"
    schedulingPolicy "FIFO"
    levelsQoS "1"
    schedulingWeights "-"
    tosToQoSqueue "0,1,2,3,4,5,6,7,8,9,10,11,12,13,14,15,16,17,18,19,20,21,22,23,24,25,26,27,28,29,30,31,32,33,34,35,36,37,38,39,40,41,42,43,44,45,46,47,48,49,50,51,52,53,54,55,56,57,58,59,60,61,62,63,64,65,66,67,68,69,70,71,72,73,74,75,76,77,78,79,80,81,82,83,84,85,86,87,88,89,90,91,92,93,94"
    queueSizes "32"
    type "origin_mmtc"
    reservation 226100.0
  ]
  node [
    id 94
    label "94"
    schedulingPolicy "FIFO"
    levelsQoS "1"
    schedulingWeights "-"
    tosToQoSqueue "0,1,2,3,4,5,6,7,8,9,10,11,12,13,14,15,16,17,18,19,20,21,22,23,24,25,26,27,28,29,30,31,32,33,34,35,36,37,38,39,40,41,42,43,44,45,46,47,48,49,50,51,52,53,54,55,56,57,58,59,60,61,62,63,64,65,66,67,68,69,70,71,72,73,74,75,76,77,78,79,80,81,82,83,84,85,86,87,88,89,90,91,92,93,94"
    queueSizes "32"
    type "origin_mmtc"
    reservation 226100.0
  ]
  edge [
    source 0
    target 1
    key 0
    id "e15"
    bandwidth 100000000
    traffic "18000000,18000000,200000,200000,200000,200000"
    reservation "19242000.0,18502200.0,226100.0,207440.0,204620.0,213080.0"
    port 0
  ]
  edge [
    source 0
    target 2
    key 0
    id "e12"
    bandwidth 100000000
    traffic ""
    reservation ""
    port 1
  ]
  edge [
    source 0
    target 18
    key 0
    port 2
    weight 1
    bandwidth 350000000
    traffic "3500000,3500000,3500000,3500000,3500000,3500000,3500000,3500000,3500000,3500000,3500000,3500000,3500000,3500000,3500000,3500000,3500000,3500000,3500000,3500000,3500000,3500000,3500000,3500000,3500000,3500000,3500000,3500000,3500000,3500000,3500000,3500000,3500000,3500000,3500000,3500000,3500000,3500000,3500000,3500000,3500000,3500000,3500000,3500000,3500000"
    reservation "3199700.0,3921050.0,3571400.0,3341450.0,3818150.0,3838100.0,3843350.0,3571400.0,3921050.0,3370850.0,3843350.0,3341450.0,3623900.0,3594500.0,3314150.0,3594500.0,3594500.0,3838100.0,3594500.0,3623900.0,3199700.0,3341450.0,3199700.0,3341450.0,3360350.0,3156650.0,3361400.0,3341450.0,3341450.0,3777200.0,3838100.0,3921050.0,3370850.0,3777200.0,3777200.0,3838100.0,3818150.0,3623900.0,3341450.0,3777200.0,3777200.0,3361400.0,3791900.0,3314150.0,3838100.0"
  ]
  edge [
    source 1
    target 0
    key 0
    id "e15"
    bandwidth 100000000
    traffic "3500000,3500000,3500000,3500000,3500000,3500000,3500000,3500000,3500000,3500000,3500000,3500000,3500000,3500000,3500000,3500000,3500000,3500000,3500000,3500000,3500000,3500000,3500000,3500000,3500000,3500000,3500000,3500000"
    reservation "3838100.0,3594500.0,3623900.0,3199700.0,3341450.0,3199700.0,3341450.0,3360350.0,3156650.0,3361400.0,3341450.0,3341450.0,3777200.0,3838100.0,3921050.0,3370850.0,3777200.0,3777200.0,3838100.0,3818150.0,3623900.0,3341450.0,3777200.0,3777200.0,3361400.0,3791900.0,3314150.0,3838100.0"
    port 0
  ]
  edge [
    source 1
    target 3
    key 0
    id "e14"
    bandwidth 100000000
    traffic ""
    reservation ""
    port 1
  ]
  edge [
    source 1
    target 6
    key 0
    id "e16"
    bandwidth 100000000
    traffic "18000000,18000000,200000,200000,200000,200000"
    reservation "19242000.0,18502200.0,226100.0,207440.0,204620.0,213080.0"
    port 2
  ]
  edge [
    source 2
    target 0
    key 0
    id "e12"
    bandwidth 100000000
    traffic "18000000,18000000,3500000,3500000,3500000,3500000,200000,3500000,3500000,200000,3500000,200000,3500000,3500000,3500000,200000,3500000,3500000,3500000,3500000,3500000,3500000,3500000"
    reservation "19242000.0,18502200.0,3199700.0,3921050.0,3571400.0,3341450.0,226100.0,3818150.0,3838100.0,207440.0,3843350.0,204620.0,3571400.0,3921050.0,3370850.0,213080.0,3843350.0,3341450.0,3623900.0,3594500.0,3314150.0,3594500.0,3594500.0"
    port 0
  ]
  edge [
    source 2
    target 9
    key 0
    id "e11"
    bandwidth 100000000
    traffic ""
    reservation ""
    port 1
  ]
  edge [
    source 2
    target 5
    key 0
    id "e13"
    bandwidth 100000000
    traffic ""
    reservation ""
    port 2
  ]
  edge [
    source 3
    target 1
    key 0
    id "e14"
    bandwidth 100000000
    traffic ""
    reservation ""
    port 0
  ]
  edge [
    source 4
    target 12
    key 0
    id "e8"
    bandwidth 100000000
    traffic "18000000,3500000,200000,3500000,3500000,200000,3500000,3500000,3500000,3500000,3500000,3500000,3500000,3500000,200000,3500000,3500000,200000,3500000,200000,3500000,200000,3500000,3500000,3500000,3500000,3500000,200000,3500000,3500000,200000,200000,200000"
    reservation "20197800.0,3838100.0,207440.0,3594500.0,3623900.0,216560.0,3199700.0,3341450.0,3199700.0,3341450.0,3360350.0,3156650.0,3361400.0,3341450.0,216560.0,3341450.0,3777200.0,181460.0,3838100.0,213080.0,3921050.0,207440.0,3370850.0,3777200.0,3777200.0,3838100.0,3818150.0,201020.0,3623900.0,3341450.0,202100.0,171860.0,195860.0"
    port 0
  ]
  edge [
    source 4
    target 22
    key 0
    port 1
    weight 1
    bandwidth 50000000
    traffic ""
    reservation ""
  ]
  edge [
    source 4
    target 47
    key 0
    port 2
    weight 1
    bandwidth 50000000
    traffic ""
    reservation ""
  ]
  edge [
    source 4
    target 48
    key 0
    port 3
    weight 1
    bandwidth 50000000
    traffic ""
    reservation ""
  ]
  edge [
    source 4
    target 49
    key 0
    port 4
    weight 1
    bandwidth 50000000
    traffic ""
    reservation ""
  ]
  edge [
    source 4
    target 50
    key 0
    port 5
    weight 1
    bandwidth 50000000
    traffic ""
    reservation ""
  ]
  edge [
    source 4
    target 51
    key 0
    port 6
    weight 1
    bandwidth 50000000
    traffic ""
    reservation ""
  ]
  edge [
    source 4
    target 52
    key 0
    port 7
    weight 1
    bandwidth 50000000
    traffic ""
    reservation ""
  ]
  edge [
    source 4
    target 53
    key 0
    port 8
    weight 1
    bandwidth 50000000
    traffic ""
    reservation ""
  ]
  edge [
    source 4
    target 54
    key 0
    port 9
    weight 1
    bandwidth 50000000
    traffic ""
    reservation ""
  ]
  edge [
    source 4
    target 55
    key 0
    port 10
    weight 1
    bandwidth 50000000
    traffic ""
    reservation ""
  ]
  edge [
    source 4
    target 56
    key 0
    port 11
    weight 1
    bandwidth 50000000
    traffic ""
    reservation ""
  ]
  edge [
    source 4
    target 57
    key 0
    port 12
    weight 1
    bandwidth 50000000
    traffic ""
    reservation ""
  ]
  edge [
    source 4
    target 58
    key 0
    port 13
    weight 1
    bandwidth 50000000
    traffic ""
    reservation ""
  ]
  edge [
    source 4
    target 59
    key 0
    port 14
    weight 1
    bandwidth 50000000
    traffic ""
    reservation ""
  ]
  edge [
    source 4
    target 60
    key 0
    port 15
    weight 1
    bandwidth 50000000
    traffic ""
    reservation ""
  ]
  edge [
    source 4
    target 61
    key 0
    port 16
    weight 1
    bandwidth 50000000
    traffic ""
    reservation ""
  ]
  edge [
    source 4
    target 62
    key 0
    port 17
    weight 1
    bandwidth 50000000
    traffic ""
    reservation ""
  ]
  edge [
    source 4
    target 63
    key 0
    port 18
    weight 1
    bandwidth 50000000
    traffic ""
    reservation ""
  ]
  edge [
    source 4
    target 64
    key 0
    port 19
    weight 1
    bandwidth 50000000
    traffic ""
    reservation ""
  ]
  edge [
    source 4
    target 65
    key 0
    port 20
    weight 1
    bandwidth 50000000
    traffic ""
    reservation ""
  ]
  edge [
    source 4
    target 66
    key 0
    port 21
    weight 1
    bandwidth 50000000
    traffic ""
    reservation ""
  ]
  edge [
    source 4
    target 67
    key 0
    port 22
    weight 1
    bandwidth 50000000
    traffic ""
    reservation ""
  ]
  edge [
    source 4
    target 68
    key 0
    port 23
    weight 1
    bandwidth 50000000
    traffic ""
    reservation ""
  ]
  edge [
    source 4
    target 69
    key 0
    port 24
    weight 1
    bandwidth 50000000
    traffic ""
    reservation ""
  ]
  edge [
    source 4
    target 70
    key 0
    port 25
    weight 1
    bandwidth 50000000
    traffic ""
    reservation ""
  ]
  edge [
    source 4
    target 71
    key 0
    port 26
    weight 1
    bandwidth 50000000
    traffic ""
    reservation ""
  ]
  edge [
    source 4
    target 72
    key 0
    port 27
    weight 1
    bandwidth 50000000
    traffic ""
    reservation ""
  ]
  edge [
    source 4
    target 73
    key 0
    port 28
    weight 1
    bandwidth 50000000
    traffic ""
    reservation ""
  ]
  edge [
    source 4
    target 74
    key 0
    port 29
    weight 1
    bandwidth 50000000
    traffic ""
    reservation ""
  ]
  edge [
    source 4
    target 75
    key 0
    port 30
    weight 1
    bandwidth 50000000
    traffic ""
    reservation ""
  ]
  edge [
    source 4
    target 76
    key 0
    port 31
    weight 1
    bandwidth 50000000
    traffic ""
    reservation ""
  ]
  edge [
    source 4
    target 77
    key 0
    port 32
    weight 1
    bandwidth 50000000
    traffic ""
    reservation ""
  ]
  edge [
    source 4
    target 78
    key 0
    port 33
    weight 1
    bandwidth 50000000
    traffic ""
    reservation ""
  ]
  edge [
    source 5
    target 2
    key 0
    id "e13"
    bandwidth 100000000
    traffic "18000000"
    reservation "18502200.0"
    port 0
  ]
  edge [
    source 5
    target 25
    key 0
    port 1
    weight 1
    bandwidth 50000000
    traffic ""
    reservation ""
  ]
  edge [
    source 6
    target 1
    key 0
    id "e16"
    bandwidth 100000000
    traffic "3500000,3500000,3500000,3500000,3500000,3500000,3500000,3500000,3500000,3500000,3500000,3500000,3500000,3500000,3500000,3500000,3500000,3500000,3500000,3500000,3500000,3500000,3500000,3500000,3500000,3500000,3500000,3500000"
    reservation "3838100.0,3594500.0,3623900.0,3199700.0,3341450.0,3199700.0,3341450.0,3360350.0,3156650.0,3361400.0,3341450.0,3341450.0,3777200.0,3838100.0,3921050.0,3370850.0,3777200.0,3777200.0,3838100.0,3818150.0,3623900.0,3341450.0,3777200.0,3777200.0,3361400.0,3791900.0,3314150.0,3838100.0"
    port 0
  ]
  edge [
    source 6
    target 12
    key 0
    id "e6"
    bandwidth 100000000
    traffic "18000000,18000000,18000000,200000,200000,200000,200000,200000,200000,200000,200000,200000,200000,200000,200000,200000,200000"
    reservation "18502200.0,19242000.0,18502200.0,226100.0,207440.0,204620.0,213080.0,201020.0,204620.0,201020.0,207440.0,213080.0,213080.0,202100.0,216800.0,226100.0,226100.0"
    port 1
  ]
  edge [
    source 6
    target 23
    key 0
    port 2
    weight 1
    bandwidth 50000000
    traffic ""
    reservation ""
  ]
  edge [
    source 6
    target 79
    key 0
    port 3
    weight 1
    bandwidth 50000000
    traffic ""
    reservation ""
  ]
  edge [
    source 6
    target 80
    key 0
    port 4
    weight 1
    bandwidth 50000000
    traffic ""
    reservation ""
  ]
  edge [
    source 6
    target 81
    key 0
    port 5
    weight 1
    bandwidth 50000000
    traffic ""
    reservation ""
  ]
  edge [
    source 6
    target 82
    key 0
    port 6
    weight 1
    bandwidth 50000000
    traffic ""
    reservation ""
  ]
  edge [
    source 6
    target 83
    key 0
    port 7
    weight 1
    bandwidth 50000000
    traffic ""
    reservation ""
  ]
  edge [
    source 6
    target 84
    key 0
    port 8
    weight 1
    bandwidth 50000000
    traffic ""
    reservation ""
  ]
  edge [
    source 6
    target 85
    key 0
    port 9
    weight 1
    bandwidth 50000000
    traffic ""
    reservation ""
  ]
  edge [
    source 6
    target 86
    key 0
    port 10
    weight 1
    bandwidth 50000000
    traffic ""
    reservation ""
  ]
  edge [
    source 6
    target 87
    key 0
    port 11
    weight 1
    bandwidth 50000000
    traffic ""
    reservation ""
  ]
  edge [
    source 6
    target 88
    key 0
    port 12
    weight 1
    bandwidth 50000000
    traffic ""
    reservation ""
  ]
  edge [
    source 6
    target 89
    key 0
    port 13
    weight 1
    bandwidth 50000000
    traffic ""
    reservation ""
  ]
  edge [
    source 6
    target 90
    key 0
    port 14
    weight 1
    bandwidth 50000000
    traffic ""
    reservation ""
  ]
  edge [
    source 6
    target 91
    key 0
    port 15
    weight 1
    bandwidth 50000000
    traffic ""
    reservation ""
  ]
  edge [
    source 6
    target 92
    key 0
    port 16
    weight 1
    bandwidth 50000000
    traffic ""
    reservation ""
  ]
  edge [
    source 6
    target 93
    key 0
    port 17
    weight 1
    bandwidth 50000000
    traffic ""
    reservation ""
  ]
  edge [
    source 6
    target 94
    key 0
    port 18
    weight 1
    bandwidth 50000000
    traffic ""
    reservation ""
  ]
  edge [
    source 7
    target 12
    key 0
    id "e7"
    bandwidth 100000000
    traffic ""
    reservation ""
    port 0
  ]
  edge [
    source 8
    target 12
    key 0
    id "e5"
    bandwidth 100000000
    traffic ""
    reservation ""
    port 0
  ]
  edge [
    source 9
    target 2
    key 0
    id "e11"
    bandwidth 100000000
    traffic "18000000,3500000,3500000,3500000,3500000,200000,3500000,3500000,200000,3500000,200000,3500000,3500000,3500000,200000,3500000,3500000,3500000,3500000,3500000,3500000,3500000"
    reservation "19242000.0,3199700.0,3921050.0,3571400.0,3341450.0,226100.0,3818150.0,3838100.0,207440.0,3843350.0,204620.0,3571400.0,3921050.0,3370850.0,213080.0,3843350.0,3341450.0,3623900.0,3594500.0,3314150.0,3594500.0,3594500.0"
    port 0
  ]
  edge [
    source 9
    target 24
    key 0
    port 1
    weight 1
    bandwidth 50000000
    traffic ""
    reservation ""
  ]
  edge [
    source 9
    target 26
    key 0
    port 2
    weight 1
    bandwidth 50000000
    traffic ""
    reservation ""
  ]
  edge [
    source 9
    target 27
    key 0
    port 3
    weight 1
    bandwidth 50000000
    traffic ""
    reservation ""
  ]
  edge [
    source 9
    target 28
    key 0
    port 4
    weight 1
    bandwidth 50000000
    traffic ""
    reservation ""
  ]
  edge [
    source 9
    target 29
    key 0
    port 5
    weight 1
    bandwidth 50000000
    traffic ""
    reservation ""
  ]
  edge [
    source 9
    target 30
    key 0
    port 6
    weight 1
    bandwidth 50000000
    traffic ""
    reservation ""
  ]
  edge [
    source 9
    target 31
    key 0
    port 7
    weight 1
    bandwidth 50000000
    traffic ""
    reservation ""
  ]
  edge [
    source 9
    target 32
    key 0
    port 8
    weight 1
    bandwidth 50000000
    traffic ""
    reservation ""
  ]
  edge [
    source 9
    target 33
    key 0
    port 9
    weight 1
    bandwidth 50000000
    traffic ""
    reservation ""
  ]
  edge [
    source 9
    target 34
    key 0
    port 10
    weight 1
    bandwidth 50000000
    traffic ""
    reservation ""
  ]
  edge [
    source 9
    target 35
    key 0
    port 11
    weight 1
    bandwidth 50000000
    traffic ""
    reservation ""
  ]
  edge [
    source 9
    target 36
    key 0
    port 12
    weight 1
    bandwidth 50000000
    traffic ""
    reservation ""
  ]
  edge [
    source 9
    target 37
    key 0
    port 13
    weight 1
    bandwidth 50000000
    traffic ""
    reservation ""
  ]
  edge [
    source 9
    target 38
    key 0
    port 14
    weight 1
    bandwidth 50000000
    traffic ""
    reservation ""
  ]
  edge [
    source 9
    target 39
    key 0
    port 15
    weight 1
    bandwidth 50000000
    traffic ""
    reservation ""
  ]
  edge [
    source 9
    target 40
    key 0
    port 16
    weight 1
    bandwidth 50000000
    traffic ""
    reservation ""
  ]
  edge [
    source 9
    target 41
    key 0
    port 17
    weight 1
    bandwidth 50000000
    traffic ""
    reservation ""
  ]
  edge [
    source 9
    target 42
    key 0
    port 18
    weight 1
    bandwidth 50000000
    traffic ""
    reservation ""
  ]
  edge [
    source 9
    target 43
    key 0
    port 19
    weight 1
    bandwidth 50000000
    traffic ""
    reservation ""
  ]
  edge [
    source 9
    target 44
    key 0
    port 20
    weight 1
    bandwidth 50000000
    traffic ""
    reservation ""
  ]
  edge [
    source 9
    target 45
    key 0
    port 21
    weight 1
    bandwidth 50000000
    traffic ""
    reservation ""
  ]
  edge [
    source 9
    target 46
    key 0
    port 22
    weight 1
    bandwidth 50000000
    traffic ""
    reservation ""
  ]
  edge [
    source 10
    target 11
    key 0
    id "e0"
    bandwidth 100000000
    traffic ""
    reservation ""
    port 0
  ]
  edge [
    source 10
    target 20
    key 0
    port 1
    weight 1
    bandwidth 350000000
    traffic "18000000,18000000,18000000,18000000,18000000"
    reservation "18502200.0,20197800.0,18502200.0,19242000.0,18502200.0"
  ]
  edge [
    source 11
    target 10
    key 0
    id "e0"
    bandwidth 100000000
    traffic "18000000,18000000,18000000,18000000,18000000"
    reservation "18502200.0,20197800.0,18502200.0,19242000.0,18502200.0"
    port 0
  ]
  edge [
    source 11
    target 12
    key 0
    id "e1"
    bandwidth 100000000
    traffic ""
    reservation ""
    port 1
  ]
  edge [
    source 11
    target 19
    key 0
    port 2
    weight 1
    bandwidth 350000000
    traffic "200000,200000,200000,200000,200000,200000,200000,200000,200000,200000,200000,200000,200000,200000,200000,200000,200000,200000,200000,200000,200000,200000,200000,200000"
    reservation "226100.0,207440.0,204620.0,213080.0,207440.0,216560.0,216560.0,181460.0,213080.0,207440.0,201020.0,202100.0,171860.0,195860.0,201020.0,204620.0,201020.0,207440.0,213080.0,213080.0,202100.0,216800.0,226100.0,226100.0"
  ]
  edge [
    source 12
    target 4
    key 0
    id "e8"
    bandwidth 100000000
    traffic ""
    reservation ""
    port 0
  ]
  edge [
    source 12
    target 6
    key 0
    id "e6"
    bandwidth 100000000
    traffic "3500000,3500000,3500000,3500000,3500000,3500000,3500000,3500000,3500000,3500000,3500000,3500000,3500000,3500000,3500000,3500000,3500000,3500000,3500000,3500000,3500000,3500000"
    reservation "3838100.0,3594500.0,3623900.0,3199700.0,3341450.0,3199700.0,3341450.0,3360350.0,3156650.0,3361400.0,3341450.0,3341450.0,3777200.0,3838100.0,3921050.0,3370850.0,3777200.0,3777200.0,3838100.0,3818150.0,3623900.0,3341450.0"
    port 1
  ]
  edge [
    source 12
    target 7
    key 0
    id "e7"
    bandwidth 100000000
    traffic ""
    reservation ""
    port 2
  ]
  edge [
    source 12
    target 8
    key 0
    id "e5"
    bandwidth 100000000
    traffic ""
    reservation ""
    port 3
  ]
  edge [
    source 12
    target 11
    key 0
    id "e1"
    bandwidth 100000000
    traffic "18000000,18000000,18000000,18000000,18000000,200000,200000,200000,200000,200000,200000,200000,200000,200000,200000,200000,200000,200000,200000,200000,200000,200000,200000,200000,200000,200000,200000,200000,200000"
    reservation "18502200.0,20197800.0,18502200.0,19242000.0,18502200.0,226100.0,207440.0,204620.0,213080.0,207440.0,216560.0,216560.0,181460.0,213080.0,207440.0,201020.0,202100.0,171860.0,195860.0,201020.0,204620.0,201020.0,207440.0,213080.0,213080.0,202100.0,216800.0,226100.0,226100.0"
    port 4
  ]
  edge [
    source 12
    target 15
    key 0
    id "e2"
    bandwidth 100000000
    traffic ""
    reservation ""
    port 5
  ]
  edge [
    source 12
    target 16
    key 0
    id "e3"
    bandwidth 100000000
    traffic ""
    reservation ""
    port 6
  ]
  edge [
    source 12
    target 17
    key 0
    id "e4"
    bandwidth 100000000
    traffic ""
    reservation ""
    port 7
  ]
  edge [
    source 13
    target 15
    key 0
    id "e9"
    bandwidth 100000000
    traffic ""
    reservation ""
    port 0
  ]
  edge [
    source 14
    target 15
    key 0
    id "e10"
    bandwidth 100000000
    traffic "18000000"
    reservation "18502200.0"
    port 0
  ]
  edge [
    source 14
    target 21
    key 0
    port 1
    weight 1
    bandwidth 50000000
    traffic ""
    reservation ""
  ]
  edge [
    source 15
    target 12
    key 0
    id "e2"
    bandwidth 100000000
    traffic "18000000"
    reservation "18502200.0"
    port 0
  ]
  edge [
    source 15
    target 13
    key 0
    id "e9"
    bandwidth 100000000
    traffic ""
    reservation ""
    port 1
  ]
  edge [
    source 15
    target 14
    key 0
    id "e10"
    bandwidth 100000000
    traffic ""
    reservation ""
    port 2
  ]
  edge [
    source 16
    target 12
    key 0
    id "e3"
    bandwidth 100000000
    traffic ""
    reservation ""
    port 0
  ]
  edge [
    source 17
    target 12
    key 0
    id "e4"
    bandwidth 100000000
    traffic ""
    reservation ""
    port 0
  ]
  edge [
    source 18
    target 0
    key 0
    port 0
    weight 1
    bandwidth 350000000
    traffic ""
    reservation ""
  ]
  edge [
    source 19
    target 11
    key 0
    port 0
    weight 1
    bandwidth 350000000
    traffic ""
    reservation ""
  ]
  edge [
    source 20
    target 10
    key 0
    port 0
    weight 1
    bandwidth 350000000
    traffic ""
    reservation ""
  ]
  edge [
    source 21
    target 14
    key 0
    port 0
    weight 1
    bandwidth 50000000
    traffic "18000000"
    reservation "18502200.0"
  ]
  edge [
    source 22
    target 4
    key 0
    port 0
    weight 1
    bandwidth 50000000
    traffic "18000000"
    reservation "20197800.0"
  ]
  edge [
    source 23
    target 6
    key 0
    port 0
    weight 1
    bandwidth 50000000
    traffic "18000000"
    reservation "18502200.0"
  ]
  edge [
    source 24
    target 9
    key 0
    port 0
    weight 1
    bandwidth 50000000
    traffic "18000000"
    reservation "19242000.0"
  ]
  edge [
    source 25
    target 5
    key 0
    port 0
    weight 1
    bandwidth 50000000
    traffic "18000000"
    reservation "18502200.0"
  ]
  edge [
    source 26
    target 9
    key 0
    port 0
    weight 1
    bandwidth 50000000
    traffic "3500000"
    reservation "3199700.0"
  ]
  edge [
    source 27
    target 9
    key 0
    port 0
    weight 1
    bandwidth 50000000
    traffic "3500000"
    reservation "3921050.0"
  ]
  edge [
    source 28
    target 9
    key 0
    port 0
    weight 1
    bandwidth 50000000
    traffic "3500000"
    reservation "3571400.0"
  ]
  edge [
    source 29
    target 9
    key 0
    port 0
    weight 1
    bandwidth 50000000
    traffic "3500000"
    reservation "3341450.0"
  ]
  edge [
    source 30
    target 9
    key 0
    port 0
    weight 1
    bandwidth 50000000
    traffic "200000"
    reservation "226100.0"
  ]
  edge [
    source 31
    target 9
    key 0
    port 0
    weight 1
    bandwidth 50000000
    traffic "3500000"
    reservation "3818150.0"
  ]
  edge [
    source 32
    target 9
    key 0
    port 0
    weight 1
    bandwidth 50000000
    traffic "3500000"
    reservation "3838100.0"
  ]
  edge [
    source 33
    target 9
    key 0
    port 0
    weight 1
    bandwidth 50000000
    traffic "200000"
    reservation "207440.0"
  ]
  edge [
    source 34
    target 9
    key 0
    port 0
    weight 1
    bandwidth 50000000
    traffic "3500000"
    reservation "3843350.0"
  ]
  edge [
    source 35
    target 9
    key 0
    port 0
    weight 1
    bandwidth 50000000
    traffic "200000"
    reservation "204620.0"
  ]
  edge [
    source 36
    target 9
    key 0
    port 0
    weight 1
    bandwidth 50000000
    traffic "3500000"
    reservation "3571400.0"
  ]
  edge [
    source 37
    target 9
    key 0
    port 0
    weight 1
    bandwidth 50000000
    traffic "3500000"
    reservation "3921050.0"
  ]
  edge [
    source 38
    target 9
    key 0
    port 0
    weight 1
    bandwidth 50000000
    traffic "3500000"
    reservation "3370850.0"
  ]
  edge [
    source 39
    target 9
    key 0
    port 0
    weight 1
    bandwidth 50000000
    traffic "200000"
    reservation "213080.0"
  ]
  edge [
    source 40
    target 9
    key 0
    port 0
    weight 1
    bandwidth 50000000
    traffic "3500000"
    reservation "3843350.0"
  ]
  edge [
    source 41
    target 9
    key 0
    port 0
    weight 1
    bandwidth 50000000
    traffic "3500000"
    reservation "3341450.0"
  ]
  edge [
    source 42
    target 9
    key 0
    port 0
    weight 1
    bandwidth 50000000
    traffic "3500000"
    reservation "3623900.0"
  ]
  edge [
    source 43
    target 9
    key 0
    port 0
    weight 1
    bandwidth 50000000
    traffic "3500000"
    reservation "3594500.0"
  ]
  edge [
    source 44
    target 9
    key 0
    port 0
    weight 1
    bandwidth 50000000
    traffic "3500000"
    reservation "3314150.0"
  ]
  edge [
    source 45
    target 9
    key 0
    port 0
    weight 1
    bandwidth 50000000
    traffic "3500000"
    reservation "3594500.0"
  ]
  edge [
    source 46
    target 9
    key 0
    port 0
    weight 1
    bandwidth 50000000
    traffic "3500000"
    reservation "3594500.0"
  ]
  edge [
    source 47
    target 4
    key 0
    port 0
    weight 1
    bandwidth 50000000
    traffic "3500000"
    reservation "3838100.0"
  ]
  edge [
    source 48
    target 4
    key 0
    port 0
    weight 1
    bandwidth 50000000
    traffic "200000"
    reservation "207440.0"
  ]
  edge [
    source 49
    target 4
    key 0
    port 0
    weight 1
    bandwidth 50000000
    traffic "3500000"
    reservation "3594500.0"
  ]
  edge [
    source 50
    target 4
    key 0
    port 0
    weight 1
    bandwidth 50000000
    traffic "3500000"
    reservation "3623900.0"
  ]
  edge [
    source 51
    target 4
    key 0
    port 0
    weight 1
    bandwidth 50000000
    traffic "200000"
    reservation "216560.0"
  ]
  edge [
    source 52
    target 4
    key 0
    port 0
    weight 1
    bandwidth 50000000
    traffic "3500000"
    reservation "3199700.0"
  ]
  edge [
    source 53
    target 4
    key 0
    port 0
    weight 1
    bandwidth 50000000
    traffic "3500000"
    reservation "3341450.0"
  ]
  edge [
    source 54
    target 4
    key 0
    port 0
    weight 1
    bandwidth 50000000
    traffic "3500000"
    reservation "3199700.0"
  ]
  edge [
    source 55
    target 4
    key 0
    port 0
    weight 1
    bandwidth 50000000
    traffic "3500000"
    reservation "3341450.0"
  ]
  edge [
    source 56
    target 4
    key 0
    port 0
    weight 1
    bandwidth 50000000
    traffic "3500000"
    reservation "3360350.0"
  ]
  edge [
    source 57
    target 4
    key 0
    port 0
    weight 1
    bandwidth 50000000
    traffic "3500000"
    reservation "3156650.0"
  ]
  edge [
    source 58
    target 4
    key 0
    port 0
    weight 1
    bandwidth 50000000
    traffic "3500000"
    reservation "3361400.0"
  ]
  edge [
    source 59
    target 4
    key 0
    port 0
    weight 1
    bandwidth 50000000
    traffic "3500000"
    reservation "3341450.0"
  ]
  edge [
    source 60
    target 4
    key 0
    port 0
    weight 1
    bandwidth 50000000
    traffic "200000"
    reservation "216560.0"
  ]
  edge [
    source 61
    target 4
    key 0
    port 0
    weight 1
    bandwidth 50000000
    traffic "3500000"
    reservation "3341450.0"
  ]
  edge [
    source 62
    target 4
    key 0
    port 0
    weight 1
    bandwidth 50000000
    traffic "3500000"
    reservation "3777200.0"
  ]
  edge [
    source 63
    target 4
    key 0
    port 0
    weight 1
    bandwidth 50000000
    traffic "200000"
    reservation "181460.0"
  ]
  edge [
    source 64
    target 4
    key 0
    port 0
    weight 1
    bandwidth 50000000
    traffic "3500000"
    reservation "3838100.0"
  ]
  edge [
    source 65
    target 4
    key 0
    port 0
    weight 1
    bandwidth 50000000
    traffic "200000"
    reservation "213080.0"
  ]
  edge [
    source 66
    target 4
    key 0
    port 0
    weight 1
    bandwidth 50000000
    traffic "3500000"
    reservation "3921050.0"
  ]
  edge [
    source 67
    target 4
    key 0
    port 0
    weight 1
    bandwidth 50000000
    traffic "200000"
    reservation "207440.0"
  ]
  edge [
    source 68
    target 4
    key 0
    port 0
    weight 1
    bandwidth 50000000
    traffic "3500000"
    reservation "3370850.0"
  ]
  edge [
    source 69
    target 4
    key 0
    port 0
    weight 1
    bandwidth 50000000
    traffic "3500000"
    reservation "3777200.0"
  ]
  edge [
    source 70
    target 4
    key 0
    port 0
    weight 1
    bandwidth 50000000
    traffic "3500000"
    reservation "3777200.0"
  ]
  edge [
    source 71
    target 4
    key 0
    port 0
    weight 1
    bandwidth 50000000
    traffic "3500000"
    reservation "3838100.0"
  ]
  edge [
    source 72
    target 4
    key 0
    port 0
    weight 1
    bandwidth 50000000
    traffic "3500000"
    reservation "3818150.0"
  ]
  edge [
    source 73
    target 4
    key 0
    port 0
    weight 1
    bandwidth 50000000
    traffic "200000"
    reservation "201020.0"
  ]
  edge [
    source 74
    target 4
    key 0
    port 0
    weight 1
    bandwidth 50000000
    traffic "3500000"
    reservation "3623900.0"
  ]
  edge [
    source 75
    target 4
    key 0
    port 0
    weight 1
    bandwidth 50000000
    traffic "3500000"
    reservation "3341450.0"
  ]
  edge [
    source 76
    target 4
    key 0
    port 0
    weight 1
    bandwidth 50000000
    traffic "200000"
    reservation "202100.0"
  ]
  edge [
    source 77
    target 4
    key 0
    port 0
    weight 1
    bandwidth 50000000
    traffic "200000"
    reservation "171860.0"
  ]
  edge [
    source 78
    target 4
    key 0
    port 0
    weight 1
    bandwidth 50000000
    traffic "200000"
    reservation "195860.0"
  ]
  edge [
    source 79
    target 6
    key 0
    port 0
    weight 1
    bandwidth 50000000
    traffic "3500000"
    reservation "3777200.0"
  ]
  edge [
    source 80
    target 6
    key 0
    port 0
    weight 1
    bandwidth 50000000
    traffic "3500000"
    reservation "3777200.0"
  ]
  edge [
    source 81
    target 6
    key 0
    port 0
    weight 1
    bandwidth 50000000
    traffic "200000"
    reservation "201020.0"
  ]
  edge [
    source 82
    target 6
    key 0
    port 0
    weight 1
    bandwidth 50000000
    traffic "3500000"
    reservation "3361400.0"
  ]
  edge [
    source 83
    target 6
    key 0
    port 0
    weight 1
    bandwidth 50000000
    traffic "3500000"
    reservation "3791900.0"
  ]
  edge [
    source 84
    target 6
    key 0
    port 0
    weight 1
    bandwidth 50000000
    traffic "3500000"
    reservation "3314150.0"
  ]
  edge [
    source 85
    target 6
    key 0
    port 0
    weight 1
    bandwidth 50000000
    traffic "3500000"
    reservation "3838100.0"
  ]
  edge [
    source 86
    target 6
    key 0
    port 0
    weight 1
    bandwidth 50000000
    traffic "200000"
    reservation "204620.0"
  ]
  edge [
    source 87
    target 6
    key 0
    port 0
    weight 1
    bandwidth 50000000
    traffic "200000"
    reservation "201020.0"
  ]
  edge [
    source 88
    target 6
    key 0
    port 0
    weight 1
    bandwidth 50000000
    traffic "200000"
    reservation "207440.0"
  ]
  edge [
    source 89
    target 6
    key 0
    port 0
    weight 1
    bandwidth 50000000
    traffic "200000"
    reservation "213080.0"
  ]
  edge [
    source 90
    target 6
    key 0
    port 0
    weight 1
    bandwidth 50000000
    traffic "200000"
    reservation "213080.0"
  ]
  edge [
    source 91
    target 6
    key 0
    port 0
    weight 1
    bandwidth 50000000
    traffic "200000"
    reservation "202100.0"
  ]
  edge [
    source 92
    target 6
    key 0
    port 0
    weight 1
    bandwidth 50000000
    traffic "200000"
    reservation "216800.0"
  ]
  edge [
    source 93
    target 6
    key 0
    port 0
    weight 1
    bandwidth 50000000
    traffic "200000"
    reservation "226100.0"
  ]
  edge [
    source 94
    target 6
    key 0
    port 0
    weight 1
    bandwidth 50000000
    traffic "200000"
    reservation "226100.0"
  ]
]
