graph [
  directed 1
  multigraph 1
  GeoLocation "Massachusetts, New Hampshire, Maine, USA"
  GeoExtent "Region"
  Network "Oxford"
  Provenance "Secondary"
  Access 1
  Source "http://www.isp-planet.com/img/backbones/Oxford%20Networks%20Map.jpg"
  Version "1.0"
  Type "COM"
  DateType "Current"
  Backbone 1
  Commercial 0
  label "Oxford"
  ToolsetVersion "0.3.34dev-20120328"
  Customer 1
  IX 0
  SourceGitVersion "e278b1b"
  DateModifier "="
  DateMonth "08"
  LastAccess "3/08/10"
  Layer "Fibre"
  Creator "Topology Zoo Toolset"
  Developed 1
  Transit 1
  NetworkDate "2010_08"
  DateYear "2010"
  LastProcessed "2011_09_01"
  Testbed 0
  levelsToS 82
  node [
    id 0
    label "0"
    Country "United States"
    Longitude -70.76255
    Internal 1
    Latitude 43.07176
    type "destination_embb"
    schedulingPolicy "FIFO"
    levelsQoS "1"
    schedulingWeights "-"
    tosToQoSqueue "0,1,2,3,4,5,6,7,8,9,10,11,12,13,14,15,16,17,18,19,20,21,22,23,24,25,26,27,28,29,30,31,32,33,34,35,36,37,38,39,40,41,42,43,44,45,46,47,48,49,50,51,52,53,54,55,56,57,58,59,60,61,62,63,64,65,66,67,68,69,70,71,72,73,74,75,76,77,78,79,80,81"
    queueSizes "32"
  ]
  node [
    id 1
    label "1"
    Country "United States"
    Longitude -70.87367
    Internal 1
    Latitude 43.19786
    type "destination_mmtc"
    schedulingPolicy "FIFO"
    levelsQoS "1"
    schedulingWeights "-"
    tosToQoSqueue "0,1,2,3,4,5,6,7,8,9,10,11,12,13,14,15,16,17,18,19,20,21,22,23,24,25,26,27,28,29,30,31,32,33,34,35,36,37,38,39,40,41,42,43,44,45,46,47,48,49,50,51,52,53,54,55,56,57,58,59,60,61,62,63,64,65,66,67,68,69,70,71,72,73,74,75,76,77,78,79,80,81"
    queueSizes "32"
  ]
  node [
    id 2
    label "2"
    Country "United States"
    Longitude -70.45338
    Internal 1
    Latitude 43.49258
    type "antenna"
    schedulingPolicy "WFQ"
    tosToQoSqueue "52,54,59,67,68;53,55,57,62,63,65,66;77;75,81;61,72;74;56,71;80;69,73;60,64,70,76;78,79;58;24,25,0,1,2,3,4,5,6,7,8,9,10,11,12,13,14,15,16,17,18,19,20,21,22,23,26,27,28,29,30,31,32,33,34,35,36,37,38,39,40,41,42,43,44,45,46,47,48,49,50,51"
    schedulingWeights "20.332,35.965,0.345,0.46,0.717,0.437,0.817,0.001,0.861,1.823,0.447,0.001,37.794;13.555,5.994,0.001,0.46,0.001,0.001,0.001,0.446,0.001,0.001,0.447,41.206,37.887;0.001,0.001,0.001,0.001,0.001,0.001,0.001,0.001,0.001,0.001,0.001,0.001,99.988;0.001,0.001,0.001,0.001,0.001,0.001,0.001,0.001,0.001,0.001,0.001,0.001,99.988;0.001,0.001,0.001,0.001,0.001,0.001,0.001,0.001,0.001,0.001,0.001,0.001,99.988;0.001,0.001,0.001,0.001,0.001,0.001,0.001,0.001,0.001,0.001,0.001,0.001,99.988;0.001,0.001,0.001,0.001,0.001,0.001,0.001,0.001,0.001,0.001,0.001,0.001,99.988;0.001,0.001,0.001,0.001,0.001,0.001,0.001,0.001,0.001,0.001,0.001,0.001,99.988;0.001,0.001,0.001,0.001,0.001,0.001,0.001,0.001,0.001,0.001,0.001,0.001,99.988;0.001,0.001,0.001,0.001,0.001,0.001,0.001,0.001,0.001,0.001,0.001,0.001,99.988;0.001,0.001,0.001,0.001,0.001,0.001,0.001,0.001,0.001,0.001,0.001,0.001,99.988;0.001,0.001,0.001,0.001,0.001,0.001,0.001,0.001,0.001,0.001,0.001,0.001,99.988;0.001,0.001,0.001,0.001,0.001,0.001,0.001,0.001,0.001,0.001,0.001,0.001,99.988;0.001,0.001,0.001,0.001,0.001,0.001,0.001,0.001,0.001,0.001,0.001,0.001,99.988;0.001,0.001,0.001,0.001,0.001,0.001,0.001,0.001,0.001,0.001,0.001,0.001,99.988;0.001,0.001,0.001,0.001,0.001,0.001,0.001,0.001,0.001,0.001,0.001,0.001,99.988;0.001,0.001,0.001,0.001,0.001,0.001,0.001,0.001,0.001,0.001,0.001,0.001,99.988;0.001,0.001,0.001,0.001,0.001,0.001,0.001,0.001,0.001,0.001,0.001,0.001,99.988;0.001,0.001,0.001,0.001,0.001,0.001,0.001,0.001,0.001,0.001,0.001,0.001,99.988;0.001,0.001,0.001,0.001,0.001,0.001,0.001,0.001,0.001,0.001,0.001,0.001,99.988;0.001,0.001,0.001,0.001,0.001,0.001,0.001,0.001,0.001,0.001,0.001,0.001,99.988;0.001,0.001,0.001,0.001,0.001,0.001,0.001,0.001,0.001,0.001,0.001,0.001,99.988;0.001,0.001,0.001,0.001,0.001,0.001,0.001,0.001,0.001,0.001,0.001,0.001,99.988;0.001,0.001,0.001,0.001,0.001,0.001,0.001,0.001,0.001,0.001,0.001,0.001,99.988;0.001,0.001,0.001,0.001,0.001,0.001,0.001,0.001,0.001,0.001,0.001,0.001,99.988;0.001,0.001,0.001,0.001,0.001,0.001,0.001,0.001,0.001,0.001,0.001,0.001,99.988;0.001,0.001,0.001,0.001,0.001,0.001,0.001,0.001,0.001,0.001,0.001,0.001,99.988;0.001,0.001,0.001,0.001,0.001,0.001,0.001,0.001,0.001,0.001,0.001,0.001,99.988;0.001,0.001,0.001,0.001,0.001,0.001,0.001,0.001,0.001,0.001,0.001,0.001,99.988;0.001,0.001,0.001,0.001,0.001,0.001,0.001,0.001,0.001,0.001,0.001,0.001,99.988;0.001,0.001,0.001,0.001,0.001,0.001,0.001,0.001,0.001,0.001,0.001,0.001,99.988;0.001,0.001,0.001,0.001,0.001,0.001,0.001,0.001,0.001,0.001,0.001,0.001,99.988;0.001,0.001,0.001,0.001,0.001,0.001,0.001,0.001,0.001,0.001,0.001,0.001,99.988"
    levelsQoS 13
    queueSizes "32,32,32,32,32,32,32,32,32,32,32,32,32"
  ]
  node [
    id 3
    label "3"
    Country "United States"
    Longitude -70.77422
    Internal 1
    Latitude 43.43925
    type "inner"
    schedulingPolicy "WFQ"
    tosToQoSqueue "67,68;66;81;80;79;58;25,0,1,2,3,4,5,6,7,8,9,10,11,12,13,14,15,16,17,18,19,20,21,22,23,24,26,27,28,29,30,31,32,33,34,35,36,37,38,39,40,41,42,43,44,45,46,47,48,49,50,51,52,53,54,55,56,57,59,60,61,62,63,64,65,69,70,71,72,73,74,75,76,77,78"
    schedulingWeights "13.555,5.994,0.46,0.446,0.447,41.206,37.893;0.001,0.001,0.001,0.001,0.001,0.001,99.994"
    levelsQoS 7
    queueSizes "32,32,32,32,32,32,32"
  ]
  node [
    id 4
    label "4"
    Country "United States"
    Longitude -71.05977
    Internal 1
    Latitude 42.35843
    type "inner"
    schedulingPolicy "WFQ"
    tosToQoSqueue "32;31,33;48;49;50;29;28,0,1,2,3,4,5,6,7,8,9,10,11,12,13,14,15,16,17,18,19,20,21,22,23,24,25,26,27,30,34,35,36,37,38,39,40,41,42,43,44,45,46,47,51,52,53,54,55,56,57,58,59,60,61,62,63,64,65,66,67,68,69,70,71,72,73,74,75,76,77,78,79,80,81"
    schedulingWeights "0.001,0.001,0.001,0.001,0.001,0.001,99.994;6.777,11.988,0.43,0.46,0.446,39.467,40.432"
    levelsQoS 7
    queueSizes "32,32,32,32,32,32,32"
  ]
  node [
    id 5
    label "5"
    Country "United States"
    Longitude -71.41617
    Internal 1
    Latitude 42.27926
    type "inner"
    schedulingPolicy "WFQ"
    tosToQoSqueue "32;31,33;48;49;50;29;28,0,1,2,3,4,5,6,7,8,9,10,11,12,13,14,15,16,17,18,19,20,21,22,23,24,25,26,27,30,34,35,36,37,38,39,40,41,42,43,44,45,46,47,51,52,53,54,55,56,57,58,59,60,61,62,63,64,65,66,67,68,69,70,71,72,73,74,75,76,77,78,79,80,81"
    schedulingWeights "6.777,11.988,0.43,0.46,0.446,39.467,40.432;0.001,0.001,0.001,0.001,0.001,0.001,99.994"
    levelsQoS 7
    queueSizes "32,32,32,32,32,32,32"
  ]
  node [
    id 6
    label "6"
    Country "United States"
    Longitude -71.45479
    Internal 1
    Latitude 42.99564
    type "inner"
    schedulingPolicy "WFQ"
    tosToQoSqueue "32;31,33;48;49;50;29;28,0,1,2,3,4,5,6,7,8,9,10,11,12,13,14,15,16,17,18,19,20,21,22,23,24,25,26,27,30,34,35,36,37,38,39,40,41,42,43,44,45,46,47,51,52,53,54,55,56,57,58,59,60,61,62,63,64,65,66,67,68,69,70,71,72,73,74,75,76,77,78,79,80,81"
    schedulingWeights "6.777,11.988,0.43,0.46,0.446,39.467,40.432;0.001,0.001,0.001,0.001,0.001,0.001,99.994"
    levelsQoS 7
    queueSizes "32,32,32,32,32,32,32"
  ]
  node [
    id 7
    label "7"
    Country "United States"
    Longitude -72.27814
    Internal 1
    Latitude 42.93369
    type "inner"
    schedulingPolicy "WFQ"
    tosToQoSqueue "27;26,30;36,38;40,42,51;43;37,46;35;34,47;39;45;44;41;23,25,0,1,2,3,4,5,6,7,8,9,10,11,12,13,14,15,16,17,18,19,20,21,22,24,28,29,31,32,33,48,49,50,52,53,54,55,56,57,58,59,60,61,62,63,64,65,66,67,68,69,70,71,72,73,74,75,76,77,78,79,80,81"
    schedulingWeights "6.777,11.988,0.86,1.035,0.361,0.717,0.437,0.769,0.362,0.43,0.456,0.447,75.36;0.001,0.001,0.001,0.001,0.001,0.001,0.001,0.001,0.001,0.001,0.001,0.001,99.988"
    levelsQoS 13
    queueSizes "32,32,32,32,32,32,32,32,32,32,32,32,32"
  ]
  node [
    id 8
    label "8"
    Country "United States"
    Longitude -71.80229
    Internal 1
    Latitude 42.26259
    type "inner"
    schedulingPolicy "WFQ"
    tosToQoSqueue "32;31,33;48;49;50;29;28,0,1,2,3,4,5,6,7,8,9,10,11,12,13,14,15,16,17,18,19,20,21,22,23,24,25,26,27,30,34,35,36,37,38,39,40,41,42,43,44,45,46,47,51,52,53,54,55,56,57,58,59,60,61,62,63,64,65,66,67,68,69,70,71,72,73,74,75,76,77,78,79,80,81"
    schedulingWeights "6.777,11.988,0.43,0.46,0.446,39.467,40.432;0.001,0.001,0.001,0.001,0.001,0.001,99.994"
    levelsQoS 7
    queueSizes "32,32,32,32,32,32,32"
  ]
  node [
    id 9
    label "9"
    Country "United States"
    Longitude -72.58981
    Internal 1
    Latitude 42.10148
    type "antenna"
    schedulingPolicy "WFQ"
    tosToQoSqueue "27,32;26,30,31,33;36,38,48;40,42,51;49;43;37,46;35;34,47;39;50;45;44;41;29;23,25;28,0,1,2,3,4,5,6,7,8,9,10,11,12,13,14,15,16,17,18,19,20,21,22,24,52,53,54,55,56,57,58,59,60,61,62,63,64,65,66,67,68,69,70,71,72,73,74,75,76,77,78,79,80,81"
    schedulingWeights "6.777,11.988,0.86,1.035,0.001,0.361,0.717,0.437,0.769,0.362,0.001,0.43,0.456,0.447,0.001,75.348,0.009;6.777,11.988,0.43,0.001,0.46,0.001,0.001,0.001,0.001,0.001,0.446,0.001,0.001,0.001,39.467,0.001,40.422;0.001,0.001,0.001,0.001,0.001,0.001,0.001,0.001,0.001,0.001,0.001,0.001,0.001,0.001,0.001,0.001,99.984;0.001,0.001,0.001,0.001,0.001,0.001,0.001,0.001,0.001,0.001,0.001,0.001,0.001,0.001,0.001,0.001,99.984;0.001,0.001,0.001,0.001,0.001,0.001,0.001,0.001,0.001,0.001,0.001,0.001,0.001,0.001,0.001,0.001,99.984;0.001,0.001,0.001,0.001,0.001,0.001,0.001,0.001,0.001,0.001,0.001,0.001,0.001,0.001,0.001,0.001,99.984;0.001,0.001,0.001,0.001,0.001,0.001,0.001,0.001,0.001,0.001,0.001,0.001,0.001,0.001,0.001,0.001,99.984;0.001,0.001,0.001,0.001,0.001,0.001,0.001,0.001,0.001,0.001,0.001,0.001,0.001,0.001,0.001,0.001,99.984;0.001,0.001,0.001,0.001,0.001,0.001,0.001,0.001,0.001,0.001,0.001,0.001,0.001,0.001,0.001,0.001,99.984;0.001,0.001,0.001,0.001,0.001,0.001,0.001,0.001,0.001,0.001,0.001,0.001,0.001,0.001,0.001,0.001,99.984;0.001,0.001,0.001,0.001,0.001,0.001,0.001,0.001,0.001,0.001,0.001,0.001,0.001,0.001,0.001,0.001,99.984;0.001,0.001,0.001,0.001,0.001,0.001,0.001,0.001,0.001,0.001,0.001,0.001,0.001,0.001,0.001,0.001,99.984;0.001,0.001,0.001,0.001,0.001,0.001,0.001,0.001,0.001,0.001,0.001,0.001,0.001,0.001,0.001,0.001,99.984;0.001,0.001,0.001,0.001,0.001,0.001,0.001,0.001,0.001,0.001,0.001,0.001,0.001,0.001,0.001,0.001,99.984;0.001,0.001,0.001,0.001,0.001,0.001,0.001,0.001,0.001,0.001,0.001,0.001,0.001,0.001,0.001,0.001,99.984;0.001,0.001,0.001,0.001,0.001,0.001,0.001,0.001,0.001,0.001,0.001,0.001,0.001,0.001,0.001,0.001,99.984;0.001,0.001,0.001,0.001,0.001,0.001,0.001,0.001,0.001,0.001,0.001,0.001,0.001,0.001,0.001,0.001,99.984;0.001,0.001,0.001,0.001,0.001,0.001,0.001,0.001,0.001,0.001,0.001,0.001,0.001,0.001,0.001,0.001,99.984;0.001,0.001,0.001,0.001,0.001,0.001,0.001,0.001,0.001,0.001,0.001,0.001,0.001,0.001,0.001,0.001,99.984;0.001,0.001,0.001,0.001,0.001,0.001,0.001,0.001,0.001,0.001,0.001,0.001,0.001,0.001,0.001,0.001,99.984;0.001,0.001,0.001,0.001,0.001,0.001,0.001,0.001,0.001,0.001,0.001,0.001,0.001,0.001,0.001,0.001,99.984;0.001,0.001,0.001,0.001,0.001,0.001,0.001,0.001,0.001,0.001,0.001,0.001,0.001,0.001,0.001,0.001,99.984;0.001,0.001,0.001,0.001,0.001,0.001,0.001,0.001,0.001,0.001,0.001,0.001,0.001,0.001,0.001,0.001,99.984;0.001,0.001,0.001,0.001,0.001,0.001,0.001,0.001,0.001,0.001,0.001,0.001,0.001,0.001,0.001,0.001,99.984;0.001,0.001,0.001,0.001,0.001,0.001,0.001,0.001,0.001,0.001,0.001,0.001,0.001,0.001,0.001,0.001,99.984;0.001,0.001,0.001,0.001,0.001,0.001,0.001,0.001,0.001,0.001,0.001,0.001,0.001,0.001,0.001,0.001,99.984;0.001,0.001,0.001,0.001,0.001,0.001,0.001,0.001,0.001,0.001,0.001,0.001,0.001,0.001,0.001,0.001,99.984;0.001,0.001,0.001,0.001,0.001,0.001,0.001,0.001,0.001,0.001,0.001,0.001,0.001,0.001,0.001,0.001,99.984;0.001,0.001,0.001,0.001,0.001,0.001,0.001,0.001,0.001,0.001,0.001,0.001,0.001,0.001,0.001,0.001,99.984;0.001,0.001,0.001,0.001,0.001,0.001,0.001,0.001,0.001,0.001,0.001,0.001,0.001,0.001,0.001,0.001,99.984"
    levelsQoS 17
    queueSizes "32,32,32,32,32,32,32,32,32,32,32,32,32,32,32,32,32"
  ]
  node [
    id 10
    label "10"
    Country "United States"
    Longitude -68.77781
    Internal 1
    Latitude 44.80118
    type "inner"
    schedulingPolicy "WFQ"
    tosToQoSqueue "27,32,52,54,59;26,30,31,33,53,55,57,62,63,65,66,0,1,2,3,4,5,6,7,8,9,10,11,12,13,14,15,16,17,18,19,20,21,22,23,24,25,28,29,34,35,36,37,38,39,40,41,42,43,44,45,46,47,48,49,50,51,56,58,60,61,64,67,68,69,70,71,72,73,74,75,76,77,78,79,80,81"
    schedulingWeights "0.001,99.999;33.887,66.113"
    levelsQoS 2
    queueSizes "32,32"
  ]
  node [
    id 11
    label "11"
    Country "United States"
    Longitude -70.25533
    Internal 1
    Latitude 43.66147
    type "inner"
    schedulingPolicy "WFQ"
    tosToQoSqueue "27,32,52,54,59,67,68;26,30,31,33,53,55,57,62,63,65,66;48;77;49,75,81;61,72;74;56,71;50,80;69,73;60,64,70,76;78,79;23,24,25,0,1,2,3,4,5,6,7,8,9,10,11,12,13,14,15,16,17,18,19,20,21,22,28,29,34,35,36,37,38,39,40,41,42,43,44,45,46,47,51,58"
    schedulingWeights "0.001,0.001,0.001,0.001,0.001,0.001,0.001,0.001,0.001,0.001,0.001,0.001,99.988;0.001,0.001,0.43,0.345,1.379,0.717,0.437,0.817,0.891,0.861,1.823,0.895,91.403;0.001,0.001,0.001,0.001,0.001,0.001,0.001,0.001,0.001,0.001,0.001,0.001,99.988;33.887,65.935,0.001,0.001,0.001,0.001,0.001,0.001,0.001,0.001,0.001,0.001,0.168;13.555,0.001,0.001,0.001,0.001,0.001,0.001,0.001,0.001,0.001,0.001,0.001,86.434"
    levelsQoS 13
    queueSizes "32,32,32,32,32,32,32,32,32,32,32,32,32"
  ]
  node [
    id 12
    label "12"
    Country "United States"
    Longitude -70.25617
    Internal 1
    Latitude 44.25646
    type "destination_urllc"
    schedulingPolicy "FIFO"
    levelsQoS "1"
    schedulingWeights "-"
    tosToQoSqueue "0,1,2,3,4,5,6,7,8,9,10,11,12,13,14,15,16,17,18,19,20,21,22,23,24,25,26,27,28,29,30,31,32,33,34,35,36,37,38,39,40,41,42,43,44,45,46,47,48,49,50,51,52,53,54,55,56,57,58,59,60,61,62,63,64,65,66,67,68,69,70,71,72,73,74,75,76,77,78,79,80,81"
    queueSizes "32"
  ]
  node [
    id 13
    label "13"
    Country "United States"
    Longitude -70.79062
    Internal 1
    Latitude 44.40423
    type "inner"
    schedulingPolicy "WFQ"
    tosToQoSqueue "67,68,0,1,2,3,4,5,6,7,8,9,10,11,12,13,14,15,16,17,18,19,20,21,22,23,24,25,26,27,28,29,30,31,32,33,34,35,36,37,38,39,40,41,42,43,44,45,46,47,48,49,50,51,52,53,54,55,56,57,58,59,60,61,62,63,64,65,66,69,70,71,72,73,74,75,76,77,78,79,80,81"
    schedulingWeights "100;100"
    levelsQoS 1
    queueSizes "32"
  ]
  node [
    id 14
    label "14"
    Country "United States"
    Longitude -70.54478
    Internal 1
    Latitude 44.21396
    type "inner"
    schedulingPolicy "WFQ"
    tosToQoSqueue "67,68,0,1,2,3,4,5,6,7,8,9,10,11,12,13,14,15,16,17,18,19,20,21,22,23,24,25,26,27,28,29,30,31,32,33,34,35,36,37,38,39,40,41,42,43,44,45,46,47,48,49,50,51,52,53,54,55,56,57,58,59,60,61,62,63,64,65,66,69,70,71,72,73,74,75,76,77,78,79,80,81"
    schedulingWeights "100;100;100"
    levelsQoS 1
    queueSizes "32"
  ]
  node [
    id 15
    label "15"
    Country "United States"
    Longitude -70.552
    Internal 1
    Latitude 43.73591
    type "inner"
    schedulingPolicy "WFQ"
    tosToQoSqueue "67,68,0,1,2,3,4,5,6,7,8,9,10,11,12,13,14,15,16,17,18,19,20,21,22,23,24,25,26,27,28,29,30,31,32,33,34,35,36,37,38,39,40,41,42,43,44,45,46,47,48,49,50,51,52,53,54,55,56,57,58,59,60,61,62,63,64,65,66,69,70,71,72,73,74,75,76,77,78,79,80,81"
    schedulingWeights "100;100;100"
    levelsQoS 1
    queueSizes "32"
  ]
  node [
    id 16
    label "16"
    Country "United States"
    Longitude -70.36534
    Internal 1
    Latitude 44.28951
    type "inner"
    schedulingPolicy "WFQ"
    tosToQoSqueue "0,1,2,3,4,5,6,7,8,9,10,11,12,13,14,15,16,17,18,19,20,21,22,23,24,25,26,27,28,29,30,31,32,33,34,35,36,37,38,39,40,41,42,43,44,45,46,47,48,49,50,51,52,53,54,55,56,57,58,59,60,61,62,63,64,65,66,67,68,69,70,71,72,73,74,75,76,77,78,79,80,81"
    schedulingWeights "100;100;100"
    levelsQoS 1
    queueSizes "32"
  ]
  node [
    id 17
    label "17"
    Country "United States"
    Longitude -69.77949
    Internal 1
    Latitude 44.31062
    type "inner"
    schedulingPolicy "WFQ"
    tosToQoSqueue "27,32,52,54,59;26,30,31,33,53,55,57,62,63,65,66,0,1,2,3,4,5,6,7,8,9,10,11,12,13,14,15,16,17,18,19,20,21,22,23,24,25,28,29,34,35,36,37,38,39,40,41,42,43,44,45,46,47,48,49,50,51,56,58,60,61,64,67,68,69,70,71,72,73,74,75,76,77,78,79,80,81"
    schedulingWeights "33.887,66.113;0.001,99.999;0.001,99.999;0.001,99.999"
    levelsQoS 2
    queueSizes "32,32"
  ]
  node [
    id 18
    label "18"
    Country "United States"
    Longitude -70.21478
    Internal 1
    Latitude 44.10035
    type "inner"
    schedulingPolicy "WFQ"
    tosToQoSqueue "27,32,52,54,59;26,30,31,33,53,55,57,62,63,65,66,0,1,2,3,4,5,6,7,8,9,10,11,12,13,14,15,16,17,18,19,20,21,22,23,24,25,28,29,34,35,36,37,38,39,40,41,42,43,44,45,46,47,48,49,50,51,56,58,60,61,64,67,68,69,70,71,72,73,74,75,76,77,78,79,80,81"
    schedulingWeights "33.887,66.113;0.001,99.999;0.001,99.999;0.001,99.999"
    levelsQoS 2
    queueSizes "32,32"
  ]
  node [
    id 19
    label "19"
    Country "United States"
    Longitude -69.77949
    Internal 1
    Latitude 44.31062
    type "inner"
    schedulingPolicy "WFQ"
    tosToQoSqueue "27,32,52,54,59;26,30,31,33,53,55,57,62,63,65,66,0,1,2,3,4,5,6,7,8,9,10,11,12,13,14,15,16,17,18,19,20,21,22,23,24,25,28,29,34,35,36,37,38,39,40,41,42,43,44,45,46,47,48,49,50,51,56,58,60,61,64,67,68,69,70,71,72,73,74,75,76,77,78,79,80,81"
    schedulingWeights "0.001,99.999;33.887,66.113;0.001,99.999"
    levelsQoS 2
    queueSizes "32,32"
  ]
  node [
    id 20
    label "20"
    schedulingPolicy "FIFO"
    levelsQoS "1"
    schedulingWeights "-"
    tosToQoSqueue "0,1,2,3,4,5,6,7,8,9,10,11,12,13,14,15,16,17,18,19,20,21,22,23,24,25,26,27,28,29,30,31,32,33,34,35,36,37,38,39,40,41,42,43,44,45,46,47,48,49,50,51,52,53,54,55,56,57,58,59,60,61,62,63,64,65,66,67,68,69,70,71,72,73,74,75,76,77,78,79,80,81"
    queueSizes "32"
    type "destination_urllc"
  ]
  node [
    id 21
    label "21"
    schedulingPolicy "FIFO"
    levelsQoS "1"
    schedulingWeights "-"
    tosToQoSqueue "0,1,2,3,4,5,6,7,8,9,10,11,12,13,14,15,16,17,18,19,20,21,22,23,24,25,26,27,28,29,30,31,32,33,34,35,36,37,38,39,40,41,42,43,44,45,46,47,48,49,50,51,52,53,54,55,56,57,58,59,60,61,62,63,64,65,66,67,68,69,70,71,72,73,74,75,76,77,78,79,80,81"
    queueSizes "32"
    type "destination_mmtc"
  ]
  node [
    id 22
    label "22"
    schedulingPolicy "FIFO"
    levelsQoS "1"
    schedulingWeights "-"
    tosToQoSqueue "0,1,2,3,4,5,6,7,8,9,10,11,12,13,14,15,16,17,18,19,20,21,22,23,24,25,26,27,28,29,30,31,32,33,34,35,36,37,38,39,40,41,42,43,44,45,46,47,48,49,50,51,52,53,54,55,56,57,58,59,60,61,62,63,64,65,66,67,68,69,70,71,72,73,74,75,76,77,78,79,80,81"
    queueSizes "32"
    type "destination_embb"
  ]
  node [
    id 23
    label "23"
    schedulingPolicy "FIFO"
    levelsQoS "1"
    schedulingWeights "-"
    tosToQoSqueue "0,1,2,3,4,5,6,7,8,9,10,11,12,13,14,15,16,17,18,19,20,21,22,23,24,25,26,27,28,29,30,31,32,33,34,35,36,37,38,39,40,41,42,43,44,45,46,47,48,49,50,51,52,53,54,55,56,57,58,59,60,61,62,63,64,65,66,67,68,69,70,71,72,73,74,75,76,77,78,79,80,81"
    queueSizes "32"
    type "origin_embb"
    reservation 18837000.0
  ]
  node [
    id 24
    label "24"
    schedulingPolicy "FIFO"
    levelsQoS "1"
    schedulingWeights "-"
    tosToQoSqueue "0,1,2,3,4,5,6,7,8,9,10,11,12,13,14,15,16,17,18,19,20,21,22,23,24,25,26,27,28,29,30,31,32,33,34,35,36,37,38,39,40,41,42,43,44,45,46,47,48,49,50,51,52,53,54,55,56,57,58,59,60,61,62,63,64,65,66,67,68,69,70,71,72,73,74,75,76,77,78,79,80,81"
    queueSizes "32"
    type "origin_embb"
    reservation 18837000.0
  ]
  node [
    id 25
    label "25"
    schedulingPolicy "FIFO"
    levelsQoS "1"
    schedulingWeights "-"
    tosToQoSqueue "0,1,2,3,4,5,6,7,8,9,10,11,12,13,14,15,16,17,18,19,20,21,22,23,24,25,26,27,28,29,30,31,32,33,34,35,36,37,38,39,40,41,42,43,44,45,46,47,48,49,50,51,52,53,54,55,56,57,58,59,60,61,62,63,64,65,66,67,68,69,70,71,72,73,74,75,76,77,78,79,80,81"
    queueSizes "32"
    type "origin_embb"
    reservation 18837000.0
  ]
  node [
    id 26
    label "26"
    schedulingPolicy "FIFO"
    levelsQoS "1"
    schedulingWeights "-"
    tosToQoSqueue "0,1,2,3,4,5,6,7,8,9,10,11,12,13,14,15,16,17,18,19,20,21,22,23,24,25,26,27,28,29,30,31,32,33,34,35,36,37,38,39,40,41,42,43,44,45,46,47,48,49,50,51,52,53,54,55,56,57,58,59,60,61,62,63,64,65,66,67,68,69,70,71,72,73,74,75,76,77,78,79,80,81"
    queueSizes "32"
    type "origin_urllc"
    reservation 2997050.0
  ]
  node [
    id 27
    label "27"
    schedulingPolicy "FIFO"
    levelsQoS "1"
    schedulingWeights "-"
    tosToQoSqueue "0,1,2,3,4,5,6,7,8,9,10,11,12,13,14,15,16,17,18,19,20,21,22,23,24,25,26,27,28,29,30,31,32,33,34,35,36,37,38,39,40,41,42,43,44,45,46,47,48,49,50,51,52,53,54,55,56,57,58,59,60,61,62,63,64,65,66,67,68,69,70,71,72,73,74,75,76,77,78,79,80,81"
    queueSizes "32"
    type "origin_urllc"
    reservation 3388700.0
  ]
  node [
    id 28
    label "28"
    schedulingPolicy "FIFO"
    levelsQoS "1"
    schedulingWeights "-"
    tosToQoSqueue "0,1,2,3,4,5,6,7,8,9,10,11,12,13,14,15,16,17,18,19,20,21,22,23,24,25,26,27,28,29,30,31,32,33,34,35,36,37,38,39,40,41,42,43,44,45,46,47,48,49,50,51,52,53,54,55,56,57,58,59,60,61,62,63,64,65,66,67,68,69,70,71,72,73,74,75,76,77,78,79,80,81"
    queueSizes "32"
    type "origin_embb"
    reservation 20068200.0
  ]
  node [
    id 29
    label "29"
    schedulingPolicy "FIFO"
    levelsQoS "1"
    schedulingWeights "-"
    tosToQoSqueue "0,1,2,3,4,5,6,7,8,9,10,11,12,13,14,15,16,17,18,19,20,21,22,23,24,25,26,27,28,29,30,31,32,33,34,35,36,37,38,39,40,41,42,43,44,45,46,47,48,49,50,51,52,53,54,55,56,57,58,59,60,61,62,63,64,65,66,67,68,69,70,71,72,73,74,75,76,77,78,79,80,81"
    queueSizes "32"
    type "origin_embb"
    reservation 19733400.0
  ]
  node [
    id 30
    label "30"
    schedulingPolicy "FIFO"
    levelsQoS "1"
    schedulingWeights "-"
    tosToQoSqueue "0,1,2,3,4,5,6,7,8,9,10,11,12,13,14,15,16,17,18,19,20,21,22,23,24,25,26,27,28,29,30,31,32,33,34,35,36,37,38,39,40,41,42,43,44,45,46,47,48,49,50,51,52,53,54,55,56,57,58,59,60,61,62,63,64,65,66,67,68,69,70,71,72,73,74,75,76,77,78,79,80,81"
    queueSizes "32"
    type "origin_urllc"
    reservation 2997050.0
  ]
  node [
    id 31
    label "31"
    schedulingPolicy "FIFO"
    levelsQoS "1"
    schedulingWeights "-"
    tosToQoSqueue "0,1,2,3,4,5,6,7,8,9,10,11,12,13,14,15,16,17,18,19,20,21,22,23,24,25,26,27,28,29,30,31,32,33,34,35,36,37,38,39,40,41,42,43,44,45,46,47,48,49,50,51,52,53,54,55,56,57,58,59,60,61,62,63,64,65,66,67,68,69,70,71,72,73,74,75,76,77,78,79,80,81"
    queueSizes "32"
    type "origin_urllc"
    reservation 2997050.0
  ]
  node [
    id 32
    label "32"
    schedulingPolicy "FIFO"
    levelsQoS "1"
    schedulingWeights "-"
    tosToQoSqueue "0,1,2,3,4,5,6,7,8,9,10,11,12,13,14,15,16,17,18,19,20,21,22,23,24,25,26,27,28,29,30,31,32,33,34,35,36,37,38,39,40,41,42,43,44,45,46,47,48,49,50,51,52,53,54,55,56,57,58,59,60,61,62,63,64,65,66,67,68,69,70,71,72,73,74,75,76,77,78,79,80,81"
    queueSizes "32"
    type "origin_urllc"
    reservation 3388700.0
  ]
  node [
    id 33
    label "33"
    schedulingPolicy "FIFO"
    levelsQoS "1"
    schedulingWeights "-"
    tosToQoSqueue "0,1,2,3,4,5,6,7,8,9,10,11,12,13,14,15,16,17,18,19,20,21,22,23,24,25,26,27,28,29,30,31,32,33,34,35,36,37,38,39,40,41,42,43,44,45,46,47,48,49,50,51,52,53,54,55,56,57,58,59,60,61,62,63,64,65,66,67,68,69,70,71,72,73,74,75,76,77,78,79,80,81"
    queueSizes "32"
    type "origin_urllc"
    reservation 2997050.0
  ]
  node [
    id 34
    label "34"
    schedulingPolicy "FIFO"
    levelsQoS "1"
    schedulingWeights "-"
    tosToQoSqueue "0,1,2,3,4,5,6,7,8,9,10,11,12,13,14,15,16,17,18,19,20,21,22,23,24,25,26,27,28,29,30,31,32,33,34,35,36,37,38,39,40,41,42,43,44,45,46,47,48,49,50,51,52,53,54,55,56,57,58,59,60,61,62,63,64,65,66,67,68,69,70,71,72,73,74,75,76,77,78,79,80,81"
    queueSizes "32"
    type "origin_mmtc"
    reservation 192140.0
  ]
  node [
    id 35
    label "35"
    schedulingPolicy "FIFO"
    levelsQoS "1"
    schedulingWeights "-"
    tosToQoSqueue "0,1,2,3,4,5,6,7,8,9,10,11,12,13,14,15,16,17,18,19,20,21,22,23,24,25,26,27,28,29,30,31,32,33,34,35,36,37,38,39,40,41,42,43,44,45,46,47,48,49,50,51,52,53,54,55,56,57,58,59,60,61,62,63,64,65,66,67,68,69,70,71,72,73,74,75,76,77,78,79,80,81"
    queueSizes "32"
    type "origin_mmtc"
    reservation 218360.0
  ]
  node [
    id 36
    label "36"
    schedulingPolicy "FIFO"
    levelsQoS "1"
    schedulingWeights "-"
    tosToQoSqueue "0,1,2,3,4,5,6,7,8,9,10,11,12,13,14,15,16,17,18,19,20,21,22,23,24,25,26,27,28,29,30,31,32,33,34,35,36,37,38,39,40,41,42,43,44,45,46,47,48,49,50,51,52,53,54,55,56,57,58,59,60,61,62,63,64,65,66,67,68,69,70,71,72,73,74,75,76,77,78,79,80,81"
    queueSizes "32"
    type "origin_mmtc"
    reservation 215000.0
  ]
  node [
    id 37
    label "37"
    schedulingPolicy "FIFO"
    levelsQoS "1"
    schedulingWeights "-"
    tosToQoSqueue "0,1,2,3,4,5,6,7,8,9,10,11,12,13,14,15,16,17,18,19,20,21,22,23,24,25,26,27,28,29,30,31,32,33,34,35,36,37,38,39,40,41,42,43,44,45,46,47,48,49,50,51,52,53,54,55,56,57,58,59,60,61,62,63,64,65,66,67,68,69,70,71,72,73,74,75,76,77,78,79,80,81"
    queueSizes "32"
    type "origin_mmtc"
    reservation 179300.0
  ]
  node [
    id 38
    label "38"
    schedulingPolicy "FIFO"
    levelsQoS "1"
    schedulingWeights "-"
    tosToQoSqueue "0,1,2,3,4,5,6,7,8,9,10,11,12,13,14,15,16,17,18,19,20,21,22,23,24,25,26,27,28,29,30,31,32,33,34,35,36,37,38,39,40,41,42,43,44,45,46,47,48,49,50,51,52,53,54,55,56,57,58,59,60,61,62,63,64,65,66,67,68,69,70,71,72,73,74,75,76,77,78,79,80,81"
    queueSizes "32"
    type "origin_mmtc"
    reservation 215000.0
  ]
  node [
    id 39
    label "39"
    schedulingPolicy "FIFO"
    levelsQoS "1"
    schedulingWeights "-"
    tosToQoSqueue "0,1,2,3,4,5,6,7,8,9,10,11,12,13,14,15,16,17,18,19,20,21,22,23,24,25,26,27,28,29,30,31,32,33,34,35,36,37,38,39,40,41,42,43,44,45,46,47,48,49,50,51,52,53,54,55,56,57,58,59,60,61,62,63,64,65,66,67,68,69,70,71,72,73,74,75,76,77,78,79,80,81"
    queueSizes "32"
    type "origin_mmtc"
    reservation 181220.0
  ]
  node [
    id 40
    label "40"
    schedulingPolicy "FIFO"
    levelsQoS "1"
    schedulingWeights "-"
    tosToQoSqueue "0,1,2,3,4,5,6,7,8,9,10,11,12,13,14,15,16,17,18,19,20,21,22,23,24,25,26,27,28,29,30,31,32,33,34,35,36,37,38,39,40,41,42,43,44,45,46,47,48,49,50,51,52,53,54,55,56,57,58,59,60,61,62,63,64,65,66,67,68,69,70,71,72,73,74,75,76,77,78,79,80,81"
    queueSizes "32"
    type "origin_mmtc"
    reservation 172520.0
  ]
  node [
    id 41
    label "41"
    schedulingPolicy "FIFO"
    levelsQoS "1"
    schedulingWeights "-"
    tosToQoSqueue "0,1,2,3,4,5,6,7,8,9,10,11,12,13,14,15,16,17,18,19,20,21,22,23,24,25,26,27,28,29,30,31,32,33,34,35,36,37,38,39,40,41,42,43,44,45,46,47,48,49,50,51,52,53,54,55,56,57,58,59,60,61,62,63,64,65,66,67,68,69,70,71,72,73,74,75,76,77,78,79,80,81"
    queueSizes "32"
    type "origin_mmtc"
    reservation 223640.0
  ]
  node [
    id 42
    label "42"
    schedulingPolicy "FIFO"
    levelsQoS "1"
    schedulingWeights "-"
    tosToQoSqueue "0,1,2,3,4,5,6,7,8,9,10,11,12,13,14,15,16,17,18,19,20,21,22,23,24,25,26,27,28,29,30,31,32,33,34,35,36,37,38,39,40,41,42,43,44,45,46,47,48,49,50,51,52,53,54,55,56,57,58,59,60,61,62,63,64,65,66,67,68,69,70,71,72,73,74,75,76,77,78,79,80,81"
    queueSizes "32"
    type "origin_mmtc"
    reservation 172520.0
  ]
  node [
    id 43
    label "43"
    schedulingPolicy "FIFO"
    levelsQoS "1"
    schedulingWeights "-"
    tosToQoSqueue "0,1,2,3,4,5,6,7,8,9,10,11,12,13,14,15,16,17,18,19,20,21,22,23,24,25,26,27,28,29,30,31,32,33,34,35,36,37,38,39,40,41,42,43,44,45,46,47,48,49,50,51,52,53,54,55,56,57,58,59,60,61,62,63,64,65,66,67,68,69,70,71,72,73,74,75,76,77,78,79,80,81"
    queueSizes "32"
    type "origin_mmtc"
    reservation 180620.0
  ]
  node [
    id 44
    label "44"
    schedulingPolicy "FIFO"
    levelsQoS "1"
    schedulingWeights "-"
    tosToQoSqueue "0,1,2,3,4,5,6,7,8,9,10,11,12,13,14,15,16,17,18,19,20,21,22,23,24,25,26,27,28,29,30,31,32,33,34,35,36,37,38,39,40,41,42,43,44,45,46,47,48,49,50,51,52,53,54,55,56,57,58,59,60,61,62,63,64,65,66,67,68,69,70,71,72,73,74,75,76,77,78,79,80,81"
    queueSizes "32"
    type "origin_mmtc"
    reservation 227840.0
  ]
  node [
    id 45
    label "45"
    schedulingPolicy "FIFO"
    levelsQoS "1"
    schedulingWeights "-"
    tosToQoSqueue "0,1,2,3,4,5,6,7,8,9,10,11,12,13,14,15,16,17,18,19,20,21,22,23,24,25,26,27,28,29,30,31,32,33,34,35,36,37,38,39,40,41,42,43,44,45,46,47,48,49,50,51,52,53,54,55,56,57,58,59,60,61,62,63,64,65,66,67,68,69,70,71,72,73,74,75,76,77,78,79,80,81"
    queueSizes "32"
    type "origin_mmtc"
    reservation 215180.0
  ]
  node [
    id 46
    label "46"
    schedulingPolicy "FIFO"
    levelsQoS "1"
    schedulingWeights "-"
    tosToQoSqueue "0,1,2,3,4,5,6,7,8,9,10,11,12,13,14,15,16,17,18,19,20,21,22,23,24,25,26,27,28,29,30,31,32,33,34,35,36,37,38,39,40,41,42,43,44,45,46,47,48,49,50,51,52,53,54,55,56,57,58,59,60,61,62,63,64,65,66,67,68,69,70,71,72,73,74,75,76,77,78,79,80,81"
    queueSizes "32"
    type "origin_mmtc"
    reservation 179300.0
  ]
  node [
    id 47
    label "47"
    schedulingPolicy "FIFO"
    levelsQoS "1"
    schedulingWeights "-"
    tosToQoSqueue "0,1,2,3,4,5,6,7,8,9,10,11,12,13,14,15,16,17,18,19,20,21,22,23,24,25,26,27,28,29,30,31,32,33,34,35,36,37,38,39,40,41,42,43,44,45,46,47,48,49,50,51,52,53,54,55,56,57,58,59,60,61,62,63,64,65,66,67,68,69,70,71,72,73,74,75,76,77,78,79,80,81"
    queueSizes "32"
    type "origin_mmtc"
    reservation 192140.0
  ]
  node [
    id 48
    label "48"
    schedulingPolicy "FIFO"
    levelsQoS "1"
    schedulingWeights "-"
    tosToQoSqueue "0,1,2,3,4,5,6,7,8,9,10,11,12,13,14,15,16,17,18,19,20,21,22,23,24,25,26,27,28,29,30,31,32,33,34,35,36,37,38,39,40,41,42,43,44,45,46,47,48,49,50,51,52,53,54,55,56,57,58,59,60,61,62,63,64,65,66,67,68,69,70,71,72,73,74,75,76,77,78,79,80,81"
    queueSizes "32"
    type "origin_mmtc"
    reservation 215000.0
  ]
  node [
    id 49
    label "49"
    schedulingPolicy "FIFO"
    levelsQoS "1"
    schedulingWeights "-"
    tosToQoSqueue "0,1,2,3,4,5,6,7,8,9,10,11,12,13,14,15,16,17,18,19,20,21,22,23,24,25,26,27,28,29,30,31,32,33,34,35,36,37,38,39,40,41,42,43,44,45,46,47,48,49,50,51,52,53,54,55,56,57,58,59,60,61,62,63,64,65,66,67,68,69,70,71,72,73,74,75,76,77,78,79,80,81"
    queueSizes "32"
    type "origin_mmtc"
    reservation 229880.0
  ]
  node [
    id 50
    label "50"
    schedulingPolicy "FIFO"
    levelsQoS "1"
    schedulingWeights "-"
    tosToQoSqueue "0,1,2,3,4,5,6,7,8,9,10,11,12,13,14,15,16,17,18,19,20,21,22,23,24,25,26,27,28,29,30,31,32,33,34,35,36,37,38,39,40,41,42,43,44,45,46,47,48,49,50,51,52,53,54,55,56,57,58,59,60,61,62,63,64,65,66,67,68,69,70,71,72,73,74,75,76,77,78,79,80,81"
    queueSizes "32"
    type "origin_mmtc"
    reservation 222800.0
  ]
  node [
    id 51
    label "51"
    schedulingPolicy "FIFO"
    levelsQoS "1"
    schedulingWeights "-"
    tosToQoSqueue "0,1,2,3,4,5,6,7,8,9,10,11,12,13,14,15,16,17,18,19,20,21,22,23,24,25,26,27,28,29,30,31,32,33,34,35,36,37,38,39,40,41,42,43,44,45,46,47,48,49,50,51,52,53,54,55,56,57,58,59,60,61,62,63,64,65,66,67,68,69,70,71,72,73,74,75,76,77,78,79,80,81"
    queueSizes "32"
    type "origin_mmtc"
    reservation 172520.0
  ]
  node [
    id 52
    label "52"
    schedulingPolicy "FIFO"
    levelsQoS "1"
    schedulingWeights "-"
    tosToQoSqueue "0,1,2,3,4,5,6,7,8,9,10,11,12,13,14,15,16,17,18,19,20,21,22,23,24,25,26,27,28,29,30,31,32,33,34,35,36,37,38,39,40,41,42,43,44,45,46,47,48,49,50,51,52,53,54,55,56,57,58,59,60,61,62,63,64,65,66,67,68,69,70,71,72,73,74,75,76,77,78,79,80,81"
    queueSizes "32"
    type "origin_urllc"
    reservation 3388700.0
  ]
  node [
    id 53
    label "53"
    schedulingPolicy "FIFO"
    levelsQoS "1"
    schedulingWeights "-"
    tosToQoSqueue "0,1,2,3,4,5,6,7,8,9,10,11,12,13,14,15,16,17,18,19,20,21,22,23,24,25,26,27,28,29,30,31,32,33,34,35,36,37,38,39,40,41,42,43,44,45,46,47,48,49,50,51,52,53,54,55,56,57,58,59,60,61,62,63,64,65,66,67,68,69,70,71,72,73,74,75,76,77,78,79,80,81"
    queueSizes "32"
    type "origin_urllc"
    reservation 2997050.0
  ]
  node [
    id 54
    label "54"
    schedulingPolicy "FIFO"
    levelsQoS "1"
    schedulingWeights "-"
    tosToQoSqueue "0,1,2,3,4,5,6,7,8,9,10,11,12,13,14,15,16,17,18,19,20,21,22,23,24,25,26,27,28,29,30,31,32,33,34,35,36,37,38,39,40,41,42,43,44,45,46,47,48,49,50,51,52,53,54,55,56,57,58,59,60,61,62,63,64,65,66,67,68,69,70,71,72,73,74,75,76,77,78,79,80,81"
    queueSizes "32"
    type "origin_urllc"
    reservation 3388700.0
  ]
  node [
    id 55
    label "55"
    schedulingPolicy "FIFO"
    levelsQoS "1"
    schedulingWeights "-"
    tosToQoSqueue "0,1,2,3,4,5,6,7,8,9,10,11,12,13,14,15,16,17,18,19,20,21,22,23,24,25,26,27,28,29,30,31,32,33,34,35,36,37,38,39,40,41,42,43,44,45,46,47,48,49,50,51,52,53,54,55,56,57,58,59,60,61,62,63,64,65,66,67,68,69,70,71,72,73,74,75,76,77,78,79,80,81"
    queueSizes "32"
    type "origin_urllc"
    reservation 2997050.0
  ]
  node [
    id 56
    label "56"
    schedulingPolicy "FIFO"
    levelsQoS "1"
    schedulingWeights "-"
    tosToQoSqueue "0,1,2,3,4,5,6,7,8,9,10,11,12,13,14,15,16,17,18,19,20,21,22,23,24,25,26,27,28,29,30,31,32,33,34,35,36,37,38,39,40,41,42,43,44,45,46,47,48,49,50,51,52,53,54,55,56,57,58,59,60,61,62,63,64,65,66,67,68,69,70,71,72,73,74,75,76,77,78,79,80,81"
    queueSizes "32"
    type "origin_mmtc"
    reservation 204320.0
  ]
  node [
    id 57
    label "57"
    schedulingPolicy "FIFO"
    levelsQoS "1"
    schedulingWeights "-"
    tosToQoSqueue "0,1,2,3,4,5,6,7,8,9,10,11,12,13,14,15,16,17,18,19,20,21,22,23,24,25,26,27,28,29,30,31,32,33,34,35,36,37,38,39,40,41,42,43,44,45,46,47,48,49,50,51,52,53,54,55,56,57,58,59,60,61,62,63,64,65,66,67,68,69,70,71,72,73,74,75,76,77,78,79,80,81"
    queueSizes "32"
    type "origin_urllc"
    reservation 2997050.0
  ]
  node [
    id 58
    label "58"
    schedulingPolicy "FIFO"
    levelsQoS "1"
    schedulingWeights "-"
    tosToQoSqueue "0,1,2,3,4,5,6,7,8,9,10,11,12,13,14,15,16,17,18,19,20,21,22,23,24,25,26,27,28,29,30,31,32,33,34,35,36,37,38,39,40,41,42,43,44,45,46,47,48,49,50,51,52,53,54,55,56,57,58,59,60,61,62,63,64,65,66,67,68,69,70,71,72,73,74,75,76,77,78,79,80,81"
    queueSizes "32"
    type "origin_embb"
    reservation 20602800.0
  ]
  node [
    id 59
    label "59"
    schedulingPolicy "FIFO"
    levelsQoS "1"
    schedulingWeights "-"
    tosToQoSqueue "0,1,2,3,4,5,6,7,8,9,10,11,12,13,14,15,16,17,18,19,20,21,22,23,24,25,26,27,28,29,30,31,32,33,34,35,36,37,38,39,40,41,42,43,44,45,46,47,48,49,50,51,52,53,54,55,56,57,58,59,60,61,62,63,64,65,66,67,68,69,70,71,72,73,74,75,76,77,78,79,80,81"
    queueSizes "32"
    type "origin_urllc"
    reservation 3388700.0
  ]
  node [
    id 60
    label "60"
    schedulingPolicy "FIFO"
    levelsQoS "1"
    schedulingWeights "-"
    tosToQoSqueue "0,1,2,3,4,5,6,7,8,9,10,11,12,13,14,15,16,17,18,19,20,21,22,23,24,25,26,27,28,29,30,31,32,33,34,35,36,37,38,39,40,41,42,43,44,45,46,47,48,49,50,51,52,53,54,55,56,57,58,59,60,61,62,63,64,65,66,67,68,69,70,71,72,73,74,75,76,77,78,79,80,81"
    queueSizes "32"
    type "origin_mmtc"
    reservation 227840.0
  ]
  node [
    id 61
    label "61"
    schedulingPolicy "FIFO"
    levelsQoS "1"
    schedulingWeights "-"
    tosToQoSqueue "0,1,2,3,4,5,6,7,8,9,10,11,12,13,14,15,16,17,18,19,20,21,22,23,24,25,26,27,28,29,30,31,32,33,34,35,36,37,38,39,40,41,42,43,44,45,46,47,48,49,50,51,52,53,54,55,56,57,58,59,60,61,62,63,64,65,66,67,68,69,70,71,72,73,74,75,76,77,78,79,80,81"
    queueSizes "32"
    type "origin_mmtc"
    reservation 179300.0
  ]
  node [
    id 62
    label "62"
    schedulingPolicy "FIFO"
    levelsQoS "1"
    schedulingWeights "-"
    tosToQoSqueue "0,1,2,3,4,5,6,7,8,9,10,11,12,13,14,15,16,17,18,19,20,21,22,23,24,25,26,27,28,29,30,31,32,33,34,35,36,37,38,39,40,41,42,43,44,45,46,47,48,49,50,51,52,53,54,55,56,57,58,59,60,61,62,63,64,65,66,67,68,69,70,71,72,73,74,75,76,77,78,79,80,81"
    queueSizes "32"
    type "origin_urllc"
    reservation 2997050.0
  ]
  node [
    id 63
    label "63"
    schedulingPolicy "FIFO"
    levelsQoS "1"
    schedulingWeights "-"
    tosToQoSqueue "0,1,2,3,4,5,6,7,8,9,10,11,12,13,14,15,16,17,18,19,20,21,22,23,24,25,26,27,28,29,30,31,32,33,34,35,36,37,38,39,40,41,42,43,44,45,46,47,48,49,50,51,52,53,54,55,56,57,58,59,60,61,62,63,64,65,66,67,68,69,70,71,72,73,74,75,76,77,78,79,80,81"
    queueSizes "32"
    type "origin_urllc"
    reservation 2997050.0
  ]
  node [
    id 64
    label "64"
    schedulingPolicy "FIFO"
    levelsQoS "1"
    schedulingWeights "-"
    tosToQoSqueue "0,1,2,3,4,5,6,7,8,9,10,11,12,13,14,15,16,17,18,19,20,21,22,23,24,25,26,27,28,29,30,31,32,33,34,35,36,37,38,39,40,41,42,43,44,45,46,47,48,49,50,51,52,53,54,55,56,57,58,59,60,61,62,63,64,65,66,67,68,69,70,71,72,73,74,75,76,77,78,79,80,81"
    queueSizes "32"
    type "origin_mmtc"
    reservation 227840.0
  ]
  node [
    id 65
    label "65"
    schedulingPolicy "FIFO"
    levelsQoS "1"
    schedulingWeights "-"
    tosToQoSqueue "0,1,2,3,4,5,6,7,8,9,10,11,12,13,14,15,16,17,18,19,20,21,22,23,24,25,26,27,28,29,30,31,32,33,34,35,36,37,38,39,40,41,42,43,44,45,46,47,48,49,50,51,52,53,54,55,56,57,58,59,60,61,62,63,64,65,66,67,68,69,70,71,72,73,74,75,76,77,78,79,80,81"
    queueSizes "32"
    type "origin_urllc"
    reservation 2997050.0
  ]
  node [
    id 66
    label "66"
    schedulingPolicy "FIFO"
    levelsQoS "1"
    schedulingWeights "-"
    tosToQoSqueue "0,1,2,3,4,5,6,7,8,9,10,11,12,13,14,15,16,17,18,19,20,21,22,23,24,25,26,27,28,29,30,31,32,33,34,35,36,37,38,39,40,41,42,43,44,45,46,47,48,49,50,51,52,53,54,55,56,57,58,59,60,61,62,63,64,65,66,67,68,69,70,71,72,73,74,75,76,77,78,79,80,81"
    queueSizes "32"
    type "origin_urllc"
    reservation 2997050.0
  ]
  node [
    id 67
    label "67"
    schedulingPolicy "FIFO"
    levelsQoS "1"
    schedulingWeights "-"
    tosToQoSqueue "0,1,2,3,4,5,6,7,8,9,10,11,12,13,14,15,16,17,18,19,20,21,22,23,24,25,26,27,28,29,30,31,32,33,34,35,36,37,38,39,40,41,42,43,44,45,46,47,48,49,50,51,52,53,54,55,56,57,58,59,60,61,62,63,64,65,66,67,68,69,70,71,72,73,74,75,76,77,78,79,80,81"
    queueSizes "32"
    type "origin_urllc"
    reservation 3388700.0
  ]
  node [
    id 68
    label "68"
    schedulingPolicy "FIFO"
    levelsQoS "1"
    schedulingWeights "-"
    tosToQoSqueue "0,1,2,3,4,5,6,7,8,9,10,11,12,13,14,15,16,17,18,19,20,21,22,23,24,25,26,27,28,29,30,31,32,33,34,35,36,37,38,39,40,41,42,43,44,45,46,47,48,49,50,51,52,53,54,55,56,57,58,59,60,61,62,63,64,65,66,67,68,69,70,71,72,73,74,75,76,77,78,79,80,81"
    queueSizes "32"
    type "origin_urllc"
    reservation 3388700.0
  ]
  node [
    id 69
    label "69"
    schedulingPolicy "FIFO"
    levelsQoS "1"
    schedulingWeights "-"
    tosToQoSqueue "0,1,2,3,4,5,6,7,8,9,10,11,12,13,14,15,16,17,18,19,20,21,22,23,24,25,26,27,28,29,30,31,32,33,34,35,36,37,38,39,40,41,42,43,44,45,46,47,48,49,50,51,52,53,54,55,56,57,58,59,60,61,62,63,64,65,66,67,68,69,70,71,72,73,74,75,76,77,78,79,80,81"
    queueSizes "32"
    type "origin_mmtc"
    reservation 215180.0
  ]
  node [
    id 70
    label "70"
    schedulingPolicy "FIFO"
    levelsQoS "1"
    schedulingWeights "-"
    tosToQoSqueue "0,1,2,3,4,5,6,7,8,9,10,11,12,13,14,15,16,17,18,19,20,21,22,23,24,25,26,27,28,29,30,31,32,33,34,35,36,37,38,39,40,41,42,43,44,45,46,47,48,49,50,51,52,53,54,55,56,57,58,59,60,61,62,63,64,65,66,67,68,69,70,71,72,73,74,75,76,77,78,79,80,81"
    queueSizes "32"
    type "origin_mmtc"
    reservation 227840.0
  ]
  node [
    id 71
    label "71"
    schedulingPolicy "FIFO"
    levelsQoS "1"
    schedulingWeights "-"
    tosToQoSqueue "0,1,2,3,4,5,6,7,8,9,10,11,12,13,14,15,16,17,18,19,20,21,22,23,24,25,26,27,28,29,30,31,32,33,34,35,36,37,38,39,40,41,42,43,44,45,46,47,48,49,50,51,52,53,54,55,56,57,58,59,60,61,62,63,64,65,66,67,68,69,70,71,72,73,74,75,76,77,78,79,80,81"
    queueSizes "32"
    type "origin_mmtc"
    reservation 204320.0
  ]
  node [
    id 72
    label "72"
    schedulingPolicy "FIFO"
    levelsQoS "1"
    schedulingWeights "-"
    tosToQoSqueue "0,1,2,3,4,5,6,7,8,9,10,11,12,13,14,15,16,17,18,19,20,21,22,23,24,25,26,27,28,29,30,31,32,33,34,35,36,37,38,39,40,41,42,43,44,45,46,47,48,49,50,51,52,53,54,55,56,57,58,59,60,61,62,63,64,65,66,67,68,69,70,71,72,73,74,75,76,77,78,79,80,81"
    queueSizes "32"
    type "origin_mmtc"
    reservation 179300.0
  ]
  node [
    id 73
    label "73"
    schedulingPolicy "FIFO"
    levelsQoS "1"
    schedulingWeights "-"
    tosToQoSqueue "0,1,2,3,4,5,6,7,8,9,10,11,12,13,14,15,16,17,18,19,20,21,22,23,24,25,26,27,28,29,30,31,32,33,34,35,36,37,38,39,40,41,42,43,44,45,46,47,48,49,50,51,52,53,54,55,56,57,58,59,60,61,62,63,64,65,66,67,68,69,70,71,72,73,74,75,76,77,78,79,80,81"
    queueSizes "32"
    type "origin_mmtc"
    reservation 215180.0
  ]
  node [
    id 74
    label "74"
    schedulingPolicy "FIFO"
    levelsQoS "1"
    schedulingWeights "-"
    tosToQoSqueue "0,1,2,3,4,5,6,7,8,9,10,11,12,13,14,15,16,17,18,19,20,21,22,23,24,25,26,27,28,29,30,31,32,33,34,35,36,37,38,39,40,41,42,43,44,45,46,47,48,49,50,51,52,53,54,55,56,57,58,59,60,61,62,63,64,65,66,67,68,69,70,71,72,73,74,75,76,77,78,79,80,81"
    queueSizes "32"
    type "origin_mmtc"
    reservation 218360.0
  ]
  node [
    id 75
    label "75"
    schedulingPolicy "FIFO"
    levelsQoS "1"
    schedulingWeights "-"
    tosToQoSqueue "0,1,2,3,4,5,6,7,8,9,10,11,12,13,14,15,16,17,18,19,20,21,22,23,24,25,26,27,28,29,30,31,32,33,34,35,36,37,38,39,40,41,42,43,44,45,46,47,48,49,50,51,52,53,54,55,56,57,58,59,60,61,62,63,64,65,66,67,68,69,70,71,72,73,74,75,76,77,78,79,80,81"
    queueSizes "32"
    type "origin_mmtc"
    reservation 229880.0
  ]
  node [
    id 76
    label "76"
    schedulingPolicy "FIFO"
    levelsQoS "1"
    schedulingWeights "-"
    tosToQoSqueue "0,1,2,3,4,5,6,7,8,9,10,11,12,13,14,15,16,17,18,19,20,21,22,23,24,25,26,27,28,29,30,31,32,33,34,35,36,37,38,39,40,41,42,43,44,45,46,47,48,49,50,51,52,53,54,55,56,57,58,59,60,61,62,63,64,65,66,67,68,69,70,71,72,73,74,75,76,77,78,79,80,81"
    queueSizes "32"
    type "origin_mmtc"
    reservation 227840.0
  ]
  node [
    id 77
    label "77"
    schedulingPolicy "FIFO"
    levelsQoS "1"
    schedulingWeights "-"
    tosToQoSqueue "0,1,2,3,4,5,6,7,8,9,10,11,12,13,14,15,16,17,18,19,20,21,22,23,24,25,26,27,28,29,30,31,32,33,34,35,36,37,38,39,40,41,42,43,44,45,46,47,48,49,50,51,52,53,54,55,56,57,58,59,60,61,62,63,64,65,66,67,68,69,70,71,72,73,74,75,76,77,78,79,80,81"
    queueSizes "32"
    type "origin_mmtc"
    reservation 172520.0
  ]
  node [
    id 78
    label "78"
    schedulingPolicy "FIFO"
    levelsQoS "1"
    schedulingWeights "-"
    tosToQoSqueue "0,1,2,3,4,5,6,7,8,9,10,11,12,13,14,15,16,17,18,19,20,21,22,23,24,25,26,27,28,29,30,31,32,33,34,35,36,37,38,39,40,41,42,43,44,45,46,47,48,49,50,51,52,53,54,55,56,57,58,59,60,61,62,63,64,65,66,67,68,69,70,71,72,73,74,75,76,77,78,79,80,81"
    queueSizes "32"
    type "origin_mmtc"
    reservation 223640.0
  ]
  node [
    id 79
    label "79"
    schedulingPolicy "FIFO"
    levelsQoS "1"
    schedulingWeights "-"
    tosToQoSqueue "0,1,2,3,4,5,6,7,8,9,10,11,12,13,14,15,16,17,18,19,20,21,22,23,24,25,26,27,28,29,30,31,32,33,34,35,36,37,38,39,40,41,42,43,44,45,46,47,48,49,50,51,52,53,54,55,56,57,58,59,60,61,62,63,64,65,66,67,68,69,70,71,72,73,74,75,76,77,78,79,80,81"
    queueSizes "32"
    type "origin_mmtc"
    reservation 223640.0
  ]
  node [
    id 80
    label "80"
    schedulingPolicy "FIFO"
    levelsQoS "1"
    schedulingWeights "-"
    tosToQoSqueue "0,1,2,3,4,5,6,7,8,9,10,11,12,13,14,15,16,17,18,19,20,21,22,23,24,25,26,27,28,29,30,31,32,33,34,35,36,37,38,39,40,41,42,43,44,45,46,47,48,49,50,51,52,53,54,55,56,57,58,59,60,61,62,63,64,65,66,67,68,69,70,71,72,73,74,75,76,77,78,79,80,81"
    queueSizes "32"
    type "origin_mmtc"
    reservation 222800.0
  ]
  node [
    id 81
    label "81"
    schedulingPolicy "FIFO"
    levelsQoS "1"
    schedulingWeights "-"
    tosToQoSqueue "0,1,2,3,4,5,6,7,8,9,10,11,12,13,14,15,16,17,18,19,20,21,22,23,24,25,26,27,28,29,30,31,32,33,34,35,36,37,38,39,40,41,42,43,44,45,46,47,48,49,50,51,52,53,54,55,56,57,58,59,60,61,62,63,64,65,66,67,68,69,70,71,72,73,74,75,76,77,78,79,80,81"
    queueSizes "32"
    type "origin_mmtc"
    reservation 229880.0
  ]
  edge [
    source 0
    target 11
    key 0
    LinkType "Optical"
    LinkLabel "Optical Network"
    LinkNote " Network"
    bandwidth 50000000
    traffic "3500000,3500000,3500000,200000,200000,200000,3500000,3500000,3500000,200000,200000,200000"
    reservation "2997050.0,3388700.0,2997050.0,215000.0,229880.0,222800.0,2997050.0,3388700.0,3388700.0,223640.0,222800.0,229880.0"
    port 0
  ]
  edge [
    source 0
    target 3
    key 0
    LinkType "Fiber"
    LinkLabel "Fiber Backbone"
    LinkNote " Backbone"
    bandwidth 50000000
    traffic ""
    reservation ""
    port 1
  ]
  edge [
    source 0
    target 6
    key 0
    LinkType "Optical"
    LinkLabel "Optical Network"
    LinkNote " Network"
    bandwidth 50000000
    traffic ""
    reservation ""
    port 2
  ]
  edge [
    source 0
    target 22
    key 0
    port 3
    weight 1
    bandwidth 350000000
    traffic "18000000,18000000,18000000,18000000,18000000,18000000"
    reservation "18837000.0,18837000.0,18837000.0,20068200.0,19733400.0,20602800.0"
  ]
  edge [
    source 1
    target 11
    key 0
    LinkType "Fiber"
    LinkLabel "Fiber Backbone"
    LinkNote " Backbone"
    bandwidth 50000000
    traffic "18000000,18000000,3500000,3500000,3500000"
    reservation "18837000.0,18837000.0,2997050.0,3388700.0,2997050.0"
    port 0
  ]
  edge [
    source 1
    target 7
    key 0
    LinkType "Optical"
    LinkLabel "Optical Network"
    LinkNote " Network"
    bandwidth 50000000
    traffic ""
    reservation ""
    port 1
  ]
  edge [
    source 1
    target 21
    key 0
    port 2
    weight 1
    bandwidth 350000000
    traffic "200000,200000,200000,200000,200000,200000,200000,200000,200000,200000,200000,200000,200000,200000,200000,200000,200000,200000,200000,200000,200000,200000,200000,200000,200000,200000,200000,200000,200000,200000,200000,200000,200000,200000,200000"
    reservation "192140.0,218360.0,215000.0,179300.0,215000.0,181220.0,172520.0,223640.0,172520.0,180620.0,227840.0,215180.0,179300.0,192140.0,215000.0,229880.0,222800.0,172520.0,204320.0,227840.0,179300.0,227840.0,215180.0,227840.0,204320.0,179300.0,215180.0,218360.0,229880.0,227840.0,172520.0,223640.0,223640.0,222800.0,229880.0"
  ]
  edge [
    source 2
    target 11
    key 0
    LinkType "Fiber"
    LinkLabel "Fiber Backbone"
    LinkNote " Backbone"
    bandwidth 50000000
    traffic "18000000,3500000,3500000,3500000,3500000,200000,3500000,3500000,200000,200000,3500000,3500000,200000,3500000,200000,200000,200000,200000,200000,200000,200000,200000,200000,200000"
    reservation "18837000.0,3388700.0,2997050.0,3388700.0,2997050.0,204320.0,2997050.0,3388700.0,227840.0,179300.0,2997050.0,2997050.0,227840.0,2997050.0,215180.0,227840.0,204320.0,179300.0,215180.0,218360.0,229880.0,227840.0,172520.0,223640.0"
    port 0
  ]
  edge [
    source 2
    target 3
    key 0
    LinkType "Fiber"
    LinkLabel "Fiber Backbone"
    LinkNote " Backbone"
    bandwidth 50000000
    traffic "18000000,18000000,3500000,3500000,3500000,200000,200000,200000"
    reservation "18837000.0,20602800.0,2997050.0,3388700.0,3388700.0,223640.0,222800.0,229880.0"
    port 1
  ]
  edge [
    source 2
    target 24
    key 0
    port 2
    weight 1
    bandwidth 50000000
    traffic ""
    reservation ""
  ]
  edge [
    source 2
    target 52
    key 0
    port 3
    weight 1
    bandwidth 50000000
    traffic ""
    reservation ""
  ]
  edge [
    source 2
    target 53
    key 0
    port 4
    weight 1
    bandwidth 50000000
    traffic ""
    reservation ""
  ]
  edge [
    source 2
    target 54
    key 0
    port 5
    weight 1
    bandwidth 50000000
    traffic ""
    reservation ""
  ]
  edge [
    source 2
    target 55
    key 0
    port 6
    weight 1
    bandwidth 50000000
    traffic ""
    reservation ""
  ]
  edge [
    source 2
    target 56
    key 0
    port 7
    weight 1
    bandwidth 50000000
    traffic ""
    reservation ""
  ]
  edge [
    source 2
    target 57
    key 0
    port 8
    weight 1
    bandwidth 50000000
    traffic ""
    reservation ""
  ]
  edge [
    source 2
    target 58
    key 0
    port 9
    weight 1
    bandwidth 50000000
    traffic ""
    reservation ""
  ]
  edge [
    source 2
    target 59
    key 0
    port 10
    weight 1
    bandwidth 50000000
    traffic ""
    reservation ""
  ]
  edge [
    source 2
    target 60
    key 0
    port 11
    weight 1
    bandwidth 50000000
    traffic ""
    reservation ""
  ]
  edge [
    source 2
    target 61
    key 0
    port 12
    weight 1
    bandwidth 50000000
    traffic ""
    reservation ""
  ]
  edge [
    source 2
    target 62
    key 0
    port 13
    weight 1
    bandwidth 50000000
    traffic ""
    reservation ""
  ]
  edge [
    source 2
    target 63
    key 0
    port 14
    weight 1
    bandwidth 50000000
    traffic ""
    reservation ""
  ]
  edge [
    source 2
    target 64
    key 0
    port 15
    weight 1
    bandwidth 50000000
    traffic ""
    reservation ""
  ]
  edge [
    source 2
    target 65
    key 0
    port 16
    weight 1
    bandwidth 50000000
    traffic ""
    reservation ""
  ]
  edge [
    source 2
    target 66
    key 0
    port 17
    weight 1
    bandwidth 50000000
    traffic ""
    reservation ""
  ]
  edge [
    source 2
    target 67
    key 0
    port 18
    weight 1
    bandwidth 50000000
    traffic ""
    reservation ""
  ]
  edge [
    source 2
    target 68
    key 0
    port 19
    weight 1
    bandwidth 50000000
    traffic ""
    reservation ""
  ]
  edge [
    source 2
    target 69
    key 0
    port 20
    weight 1
    bandwidth 50000000
    traffic ""
    reservation ""
  ]
  edge [
    source 2
    target 70
    key 0
    port 21
    weight 1
    bandwidth 50000000
    traffic ""
    reservation ""
  ]
  edge [
    source 2
    target 71
    key 0
    port 22
    weight 1
    bandwidth 50000000
    traffic ""
    reservation ""
  ]
  edge [
    source 2
    target 72
    key 0
    port 23
    weight 1
    bandwidth 50000000
    traffic ""
    reservation ""
  ]
  edge [
    source 2
    target 73
    key 0
    port 24
    weight 1
    bandwidth 50000000
    traffic ""
    reservation ""
  ]
  edge [
    source 2
    target 74
    key 0
    port 25
    weight 1
    bandwidth 50000000
    traffic ""
    reservation ""
  ]
  edge [
    source 2
    target 75
    key 0
    port 26
    weight 1
    bandwidth 50000000
    traffic ""
    reservation ""
  ]
  edge [
    source 2
    target 76
    key 0
    port 27
    weight 1
    bandwidth 50000000
    traffic ""
    reservation ""
  ]
  edge [
    source 2
    target 77
    key 0
    port 28
    weight 1
    bandwidth 50000000
    traffic ""
    reservation ""
  ]
  edge [
    source 2
    target 78
    key 0
    port 29
    weight 1
    bandwidth 50000000
    traffic ""
    reservation ""
  ]
  edge [
    source 2
    target 79
    key 0
    port 30
    weight 1
    bandwidth 50000000
    traffic ""
    reservation ""
  ]
  edge [
    source 2
    target 80
    key 0
    port 31
    weight 1
    bandwidth 50000000
    traffic ""
    reservation ""
  ]
  edge [
    source 2
    target 81
    key 0
    port 32
    weight 1
    bandwidth 50000000
    traffic ""
    reservation ""
  ]
  edge [
    source 3
    target 0
    key 0
    LinkType "Fiber"
    LinkLabel "Fiber Backbone"
    LinkNote " Backbone"
    bandwidth 50000000
    traffic "18000000,18000000,3500000,3500000,3500000,200000,200000,200000"
    reservation "18837000.0,20602800.0,2997050.0,3388700.0,3388700.0,223640.0,222800.0,229880.0"
    port 0
  ]
  edge [
    source 3
    target 2
    key 0
    LinkType "Fiber"
    LinkLabel "Fiber Backbone"
    LinkNote " Backbone"
    bandwidth 50000000
    traffic ""
    reservation ""
    port 1
  ]
  edge [
    source 4
    target 5
    key 0
    LinkType "Optical"
    LinkLabel "Optical Network"
    LinkNote " Network"
    bandwidth 50000000
    traffic ""
    reservation ""
    port 0
  ]
  edge [
    source 4
    target 6
    key 0
    LinkType "Optical"
    LinkLabel "Optical Network"
    LinkNote " Network"
    bandwidth 50000000
    traffic "18000000,18000000,3500000,3500000,3500000,200000,200000,200000"
    reservation "20068200.0,19733400.0,2997050.0,3388700.0,2997050.0,215000.0,229880.0,222800.0"
    port 1
  ]
  edge [
    source 5
    target 4
    key 0
    LinkType "Optical"
    LinkLabel "Optical Network"
    LinkNote " Network"
    bandwidth 50000000
    traffic "18000000,18000000,3500000,3500000,3500000,200000,200000,200000"
    reservation "20068200.0,19733400.0,2997050.0,3388700.0,2997050.0,215000.0,229880.0,222800.0"
    port 0
  ]
  edge [
    source 5
    target 8
    key 0
    LinkType "Optical"
    LinkLabel "Optical Network"
    LinkNote " Network"
    bandwidth 50000000
    traffic ""
    reservation ""
    port 1
  ]
  edge [
    source 6
    target 0
    key 0
    LinkType "Optical"
    LinkLabel "Optical Network"
    LinkNote " Network"
    bandwidth 50000000
    traffic "18000000,18000000,3500000,3500000,3500000,200000,200000,200000"
    reservation "20068200.0,19733400.0,2997050.0,3388700.0,2997050.0,215000.0,229880.0,222800.0"
    port 0
  ]
  edge [
    source 6
    target 4
    key 0
    LinkType "Optical"
    LinkLabel "Optical Network"
    LinkNote " Network"
    bandwidth 50000000
    traffic ""
    reservation ""
    port 1
  ]
  edge [
    source 7
    target 1
    key 0
    LinkType "Optical"
    LinkLabel "Optical Network"
    LinkNote " Network"
    bandwidth 50000000
    traffic "18000000,18000000,3500000,3500000,3500000,200000,200000,200000,200000,200000,200000,200000,200000,200000,200000,200000,200000,200000,200000,200000"
    reservation "18837000.0,18837000.0,2997050.0,3388700.0,2997050.0,192140.0,218360.0,215000.0,179300.0,215000.0,181220.0,172520.0,223640.0,172520.0,180620.0,227840.0,215180.0,179300.0,192140.0,172520.0"
    port 0
  ]
  edge [
    source 7
    target 9
    key 0
    LinkType "Optical"
    LinkLabel "Optical Network"
    LinkNote " Network"
    bandwidth 50000000
    traffic ""
    reservation ""
    port 1
  ]
  edge [
    source 8
    target 5
    key 0
    LinkType "Optical"
    LinkLabel "Optical Network"
    LinkNote " Network"
    bandwidth 50000000
    traffic "18000000,18000000,3500000,3500000,3500000,200000,200000,200000"
    reservation "20068200.0,19733400.0,2997050.0,3388700.0,2997050.0,215000.0,229880.0,222800.0"
    port 0
  ]
  edge [
    source 8
    target 9
    key 0
    LinkType "Optical"
    LinkLabel "Optical Network"
    LinkNote " Network"
    bandwidth 50000000
    traffic ""
    reservation ""
    port 1
  ]
  edge [
    source 9
    target 7
    key 0
    LinkType "Optical"
    LinkLabel "Optical Network"
    LinkNote " Network"
    bandwidth 50000000
    traffic "18000000,18000000,3500000,3500000,3500000,200000,200000,200000,200000,200000,200000,200000,200000,200000,200000,200000,200000,200000,200000,200000"
    reservation "18837000.0,18837000.0,2997050.0,3388700.0,2997050.0,192140.0,218360.0,215000.0,179300.0,215000.0,181220.0,172520.0,223640.0,172520.0,180620.0,227840.0,215180.0,179300.0,192140.0,172520.0"
    port 0
  ]
  edge [
    source 9
    target 8
    key 0
    LinkType "Optical"
    LinkLabel "Optical Network"
    LinkNote " Network"
    bandwidth 50000000
    traffic "18000000,18000000,3500000,3500000,3500000,200000,200000,200000"
    reservation "20068200.0,19733400.0,2997050.0,3388700.0,2997050.0,215000.0,229880.0,222800.0"
    port 1
  ]
  edge [
    source 9
    target 23
    key 0
    port 2
    weight 1
    bandwidth 50000000
    traffic ""
    reservation ""
  ]
  edge [
    source 9
    target 25
    key 0
    port 3
    weight 1
    bandwidth 50000000
    traffic ""
    reservation ""
  ]
  edge [
    source 9
    target 26
    key 0
    port 4
    weight 1
    bandwidth 50000000
    traffic ""
    reservation ""
  ]
  edge [
    source 9
    target 27
    key 0
    port 5
    weight 1
    bandwidth 50000000
    traffic ""
    reservation ""
  ]
  edge [
    source 9
    target 28
    key 0
    port 6
    weight 1
    bandwidth 50000000
    traffic ""
    reservation ""
  ]
  edge [
    source 9
    target 29
    key 0
    port 7
    weight 1
    bandwidth 50000000
    traffic ""
    reservation ""
  ]
  edge [
    source 9
    target 30
    key 0
    port 8
    weight 1
    bandwidth 50000000
    traffic ""
    reservation ""
  ]
  edge [
    source 9
    target 31
    key 0
    port 9
    weight 1
    bandwidth 50000000
    traffic ""
    reservation ""
  ]
  edge [
    source 9
    target 32
    key 0
    port 10
    weight 1
    bandwidth 50000000
    traffic ""
    reservation ""
  ]
  edge [
    source 9
    target 33
    key 0
    port 11
    weight 1
    bandwidth 50000000
    traffic ""
    reservation ""
  ]
  edge [
    source 9
    target 34
    key 0
    port 12
    weight 1
    bandwidth 50000000
    traffic ""
    reservation ""
  ]
  edge [
    source 9
    target 35
    key 0
    port 13
    weight 1
    bandwidth 50000000
    traffic ""
    reservation ""
  ]
  edge [
    source 9
    target 36
    key 0
    port 14
    weight 1
    bandwidth 50000000
    traffic ""
    reservation ""
  ]
  edge [
    source 9
    target 37
    key 0
    port 15
    weight 1
    bandwidth 50000000
    traffic ""
    reservation ""
  ]
  edge [
    source 9
    target 38
    key 0
    port 16
    weight 1
    bandwidth 50000000
    traffic ""
    reservation ""
  ]
  edge [
    source 9
    target 39
    key 0
    port 17
    weight 1
    bandwidth 50000000
    traffic ""
    reservation ""
  ]
  edge [
    source 9
    target 40
    key 0
    port 18
    weight 1
    bandwidth 50000000
    traffic ""
    reservation ""
  ]
  edge [
    source 9
    target 41
    key 0
    port 19
    weight 1
    bandwidth 50000000
    traffic ""
    reservation ""
  ]
  edge [
    source 9
    target 42
    key 0
    port 20
    weight 1
    bandwidth 50000000
    traffic ""
    reservation ""
  ]
  edge [
    source 9
    target 43
    key 0
    port 21
    weight 1
    bandwidth 50000000
    traffic ""
    reservation ""
  ]
  edge [
    source 9
    target 44
    key 0
    port 22
    weight 1
    bandwidth 50000000
    traffic ""
    reservation ""
  ]
  edge [
    source 9
    target 45
    key 0
    port 23
    weight 1
    bandwidth 50000000
    traffic ""
    reservation ""
  ]
  edge [
    source 9
    target 46
    key 0
    port 24
    weight 1
    bandwidth 50000000
    traffic ""
    reservation ""
  ]
  edge [
    source 9
    target 47
    key 0
    port 25
    weight 1
    bandwidth 50000000
    traffic ""
    reservation ""
  ]
  edge [
    source 9
    target 48
    key 0
    port 26
    weight 1
    bandwidth 50000000
    traffic ""
    reservation ""
  ]
  edge [
    source 9
    target 49
    key 0
    port 27
    weight 1
    bandwidth 50000000
    traffic ""
    reservation ""
  ]
  edge [
    source 9
    target 50
    key 0
    port 28
    weight 1
    bandwidth 50000000
    traffic ""
    reservation ""
  ]
  edge [
    source 9
    target 51
    key 0
    port 29
    weight 1
    bandwidth 50000000
    traffic ""
    reservation ""
  ]
  edge [
    source 10
    target 18
    key 0
    LinkType "Fiber"
    LinkLabel "Fiber Backbone"
    LinkNote " Backbone"
    bandwidth 50000000
    traffic ""
    reservation ""
    port 0
  ]
  edge [
    source 10
    target 19
    key 0
    LinkType "Fiber"
    LinkLabel "Fiber Backbone"
    LinkNote " Backbone"
    bandwidth 50000000
    traffic "3500000,3500000,3500000,3500000,3500000,3500000,3500000,3500000,3500000,3500000,3500000,3500000,3500000,3500000,3500000,3500000"
    reservation "2997050.0,3388700.0,2997050.0,2997050.0,3388700.0,2997050.0,3388700.0,2997050.0,3388700.0,2997050.0,2997050.0,3388700.0,2997050.0,2997050.0,2997050.0,2997050.0"
    port 1
  ]
  edge [
    source 11
    target 0
    key 0
    LinkType "Optical"
    LinkLabel "Optical Network"
    LinkNote " Network"
    bandwidth 50000000
    traffic "18000000,18000000"
    reservation "18837000.0,18837000.0"
    port 0
  ]
  edge [
    source 11
    target 1
    key 0
    LinkType "Fiber"
    LinkLabel "Fiber Backbone"
    LinkNote " Backbone"
    bandwidth 50000000
    traffic "200000,200000,200000,200000,200000,200000,200000,200000,200000,200000,200000,200000,200000,200000,200000,200000,200000,200000,200000,200000"
    reservation "215000.0,229880.0,222800.0,204320.0,227840.0,179300.0,227840.0,215180.0,227840.0,204320.0,179300.0,215180.0,218360.0,229880.0,227840.0,172520.0,223640.0,223640.0,222800.0,229880.0"
    port 1
  ]
  edge [
    source 11
    target 2
    key 0
    LinkType "Fiber"
    LinkLabel "Fiber Backbone"
    LinkNote " Backbone"
    bandwidth 50000000
    traffic "18000000"
    reservation "18837000.0"
    port 2
  ]
  edge [
    source 11
    target 18
    key 0
    LinkType "Fiber"
    LinkLabel "Fiber Backbone"
    LinkNote " Backbone"
    bandwidth 50000000
    traffic "3500000,3500000,3500000,3500000,3500000,3500000,3500000,3500000,3500000,3500000,3500000,3500000,3500000,3500000,3500000,3500000"
    reservation "2997050.0,3388700.0,2997050.0,2997050.0,3388700.0,2997050.0,3388700.0,2997050.0,3388700.0,2997050.0,2997050.0,3388700.0,2997050.0,2997050.0,2997050.0,2997050.0"
    port 3
  ]
  edge [
    source 11
    target 15
    key 0
    LinkType "Fiber"
    LinkLabel "Fiber Backbone"
    LinkNote " Backbone"
    bandwidth 50000000
    traffic "3500000,3500000"
    reservation "3388700.0,3388700.0"
    port 4
  ]
  edge [
    source 12
    target 17
    key 0
    LinkType "Fiber"
    LinkLabel "Fiber Backbone"
    LinkNote " Backbone"
    bandwidth 50000000
    traffic ""
    reservation ""
    port 0
  ]
  edge [
    source 12
    target 13
    key 0
    LinkType "Fiber"
    LinkLabel "Fiber Backbone"
    LinkNote " Backbone"
    bandwidth 50000000
    traffic ""
    reservation ""
    port 1
  ]
  edge [
    source 12
    target 20
    key 0
    port 2
    weight 1
    bandwidth 350000000
    traffic "3500000,3500000,3500000,3500000,3500000,3500000,3500000,3500000,3500000,3500000,3500000,3500000,3500000,3500000,3500000,3500000,3500000,3500000"
    reservation "2997050.0,3388700.0,2997050.0,2997050.0,3388700.0,2997050.0,3388700.0,2997050.0,3388700.0,2997050.0,2997050.0,3388700.0,2997050.0,2997050.0,2997050.0,2997050.0,3388700.0,3388700.0"
  ]
  edge [
    source 13
    target 12
    key 0
    LinkType "Fiber"
    LinkLabel "Fiber Backbone"
    LinkNote " Backbone"
    bandwidth 50000000
    traffic "3500000,3500000"
    reservation "3388700.0,3388700.0"
    port 0
  ]
  edge [
    source 13
    target 14
    key 0
    LinkType "Fiber"
    LinkLabel "Fiber Backbone"
    LinkNote " Backbone"
    bandwidth 50000000
    traffic ""
    reservation ""
    port 1
  ]
  edge [
    source 14
    target 13
    key 0
    LinkType "Fiber"
    LinkLabel "Fiber Backbone"
    LinkNote " Backbone"
    bandwidth 50000000
    traffic "3500000,3500000"
    reservation "3388700.0,3388700.0"
    port 0
  ]
  edge [
    source 14
    target 16
    key 0
    LinkType "Fiber"
    LinkLabel "Fiber Backbone"
    LinkNote " Backbone"
    bandwidth 50000000
    traffic ""
    reservation ""
    port 1
  ]
  edge [
    source 14
    target 15
    key 0
    LinkType "Fiber"
    LinkLabel "Fiber Backbone"
    LinkNote " Backbone"
    bandwidth 50000000
    traffic ""
    reservation ""
    port 2
  ]
  edge [
    source 15
    target 11
    key 0
    LinkType "Fiber"
    LinkLabel "Fiber Backbone"
    LinkNote " Backbone"
    bandwidth 50000000
    traffic ""
    reservation ""
    port 0
  ]
  edge [
    source 15
    target 14
    key 0
    LinkType "Fiber"
    LinkLabel "Fiber Backbone"
    LinkNote " Backbone"
    bandwidth 50000000
    traffic "3500000,3500000"
    reservation "3388700.0,3388700.0"
    port 1
  ]
  edge [
    source 15
    target 16
    key 0
    LinkType "Fiber"
    LinkLabel "Fiber Backbone"
    LinkNote " Backbone"
    bandwidth 50000000
    traffic ""
    reservation ""
    port 2
  ]
  edge [
    source 16
    target 14
    key 0
    LinkType "Fiber"
    LinkLabel "Fiber Backbone"
    LinkNote " Backbone"
    bandwidth 50000000
    traffic ""
    reservation ""
    port 0
  ]
  edge [
    source 16
    target 15
    key 0
    LinkType "Fiber"
    LinkLabel "Fiber Backbone"
    LinkNote " Backbone"
    bandwidth 50000000
    traffic ""
    reservation ""
    port 1
  ]
  edge [
    source 16
    target 17
    key 0
    LinkType "Fiber"
    LinkLabel "Fiber Backbone"
    LinkNote " Backbone"
    bandwidth 50000000
    traffic ""
    reservation ""
    port 2
  ]
  edge [
    source 17
    target 12
    key 0
    LinkType "Fiber"
    LinkLabel "Fiber Backbone"
    LinkNote " Backbone"
    bandwidth 50000000
    traffic "3500000,3500000,3500000,3500000,3500000,3500000,3500000,3500000,3500000,3500000,3500000,3500000,3500000,3500000,3500000,3500000"
    reservation "2997050.0,3388700.0,2997050.0,2997050.0,3388700.0,2997050.0,3388700.0,2997050.0,3388700.0,2997050.0,2997050.0,3388700.0,2997050.0,2997050.0,2997050.0,2997050.0"
    port 0
  ]
  edge [
    source 17
    target 16
    key 0
    LinkType "Fiber"
    LinkLabel "Fiber Backbone"
    LinkNote " Backbone"
    bandwidth 50000000
    traffic ""
    reservation ""
    port 1
  ]
  edge [
    source 17
    target 18
    key 0
    LinkType "Fiber"
    LinkLabel "Fiber Backbone"
    LinkNote " Backbone"
    bandwidth 50000000
    traffic ""
    reservation ""
    port 2
  ]
  edge [
    source 17
    target 19
    key 0
    LinkType "Fiber"
    LinkLabel "Fiber Backbone"
    LinkNote " Backbone"
    bandwidth 50000000
    traffic ""
    reservation ""
    port 3
  ]
  edge [
    source 18
    target 10
    key 0
    LinkType "Fiber"
    LinkLabel "Fiber Backbone"
    LinkNote " Backbone"
    bandwidth 50000000
    traffic "3500000,3500000,3500000,3500000,3500000,3500000,3500000,3500000,3500000,3500000,3500000,3500000,3500000,3500000,3500000,3500000"
    reservation "2997050.0,3388700.0,2997050.0,2997050.0,3388700.0,2997050.0,3388700.0,2997050.0,3388700.0,2997050.0,2997050.0,3388700.0,2997050.0,2997050.0,2997050.0,2997050.0"
    port 0
  ]
  edge [
    source 18
    target 11
    key 0
    LinkType "Fiber"
    LinkLabel "Fiber Backbone"
    LinkNote " Backbone"
    bandwidth 50000000
    traffic ""
    reservation ""
    port 1
  ]
  edge [
    source 18
    target 17
    key 0
    LinkType "Fiber"
    LinkLabel "Fiber Backbone"
    LinkNote " Backbone"
    bandwidth 50000000
    traffic ""
    reservation ""
    port 2
  ]
  edge [
    source 18
    target 19
    key 0
    LinkType "Fiber"
    LinkLabel "Fiber Backbone"
    LinkNote " Backbone"
    bandwidth 50000000
    traffic ""
    reservation ""
    port 3
  ]
  edge [
    source 19
    target 10
    key 0
    LinkType "Fiber"
    LinkLabel "Fiber Backbone"
    LinkNote " Backbone"
    bandwidth 50000000
    traffic ""
    reservation ""
    port 0
  ]
  edge [
    source 19
    target 17
    key 0
    LinkType "Fiber"
    LinkLabel "Fiber Backbone"
    LinkNote " Backbone"
    bandwidth 50000000
    traffic "3500000,3500000,3500000,3500000,3500000,3500000,3500000,3500000,3500000,3500000,3500000,3500000,3500000,3500000,3500000,3500000"
    reservation "2997050.0,3388700.0,2997050.0,2997050.0,3388700.0,2997050.0,3388700.0,2997050.0,3388700.0,2997050.0,2997050.0,3388700.0,2997050.0,2997050.0,2997050.0,2997050.0"
    port 1
  ]
  edge [
    source 19
    target 18
    key 0
    LinkType "Fiber"
    LinkLabel "Fiber Backbone"
    LinkNote " Backbone"
    bandwidth 50000000
    traffic ""
    reservation ""
    port 2
  ]
  edge [
    source 20
    target 12
    key 0
    port 0
    weight 1
    bandwidth 350000000
    traffic ""
    reservation ""
  ]
  edge [
    source 21
    target 1
    key 0
    port 0
    weight 1
    bandwidth 350000000
    traffic ""
    reservation ""
  ]
  edge [
    source 22
    target 0
    key 0
    port 0
    weight 1
    bandwidth 350000000
    traffic ""
    reservation ""
  ]
  edge [
    source 23
    target 9
    key 0
    port 0
    weight 1
    bandwidth 50000000
    traffic "18000000"
    reservation "18837000.0"
  ]
  edge [
    source 24
    target 2
    key 0
    port 0
    weight 1
    bandwidth 50000000
    traffic "18000000"
    reservation "18837000.0"
  ]
  edge [
    source 25
    target 9
    key 0
    port 0
    weight 1
    bandwidth 50000000
    traffic "18000000"
    reservation "18837000.0"
  ]
  edge [
    source 26
    target 9
    key 0
    port 0
    weight 1
    bandwidth 50000000
    traffic "3500000"
    reservation "2997050.0"
  ]
  edge [
    source 27
    target 9
    key 0
    port 0
    weight 1
    bandwidth 50000000
    traffic "3500000"
    reservation "3388700.0"
  ]
  edge [
    source 28
    target 9
    key 0
    port 0
    weight 1
    bandwidth 50000000
    traffic "18000000"
    reservation "20068200.0"
  ]
  edge [
    source 29
    target 9
    key 0
    port 0
    weight 1
    bandwidth 50000000
    traffic "18000000"
    reservation "19733400.0"
  ]
  edge [
    source 30
    target 9
    key 0
    port 0
    weight 1
    bandwidth 50000000
    traffic "3500000"
    reservation "2997050.0"
  ]
  edge [
    source 31
    target 9
    key 0
    port 0
    weight 1
    bandwidth 50000000
    traffic "3500000"
    reservation "2997050.0"
  ]
  edge [
    source 32
    target 9
    key 0
    port 0
    weight 1
    bandwidth 50000000
    traffic "3500000"
    reservation "3388700.0"
  ]
  edge [
    source 33
    target 9
    key 0
    port 0
    weight 1
    bandwidth 50000000
    traffic "3500000"
    reservation "2997050.0"
  ]
  edge [
    source 34
    target 9
    key 0
    port 0
    weight 1
    bandwidth 50000000
    traffic "200000"
    reservation "192140.0"
  ]
  edge [
    source 35
    target 9
    key 0
    port 0
    weight 1
    bandwidth 50000000
    traffic "200000"
    reservation "218360.0"
  ]
  edge [
    source 36
    target 9
    key 0
    port 0
    weight 1
    bandwidth 50000000
    traffic "200000"
    reservation "215000.0"
  ]
  edge [
    source 37
    target 9
    key 0
    port 0
    weight 1
    bandwidth 50000000
    traffic "200000"
    reservation "179300.0"
  ]
  edge [
    source 38
    target 9
    key 0
    port 0
    weight 1
    bandwidth 50000000
    traffic "200000"
    reservation "215000.0"
  ]
  edge [
    source 39
    target 9
    key 0
    port 0
    weight 1
    bandwidth 50000000
    traffic "200000"
    reservation "181220.0"
  ]
  edge [
    source 40
    target 9
    key 0
    port 0
    weight 1
    bandwidth 50000000
    traffic "200000"
    reservation "172520.0"
  ]
  edge [
    source 41
    target 9
    key 0
    port 0
    weight 1
    bandwidth 50000000
    traffic "200000"
    reservation "223640.0"
  ]
  edge [
    source 42
    target 9
    key 0
    port 0
    weight 1
    bandwidth 50000000
    traffic "200000"
    reservation "172520.0"
  ]
  edge [
    source 43
    target 9
    key 0
    port 0
    weight 1
    bandwidth 50000000
    traffic "200000"
    reservation "180620.0"
  ]
  edge [
    source 44
    target 9
    key 0
    port 0
    weight 1
    bandwidth 50000000
    traffic "200000"
    reservation "227840.0"
  ]
  edge [
    source 45
    target 9
    key 0
    port 0
    weight 1
    bandwidth 50000000
    traffic "200000"
    reservation "215180.0"
  ]
  edge [
    source 46
    target 9
    key 0
    port 0
    weight 1
    bandwidth 50000000
    traffic "200000"
    reservation "179300.0"
  ]
  edge [
    source 47
    target 9
    key 0
    port 0
    weight 1
    bandwidth 50000000
    traffic "200000"
    reservation "192140.0"
  ]
  edge [
    source 48
    target 9
    key 0
    port 0
    weight 1
    bandwidth 50000000
    traffic "200000"
    reservation "215000.0"
  ]
  edge [
    source 49
    target 9
    key 0
    port 0
    weight 1
    bandwidth 50000000
    traffic "200000"
    reservation "229880.0"
  ]
  edge [
    source 50
    target 9
    key 0
    port 0
    weight 1
    bandwidth 50000000
    traffic "200000"
    reservation "222800.0"
  ]
  edge [
    source 51
    target 9
    key 0
    port 0
    weight 1
    bandwidth 50000000
    traffic "200000"
    reservation "172520.0"
  ]
  edge [
    source 52
    target 2
    key 0
    port 0
    weight 1
    bandwidth 50000000
    traffic "3500000"
    reservation "3388700.0"
  ]
  edge [
    source 53
    target 2
    key 0
    port 0
    weight 1
    bandwidth 50000000
    traffic "3500000"
    reservation "2997050.0"
  ]
  edge [
    source 54
    target 2
    key 0
    port 0
    weight 1
    bandwidth 50000000
    traffic "3500000"
    reservation "3388700.0"
  ]
  edge [
    source 55
    target 2
    key 0
    port 0
    weight 1
    bandwidth 50000000
    traffic "3500000"
    reservation "2997050.0"
  ]
  edge [
    source 56
    target 2
    key 0
    port 0
    weight 1
    bandwidth 50000000
    traffic "200000"
    reservation "204320.0"
  ]
  edge [
    source 57
    target 2
    key 0
    port 0
    weight 1
    bandwidth 50000000
    traffic "3500000"
    reservation "2997050.0"
  ]
  edge [
    source 58
    target 2
    key 0
    port 0
    weight 1
    bandwidth 50000000
    traffic "18000000"
    reservation "20602800.0"
  ]
  edge [
    source 59
    target 2
    key 0
    port 0
    weight 1
    bandwidth 50000000
    traffic "3500000"
    reservation "3388700.0"
  ]
  edge [
    source 60
    target 2
    key 0
    port 0
    weight 1
    bandwidth 50000000
    traffic "200000"
    reservation "227840.0"
  ]
  edge [
    source 61
    target 2
    key 0
    port 0
    weight 1
    bandwidth 50000000
    traffic "200000"
    reservation "179300.0"
  ]
  edge [
    source 62
    target 2
    key 0
    port 0
    weight 1
    bandwidth 50000000
    traffic "3500000"
    reservation "2997050.0"
  ]
  edge [
    source 63
    target 2
    key 0
    port 0
    weight 1
    bandwidth 50000000
    traffic "3500000"
    reservation "2997050.0"
  ]
  edge [
    source 64
    target 2
    key 0
    port 0
    weight 1
    bandwidth 50000000
    traffic "200000"
    reservation "227840.0"
  ]
  edge [
    source 65
    target 2
    key 0
    port 0
    weight 1
    bandwidth 50000000
    traffic "3500000"
    reservation "2997050.0"
  ]
  edge [
    source 66
    target 2
    key 0
    port 0
    weight 1
    bandwidth 50000000
    traffic "3500000"
    reservation "2997050.0"
  ]
  edge [
    source 67
    target 2
    key 0
    port 0
    weight 1
    bandwidth 50000000
    traffic "3500000"
    reservation "3388700.0"
  ]
  edge [
    source 68
    target 2
    key 0
    port 0
    weight 1
    bandwidth 50000000
    traffic "3500000"
    reservation "3388700.0"
  ]
  edge [
    source 69
    target 2
    key 0
    port 0
    weight 1
    bandwidth 50000000
    traffic "200000"
    reservation "215180.0"
  ]
  edge [
    source 70
    target 2
    key 0
    port 0
    weight 1
    bandwidth 50000000
    traffic "200000"
    reservation "227840.0"
  ]
  edge [
    source 71
    target 2
    key 0
    port 0
    weight 1
    bandwidth 50000000
    traffic "200000"
    reservation "204320.0"
  ]
  edge [
    source 72
    target 2
    key 0
    port 0
    weight 1
    bandwidth 50000000
    traffic "200000"
    reservation "179300.0"
  ]
  edge [
    source 73
    target 2
    key 0
    port 0
    weight 1
    bandwidth 50000000
    traffic "200000"
    reservation "215180.0"
  ]
  edge [
    source 74
    target 2
    key 0
    port 0
    weight 1
    bandwidth 50000000
    traffic "200000"
    reservation "218360.0"
  ]
  edge [
    source 75
    target 2
    key 0
    port 0
    weight 1
    bandwidth 50000000
    traffic "200000"
    reservation "229880.0"
  ]
  edge [
    source 76
    target 2
    key 0
    port 0
    weight 1
    bandwidth 50000000
    traffic "200000"
    reservation "227840.0"
  ]
  edge [
    source 77
    target 2
    key 0
    port 0
    weight 1
    bandwidth 50000000
    traffic "200000"
    reservation "172520.0"
  ]
  edge [
    source 78
    target 2
    key 0
    port 0
    weight 1
    bandwidth 50000000
    traffic "200000"
    reservation "223640.0"
  ]
  edge [
    source 79
    target 2
    key 0
    port 0
    weight 1
    bandwidth 50000000
    traffic "200000"
    reservation "223640.0"
  ]
  edge [
    source 80
    target 2
    key 0
    port 0
    weight 1
    bandwidth 50000000
    traffic "200000"
    reservation "222800.0"
  ]
  edge [
    source 81
    target 2
    key 0
    port 0
    weight 1
    bandwidth 50000000
    traffic "200000"
    reservation "229880.0"
  ]
]
