graph [
  directed 1
  multigraph 1
  GeoLocation "Global"
  GeoExtent "Global"
  Network "Hostway International"
  Provenance "Primary"
  Access 0
  Source "http://www.hostway.com/images/dedicated-servers/infrastructure/map-00.gif"
  Version "1.0"
  Type "COM"
  DateType "Current"
  Backbone 1
  Commercial 0
  label "HostwayInternational"
  ToolsetVersion "0.3.34dev-20120328"
  Customer 1
  IX 0
  SourceGitVersion "e278b1b"
  DateModifier "="
  DateMonth "01"
  LastAccess "2/01/11"
  Layer "IP"
  Creator "Topology Zoo Toolset"
  Developed 0
  Transit 1
  NetworkDate "2011_01"
  DateYear "2011"
  LastProcessed "2011_09_01"
  Testbed 0
  levelsToS 70
  node [
    id 0
    label "0"
    Country "United States"
    Longitude -122.33207
    Internal 1
    Latitude 47.60621
    type "inner"
    schedulingPolicy "WFQ"
    tosToQoSqueue "0,1,2,3,4,5,6,7,8,9,10,11,12,13,14,15,16,17,18,19,20,21,22,23,24,25,26,27,28,29,30,31,32,33,34,35,36,37,38,39,40,41,42,43,44,45,46,47,48,49,50,51,52,53,54,55,56,57,58,59,60,61,62,63,64,65,66,67,68,69"
    schedulingWeights "100;100;100"
    levelsQoS 1
    queueSizes "32"
  ]
  node [
    id 1
    label "1"
    Country "United States"
    Longitude -82.45843
    Internal 1
    Latitude 27.94752
    type "inner"
    schedulingPolicy "WFQ"
    tosToQoSqueue "21,61;69;23,0,1,2,3,4,5,6,7,8,9,10,11,12,13,14,15,16,17,18,19,20,22,24,25,26,27,28,29,30,31,32,33,34,35,36,37,38,39,40,41,42,43,44,45,46,47,48,49,50,51,52,53,54,55,56,57,58,59,60,62,63,64,65,66,67,68"
    schedulingWeights "0.001,0.001,99.998;24.27,0.711,75.018"
    levelsQoS 3
    queueSizes "32,32,32"
  ]
  node [
    id 2
    label "2"
    Country "United States"
    Longitude -87.65005
    Internal 1
    Latitude 41.85003
    type "inner"
    schedulingPolicy "WFQ"
    tosToQoSqueue "0,1,2,3,4,5,6,7,8,9,10,11,12,13,14,15,16,17,18,19,20,21,22,23,24,25,26,27,28,29,30,31,32,33,34,35,36,37,38,39,40,41,42,43,44,45,46,47,48,49,50,51,52,53,54,55,56,57,58,59,60,61,62,63,64,65,66,67,68,69"
    schedulingWeights "100;100;100"
    levelsQoS 1
    queueSizes "32"
  ]
  node [
    id 3
    label "3"
    Country "Canada"
    Longitude -123.11934
    Internal 1
    Latitude 49.24966
    type "inner"
    schedulingPolicy "WFQ"
    tosToQoSqueue "0,1,2,3,4,5,6,7,8,9,10,11,12,13,14,15,16,17,18,19,20,21,22,23,24,25,26,27,28,29,30,31,32,33,34,35,36,37,38,39,40,41,42,43,44,45,46,47,48,49,50,51,52,53,54,55,56,57,58,59,60,61,62,63,64,65,66,67,68,69"
    schedulingWeights "100"
    levelsQoS 1
    queueSizes "32"
  ]
  node [
    id 4
    label "4"
    Country "United States"
    Longitude -80.19366
    Internal 1
    Latitude 25.77427
    type "inner"
    schedulingPolicy "WFQ"
    tosToQoSqueue "24;21,61;49;69;40;44,47;43,48;41,42,46;45;23,0,1,2,3,4,5,6,7,8,9,10,11,12,13,14,15,16,17,18,19,20,22,25,26,27,28,29,30,31,32,33,34,35,36,37,38,39,50,51,52,53,54,55,56,57,58,59,60,62,63,64,65,66,67,68"
    schedulingWeights "0.001,24.27,0.001,0.711,0.001,0.001,0.001,0.001,0.001,75.011;0.001,0.001,0.917,0.001,0.806,1.635,1.631,2.556,0.798,91.655;0.001,0.001,0.001,0.001,0.001,0.001,0.001,0.001,0.001,99.991;14.781,0.001,0.001,0.001,0.001,0.001,0.001,0.001,0.001,85.211"
    levelsQoS 10
    queueSizes "32,32,32,32,32,32,32,32,32,32"
  ]
  node [
    id 5
    label "5"
    Country "United States"
    Longitude -97.74306
    Internal 1
    Latitude 30.26715
    type "inner"
    schedulingPolicy "WFQ"
    tosToQoSqueue "0,1,2,3,4,5,6,7,8,9,10,11,12,13,14,15,16,17,18,19,20,21,22,23,24,25,26,27,28,29,30,31,32,33,34,35,36,37,38,39,40,41,42,43,44,45,46,47,48,49,50,51,52,53,54,55,56,57,58,59,60,61,62,63,64,65,66,67,68,69"
    schedulingWeights "100;100"
    levelsQoS 1
    queueSizes "32"
  ]
  node [
    id 6
    label "6"
    Country "United States"
    Longitude -74.00597
    Internal 1
    Latitude 40.71427
    type "inner"
    schedulingPolicy "WFQ"
    tosToQoSqueue "24;49;69;40;44,47;43,48;41,42,46;45;23,0,1,2,3,4,5,6,7,8,9,10,11,12,13,14,15,16,17,18,19,20,21,22,25,26,27,28,29,30,31,32,33,34,35,36,37,38,39,50,51,52,53,54,55,56,57,58,59,60,61,62,63,64,65,66,67,68"
    schedulingWeights "14.781,0.917,0.001,0.806,1.635,1.631,2.556,0.798,76.876;0.001,0.001,0.001,0.001,0.001,0.001,0.001,0.001,99.992;0.001,0.001,0.001,0.001,0.001,0.001,0.001,0.001,99.992;0.001,0.001,0.711,0.001,0.001,0.001,0.001,0.001,99.282"
    levelsQoS 9
    queueSizes "32,32,32,32,32,32,32,32,32"
  ]
  node [
    id 7
    label "7"
    Country "United States"
    Longitude -84.38798
    Internal 1
    Latitude 33.749
    type "destination_urllc"
    schedulingPolicy "FIFO"
    levelsQoS "1"
    schedulingWeights "-"
    tosToQoSqueue "0,1,2,3,4,5,6,7,8,9,10,11,12,13,14,15,16,17,18,19,20,21,22,23,24,25,26,27,28,29,30,31,32,33,34,35,36,37,38,39,40,41,42,43,44,45,46,47,48,49,50,51,52,53,54,55,56,57,58,59,60,61,62,63,64,65,66,67,68,69"
    queueSizes "32"
  ]
  node [
    id 8
    label "8"
    Country "Romania"
    Longitude 26.10626
    Internal 1
    Latitude 44.43225
    type "destination_mmtc"
    schedulingPolicy "FIFO"
    levelsQoS "1"
    schedulingWeights "-"
    tosToQoSqueue "0,1,2,3,4,5,6,7,8,9,10,11,12,13,14,15,16,17,18,19,20,21,22,23,24,25,26,27,28,29,30,31,32,33,34,35,36,37,38,39,40,41,42,43,44,45,46,47,48,49,50,51,52,53,54,55,56,57,58,59,60,61,62,63,64,65,66,67,68,69"
    queueSizes "32"
  ]
  node [
    id 9
    label "9"
    Country "South Korea"
    Longitude 126.97783
    Internal 1
    Latitude 37.56826
    type "antenna"
    schedulingPolicy "WFQ"
    tosToQoSqueue "21,61;49,54;62,65,68,69;59;40,53;44,47,50,51,55,60,64,67;43,48,52,58,66;41,42,46,56,57,63;45;23;20,0,1,2,3,4,5,6,7,8,9,10,11,12,13,14,15,16,17,18,19,22,24,25,26,27,28,29,30,31,32,33,34,35,36,37,38,39"
    schedulingWeights "0.001,1.834,2.134,0.758,1.612,6.538,4.077,5.112,0.798,0.001,77.135;24.27,0.001,0.711,0.001,0.001,0.001,0.001,0.001,0.001,74.074,0.938;0.001,0.001,0.001,0.001,0.001,0.001,0.001,0.001,0.001,0.001,99.99;0.001,0.001,0.001,0.001,0.001,0.001,0.001,0.001,0.001,0.001,99.99;0.001,0.001,0.001,0.001,0.001,0.001,0.001,0.001,0.001,0.001,99.99;0.001,0.001,0.001,0.001,0.001,0.001,0.001,0.001,0.001,0.001,99.99;0.001,0.001,0.001,0.001,0.001,0.001,0.001,0.001,0.001,0.001,99.99;0.001,0.001,0.001,0.001,0.001,0.001,0.001,0.001,0.001,0.001,99.99;0.001,0.001,0.001,0.001,0.001,0.001,0.001,0.001,0.001,0.001,99.99;0.001,0.001,0.001,0.001,0.001,0.001,0.001,0.001,0.001,0.001,99.99;0.001,0.001,0.001,0.001,0.001,0.001,0.001,0.001,0.001,0.001,99.99;0.001,0.001,0.001,0.001,0.001,0.001,0.001,0.001,0.001,0.001,99.99;0.001,0.001,0.001,0.001,0.001,0.001,0.001,0.001,0.001,0.001,99.99;0.001,0.001,0.001,0.001,0.001,0.001,0.001,0.001,0.001,0.001,99.99;0.001,0.001,0.001,0.001,0.001,0.001,0.001,0.001,0.001,0.001,99.99;0.001,0.001,0.001,0.001,0.001,0.001,0.001,0.001,0.001,0.001,99.99;0.001,0.001,0.001,0.001,0.001,0.001,0.001,0.001,0.001,0.001,99.99;0.001,0.001,0.001,0.001,0.001,0.001,0.001,0.001,0.001,0.001,99.99;0.001,0.001,0.001,0.001,0.001,0.001,0.001,0.001,0.001,0.001,99.99;0.001,0.001,0.001,0.001,0.001,0.001,0.001,0.001,0.001,0.001,99.99;0.001,0.001,0.001,0.001,0.001,0.001,0.001,0.001,0.001,0.001,99.99;0.001,0.001,0.001,0.001,0.001,0.001,0.001,0.001,0.001,0.001,99.99;0.001,0.001,0.001,0.001,0.001,0.001,0.001,0.001,0.001,0.001,99.99"
    levelsQoS 11
    queueSizes "32,32,32,32,32,32,32,32,32,32,32"
  ]
  node [
    id 10
    label "10"
    Country "Australia"
    Longitude 151.20732
    Internal 1
    Latitude -33.86785
    type "inner"
    schedulingPolicy "WFQ"
    tosToQoSqueue "21,61;49;69;40;44,47;43,48;41,42,46;45;23,0,1,2,3,4,5,6,7,8,9,10,11,12,13,14,15,16,17,18,19,20,22,24,25,26,27,28,29,30,31,32,33,34,35,36,37,38,39,50,51,52,53,54,55,56,57,58,59,60,62,63,64,65,66,67,68"
    schedulingWeights "24.27,0.001,0.711,0.001,0.001,0.001,0.001,0.001,75.012;0.001,0.001,0.001,0.001,0.001,0.001,0.001,0.001,99.992;0.001,0.917,0.001,0.806,1.635,1.631,2.556,0.798,91.656"
    levelsQoS 9
    queueSizes "32,32,32,32,32,32,32,32,32"
  ]
  node [
    id 11
    label "11"
    Country "Germany"
    Longitude 9.73322
    Internal 1
    Latitude 52.37052
    type "inner"
    schedulingPolicy "WFQ"
    tosToQoSqueue "24;21;27,35,49;30,69;26,28,33;22,40;32,36,44,47;43,48;25,29,41,42,46;31,34,45;20,0,1,2,3,4,5,6,7,8,9,10,11,12,13,14,15,16,17,18,19,23,37,38,39,50,51,52,53,54,55,56,57,58,59,60,61,62,63,64,65,66,67,68"
    schedulingWeights "14.781,0.001,0.917,0.001,0.001,0.806,1.635,1.631,2.556,0.798,76.874;0.001,12.135,1.834,1.423,2.273,0.806,1.635,0.001,1.704,1.596,76.593"
    levelsQoS 11
    queueSizes "32,32,32,32,32,32,32,32,32,32,32"
  ]
  node [
    id 12
    label "12"
    Country "Netherlands"
    Longitude 4.88969
    Internal 1
    Latitude 52.37403
    type "destination_embb"
    schedulingPolicy "FIFO"
    levelsQoS "1"
    schedulingWeights "-"
    tosToQoSqueue "0,1,2,3,4,5,6,7,8,9,10,11,12,13,14,15,16,17,18,19,20,21,22,23,24,25,26,27,28,29,30,31,32,33,34,35,36,37,38,39,40,41,42,43,44,45,46,47,48,49,50,51,52,53,54,55,56,57,58,59,60,61,62,63,64,65,66,67,68,69"
    queueSizes "32"
  ]
  node [
    id 13
    label "13"
    Country "Belgium"
    Longitude 4.41667
    Internal 1
    Latitude 51.21667
    type "antenna"
    schedulingPolicy "WFQ"
    tosToQoSqueue "24;21;27,35,38,49;30,39;26,28,33;22,40;32,36,44,47;43,48;25,29,37,41,42,46;31,34,45;23;19,0,1,2,3,4,5,6,7,8,9,10,11,12,13,14,15,16,17,18,20,50,51,52,53,54,55,56,57,58,59,60,61,62,63,64,65,66,67,68,69"
    schedulingWeights "0.001,12.135,1.834,0.711,2.273,0.806,1.635,0.001,1.704,1.596,0.001,77.303;14.781,0.001,1.834,0.711,0.001,0.806,1.635,1.631,3.408,0.798,74.074,0.321;0.001,0.001,0.001,0.001,0.001,0.001,0.001,0.001,0.001,0.001,0.001,99.989;0.001,0.001,0.001,0.001,0.001,0.001,0.001,0.001,0.001,0.001,0.001,99.989;0.001,0.001,0.001,0.001,0.001,0.001,0.001,0.001,0.001,0.001,0.001,99.989;0.001,0.001,0.001,0.001,0.001,0.001,0.001,0.001,0.001,0.001,0.001,99.989;0.001,0.001,0.001,0.001,0.001,0.001,0.001,0.001,0.001,0.001,0.001,99.989;0.001,0.001,0.001,0.001,0.001,0.001,0.001,0.001,0.001,0.001,0.001,99.989;0.001,0.001,0.001,0.001,0.001,0.001,0.001,0.001,0.001,0.001,0.001,99.989;0.001,0.001,0.001,0.001,0.001,0.001,0.001,0.001,0.001,0.001,0.001,99.989;0.001,0.001,0.001,0.001,0.001,0.001,0.001,0.001,0.001,0.001,0.001,99.989;0.001,0.001,0.001,0.001,0.001,0.001,0.001,0.001,0.001,0.001,0.001,99.989;0.001,0.001,0.001,0.001,0.001,0.001,0.001,0.001,0.001,0.001,0.001,99.989;0.001,0.001,0.001,0.001,0.001,0.001,0.001,0.001,0.001,0.001,0.001,99.989;0.001,0.001,0.001,0.001,0.001,0.001,0.001,0.001,0.001,0.001,0.001,99.989;0.001,0.001,0.001,0.001,0.001,0.001,0.001,0.001,0.001,0.001,0.001,99.989;0.001,0.001,0.001,0.001,0.001,0.001,0.001,0.001,0.001,0.001,0.001,99.989;0.001,0.001,0.001,0.001,0.001,0.001,0.001,0.001,0.001,0.001,0.001,99.989;0.001,0.001,0.001,0.001,0.001,0.001,0.001,0.001,0.001,0.001,0.001,99.989;0.001,0.001,0.001,0.001,0.001,0.001,0.001,0.001,0.001,0.001,0.001,99.989;0.001,0.001,0.001,0.001,0.001,0.001,0.001,0.001,0.001,0.001,0.001,99.989;0.001,0.001,0.001,0.001,0.001,0.001,0.001,0.001,0.001,0.001,0.001,99.989;0.001,0.001,0.001,0.001,0.001,0.001,0.001,0.001,0.001,0.001,0.001,99.989;0.001,0.001,0.001,0.001,0.001,0.001,0.001,0.001,0.001,0.001,0.001,99.989;0.001,0.001,0.001,0.001,0.001,0.001,0.001,0.001,0.001,0.001,0.001,99.989;0.001,0.001,0.001,0.001,0.001,0.001,0.001,0.001,0.001,0.001,0.001,99.989;0.001,0.001,0.001,0.001,0.001,0.001,0.001,0.001,0.001,0.001,0.001,99.989;0.001,0.001,0.001,0.001,0.001,0.001,0.001,0.001,0.001,0.001,0.001,99.989;0.001,0.001,0.001,0.001,0.001,0.001,0.001,0.001,0.001,0.001,0.001,99.989;0.001,0.001,0.001,0.001,0.001,0.001,0.001,0.001,0.001,0.001,0.001,99.989;0.001,0.001,0.001,0.001,0.001,0.001,0.001,0.001,0.001,0.001,0.001,99.989;0.001,0.001,0.001,0.001,0.001,0.001,0.001,0.001,0.001,0.001,0.001,99.989"
    levelsQoS 12
    queueSizes "32,32,32,32,32,32,32,32,32,32,32,32"
  ]
  node [
    id 14
    label "14"
    Country "Germany"
    Longitude 8.68333
    Internal 1
    Latitude 50.11667
    type "inner"
    schedulingPolicy "WFQ"
    tosToQoSqueue "24;21;27,35,38,49;30,39,69;26,28,33;22,40;32,36,44,47;43,48;25,29,37,41,42,46;31,34,45;23;20,0,1,2,3,4,5,6,7,8,9,10,11,12,13,14,15,16,17,18,19,50,51,52,53,54,55,56,57,58,59,60,61,62,63,64,65,66,67,68"
    schedulingWeights "0.001,12.135,2.751,2.134,2.273,0.806,1.635,0.001,2.556,1.596,74.074,0.039;14.781,0.001,0.917,0.001,0.001,0.806,1.635,1.631,2.556,0.798,0.001,76.873;0.001,0.001,0.001,0.001,0.001,0.001,0.001,0.001,0.001,0.001,0.001,99.989"
    levelsQoS 12
    queueSizes "32,32,32,32,32,32,32,32,32,32,32,32"
  ]
  node [
    id 15
    label "15"
    Country "United Kingdom"
    Longitude -0.12574
    Internal 1
    Latitude 51.50853
    type "inner"
    schedulingPolicy "WFQ"
    tosToQoSqueue "24;49;69;40;44,47;43,48;41,42,46;45;23,0,1,2,3,4,5,6,7,8,9,10,11,12,13,14,15,16,17,18,19,20,21,22,25,26,27,28,29,30,31,32,33,34,35,36,37,38,39,50,51,52,53,54,55,56,57,58,59,60,61,62,63,64,65,66,67,68"
    schedulingWeights "14.781,0.917,0.001,0.806,1.635,1.631,2.556,0.798,76.876;0.001,0.001,0.711,0.001,0.001,0.001,0.001,0.001,99.282"
    levelsQoS 9
    queueSizes "32,32,32,32,32,32,32,32,32"
  ]
  node [
    id 16
    label "16"
    schedulingPolicy "FIFO"
    levelsQoS "1"
    schedulingWeights "-"
    tosToQoSqueue "0,1,2,3,4,5,6,7,8,9,10,11,12,13,14,15,16,17,18,19,20,21,22,23,24,25,26,27,28,29,30,31,32,33,34,35,36,37,38,39,40,41,42,43,44,45,46,47,48,49,50,51,52,53,54,55,56,57,58,59,60,61,62,63,64,65,66,67,68,69"
    queueSizes "32"
    type "destination_urllc"
  ]
  node [
    id 17
    label "17"
    schedulingPolicy "FIFO"
    levelsQoS "1"
    schedulingWeights "-"
    tosToQoSqueue "0,1,2,3,4,5,6,7,8,9,10,11,12,13,14,15,16,17,18,19,20,21,22,23,24,25,26,27,28,29,30,31,32,33,34,35,36,37,38,39,40,41,42,43,44,45,46,47,48,49,50,51,52,53,54,55,56,57,58,59,60,61,62,63,64,65,66,67,68,69"
    queueSizes "32"
    type "destination_mmtc"
  ]
  node [
    id 18
    label "18"
    schedulingPolicy "FIFO"
    levelsQoS "1"
    schedulingWeights "-"
    tosToQoSqueue "0,1,2,3,4,5,6,7,8,9,10,11,12,13,14,15,16,17,18,19,20,21,22,23,24,25,26,27,28,29,30,31,32,33,34,35,36,37,38,39,40,41,42,43,44,45,46,47,48,49,50,51,52,53,54,55,56,57,58,59,60,61,62,63,64,65,66,67,68,69"
    queueSizes "32"
    type "destination_embb"
  ]
  node [
    id 19
    label "19"
    schedulingPolicy "FIFO"
    levelsQoS "1"
    schedulingWeights "-"
    tosToQoSqueue "0,1,2,3,4,5,6,7,8,9,10,11,12,13,14,15,16,17,18,19,20,21,22,23,24,25,26,27,28,29,30,31,32,33,34,35,36,37,38,39,40,41,42,43,44,45,46,47,48,49,50,51,52,53,54,55,56,57,58,59,60,61,62,63,64,65,66,67,68,69"
    queueSizes "32"
    type "origin_embb"
    reservation 19171800.0
  ]
  node [
    id 20
    label "20"
    schedulingPolicy "FIFO"
    levelsQoS "1"
    schedulingWeights "-"
    tosToQoSqueue "0,1,2,3,4,5,6,7,8,9,10,11,12,13,14,15,16,17,18,19,20,21,22,23,24,25,26,27,28,29,30,31,32,33,34,35,36,37,38,39,40,41,42,43,44,45,46,47,48,49,50,51,52,53,54,55,56,57,58,59,60,61,62,63,64,65,66,67,68,69"
    queueSizes "32"
    type "origin_embb"
    reservation 19171800.0
  ]
  node [
    id 21
    label "21"
    schedulingPolicy "FIFO"
    levelsQoS "1"
    schedulingWeights "-"
    tosToQoSqueue "0,1,2,3,4,5,6,7,8,9,10,11,12,13,14,15,16,17,18,19,20,21,22,23,24,25,26,27,28,29,30,31,32,33,34,35,36,37,38,39,40,41,42,43,44,45,46,47,48,49,50,51,52,53,54,55,56,57,58,59,60,61,62,63,64,65,66,67,68,69"
    queueSizes "32"
    type "origin_urllc"
    reservation 3033800.0
  ]
  node [
    id 22
    label "22"
    schedulingPolicy "FIFO"
    levelsQoS "1"
    schedulingWeights "-"
    tosToQoSqueue "0,1,2,3,4,5,6,7,8,9,10,11,12,13,14,15,16,17,18,19,20,21,22,23,24,25,26,27,28,29,30,31,32,33,34,35,36,37,38,39,40,41,42,43,44,45,46,47,48,49,50,51,52,53,54,55,56,57,58,59,60,61,62,63,64,65,66,67,68,69"
    queueSizes "32"
    type "origin_mmtc"
    reservation 201440.0
  ]
  node [
    id 23
    label "23"
    schedulingPolicy "FIFO"
    levelsQoS "1"
    schedulingWeights "-"
    tosToQoSqueue "0,1,2,3,4,5,6,7,8,9,10,11,12,13,14,15,16,17,18,19,20,21,22,23,24,25,26,27,28,29,30,31,32,33,34,35,36,37,38,39,40,41,42,43,44,45,46,47,48,49,50,51,52,53,54,55,56,57,58,59,60,61,62,63,64,65,66,67,68,69"
    queueSizes "32"
    type "origin_embb"
    reservation 18518400.0
  ]
  node [
    id 24
    label "24"
    schedulingPolicy "FIFO"
    levelsQoS "1"
    schedulingWeights "-"
    tosToQoSqueue "0,1,2,3,4,5,6,7,8,9,10,11,12,13,14,15,16,17,18,19,20,21,22,23,24,25,26,27,28,29,30,31,32,33,34,35,36,37,38,39,40,41,42,43,44,45,46,47,48,49,50,51,52,53,54,55,56,57,58,59,60,61,62,63,64,65,66,67,68,69"
    queueSizes "32"
    type "origin_urllc"
    reservation 3695300.0
  ]
  node [
    id 25
    label "25"
    schedulingPolicy "FIFO"
    levelsQoS "1"
    schedulingWeights "-"
    tosToQoSqueue "0,1,2,3,4,5,6,7,8,9,10,11,12,13,14,15,16,17,18,19,20,21,22,23,24,25,26,27,28,29,30,31,32,33,34,35,36,37,38,39,40,41,42,43,44,45,46,47,48,49,50,51,52,53,54,55,56,57,58,59,60,61,62,63,64,65,66,67,68,69"
    queueSizes "32"
    type "origin_mmtc"
    reservation 213020.0
  ]
  node [
    id 26
    label "26"
    schedulingPolicy "FIFO"
    levelsQoS "1"
    schedulingWeights "-"
    tosToQoSqueue "0,1,2,3,4,5,6,7,8,9,10,11,12,13,14,15,16,17,18,19,20,21,22,23,24,25,26,27,28,29,30,31,32,33,34,35,36,37,38,39,40,41,42,43,44,45,46,47,48,49,50,51,52,53,54,55,56,57,58,59,60,61,62,63,64,65,66,67,68,69"
    queueSizes "32"
    type "origin_mmtc"
    reservation 189440.0
  ]
  node [
    id 27
    label "27"
    schedulingPolicy "FIFO"
    levelsQoS "1"
    schedulingWeights "-"
    tosToQoSqueue "0,1,2,3,4,5,6,7,8,9,10,11,12,13,14,15,16,17,18,19,20,21,22,23,24,25,26,27,28,29,30,31,32,33,34,35,36,37,38,39,40,41,42,43,44,45,46,47,48,49,50,51,52,53,54,55,56,57,58,59,60,61,62,63,64,65,66,67,68,69"
    queueSizes "32"
    type "origin_mmtc"
    reservation 229220.0
  ]
  node [
    id 28
    label "28"
    schedulingPolicy "FIFO"
    levelsQoS "1"
    schedulingWeights "-"
    tosToQoSqueue "0,1,2,3,4,5,6,7,8,9,10,11,12,13,14,15,16,17,18,19,20,21,22,23,24,25,26,27,28,29,30,31,32,33,34,35,36,37,38,39,40,41,42,43,44,45,46,47,48,49,50,51,52,53,54,55,56,57,58,59,60,61,62,63,64,65,66,67,68,69"
    queueSizes "32"
    type "origin_mmtc"
    reservation 189440.0
  ]
  node [
    id 29
    label "29"
    schedulingPolicy "FIFO"
    levelsQoS "1"
    schedulingWeights "-"
    tosToQoSqueue "0,1,2,3,4,5,6,7,8,9,10,11,12,13,14,15,16,17,18,19,20,21,22,23,24,25,26,27,28,29,30,31,32,33,34,35,36,37,38,39,40,41,42,43,44,45,46,47,48,49,50,51,52,53,54,55,56,57,58,59,60,61,62,63,64,65,66,67,68,69"
    queueSizes "32"
    type "origin_mmtc"
    reservation 213020.0
  ]
  node [
    id 30
    label "30"
    schedulingPolicy "FIFO"
    levelsQoS "1"
    schedulingWeights "-"
    tosToQoSqueue "0,1,2,3,4,5,6,7,8,9,10,11,12,13,14,15,16,17,18,19,20,21,22,23,24,25,26,27,28,29,30,31,32,33,34,35,36,37,38,39,40,41,42,43,44,45,46,47,48,49,50,51,52,53,54,55,56,57,58,59,60,61,62,63,64,65,66,67,68,69"
    queueSizes "32"
    type "origin_mmtc"
    reservation 177860.0
  ]
  node [
    id 31
    label "31"
    schedulingPolicy "FIFO"
    levelsQoS "1"
    schedulingWeights "-"
    tosToQoSqueue "0,1,2,3,4,5,6,7,8,9,10,11,12,13,14,15,16,17,18,19,20,21,22,23,24,25,26,27,28,29,30,31,32,33,34,35,36,37,38,39,40,41,42,43,44,45,46,47,48,49,50,51,52,53,54,55,56,57,58,59,60,61,62,63,64,65,66,67,68,69"
    queueSizes "32"
    type "origin_mmtc"
    reservation 199460.0
  ]
  node [
    id 32
    label "32"
    schedulingPolicy "FIFO"
    levelsQoS "1"
    schedulingWeights "-"
    tosToQoSqueue "0,1,2,3,4,5,6,7,8,9,10,11,12,13,14,15,16,17,18,19,20,21,22,23,24,25,26,27,28,29,30,31,32,33,34,35,36,37,38,39,40,41,42,43,44,45,46,47,48,49,50,51,52,53,54,55,56,57,58,59,60,61,62,63,64,65,66,67,68,69"
    queueSizes "32"
    type "origin_mmtc"
    reservation 204320.0
  ]
  node [
    id 33
    label "33"
    schedulingPolicy "FIFO"
    levelsQoS "1"
    schedulingWeights "-"
    tosToQoSqueue "0,1,2,3,4,5,6,7,8,9,10,11,12,13,14,15,16,17,18,19,20,21,22,23,24,25,26,27,28,29,30,31,32,33,34,35,36,37,38,39,40,41,42,43,44,45,46,47,48,49,50,51,52,53,54,55,56,57,58,59,60,61,62,63,64,65,66,67,68,69"
    queueSizes "32"
    type "origin_mmtc"
    reservation 189440.0
  ]
  node [
    id 34
    label "34"
    schedulingPolicy "FIFO"
    levelsQoS "1"
    schedulingWeights "-"
    tosToQoSqueue "0,1,2,3,4,5,6,7,8,9,10,11,12,13,14,15,16,17,18,19,20,21,22,23,24,25,26,27,28,29,30,31,32,33,34,35,36,37,38,39,40,41,42,43,44,45,46,47,48,49,50,51,52,53,54,55,56,57,58,59,60,61,62,63,64,65,66,67,68,69"
    queueSizes "32"
    type "origin_mmtc"
    reservation 199460.0
  ]
  node [
    id 35
    label "35"
    schedulingPolicy "FIFO"
    levelsQoS "1"
    schedulingWeights "-"
    tosToQoSqueue "0,1,2,3,4,5,6,7,8,9,10,11,12,13,14,15,16,17,18,19,20,21,22,23,24,25,26,27,28,29,30,31,32,33,34,35,36,37,38,39,40,41,42,43,44,45,46,47,48,49,50,51,52,53,54,55,56,57,58,59,60,61,62,63,64,65,66,67,68,69"
    queueSizes "32"
    type "origin_mmtc"
    reservation 229220.0
  ]
  node [
    id 36
    label "36"
    schedulingPolicy "FIFO"
    levelsQoS "1"
    schedulingWeights "-"
    tosToQoSqueue "0,1,2,3,4,5,6,7,8,9,10,11,12,13,14,15,16,17,18,19,20,21,22,23,24,25,26,27,28,29,30,31,32,33,34,35,36,37,38,39,40,41,42,43,44,45,46,47,48,49,50,51,52,53,54,55,56,57,58,59,60,61,62,63,64,65,66,67,68,69"
    queueSizes "32"
    type "origin_mmtc"
    reservation 204320.0
  ]
  node [
    id 37
    label "37"
    schedulingPolicy "FIFO"
    levelsQoS "1"
    schedulingWeights "-"
    tosToQoSqueue "0,1,2,3,4,5,6,7,8,9,10,11,12,13,14,15,16,17,18,19,20,21,22,23,24,25,26,27,28,29,30,31,32,33,34,35,36,37,38,39,40,41,42,43,44,45,46,47,48,49,50,51,52,53,54,55,56,57,58,59,60,61,62,63,64,65,66,67,68,69"
    queueSizes "32"
    type "origin_mmtc"
    reservation 213020.0
  ]
  node [
    id 38
    label "38"
    schedulingPolicy "FIFO"
    levelsQoS "1"
    schedulingWeights "-"
    tosToQoSqueue "0,1,2,3,4,5,6,7,8,9,10,11,12,13,14,15,16,17,18,19,20,21,22,23,24,25,26,27,28,29,30,31,32,33,34,35,36,37,38,39,40,41,42,43,44,45,46,47,48,49,50,51,52,53,54,55,56,57,58,59,60,61,62,63,64,65,66,67,68,69"
    queueSizes "32"
    type "origin_mmtc"
    reservation 229220.0
  ]
  node [
    id 39
    label "39"
    schedulingPolicy "FIFO"
    levelsQoS "1"
    schedulingWeights "-"
    tosToQoSqueue "0,1,2,3,4,5,6,7,8,9,10,11,12,13,14,15,16,17,18,19,20,21,22,23,24,25,26,27,28,29,30,31,32,33,34,35,36,37,38,39,40,41,42,43,44,45,46,47,48,49,50,51,52,53,54,55,56,57,58,59,60,61,62,63,64,65,66,67,68,69"
    queueSizes "32"
    type "origin_mmtc"
    reservation 177860.0
  ]
  node [
    id 40
    label "40"
    schedulingPolicy "FIFO"
    levelsQoS "1"
    schedulingWeights "-"
    tosToQoSqueue "0,1,2,3,4,5,6,7,8,9,10,11,12,13,14,15,16,17,18,19,20,21,22,23,24,25,26,27,28,29,30,31,32,33,34,35,36,37,38,39,40,41,42,43,44,45,46,47,48,49,50,51,52,53,54,55,56,57,58,59,60,61,62,63,64,65,66,67,68,69"
    queueSizes "32"
    type "origin_mmtc"
    reservation 201440.0
  ]
  node [
    id 41
    label "41"
    schedulingPolicy "FIFO"
    levelsQoS "1"
    schedulingWeights "-"
    tosToQoSqueue "0,1,2,3,4,5,6,7,8,9,10,11,12,13,14,15,16,17,18,19,20,21,22,23,24,25,26,27,28,29,30,31,32,33,34,35,36,37,38,39,40,41,42,43,44,45,46,47,48,49,50,51,52,53,54,55,56,57,58,59,60,61,62,63,64,65,66,67,68,69"
    queueSizes "32"
    type "origin_mmtc"
    reservation 213020.0
  ]
  node [
    id 42
    label "42"
    schedulingPolicy "FIFO"
    levelsQoS "1"
    schedulingWeights "-"
    tosToQoSqueue "0,1,2,3,4,5,6,7,8,9,10,11,12,13,14,15,16,17,18,19,20,21,22,23,24,25,26,27,28,29,30,31,32,33,34,35,36,37,38,39,40,41,42,43,44,45,46,47,48,49,50,51,52,53,54,55,56,57,58,59,60,61,62,63,64,65,66,67,68,69"
    queueSizes "32"
    type "origin_mmtc"
    reservation 213020.0
  ]
  node [
    id 43
    label "43"
    schedulingPolicy "FIFO"
    levelsQoS "1"
    schedulingWeights "-"
    tosToQoSqueue "0,1,2,3,4,5,6,7,8,9,10,11,12,13,14,15,16,17,18,19,20,21,22,23,24,25,26,27,28,29,30,31,32,33,34,35,36,37,38,39,40,41,42,43,44,45,46,47,48,49,50,51,52,53,54,55,56,57,58,59,60,61,62,63,64,65,66,67,68,69"
    queueSizes "32"
    type "origin_mmtc"
    reservation 203840.0
  ]
  node [
    id 44
    label "44"
    schedulingPolicy "FIFO"
    levelsQoS "1"
    schedulingWeights "-"
    tosToQoSqueue "0,1,2,3,4,5,6,7,8,9,10,11,12,13,14,15,16,17,18,19,20,21,22,23,24,25,26,27,28,29,30,31,32,33,34,35,36,37,38,39,40,41,42,43,44,45,46,47,48,49,50,51,52,53,54,55,56,57,58,59,60,61,62,63,64,65,66,67,68,69"
    queueSizes "32"
    type "origin_mmtc"
    reservation 204320.0
  ]
  node [
    id 45
    label "45"
    schedulingPolicy "FIFO"
    levelsQoS "1"
    schedulingWeights "-"
    tosToQoSqueue "0,1,2,3,4,5,6,7,8,9,10,11,12,13,14,15,16,17,18,19,20,21,22,23,24,25,26,27,28,29,30,31,32,33,34,35,36,37,38,39,40,41,42,43,44,45,46,47,48,49,50,51,52,53,54,55,56,57,58,59,60,61,62,63,64,65,66,67,68,69"
    queueSizes "32"
    type "origin_mmtc"
    reservation 199460.0
  ]
  node [
    id 46
    label "46"
    schedulingPolicy "FIFO"
    levelsQoS "1"
    schedulingWeights "-"
    tosToQoSqueue "0,1,2,3,4,5,6,7,8,9,10,11,12,13,14,15,16,17,18,19,20,21,22,23,24,25,26,27,28,29,30,31,32,33,34,35,36,37,38,39,40,41,42,43,44,45,46,47,48,49,50,51,52,53,54,55,56,57,58,59,60,61,62,63,64,65,66,67,68,69"
    queueSizes "32"
    type "origin_mmtc"
    reservation 213020.0
  ]
  node [
    id 47
    label "47"
    schedulingPolicy "FIFO"
    levelsQoS "1"
    schedulingWeights "-"
    tosToQoSqueue "0,1,2,3,4,5,6,7,8,9,10,11,12,13,14,15,16,17,18,19,20,21,22,23,24,25,26,27,28,29,30,31,32,33,34,35,36,37,38,39,40,41,42,43,44,45,46,47,48,49,50,51,52,53,54,55,56,57,58,59,60,61,62,63,64,65,66,67,68,69"
    queueSizes "32"
    type "origin_mmtc"
    reservation 204320.0
  ]
  node [
    id 48
    label "48"
    schedulingPolicy "FIFO"
    levelsQoS "1"
    schedulingWeights "-"
    tosToQoSqueue "0,1,2,3,4,5,6,7,8,9,10,11,12,13,14,15,16,17,18,19,20,21,22,23,24,25,26,27,28,29,30,31,32,33,34,35,36,37,38,39,40,41,42,43,44,45,46,47,48,49,50,51,52,53,54,55,56,57,58,59,60,61,62,63,64,65,66,67,68,69"
    queueSizes "32"
    type "origin_mmtc"
    reservation 203840.0
  ]
  node [
    id 49
    label "49"
    schedulingPolicy "FIFO"
    levelsQoS "1"
    schedulingWeights "-"
    tosToQoSqueue "0,1,2,3,4,5,6,7,8,9,10,11,12,13,14,15,16,17,18,19,20,21,22,23,24,25,26,27,28,29,30,31,32,33,34,35,36,37,38,39,40,41,42,43,44,45,46,47,48,49,50,51,52,53,54,55,56,57,58,59,60,61,62,63,64,65,66,67,68,69"
    queueSizes "32"
    type "origin_mmtc"
    reservation 229220.0
  ]
  node [
    id 50
    label "50"
    schedulingPolicy "FIFO"
    levelsQoS "1"
    schedulingWeights "-"
    tosToQoSqueue "0,1,2,3,4,5,6,7,8,9,10,11,12,13,14,15,16,17,18,19,20,21,22,23,24,25,26,27,28,29,30,31,32,33,34,35,36,37,38,39,40,41,42,43,44,45,46,47,48,49,50,51,52,53,54,55,56,57,58,59,60,61,62,63,64,65,66,67,68,69"
    queueSizes "32"
    type "origin_mmtc"
    reservation 204320.0
  ]
  node [
    id 51
    label "51"
    schedulingPolicy "FIFO"
    levelsQoS "1"
    schedulingWeights "-"
    tosToQoSqueue "0,1,2,3,4,5,6,7,8,9,10,11,12,13,14,15,16,17,18,19,20,21,22,23,24,25,26,27,28,29,30,31,32,33,34,35,36,37,38,39,40,41,42,43,44,45,46,47,48,49,50,51,52,53,54,55,56,57,58,59,60,61,62,63,64,65,66,67,68,69"
    queueSizes "32"
    type "origin_mmtc"
    reservation 204320.0
  ]
  node [
    id 52
    label "52"
    schedulingPolicy "FIFO"
    levelsQoS "1"
    schedulingWeights "-"
    tosToQoSqueue "0,1,2,3,4,5,6,7,8,9,10,11,12,13,14,15,16,17,18,19,20,21,22,23,24,25,26,27,28,29,30,31,32,33,34,35,36,37,38,39,40,41,42,43,44,45,46,47,48,49,50,51,52,53,54,55,56,57,58,59,60,61,62,63,64,65,66,67,68,69"
    queueSizes "32"
    type "origin_mmtc"
    reservation 203840.0
  ]
  node [
    id 53
    label "53"
    schedulingPolicy "FIFO"
    levelsQoS "1"
    schedulingWeights "-"
    tosToQoSqueue "0,1,2,3,4,5,6,7,8,9,10,11,12,13,14,15,16,17,18,19,20,21,22,23,24,25,26,27,28,29,30,31,32,33,34,35,36,37,38,39,40,41,42,43,44,45,46,47,48,49,50,51,52,53,54,55,56,57,58,59,60,61,62,63,64,65,66,67,68,69"
    queueSizes "32"
    type "origin_mmtc"
    reservation 201440.0
  ]
  node [
    id 54
    label "54"
    schedulingPolicy "FIFO"
    levelsQoS "1"
    schedulingWeights "-"
    tosToQoSqueue "0,1,2,3,4,5,6,7,8,9,10,11,12,13,14,15,16,17,18,19,20,21,22,23,24,25,26,27,28,29,30,31,32,33,34,35,36,37,38,39,40,41,42,43,44,45,46,47,48,49,50,51,52,53,54,55,56,57,58,59,60,61,62,63,64,65,66,67,68,69"
    queueSizes "32"
    type "origin_mmtc"
    reservation 229220.0
  ]
  node [
    id 55
    label "55"
    schedulingPolicy "FIFO"
    levelsQoS "1"
    schedulingWeights "-"
    tosToQoSqueue "0,1,2,3,4,5,6,7,8,9,10,11,12,13,14,15,16,17,18,19,20,21,22,23,24,25,26,27,28,29,30,31,32,33,34,35,36,37,38,39,40,41,42,43,44,45,46,47,48,49,50,51,52,53,54,55,56,57,58,59,60,61,62,63,64,65,66,67,68,69"
    queueSizes "32"
    type "origin_mmtc"
    reservation 204320.0
  ]
  node [
    id 56
    label "56"
    schedulingPolicy "FIFO"
    levelsQoS "1"
    schedulingWeights "-"
    tosToQoSqueue "0,1,2,3,4,5,6,7,8,9,10,11,12,13,14,15,16,17,18,19,20,21,22,23,24,25,26,27,28,29,30,31,32,33,34,35,36,37,38,39,40,41,42,43,44,45,46,47,48,49,50,51,52,53,54,55,56,57,58,59,60,61,62,63,64,65,66,67,68,69"
    queueSizes "32"
    type "origin_mmtc"
    reservation 213020.0
  ]
  node [
    id 57
    label "57"
    schedulingPolicy "FIFO"
    levelsQoS "1"
    schedulingWeights "-"
    tosToQoSqueue "0,1,2,3,4,5,6,7,8,9,10,11,12,13,14,15,16,17,18,19,20,21,22,23,24,25,26,27,28,29,30,31,32,33,34,35,36,37,38,39,40,41,42,43,44,45,46,47,48,49,50,51,52,53,54,55,56,57,58,59,60,61,62,63,64,65,66,67,68,69"
    queueSizes "32"
    type "origin_mmtc"
    reservation 213020.0
  ]
  node [
    id 58
    label "58"
    schedulingPolicy "FIFO"
    levelsQoS "1"
    schedulingWeights "-"
    tosToQoSqueue "0,1,2,3,4,5,6,7,8,9,10,11,12,13,14,15,16,17,18,19,20,21,22,23,24,25,26,27,28,29,30,31,32,33,34,35,36,37,38,39,40,41,42,43,44,45,46,47,48,49,50,51,52,53,54,55,56,57,58,59,60,61,62,63,64,65,66,67,68,69"
    queueSizes "32"
    type "origin_mmtc"
    reservation 203840.0
  ]
  node [
    id 59
    label "59"
    schedulingPolicy "FIFO"
    levelsQoS "1"
    schedulingWeights "-"
    tosToQoSqueue "0,1,2,3,4,5,6,7,8,9,10,11,12,13,14,15,16,17,18,19,20,21,22,23,24,25,26,27,28,29,30,31,32,33,34,35,36,37,38,39,40,41,42,43,44,45,46,47,48,49,50,51,52,53,54,55,56,57,58,59,60,61,62,63,64,65,66,67,68,69"
    queueSizes "32"
    type "origin_mmtc"
    reservation 189440.0
  ]
  node [
    id 60
    label "60"
    schedulingPolicy "FIFO"
    levelsQoS "1"
    schedulingWeights "-"
    tosToQoSqueue "0,1,2,3,4,5,6,7,8,9,10,11,12,13,14,15,16,17,18,19,20,21,22,23,24,25,26,27,28,29,30,31,32,33,34,35,36,37,38,39,40,41,42,43,44,45,46,47,48,49,50,51,52,53,54,55,56,57,58,59,60,61,62,63,64,65,66,67,68,69"
    queueSizes "32"
    type "origin_mmtc"
    reservation 204320.0
  ]
  node [
    id 61
    label "61"
    schedulingPolicy "FIFO"
    levelsQoS "1"
    schedulingWeights "-"
    tosToQoSqueue "0,1,2,3,4,5,6,7,8,9,10,11,12,13,14,15,16,17,18,19,20,21,22,23,24,25,26,27,28,29,30,31,32,33,34,35,36,37,38,39,40,41,42,43,44,45,46,47,48,49,50,51,52,53,54,55,56,57,58,59,60,61,62,63,64,65,66,67,68,69"
    queueSizes "32"
    type "origin_urllc"
    reservation 3033800.0
  ]
  node [
    id 62
    label "62"
    schedulingPolicy "FIFO"
    levelsQoS "1"
    schedulingWeights "-"
    tosToQoSqueue "0,1,2,3,4,5,6,7,8,9,10,11,12,13,14,15,16,17,18,19,20,21,22,23,24,25,26,27,28,29,30,31,32,33,34,35,36,37,38,39,40,41,42,43,44,45,46,47,48,49,50,51,52,53,54,55,56,57,58,59,60,61,62,63,64,65,66,67,68,69"
    queueSizes "32"
    type "origin_mmtc"
    reservation 177860.0
  ]
  node [
    id 63
    label "63"
    schedulingPolicy "FIFO"
    levelsQoS "1"
    schedulingWeights "-"
    tosToQoSqueue "0,1,2,3,4,5,6,7,8,9,10,11,12,13,14,15,16,17,18,19,20,21,22,23,24,25,26,27,28,29,30,31,32,33,34,35,36,37,38,39,40,41,42,43,44,45,46,47,48,49,50,51,52,53,54,55,56,57,58,59,60,61,62,63,64,65,66,67,68,69"
    queueSizes "32"
    type "origin_mmtc"
    reservation 213020.0
  ]
  node [
    id 64
    label "64"
    schedulingPolicy "FIFO"
    levelsQoS "1"
    schedulingWeights "-"
    tosToQoSqueue "0,1,2,3,4,5,6,7,8,9,10,11,12,13,14,15,16,17,18,19,20,21,22,23,24,25,26,27,28,29,30,31,32,33,34,35,36,37,38,39,40,41,42,43,44,45,46,47,48,49,50,51,52,53,54,55,56,57,58,59,60,61,62,63,64,65,66,67,68,69"
    queueSizes "32"
    type "origin_mmtc"
    reservation 204320.0
  ]
  node [
    id 65
    label "65"
    schedulingPolicy "FIFO"
    levelsQoS "1"
    schedulingWeights "-"
    tosToQoSqueue "0,1,2,3,4,5,6,7,8,9,10,11,12,13,14,15,16,17,18,19,20,21,22,23,24,25,26,27,28,29,30,31,32,33,34,35,36,37,38,39,40,41,42,43,44,45,46,47,48,49,50,51,52,53,54,55,56,57,58,59,60,61,62,63,64,65,66,67,68,69"
    queueSizes "32"
    type "origin_mmtc"
    reservation 177860.0
  ]
  node [
    id 66
    label "66"
    schedulingPolicy "FIFO"
    levelsQoS "1"
    schedulingWeights "-"
    tosToQoSqueue "0,1,2,3,4,5,6,7,8,9,10,11,12,13,14,15,16,17,18,19,20,21,22,23,24,25,26,27,28,29,30,31,32,33,34,35,36,37,38,39,40,41,42,43,44,45,46,47,48,49,50,51,52,53,54,55,56,57,58,59,60,61,62,63,64,65,66,67,68,69"
    queueSizes "32"
    type "origin_mmtc"
    reservation 203840.0
  ]
  node [
    id 67
    label "67"
    schedulingPolicy "FIFO"
    levelsQoS "1"
    schedulingWeights "-"
    tosToQoSqueue "0,1,2,3,4,5,6,7,8,9,10,11,12,13,14,15,16,17,18,19,20,21,22,23,24,25,26,27,28,29,30,31,32,33,34,35,36,37,38,39,40,41,42,43,44,45,46,47,48,49,50,51,52,53,54,55,56,57,58,59,60,61,62,63,64,65,66,67,68,69"
    queueSizes "32"
    type "origin_mmtc"
    reservation 204320.0
  ]
  node [
    id 68
    label "68"
    schedulingPolicy "FIFO"
    levelsQoS "1"
    schedulingWeights "-"
    tosToQoSqueue "0,1,2,3,4,5,6,7,8,9,10,11,12,13,14,15,16,17,18,19,20,21,22,23,24,25,26,27,28,29,30,31,32,33,34,35,36,37,38,39,40,41,42,43,44,45,46,47,48,49,50,51,52,53,54,55,56,57,58,59,60,61,62,63,64,65,66,67,68,69"
    queueSizes "32"
    type "origin_mmtc"
    reservation 177860.0
  ]
  node [
    id 69
    label "69"
    schedulingPolicy "FIFO"
    levelsQoS "1"
    schedulingWeights "-"
    tosToQoSqueue "0,1,2,3,4,5,6,7,8,9,10,11,12,13,14,15,16,17,18,19,20,21,22,23,24,25,26,27,28,29,30,31,32,33,34,35,36,37,38,39,40,41,42,43,44,45,46,47,48,49,50,51,52,53,54,55,56,57,58,59,60,61,62,63,64,65,66,67,68,69"
    queueSizes "32"
    type "origin_mmtc"
    reservation 177860.0
  ]
  edge [
    source 0
    target 2
    key 0
    id "e16"
    bandwidth 25000000
    traffic ""
    reservation ""
    port 0
  ]
  edge [
    source 0
    target 3
    key 0
    id "e18"
    bandwidth 25000000
    traffic ""
    reservation ""
    port 1
  ]
  edge [
    source 0
    target 5
    key 0
    id "e19"
    bandwidth 25000000
    traffic ""
    reservation ""
    port 2
  ]
  edge [
    source 1
    target 4
    key 0
    id "e20"
    bandwidth 25000000
    traffic ""
    reservation ""
    port 0
  ]
  edge [
    source 1
    target 7
    key 0
    id "e14"
    bandwidth 25000000
    traffic "3500000,18000000,3500000,200000"
    reservation "3033800.0,18518400.0,3033800.0,177860.0"
    port 1
  ]
  edge [
    source 2
    target 0
    key 0
    id "e16"
    bandwidth 25000000
    traffic ""
    reservation ""
    port 0
  ]
  edge [
    source 2
    target 5
    key 0
    id "e17"
    bandwidth 25000000
    traffic ""
    reservation ""
    port 1
  ]
  edge [
    source 2
    target 7
    key 0
    id "e13"
    bandwidth 25000000
    traffic ""
    reservation ""
    port 2
  ]
  edge [
    source 3
    target 0
    key 0
    id "e18"
    bandwidth 25000000
    traffic ""
    reservation ""
    port 0
  ]
  edge [
    source 4
    target 1
    key 0
    id "e20"
    bandwidth 25000000
    traffic "3500000,18000000,3500000,200000"
    reservation "3033800.0,18518400.0,3033800.0,177860.0"
    port 0
  ]
  edge [
    source 4
    target 10
    key 0
    id "e4"
    bandwidth 25000000
    traffic "200000,200000,200000,200000,200000,200000,200000,200000,200000,200000"
    reservation "201440.0,213020.0,213020.0,203840.0,204320.0,199460.0,213020.0,204320.0,203840.0,229220.0"
    port 1
  ]
  edge [
    source 4
    target 6
    key 0
    id "e12"
    bandwidth 25000000
    traffic ""
    reservation ""
    port 2
  ]
  edge [
    source 4
    target 7
    key 0
    id "e15"
    bandwidth 25000000
    traffic "3500000"
    reservation "3695300.0"
    port 3
  ]
  edge [
    source 5
    target 0
    key 0
    id "e19"
    bandwidth 25000000
    traffic ""
    reservation ""
    port 0
  ]
  edge [
    source 5
    target 2
    key 0
    id "e17"
    bandwidth 25000000
    traffic ""
    reservation ""
    port 1
  ]
  edge [
    source 6
    target 4
    key 0
    id "e12"
    bandwidth 25000000
    traffic "3500000,200000,200000,200000,200000,200000,200000,200000,200000,200000,200000"
    reservation "3695300.0,201440.0,213020.0,213020.0,203840.0,204320.0,199460.0,213020.0,204320.0,203840.0,229220.0"
    port 0
  ]
  edge [
    source 6
    target 10
    key 0
    id "e3"
    bandwidth 25000000
    traffic ""
    reservation ""
    port 1
  ]
  edge [
    source 6
    target 7
    key 0
    id "e11"
    bandwidth 25000000
    traffic ""
    reservation ""
    port 2
  ]
  edge [
    source 6
    target 15
    key 0
    id "e10"
    bandwidth 25000000
    traffic "18000000,200000"
    reservation "18518400.0,177860.0"
    port 3
  ]
  edge [
    source 7
    target 1
    key 0
    id "e14"
    bandwidth 25000000
    traffic ""
    reservation ""
    port 0
  ]
  edge [
    source 7
    target 2
    key 0
    id "e13"
    bandwidth 25000000
    traffic ""
    reservation ""
    port 1
  ]
  edge [
    source 7
    target 4
    key 0
    id "e15"
    bandwidth 25000000
    traffic ""
    reservation ""
    port 2
  ]
  edge [
    source 7
    target 6
    key 0
    id "e11"
    bandwidth 25000000
    traffic "18000000,200000"
    reservation "18518400.0,177860.0"
    port 3
  ]
  edge [
    source 7
    target 16
    key 0
    port 4
    weight 1
    bandwidth 350000000
    traffic "3500000,3500000,3500000"
    reservation "3033800.0,3695300.0,3033800.0"
  ]
  edge [
    source 8
    target 9
    key 0
    id "e0"
    bandwidth 25000000
    traffic "3500000,18000000"
    reservation "3033800.0,18518400.0"
    port 0
  ]
  edge [
    source 8
    target 14
    key 0
    id "e1"
    bandwidth 25000000
    traffic "18000000"
    reservation "19171800.0"
    port 1
  ]
  edge [
    source 8
    target 17
    key 0
    port 2
    weight 1
    bandwidth 350000000
    traffic "200000,200000,200000,200000,200000,200000,200000,200000,200000,200000,200000,200000,200000,200000,200000,200000,200000,200000,200000,200000,200000,200000,200000,200000,200000,200000,200000,200000,200000,200000,200000,200000,200000,200000,200000,200000,200000,200000,200000,200000,200000,200000,200000,200000,200000"
    reservation "201440.0,213020.0,189440.0,229220.0,189440.0,213020.0,177860.0,199460.0,204320.0,189440.0,199460.0,229220.0,204320.0,213020.0,229220.0,177860.0,201440.0,213020.0,213020.0,203840.0,204320.0,199460.0,213020.0,204320.0,203840.0,229220.0,204320.0,204320.0,203840.0,201440.0,229220.0,204320.0,213020.0,213020.0,203840.0,189440.0,204320.0,177860.0,213020.0,204320.0,177860.0,203840.0,204320.0,177860.0,177860.0"
  ]
  edge [
    source 9
    target 8
    key 0
    id "e0"
    bandwidth 25000000
    traffic "18000000,200000,200000,200000,200000,200000,200000,200000,200000,200000,200000,200000,200000,200000,200000,200000,200000,200000,200000,200000,200000,200000,200000,200000,200000,200000,200000,200000,200000"
    reservation "19171800.0,201440.0,213020.0,213020.0,203840.0,204320.0,199460.0,213020.0,204320.0,203840.0,229220.0,204320.0,204320.0,203840.0,201440.0,229220.0,204320.0,213020.0,213020.0,203840.0,189440.0,204320.0,177860.0,213020.0,204320.0,177860.0,203840.0,204320.0,177860.0"
    port 0
  ]
  edge [
    source 9
    target 10
    key 0
    id "e2"
    bandwidth 25000000
    traffic "3500000,18000000,3500000,200000"
    reservation "3033800.0,18518400.0,3033800.0,177860.0"
    port 1
  ]
  edge [
    source 9
    target 20
    key 0
    port 2
    weight 1
    bandwidth 50000000
    traffic ""
    reservation ""
  ]
  edge [
    source 9
    target 50
    key 0
    port 3
    weight 1
    bandwidth 50000000
    traffic ""
    reservation ""
  ]
  edge [
    source 9
    target 51
    key 0
    port 4
    weight 1
    bandwidth 50000000
    traffic ""
    reservation ""
  ]
  edge [
    source 9
    target 52
    key 0
    port 5
    weight 1
    bandwidth 50000000
    traffic ""
    reservation ""
  ]
  edge [
    source 9
    target 53
    key 0
    port 6
    weight 1
    bandwidth 50000000
    traffic ""
    reservation ""
  ]
  edge [
    source 9
    target 54
    key 0
    port 7
    weight 1
    bandwidth 50000000
    traffic ""
    reservation ""
  ]
  edge [
    source 9
    target 55
    key 0
    port 8
    weight 1
    bandwidth 50000000
    traffic ""
    reservation ""
  ]
  edge [
    source 9
    target 56
    key 0
    port 9
    weight 1
    bandwidth 50000000
    traffic ""
    reservation ""
  ]
  edge [
    source 9
    target 57
    key 0
    port 10
    weight 1
    bandwidth 50000000
    traffic ""
    reservation ""
  ]
  edge [
    source 9
    target 58
    key 0
    port 11
    weight 1
    bandwidth 50000000
    traffic ""
    reservation ""
  ]
  edge [
    source 9
    target 59
    key 0
    port 12
    weight 1
    bandwidth 50000000
    traffic ""
    reservation ""
  ]
  edge [
    source 9
    target 60
    key 0
    port 13
    weight 1
    bandwidth 50000000
    traffic ""
    reservation ""
  ]
  edge [
    source 9
    target 61
    key 0
    port 14
    weight 1
    bandwidth 50000000
    traffic ""
    reservation ""
  ]
  edge [
    source 9
    target 62
    key 0
    port 15
    weight 1
    bandwidth 50000000
    traffic ""
    reservation ""
  ]
  edge [
    source 9
    target 63
    key 0
    port 16
    weight 1
    bandwidth 50000000
    traffic ""
    reservation ""
  ]
  edge [
    source 9
    target 64
    key 0
    port 17
    weight 1
    bandwidth 50000000
    traffic ""
    reservation ""
  ]
  edge [
    source 9
    target 65
    key 0
    port 18
    weight 1
    bandwidth 50000000
    traffic ""
    reservation ""
  ]
  edge [
    source 9
    target 66
    key 0
    port 19
    weight 1
    bandwidth 50000000
    traffic ""
    reservation ""
  ]
  edge [
    source 9
    target 67
    key 0
    port 20
    weight 1
    bandwidth 50000000
    traffic ""
    reservation ""
  ]
  edge [
    source 9
    target 68
    key 0
    port 21
    weight 1
    bandwidth 50000000
    traffic ""
    reservation ""
  ]
  edge [
    source 9
    target 69
    key 0
    port 22
    weight 1
    bandwidth 50000000
    traffic ""
    reservation ""
  ]
  edge [
    source 10
    target 4
    key 0
    id "e4"
    bandwidth 25000000
    traffic "3500000,18000000,3500000,200000"
    reservation "3033800.0,18518400.0,3033800.0,177860.0"
    port 0
  ]
  edge [
    source 10
    target 6
    key 0
    id "e3"
    bandwidth 25000000
    traffic ""
    reservation ""
    port 1
  ]
  edge [
    source 10
    target 9
    key 0
    id "e2"
    bandwidth 25000000
    traffic "200000,200000,200000,200000,200000,200000,200000,200000,200000,200000"
    reservation "201440.0,213020.0,213020.0,203840.0,204320.0,199460.0,213020.0,204320.0,203840.0,229220.0"
    port 2
  ]
  edge [
    source 11
    target 12
    key 0
    id "e5"
    bandwidth 25000000
    traffic "18000000,3500000,200000,200000,200000,200000,200000,200000,200000,200000,200000,200000"
    reservation "19171800.0,3695300.0,201440.0,213020.0,213020.0,203840.0,204320.0,199460.0,213020.0,204320.0,203840.0,229220.0"
    port 0
  ]
  edge [
    source 11
    target 14
    key 0
    id "e6"
    bandwidth 25000000
    traffic "3500000,200000,200000,200000,200000,200000,200000,200000,200000,200000,200000,200000,200000,200000,200000"
    reservation "3033800.0,201440.0,213020.0,189440.0,229220.0,189440.0,213020.0,177860.0,199460.0,204320.0,189440.0,199460.0,229220.0,204320.0,177860.0"
    port 1
  ]
  edge [
    source 12
    target 11
    key 0
    id "e5"
    bandwidth 25000000
    traffic "3500000,200000,200000,200000,200000,200000,200000,200000,200000,200000,200000,200000,200000,200000,200000"
    reservation "3033800.0,201440.0,213020.0,189440.0,229220.0,189440.0,213020.0,177860.0,199460.0,204320.0,189440.0,199460.0,229220.0,204320.0,177860.0"
    port 0
  ]
  edge [
    source 12
    target 13
    key 0
    id "e7"
    bandwidth 25000000
    traffic ""
    reservation ""
    port 1
  ]
  edge [
    source 12
    target 15
    key 0
    id "e8"
    bandwidth 25000000
    traffic "3500000,200000,200000,200000,200000,200000,200000,200000,200000,200000,200000"
    reservation "3695300.0,201440.0,213020.0,213020.0,203840.0,204320.0,199460.0,213020.0,204320.0,203840.0,229220.0"
    port 2
  ]
  edge [
    source 12
    target 18
    key 0
    port 3
    weight 1
    bandwidth 350000000
    traffic "18000000,18000000,18000000"
    reservation "19171800.0,19171800.0,18518400.0"
  ]
  edge [
    source 13
    target 12
    key 0
    id "e7"
    bandwidth 25000000
    traffic "18000000,3500000,200000,200000,200000,200000,200000,200000,200000,200000,200000,200000,200000,200000,200000"
    reservation "19171800.0,3033800.0,201440.0,213020.0,189440.0,229220.0,189440.0,213020.0,177860.0,199460.0,204320.0,189440.0,199460.0,229220.0,204320.0"
    port 0
  ]
  edge [
    source 13
    target 14
    key 0
    id "e9"
    bandwidth 25000000
    traffic "18000000,3500000,200000,200000,200000,200000,200000,200000,200000,200000,200000,200000,200000,200000,200000"
    reservation "18518400.0,3695300.0,213020.0,229220.0,177860.0,201440.0,213020.0,213020.0,203840.0,204320.0,199460.0,213020.0,204320.0,203840.0,229220.0"
    port 1
  ]
  edge [
    source 13
    target 19
    key 0
    port 2
    weight 1
    bandwidth 50000000
    traffic ""
    reservation ""
  ]
  edge [
    source 13
    target 21
    key 0
    port 3
    weight 1
    bandwidth 50000000
    traffic ""
    reservation ""
  ]
  edge [
    source 13
    target 22
    key 0
    port 4
    weight 1
    bandwidth 50000000
    traffic ""
    reservation ""
  ]
  edge [
    source 13
    target 23
    key 0
    port 5
    weight 1
    bandwidth 50000000
    traffic ""
    reservation ""
  ]
  edge [
    source 13
    target 24
    key 0
    port 6
    weight 1
    bandwidth 50000000
    traffic ""
    reservation ""
  ]
  edge [
    source 13
    target 25
    key 0
    port 7
    weight 1
    bandwidth 50000000
    traffic ""
    reservation ""
  ]
  edge [
    source 13
    target 26
    key 0
    port 8
    weight 1
    bandwidth 50000000
    traffic ""
    reservation ""
  ]
  edge [
    source 13
    target 27
    key 0
    port 9
    weight 1
    bandwidth 50000000
    traffic ""
    reservation ""
  ]
  edge [
    source 13
    target 28
    key 0
    port 10
    weight 1
    bandwidth 50000000
    traffic ""
    reservation ""
  ]
  edge [
    source 13
    target 29
    key 0
    port 11
    weight 1
    bandwidth 50000000
    traffic ""
    reservation ""
  ]
  edge [
    source 13
    target 30
    key 0
    port 12
    weight 1
    bandwidth 50000000
    traffic ""
    reservation ""
  ]
  edge [
    source 13
    target 31
    key 0
    port 13
    weight 1
    bandwidth 50000000
    traffic ""
    reservation ""
  ]
  edge [
    source 13
    target 32
    key 0
    port 14
    weight 1
    bandwidth 50000000
    traffic ""
    reservation ""
  ]
  edge [
    source 13
    target 33
    key 0
    port 15
    weight 1
    bandwidth 50000000
    traffic ""
    reservation ""
  ]
  edge [
    source 13
    target 34
    key 0
    port 16
    weight 1
    bandwidth 50000000
    traffic ""
    reservation ""
  ]
  edge [
    source 13
    target 35
    key 0
    port 17
    weight 1
    bandwidth 50000000
    traffic ""
    reservation ""
  ]
  edge [
    source 13
    target 36
    key 0
    port 18
    weight 1
    bandwidth 50000000
    traffic ""
    reservation ""
  ]
  edge [
    source 13
    target 37
    key 0
    port 19
    weight 1
    bandwidth 50000000
    traffic ""
    reservation ""
  ]
  edge [
    source 13
    target 38
    key 0
    port 20
    weight 1
    bandwidth 50000000
    traffic ""
    reservation ""
  ]
  edge [
    source 13
    target 39
    key 0
    port 21
    weight 1
    bandwidth 50000000
    traffic ""
    reservation ""
  ]
  edge [
    source 13
    target 40
    key 0
    port 22
    weight 1
    bandwidth 50000000
    traffic ""
    reservation ""
  ]
  edge [
    source 13
    target 41
    key 0
    port 23
    weight 1
    bandwidth 50000000
    traffic ""
    reservation ""
  ]
  edge [
    source 13
    target 42
    key 0
    port 24
    weight 1
    bandwidth 50000000
    traffic ""
    reservation ""
  ]
  edge [
    source 13
    target 43
    key 0
    port 25
    weight 1
    bandwidth 50000000
    traffic ""
    reservation ""
  ]
  edge [
    source 13
    target 44
    key 0
    port 26
    weight 1
    bandwidth 50000000
    traffic ""
    reservation ""
  ]
  edge [
    source 13
    target 45
    key 0
    port 27
    weight 1
    bandwidth 50000000
    traffic ""
    reservation ""
  ]
  edge [
    source 13
    target 46
    key 0
    port 28
    weight 1
    bandwidth 50000000
    traffic ""
    reservation ""
  ]
  edge [
    source 13
    target 47
    key 0
    port 29
    weight 1
    bandwidth 50000000
    traffic ""
    reservation ""
  ]
  edge [
    source 13
    target 48
    key 0
    port 30
    weight 1
    bandwidth 50000000
    traffic ""
    reservation ""
  ]
  edge [
    source 13
    target 49
    key 0
    port 31
    weight 1
    bandwidth 50000000
    traffic ""
    reservation ""
  ]
  edge [
    source 14
    target 8
    key 0
    id "e1"
    bandwidth 25000000
    traffic "3500000,200000,18000000,200000,200000,200000,200000,200000,200000,200000,200000,200000,200000,200000,200000,200000,200000,200000,200000"
    reservation "3033800.0,201440.0,18518400.0,213020.0,189440.0,229220.0,189440.0,213020.0,177860.0,199460.0,204320.0,189440.0,199460.0,229220.0,204320.0,213020.0,229220.0,177860.0,177860.0"
    port 0
  ]
  edge [
    source 14
    target 11
    key 0
    id "e6"
    bandwidth 25000000
    traffic "18000000,3500000,200000,200000,200000,200000,200000,200000,200000,200000,200000,200000"
    reservation "19171800.0,3695300.0,201440.0,213020.0,213020.0,203840.0,204320.0,199460.0,213020.0,204320.0,203840.0,229220.0"
    port 1
  ]
  edge [
    source 14
    target 13
    key 0
    id "e9"
    bandwidth 25000000
    traffic ""
    reservation ""
    port 2
  ]
  edge [
    source 15
    target 6
    key 0
    id "e10"
    bandwidth 25000000
    traffic "3500000,200000,200000,200000,200000,200000,200000,200000,200000,200000,200000"
    reservation "3695300.0,201440.0,213020.0,213020.0,203840.0,204320.0,199460.0,213020.0,204320.0,203840.0,229220.0"
    port 0
  ]
  edge [
    source 15
    target 12
    key 0
    id "e8"
    bandwidth 25000000
    traffic "18000000,200000"
    reservation "18518400.0,177860.0"
    port 1
  ]
  edge [
    source 16
    target 7
    key 0
    port 0
    weight 1
    bandwidth 350000000
    traffic ""
    reservation ""
  ]
  edge [
    source 17
    target 8
    key 0
    port 0
    weight 1
    bandwidth 350000000
    traffic ""
    reservation ""
  ]
  edge [
    source 18
    target 12
    key 0
    port 0
    weight 1
    bandwidth 350000000
    traffic ""
    reservation ""
  ]
  edge [
    source 19
    target 13
    key 0
    port 0
    weight 1
    bandwidth 50000000
    traffic "18000000"
    reservation "19171800.0"
  ]
  edge [
    source 20
    target 9
    key 0
    port 0
    weight 1
    bandwidth 50000000
    traffic "18000000"
    reservation "19171800.0"
  ]
  edge [
    source 21
    target 13
    key 0
    port 0
    weight 1
    bandwidth 50000000
    traffic "3500000"
    reservation "3033800.0"
  ]
  edge [
    source 22
    target 13
    key 0
    port 0
    weight 1
    bandwidth 50000000
    traffic "200000"
    reservation "201440.0"
  ]
  edge [
    source 23
    target 13
    key 0
    port 0
    weight 1
    bandwidth 50000000
    traffic "18000000"
    reservation "18518400.0"
  ]
  edge [
    source 24
    target 13
    key 0
    port 0
    weight 1
    bandwidth 50000000
    traffic "3500000"
    reservation "3695300.0"
  ]
  edge [
    source 25
    target 13
    key 0
    port 0
    weight 1
    bandwidth 50000000
    traffic "200000"
    reservation "213020.0"
  ]
  edge [
    source 26
    target 13
    key 0
    port 0
    weight 1
    bandwidth 50000000
    traffic "200000"
    reservation "189440.0"
  ]
  edge [
    source 27
    target 13
    key 0
    port 0
    weight 1
    bandwidth 50000000
    traffic "200000"
    reservation "229220.0"
  ]
  edge [
    source 28
    target 13
    key 0
    port 0
    weight 1
    bandwidth 50000000
    traffic "200000"
    reservation "189440.0"
  ]
  edge [
    source 29
    target 13
    key 0
    port 0
    weight 1
    bandwidth 50000000
    traffic "200000"
    reservation "213020.0"
  ]
  edge [
    source 30
    target 13
    key 0
    port 0
    weight 1
    bandwidth 50000000
    traffic "200000"
    reservation "177860.0"
  ]
  edge [
    source 31
    target 13
    key 0
    port 0
    weight 1
    bandwidth 50000000
    traffic "200000"
    reservation "199460.0"
  ]
  edge [
    source 32
    target 13
    key 0
    port 0
    weight 1
    bandwidth 50000000
    traffic "200000"
    reservation "204320.0"
  ]
  edge [
    source 33
    target 13
    key 0
    port 0
    weight 1
    bandwidth 50000000
    traffic "200000"
    reservation "189440.0"
  ]
  edge [
    source 34
    target 13
    key 0
    port 0
    weight 1
    bandwidth 50000000
    traffic "200000"
    reservation "199460.0"
  ]
  edge [
    source 35
    target 13
    key 0
    port 0
    weight 1
    bandwidth 50000000
    traffic "200000"
    reservation "229220.0"
  ]
  edge [
    source 36
    target 13
    key 0
    port 0
    weight 1
    bandwidth 50000000
    traffic "200000"
    reservation "204320.0"
  ]
  edge [
    source 37
    target 13
    key 0
    port 0
    weight 1
    bandwidth 50000000
    traffic "200000"
    reservation "213020.0"
  ]
  edge [
    source 38
    target 13
    key 0
    port 0
    weight 1
    bandwidth 50000000
    traffic "200000"
    reservation "229220.0"
  ]
  edge [
    source 39
    target 13
    key 0
    port 0
    weight 1
    bandwidth 50000000
    traffic "200000"
    reservation "177860.0"
  ]
  edge [
    source 40
    target 13
    key 0
    port 0
    weight 1
    bandwidth 50000000
    traffic "200000"
    reservation "201440.0"
  ]
  edge [
    source 41
    target 13
    key 0
    port 0
    weight 1
    bandwidth 50000000
    traffic "200000"
    reservation "213020.0"
  ]
  edge [
    source 42
    target 13
    key 0
    port 0
    weight 1
    bandwidth 50000000
    traffic "200000"
    reservation "213020.0"
  ]
  edge [
    source 43
    target 13
    key 0
    port 0
    weight 1
    bandwidth 50000000
    traffic "200000"
    reservation "203840.0"
  ]
  edge [
    source 44
    target 13
    key 0
    port 0
    weight 1
    bandwidth 50000000
    traffic "200000"
    reservation "204320.0"
  ]
  edge [
    source 45
    target 13
    key 0
    port 0
    weight 1
    bandwidth 50000000
    traffic "200000"
    reservation "199460.0"
  ]
  edge [
    source 46
    target 13
    key 0
    port 0
    weight 1
    bandwidth 50000000
    traffic "200000"
    reservation "213020.0"
  ]
  edge [
    source 47
    target 13
    key 0
    port 0
    weight 1
    bandwidth 50000000
    traffic "200000"
    reservation "204320.0"
  ]
  edge [
    source 48
    target 13
    key 0
    port 0
    weight 1
    bandwidth 50000000
    traffic "200000"
    reservation "203840.0"
  ]
  edge [
    source 49
    target 13
    key 0
    port 0
    weight 1
    bandwidth 50000000
    traffic "200000"
    reservation "229220.0"
  ]
  edge [
    source 50
    target 9
    key 0
    port 0
    weight 1
    bandwidth 50000000
    traffic "200000"
    reservation "204320.0"
  ]
  edge [
    source 51
    target 9
    key 0
    port 0
    weight 1
    bandwidth 50000000
    traffic "200000"
    reservation "204320.0"
  ]
  edge [
    source 52
    target 9
    key 0
    port 0
    weight 1
    bandwidth 50000000
    traffic "200000"
    reservation "203840.0"
  ]
  edge [
    source 53
    target 9
    key 0
    port 0
    weight 1
    bandwidth 50000000
    traffic "200000"
    reservation "201440.0"
  ]
  edge [
    source 54
    target 9
    key 0
    port 0
    weight 1
    bandwidth 50000000
    traffic "200000"
    reservation "229220.0"
  ]
  edge [
    source 55
    target 9
    key 0
    port 0
    weight 1
    bandwidth 50000000
    traffic "200000"
    reservation "204320.0"
  ]
  edge [
    source 56
    target 9
    key 0
    port 0
    weight 1
    bandwidth 50000000
    traffic "200000"
    reservation "213020.0"
  ]
  edge [
    source 57
    target 9
    key 0
    port 0
    weight 1
    bandwidth 50000000
    traffic "200000"
    reservation "213020.0"
  ]
  edge [
    source 58
    target 9
    key 0
    port 0
    weight 1
    bandwidth 50000000
    traffic "200000"
    reservation "203840.0"
  ]
  edge [
    source 59
    target 9
    key 0
    port 0
    weight 1
    bandwidth 50000000
    traffic "200000"
    reservation "189440.0"
  ]
  edge [
    source 60
    target 9
    key 0
    port 0
    weight 1
    bandwidth 50000000
    traffic "200000"
    reservation "204320.0"
  ]
  edge [
    source 61
    target 9
    key 0
    port 0
    weight 1
    bandwidth 50000000
    traffic "3500000"
    reservation "3033800.0"
  ]
  edge [
    source 62
    target 9
    key 0
    port 0
    weight 1
    bandwidth 50000000
    traffic "200000"
    reservation "177860.0"
  ]
  edge [
    source 63
    target 9
    key 0
    port 0
    weight 1
    bandwidth 50000000
    traffic "200000"
    reservation "213020.0"
  ]
  edge [
    source 64
    target 9
    key 0
    port 0
    weight 1
    bandwidth 50000000
    traffic "200000"
    reservation "204320.0"
  ]
  edge [
    source 65
    target 9
    key 0
    port 0
    weight 1
    bandwidth 50000000
    traffic "200000"
    reservation "177860.0"
  ]
  edge [
    source 66
    target 9
    key 0
    port 0
    weight 1
    bandwidth 50000000
    traffic "200000"
    reservation "203840.0"
  ]
  edge [
    source 67
    target 9
    key 0
    port 0
    weight 1
    bandwidth 50000000
    traffic "200000"
    reservation "204320.0"
  ]
  edge [
    source 68
    target 9
    key 0
    port 0
    weight 1
    bandwidth 50000000
    traffic "200000"
    reservation "177860.0"
  ]
  edge [
    source 69
    target 9
    key 0
    port 0
    weight 1
    bandwidth 50000000
    traffic "200000"
    reservation "177860.0"
  ]
]
