graph [
  directed 1
  multigraph 1
  GeoLocation "Canada"
  GeoExtent "Country"
  Network "Hibernia Atlantic (Canada)"
  Provenance "Primary"
  Access 0
  Source "http://www.hiberniaatlantic.com/Canada_network.html"
  Version "1.0"
  Type "COM"
  DateType "Current"
  Backbone 1
  Commercial 0
  label "HiberniaCanada"
  ToolsetVersion "0.3.34dev-20120328"
  Customer 0
  IX 0
  SourceGitVersion "e278b1b"
  DateModifier "="
  DateMonth "03"
  LastAccess "23/03/11"
  Layer "IP"
  Creator "Topology Zoo Toolset"
  Developed 0
  Transit 1
  NetworkDate "2011_03"
  DateYear "2011"
  LastProcessed "2011_09_01"
  Testbed 0
  levelsToS 69
  node [
    id 0
    label "0"
    Country "Canada"
    Longitude -79.06627
    Internal 1
    Latitude 43.08342
    type "inner"
    schedulingPolicy "WFQ"
    tosToQoSqueue "18,23;21;19;48;47,56,58;45,50,64;43,46;66;44,65,68;49,67;17;16;25,0,1,2,3,4,5,6,7,8,9,10,11,12,13,14,15,20,22,24,26,27,28,29,30,31,32,33,34,35,36,37,38,39,40,41,42,51,52,53,54,55,57,59,60,61,62,63"
    schedulingWeights "10.4,4.48,4.255,0.001,0.001,0.001,0.001,0.001,0.001,0.001,23.942,26.39,30.525;0.001,0.001,0.001,0.269,0.823,0.756,0.49,0.228,0.684,0.585,0.001,0.001,96.16"
    levelsQoS 13
    queueSizes "32,32,32,32,32,32,32,32,32,32,32,32,32"
  ]
  node [
    id 1
    label "1"
    Internal 0
    type "antenna"
    schedulingPolicy "WFQ"
    tosToQoSqueue "18,23;21;19,31;27;29;26;32;30,33,37,48;24,47;22,38,45,50;20,40,43,46;34,39;35,41,42,44;28,36,49;17;25,0,1,2,3,4,5,6,7,8,9,10,11,12,13,14,15,16,51,52,53,54,55,56,57,58,59,60,61,62,63,64,65,66,67,68"
    schedulingWeights "10.4,4.48,8.51,4.727,4.776,5.36,5.313,1.076,0.549,1.007,0.98,0.456,0.912,0.878,23.942,26.633;0.001,0.001,0.001,0.001,0.001,0.001,0.001,0.001,0.001,0.001,0.001,0.001,0.001,0.001,0.001,99.985;0.001,0.001,0.001,0.001,0.001,0.001,0.001,0.001,0.001,0.001,0.001,0.001,0.001,0.001,0.001,99.985;0.001,0.001,0.001,0.001,0.001,0.001,0.001,0.001,0.001,0.001,0.001,0.001,0.001,0.001,0.001,99.985;0.001,0.001,0.001,0.001,0.001,0.001,0.001,0.001,0.001,0.001,0.001,0.001,0.001,0.001,0.001,99.985;0.001,0.001,0.001,0.001,0.001,0.001,0.001,0.001,0.001,0.001,0.001,0.001,0.001,0.001,0.001,99.985;0.001,0.001,0.001,0.001,0.001,0.001,0.001,0.001,0.001,0.001,0.001,0.001,0.001,0.001,0.001,99.985;0.001,0.001,0.001,0.001,0.001,0.001,0.001,0.001,0.001,0.001,0.001,0.001,0.001,0.001,0.001,99.985;0.001,0.001,0.001,0.001,0.001,0.001,0.001,0.001,0.001,0.001,0.001,0.001,0.001,0.001,0.001,99.985;0.001,0.001,0.001,0.001,0.001,0.001,0.001,0.001,0.001,0.001,0.001,0.001,0.001,0.001,0.001,99.985;0.001,0.001,0.001,0.001,0.001,0.001,0.001,0.001,0.001,0.001,0.001,0.001,0.001,0.001,0.001,99.985;0.001,0.001,0.001,0.001,0.001,0.001,0.001,0.001,0.001,0.001,0.001,0.001,0.001,0.001,0.001,99.985;0.001,0.001,0.001,0.001,0.001,0.001,0.001,0.001,0.001,0.001,0.001,0.001,0.001,0.001,0.001,99.985;0.001,0.001,0.001,0.001,0.001,0.001,0.001,0.001,0.001,0.001,0.001,0.001,0.001,0.001,0.001,99.985;0.001,0.001,0.001,0.001,0.001,0.001,0.001,0.001,0.001,0.001,0.001,0.001,0.001,0.001,0.001,99.985;0.001,0.001,0.001,0.001,0.001,0.001,0.001,0.001,0.001,0.001,0.001,0.001,0.001,0.001,0.001,99.985;0.001,0.001,0.001,0.001,0.001,0.001,0.001,0.001,0.001,0.001,0.001,0.001,0.001,0.001,0.001,99.985;0.001,0.001,0.001,0.001,0.001,0.001,0.001,0.001,0.001,0.001,0.001,0.001,0.001,0.001,0.001,99.985;0.001,0.001,0.001,0.001,0.001,0.001,0.001,0.001,0.001,0.001,0.001,0.001,0.001,0.001,0.001,99.985;0.001,0.001,0.001,0.001,0.001,0.001,0.001,0.001,0.001,0.001,0.001,0.001,0.001,0.001,0.001,99.985;0.001,0.001,0.001,0.001,0.001,0.001,0.001,0.001,0.001,0.001,0.001,0.001,0.001,0.001,0.001,99.985;0.001,0.001,0.001,0.001,0.001,0.001,0.001,0.001,0.001,0.001,0.001,0.001,0.001,0.001,0.001,99.985;0.001,0.001,0.001,0.001,0.001,0.001,0.001,0.001,0.001,0.001,0.001,0.001,0.001,0.001,0.001,99.985;0.001,0.001,0.001,0.001,0.001,0.001,0.001,0.001,0.001,0.001,0.001,0.001,0.001,0.001,0.001,99.985;0.001,0.001,0.001,0.001,0.001,0.001,0.001,0.001,0.001,0.001,0.001,0.001,0.001,0.001,0.001,99.985;0.001,0.001,0.001,0.001,0.001,0.001,0.001,0.001,0.001,0.001,0.001,0.001,0.001,0.001,0.001,99.985;0.001,0.001,0.001,0.001,0.001,0.001,0.001,0.001,0.001,0.001,0.001,0.001,0.001,0.001,0.001,99.985;0.001,0.001,0.001,0.001,0.001,0.001,0.001,0.001,0.001,0.001,0.001,0.001,0.001,0.001,0.001,99.985;0.001,0.001,0.001,0.001,0.001,0.001,0.001,0.001,0.001,0.001,0.001,0.001,0.001,0.001,0.001,99.985;0.001,0.001,0.001,0.001,0.001,0.001,0.001,0.001,0.001,0.001,0.001,0.001,0.001,0.001,0.001,99.985;0.001,0.001,0.001,0.001,0.001,0.001,0.001,0.001,0.001,0.001,0.001,0.001,0.001,0.001,0.001,99.985;0.001,0.001,0.001,0.001,0.001,0.001,0.001,0.001,0.001,0.001,0.001,0.001,0.001,0.001,0.001,99.985;0.001,0.001,0.001,0.001,0.001,0.001,0.001,0.001,0.001,0.001,0.001,0.001,0.001,0.001,0.001,99.985;0.001,0.001,0.001,0.001,0.001,0.001,0.001,0.001,0.001,0.001,0.001,0.001,0.001,0.001,0.001,99.985;0.001,0.001,0.001,0.001,0.001,0.001,0.001,0.001,0.001,0.001,0.001,0.001,0.001,0.001,0.001,99.985"
    levelsQoS 16
    queueSizes "32,32,32,32,32,32,32,32,32,32,32,32,32,32,32,32"
  ]
  node [
    id 2
    label "2"
    Internal 0
    type "destination_urllc"
    schedulingPolicy "FIFO"
    levelsQoS "1"
    schedulingWeights "-"
    tosToQoSqueue "0,1,2,3,4,5,6,7,8,9,10,11,12,13,14,15,16,17,18,19,20,21,22,23,24,25,26,27,28,29,30,31,32,33,34,35,36,37,38,39,40,41,42,43,44,45,46,47,48,49,50,51,52,53,54,55,56,57,58,59,60,61,62,63,64,65,66,67,68"
    queueSizes "32"
  ]
  node [
    id 3
    label "3"
    Country "Canada"
    Longitude -64.80186
    Internal 1
    Latitude 46.11594
    type "inner"
    schedulingPolicy "WFQ"
    tosToQoSqueue "18,23;21;19;48;47,56,58;45,50,64;43,46;66;44,65,68;49,67;51,0,1,2,3,4,5,6,7,8,9,10,11,12,13,14,15,16,17,20,22,24,25,26,27,28,29,30,31,32,33,34,35,36,37,38,39,40,41,42,52,53,54,55,57,59,60,61,62,63"
    schedulingWeights "10.4,4.48,4.255,0.001,0.001,0.001,0.001,0.001,0.001,0.001,80.857;0.001,0.001,0.001,0.269,0.823,0.756,0.49,0.228,0.684,0.585,96.162"
    levelsQoS 11
    queueSizes "32,32,32,32,32,32,32,32,32,32,32"
  ]
  node [
    id 4
    label "4"
    hyperedge 1
    Internal 1
    type "antenna"
    schedulingPolicy "WFQ"
    tosToQoSqueue "18,23,53,55,59;60;57;21;19,31,54,61;27;29,63;62;26;32;52;30,33,37,48;24,47,56,58;22,38,45,50,64;20,40,43,46;34,39,66;35,41,42,44,65,68;28,36,49,67;17,51;16;25,0,1,2,3,4,5,6,7,8,9,10,11,12,13,14,15"
    schedulingWeights "0.001,0.001,0.001,0.001,0.001,0.001,0.001,0.001,0.001,0.001,0.001,0.001,0.001,0.001,0.001,0.001,0.001,0.001,0.001,0.001,99.98;10.4,0.001,0.001,4.48,4.255,0.001,0.001,0.001,0.001,0.001,0.001,0.807,0.274,0.504,0.49,0.456,0.684,0.585,23.942,26.39,26.723;15.6,5.117,4.857,0.001,12.765,4.727,9.552,4.112,5.36,5.313,4.699,0.269,0.823,0.756,0.49,0.228,0.684,0.585,23.942,0.001,0.118;0.001,0.001,0.001,0.001,0.001,0.001,0.001,0.001,0.001,0.001,0.001,0.001,0.001,0.001,0.001,0.001,0.001,0.001,0.001,0.001,99.98;0.001,0.001,0.001,0.001,0.001,0.001,0.001,0.001,0.001,0.001,0.001,0.001,0.001,0.001,0.001,0.001,0.001,0.001,0.001,0.001,99.98;0.001,0.001,0.001,0.001,0.001,0.001,0.001,0.001,0.001,0.001,0.001,0.001,0.001,0.001,0.001,0.001,0.001,0.001,0.001,0.001,99.98;0.001,0.001,0.001,0.001,0.001,0.001,0.001,0.001,0.001,0.001,0.001,0.001,0.001,0.001,0.001,0.001,0.001,0.001,0.001,0.001,99.98;0.001,0.001,0.001,0.001,0.001,0.001,0.001,0.001,0.001,0.001,0.001,0.001,0.001,0.001,0.001,0.001,0.001,0.001,0.001,0.001,99.98;0.001,0.001,0.001,0.001,0.001,0.001,0.001,0.001,0.001,0.001,0.001,0.001,0.001,0.001,0.001,0.001,0.001,0.001,0.001,0.001,99.98;0.001,0.001,0.001,0.001,0.001,0.001,0.001,0.001,0.001,0.001,0.001,0.001,0.001,0.001,0.001,0.001,0.001,0.001,0.001,0.001,99.98;0.001,0.001,0.001,0.001,0.001,0.001,0.001,0.001,0.001,0.001,0.001,0.001,0.001,0.001,0.001,0.001,0.001,0.001,0.001,0.001,99.98;0.001,0.001,0.001,0.001,0.001,0.001,0.001,0.001,0.001,0.001,0.001,0.001,0.001,0.001,0.001,0.001,0.001,0.001,0.001,0.001,99.98;0.001,0.001,0.001,0.001,0.001,0.001,0.001,0.001,0.001,0.001,0.001,0.001,0.001,0.001,0.001,0.001,0.001,0.001,0.001,0.001,99.98;0.001,0.001,0.001,0.001,0.001,0.001,0.001,0.001,0.001,0.001,0.001,0.001,0.001,0.001,0.001,0.001,0.001,0.001,0.001,0.001,99.98;0.001,0.001,0.001,0.001,0.001,0.001,0.001,0.001,0.001,0.001,0.001,0.001,0.001,0.001,0.001,0.001,0.001,0.001,0.001,0.001,99.98;0.001,0.001,0.001,0.001,0.001,0.001,0.001,0.001,0.001,0.001,0.001,0.001,0.001,0.001,0.001,0.001,0.001,0.001,0.001,0.001,99.98;0.001,0.001,0.001,0.001,0.001,0.001,0.001,0.001,0.001,0.001,0.001,0.001,0.001,0.001,0.001,0.001,0.001,0.001,0.001,0.001,99.98;0.001,0.001,0.001,0.001,0.001,0.001,0.001,0.001,0.001,0.001,0.001,0.001,0.001,0.001,0.001,0.001,0.001,0.001,0.001,0.001,99.98;0.001,0.001,0.001,0.001,0.001,0.001,0.001,0.001,0.001,0.001,0.001,0.001,0.001,0.001,0.001,0.001,0.001,0.001,0.001,0.001,99.98;0.001,0.001,0.001,0.001,0.001,0.001,0.001,0.001,0.001,0.001,0.001,0.001,0.001,0.001,0.001,0.001,0.001,0.001,0.001,0.001,99.98;0.001,0.001,0.001,0.001,0.001,0.001,0.001,0.001,0.001,0.001,0.001,0.001,0.001,0.001,0.001,0.001,0.001,0.001,0.001,0.001,99.98;0.001,0.001,0.001,0.001,0.001,0.001,0.001,0.001,0.001,0.001,0.001,0.001,0.001,0.001,0.001,0.001,0.001,0.001,0.001,0.001,99.98"
    levelsQoS 21
    queueSizes "32,32,32,32,32,32,32,32,32,32,32,32,32,32,32,32,32,32,32,32,32"
  ]
  node [
    id 5
    label "5"
    Country "Canada"
    Longitude -68.32512
    Internal 1
    Latitude 47.3737
    type "destination_embb"
    schedulingPolicy "FIFO"
    levelsQoS "1"
    schedulingWeights "-"
    tosToQoSqueue "0,1,2,3,4,5,6,7,8,9,10,11,12,13,14,15,16,17,18,19,20,21,22,23,24,25,26,27,28,29,30,31,32,33,34,35,36,37,38,39,40,41,42,43,44,45,46,47,48,49,50,51,52,53,54,55,56,57,58,59,60,61,62,63,64,65,66,67,68"
    queueSizes "32"
  ]
  node [
    id 6
    label "6"
    Country "Canada"
    Longitude -71.21454
    Internal 1
    Latitude 46.81228
    type "inner"
    schedulingPolicy "WFQ"
    tosToQoSqueue "18,23;21;19;48;47,56,58;45,50,64;43,46;66;44,65,68;49,67;17;16;25,0,1,2,3,4,5,6,7,8,9,10,11,12,13,14,15,20,22,24,26,27,28,29,30,31,32,33,34,35,36,37,38,39,40,41,42,51,52,53,54,55,57,59,60,61,62,63"
    schedulingWeights "10.4,4.48,4.255,0.001,0.001,0.001,0.001,0.001,0.001,0.001,23.942,26.39,30.525;0.001,0.001,0.001,0.269,0.823,0.756,0.49,0.228,0.684,0.585,0.001,0.001,96.16"
    levelsQoS 13
    queueSizes "32,32,32,32,32,32,32,32,32,32,32,32,32"
  ]
  node [
    id 7
    label "7"
    Country "Canada"
    Longitude -73.58781
    Internal 1
    Latitude 45.50884
    type "inner"
    schedulingPolicy "WFQ"
    tosToQoSqueue "18,23;21;19;48;47,56,58;45,50,64;43,46;66;44,65,68;49,67;17;16;25,0,1,2,3,4,5,6,7,8,9,10,11,12,13,14,15,20,22,24,26,27,28,29,30,31,32,33,34,35,36,37,38,39,40,41,42,51,52,53,54,55,57,59,60,61,62,63"
    schedulingWeights "10.4,4.48,4.255,0.001,0.001,0.001,0.001,0.001,0.001,0.001,23.942,26.39,30.525;0.001,0.001,0.001,0.269,0.823,0.756,0.49,0.228,0.684,0.585,0.001,0.001,96.16;0.001,0.001,0.001,0.001,0.001,0.001,0.001,0.001,0.001,0.001,0.001,0.001,99.988"
    levelsQoS 13
    queueSizes "32,32,32,32,32,32,32,32,32,32,32,32,32"
  ]
  node [
    id 8
    label "8"
    Country "Canada"
    Longitude -79.4163
    Internal 1
    Latitude 43.70011
    type "inner"
    schedulingPolicy "WFQ"
    tosToQoSqueue "48;47,56,58;45,50,64;43,46;66;44,65,68;49,67,0,1,2,3,4,5,6,7,8,9,10,11,12,13,14,15,16,17,18,19,20,21,22,23,24,25,26,27,28,29,30,31,32,33,34,35,36,37,38,39,40,41,42,51,52,53,54,55,57,59,60,61,62,63"
    schedulingWeights "0.001,0.001,0.001,0.001,0.001,0.001,99.994;0.269,0.823,0.756,0.49,0.228,0.684,96.75"
    levelsQoS 7
    queueSizes "32,32,32,32,32,32,32"
  ]
  node [
    id 9
    label "9"
    Country "Canada"
    Longitude -108.48475
    Internal 1
    Latitude 55.85017
    type "inner"
    schedulingPolicy "WFQ"
    tosToQoSqueue "48;47,56,58;45,50,64;43,46;66;44,65,68;49,67,0,1,2,3,4,5,6,7,8,9,10,11,12,13,14,15,16,17,18,19,20,21,22,23,24,25,26,27,28,29,30,31,32,33,34,35,36,37,38,39,40,41,42,51,52,53,54,55,57,59,60,61,62,63"
    schedulingWeights "0.001,0.001,0.001,0.001,0.001,0.001,99.994;0.269,0.823,0.756,0.49,0.228,0.684,96.75"
    levelsQoS 7
    queueSizes "32,32,32,32,32,32,32"
  ]
  node [
    id 10
    label "10"
    Country "Canada"
    Longitude -63.64872
    Internal 1
    Latitude 46.28343
    type "inner"
    schedulingPolicy "WFQ"
    tosToQoSqueue "18,23;21;19;48;47,56,58;45,50,64;43,46;66;44,65,68;49,67;17;16;25,0,1,2,3,4,5,6,7,8,9,10,11,12,13,14,15,20,22,24,26,27,28,29,30,31,32,33,34,35,36,37,38,39,40,41,42,51,52,53,54,55,57,59,60,61,62,63"
    schedulingWeights "0.001,0.001,0.001,0.269,0.823,0.756,0.49,0.228,0.684,0.585,0.001,0.001,96.16;10.4,4.48,4.255,0.001,0.001,0.001,0.001,0.001,0.001,0.001,23.942,26.39,30.525;0.001,0.001,0.001,0.001,0.001,0.001,0.001,0.001,0.001,0.001,0.001,0.001,99.988"
    levelsQoS 13
    queueSizes "32,32,32,32,32,32,32,32,32,32,32,32,32"
  ]
  node [
    id 11
    label "11"
    Country "Canada"
    Longitude -121.44399
    Internal 1
    Latitude 49.87002
    type "destination_mmtc"
    schedulingPolicy "FIFO"
    levelsQoS "1"
    schedulingWeights "-"
    tosToQoSqueue "0,1,2,3,4,5,6,7,8,9,10,11,12,13,14,15,16,17,18,19,20,21,22,23,24,25,26,27,28,29,30,31,32,33,34,35,36,37,38,39,40,41,42,43,44,45,46,47,48,49,50,51,52,53,54,55,56,57,58,59,60,61,62,63,64,65,66,67,68"
    queueSizes "32"
  ]
  node [
    id 12
    label "12"
    Country "Canada"
    Longitude -63.57333
    Internal 1
    Latitude 44.646
    type "inner"
    schedulingPolicy "WFQ"
    tosToQoSqueue "18,23,53,55,59;60;57;21;19,31,54,61;27;29,63;62;26;32;52;48;47,56,58;45,50,64;43,46;66;44,65,68;49,67;51,0,1,2,3,4,5,6,7,8,9,10,11,12,13,14,15,16,17,20,22,24,25,28,30,33,34,35,36,37,38,39,40,41,42"
    schedulingWeights "26.0,5.117,4.857,4.48,17.02,4.727,9.552,4.112,5.36,5.313,4.699,0.001,0.001,0.001,0.001,0.001,0.001,0.001,8.755;0.001,0.001,0.001,0.001,0.001,0.001,0.001,0.001,0.001,0.001,0.001,0.269,0.823,0.756,0.49,0.228,0.684,0.585,96.154;0.001,0.001,0.001,0.001,0.001,0.001,0.001,0.001,0.001,0.001,0.001,0.001,0.001,0.001,0.001,0.001,0.001,0.001,99.982"
    levelsQoS 19
    queueSizes "32,32,32,32,32,32,32,32,32,32,32,32,32,32,32,32,32,32,32"
  ]
  node [
    id 13
    label "13"
    schedulingPolicy "FIFO"
    levelsQoS "1"
    schedulingWeights "-"
    tosToQoSqueue "0,1,2,3,4,5,6,7,8,9,10,11,12,13,14,15,16,17,18,19,20,21,22,23,24,25,26,27,28,29,30,31,32,33,34,35,36,37,38,39,40,41,42,43,44,45,46,47,48,49,50,51,52,53,54,55,56,57,58,59,60,61,62,63,64,65,66,67,68"
    queueSizes "32"
    type "destination_urllc"
  ]
  node [
    id 14
    label "14"
    schedulingPolicy "FIFO"
    levelsQoS "1"
    schedulingWeights "-"
    tosToQoSqueue "0,1,2,3,4,5,6,7,8,9,10,11,12,13,14,15,16,17,18,19,20,21,22,23,24,25,26,27,28,29,30,31,32,33,34,35,36,37,38,39,40,41,42,43,44,45,46,47,48,49,50,51,52,53,54,55,56,57,58,59,60,61,62,63,64,65,66,67,68"
    queueSizes "32"
    type "destination_mmtc"
  ]
  node [
    id 15
    label "15"
    schedulingPolicy "FIFO"
    levelsQoS "1"
    schedulingWeights "-"
    tosToQoSqueue "0,1,2,3,4,5,6,7,8,9,10,11,12,13,14,15,16,17,18,19,20,21,22,23,24,25,26,27,28,29,30,31,32,33,34,35,36,37,38,39,40,41,42,43,44,45,46,47,48,49,50,51,52,53,54,55,56,57,58,59,60,61,62,63,64,65,66,67,68"
    queueSizes "32"
    type "destination_embb"
  ]
  node [
    id 16
    label "16"
    schedulingPolicy "FIFO"
    levelsQoS "1"
    schedulingWeights "-"
    tosToQoSqueue "0,1,2,3,4,5,6,7,8,9,10,11,12,13,14,15,16,17,18,19,20,21,22,23,24,25,26,27,28,29,30,31,32,33,34,35,36,37,38,39,40,41,42,43,44,45,46,47,48,49,50,51,52,53,54,55,56,57,58,59,60,61,62,63,64,65,66,67,68"
    queueSizes "32"
    type "origin_embb"
    reservation 19792800.0
  ]
  node [
    id 17
    label "17"
    schedulingPolicy "FIFO"
    levelsQoS "1"
    schedulingWeights "-"
    tosToQoSqueue "0,1,2,3,4,5,6,7,8,9,10,11,12,13,14,15,16,17,18,19,20,21,22,23,24,25,26,27,28,29,30,31,32,33,34,35,36,37,38,39,40,41,42,43,44,45,46,47,48,49,50,51,52,53,54,55,56,57,58,59,60,61,62,63,64,65,66,67,68"
    queueSizes "32"
    type "origin_embb"
    reservation 17956800.0
  ]
  node [
    id 18
    label "18"
    schedulingPolicy "FIFO"
    levelsQoS "1"
    schedulingWeights "-"
    tosToQoSqueue "0,1,2,3,4,5,6,7,8,9,10,11,12,13,14,15,16,17,18,19,20,21,22,23,24,25,26,27,28,29,30,31,32,33,34,35,36,37,38,39,40,41,42,43,44,45,46,47,48,49,50,51,52,53,54,55,56,57,58,59,60,61,62,63,64,65,66,67,68"
    queueSizes "32"
    type "origin_urllc"
    reservation 3900050.0
  ]
  node [
    id 19
    label "19"
    schedulingPolicy "FIFO"
    levelsQoS "1"
    schedulingWeights "-"
    tosToQoSqueue "0,1,2,3,4,5,6,7,8,9,10,11,12,13,14,15,16,17,18,19,20,21,22,23,24,25,26,27,28,29,30,31,32,33,34,35,36,37,38,39,40,41,42,43,44,45,46,47,48,49,50,51,52,53,54,55,56,57,58,59,60,61,62,63,64,65,66,67,68"
    queueSizes "32"
    type "origin_urllc"
    reservation 3191300.0
  ]
  node [
    id 20
    label "20"
    schedulingPolicy "FIFO"
    levelsQoS "1"
    schedulingWeights "-"
    tosToQoSqueue "0,1,2,3,4,5,6,7,8,9,10,11,12,13,14,15,16,17,18,19,20,21,22,23,24,25,26,27,28,29,30,31,32,33,34,35,36,37,38,39,40,41,42,43,44,45,46,47,48,49,50,51,52,53,54,55,56,57,58,59,60,61,62,63,64,65,66,67,68"
    queueSizes "32"
    type "origin_mmtc"
    reservation 183680.0
  ]
  node [
    id 21
    label "21"
    schedulingPolicy "FIFO"
    levelsQoS "1"
    schedulingWeights "-"
    tosToQoSqueue "0,1,2,3,4,5,6,7,8,9,10,11,12,13,14,15,16,17,18,19,20,21,22,23,24,25,26,27,28,29,30,31,32,33,34,35,36,37,38,39,40,41,42,43,44,45,46,47,48,49,50,51,52,53,54,55,56,57,58,59,60,61,62,63,64,65,66,67,68"
    queueSizes "32"
    type "origin_urllc"
    reservation 3360350.0
  ]
  node [
    id 22
    label "22"
    schedulingPolicy "FIFO"
    levelsQoS "1"
    schedulingWeights "-"
    tosToQoSqueue "0,1,2,3,4,5,6,7,8,9,10,11,12,13,14,15,16,17,18,19,20,21,22,23,24,25,26,27,28,29,30,31,32,33,34,35,36,37,38,39,40,41,42,43,44,45,46,47,48,49,50,51,52,53,54,55,56,57,58,59,60,61,62,63,64,65,66,67,68"
    queueSizes "32"
    type "origin_mmtc"
    reservation 188900.0
  ]
  node [
    id 23
    label "23"
    schedulingPolicy "FIFO"
    levelsQoS "1"
    schedulingWeights "-"
    tosToQoSqueue "0,1,2,3,4,5,6,7,8,9,10,11,12,13,14,15,16,17,18,19,20,21,22,23,24,25,26,27,28,29,30,31,32,33,34,35,36,37,38,39,40,41,42,43,44,45,46,47,48,49,50,51,52,53,54,55,56,57,58,59,60,61,62,63,64,65,66,67,68"
    queueSizes "32"
    type "origin_urllc"
    reservation 3900050.0
  ]
  node [
    id 24
    label "24"
    schedulingPolicy "FIFO"
    levelsQoS "1"
    schedulingWeights "-"
    tosToQoSqueue "0,1,2,3,4,5,6,7,8,9,10,11,12,13,14,15,16,17,18,19,20,21,22,23,24,25,26,27,28,29,30,31,32,33,34,35,36,37,38,39,40,41,42,43,44,45,46,47,48,49,50,51,52,53,54,55,56,57,58,59,60,61,62,63,64,65,66,67,68"
    queueSizes "32"
    type "origin_mmtc"
    reservation 205760.0
  ]
  node [
    id 25
    label "25"
    schedulingPolicy "FIFO"
    levelsQoS "1"
    schedulingWeights "-"
    tosToQoSqueue "0,1,2,3,4,5,6,7,8,9,10,11,12,13,14,15,16,17,18,19,20,21,22,23,24,25,26,27,28,29,30,31,32,33,34,35,36,37,38,39,40,41,42,43,44,45,46,47,48,49,50,51,52,53,54,55,56,57,58,59,60,61,62,63,64,65,66,67,68"
    queueSizes "32"
    type "origin_embb"
    reservation 19906200.0
  ]
  node [
    id 26
    label "26"
    schedulingPolicy "FIFO"
    levelsQoS "1"
    schedulingWeights "-"
    tosToQoSqueue "0,1,2,3,4,5,6,7,8,9,10,11,12,13,14,15,16,17,18,19,20,21,22,23,24,25,26,27,28,29,30,31,32,33,34,35,36,37,38,39,40,41,42,43,44,45,46,47,48,49,50,51,52,53,54,55,56,57,58,59,60,61,62,63,64,65,66,67,68"
    queueSizes "32"
    type "origin_urllc"
    reservation 4019750.0
  ]
  node [
    id 27
    label "27"
    schedulingPolicy "FIFO"
    levelsQoS "1"
    schedulingWeights "-"
    tosToQoSqueue "0,1,2,3,4,5,6,7,8,9,10,11,12,13,14,15,16,17,18,19,20,21,22,23,24,25,26,27,28,29,30,31,32,33,34,35,36,37,38,39,40,41,42,43,44,45,46,47,48,49,50,51,52,53,54,55,56,57,58,59,60,61,62,63,64,65,66,67,68"
    queueSizes "32"
    type "origin_urllc"
    reservation 3545150.0
  ]
  node [
    id 28
    label "28"
    schedulingPolicy "FIFO"
    levelsQoS "1"
    schedulingWeights "-"
    tosToQoSqueue "0,1,2,3,4,5,6,7,8,9,10,11,12,13,14,15,16,17,18,19,20,21,22,23,24,25,26,27,28,29,30,31,32,33,34,35,36,37,38,39,40,41,42,43,44,45,46,47,48,49,50,51,52,53,54,55,56,57,58,59,60,61,62,63,64,65,66,67,68"
    queueSizes "32"
    type "origin_mmtc"
    reservation 219560.0
  ]
  node [
    id 29
    label "29"
    schedulingPolicy "FIFO"
    levelsQoS "1"
    schedulingWeights "-"
    tosToQoSqueue "0,1,2,3,4,5,6,7,8,9,10,11,12,13,14,15,16,17,18,19,20,21,22,23,24,25,26,27,28,29,30,31,32,33,34,35,36,37,38,39,40,41,42,43,44,45,46,47,48,49,50,51,52,53,54,55,56,57,58,59,60,61,62,63,64,65,66,67,68"
    queueSizes "32"
    type "origin_urllc"
    reservation 3581900.0
  ]
  node [
    id 30
    label "30"
    schedulingPolicy "FIFO"
    levelsQoS "1"
    schedulingWeights "-"
    tosToQoSqueue "0,1,2,3,4,5,6,7,8,9,10,11,12,13,14,15,16,17,18,19,20,21,22,23,24,25,26,27,28,29,30,31,32,33,34,35,36,37,38,39,40,41,42,43,44,45,46,47,48,49,50,51,52,53,54,55,56,57,58,59,60,61,62,63,64,65,66,67,68"
    queueSizes "32"
    type "origin_mmtc"
    reservation 201680.0
  ]
  node [
    id 31
    label "31"
    schedulingPolicy "FIFO"
    levelsQoS "1"
    schedulingWeights "-"
    tosToQoSqueue "0,1,2,3,4,5,6,7,8,9,10,11,12,13,14,15,16,17,18,19,20,21,22,23,24,25,26,27,28,29,30,31,32,33,34,35,36,37,38,39,40,41,42,43,44,45,46,47,48,49,50,51,52,53,54,55,56,57,58,59,60,61,62,63,64,65,66,67,68"
    queueSizes "32"
    type "origin_urllc"
    reservation 3191300.0
  ]
  node [
    id 32
    label "32"
    schedulingPolicy "FIFO"
    levelsQoS "1"
    schedulingWeights "-"
    tosToQoSqueue "0,1,2,3,4,5,6,7,8,9,10,11,12,13,14,15,16,17,18,19,20,21,22,23,24,25,26,27,28,29,30,31,32,33,34,35,36,37,38,39,40,41,42,43,44,45,46,47,48,49,50,51,52,53,54,55,56,57,58,59,60,61,62,63,64,65,66,67,68"
    queueSizes "32"
    type "origin_urllc"
    reservation 3985100.0
  ]
  node [
    id 33
    label "33"
    schedulingPolicy "FIFO"
    levelsQoS "1"
    schedulingWeights "-"
    tosToQoSqueue "0,1,2,3,4,5,6,7,8,9,10,11,12,13,14,15,16,17,18,19,20,21,22,23,24,25,26,27,28,29,30,31,32,33,34,35,36,37,38,39,40,41,42,43,44,45,46,47,48,49,50,51,52,53,54,55,56,57,58,59,60,61,62,63,64,65,66,67,68"
    queueSizes "32"
    type "origin_mmtc"
    reservation 201680.0
  ]
  node [
    id 34
    label "34"
    schedulingPolicy "FIFO"
    levelsQoS "1"
    schedulingWeights "-"
    tosToQoSqueue "0,1,2,3,4,5,6,7,8,9,10,11,12,13,14,15,16,17,18,19,20,21,22,23,24,25,26,27,28,29,30,31,32,33,34,35,36,37,38,39,40,41,42,43,44,45,46,47,48,49,50,51,52,53,54,55,56,57,58,59,60,61,62,63,64,65,66,67,68"
    queueSizes "32"
    type "origin_mmtc"
    reservation 171140.0
  ]
  node [
    id 35
    label "35"
    schedulingPolicy "FIFO"
    levelsQoS "1"
    schedulingWeights "-"
    tosToQoSqueue "0,1,2,3,4,5,6,7,8,9,10,11,12,13,14,15,16,17,18,19,20,21,22,23,24,25,26,27,28,29,30,31,32,33,34,35,36,37,38,39,40,41,42,43,44,45,46,47,48,49,50,51,52,53,54,55,56,57,58,59,60,61,62,63,64,65,66,67,68"
    queueSizes "32"
    type "origin_mmtc"
    reservation 171020.0
  ]
  node [
    id 36
    label "36"
    schedulingPolicy "FIFO"
    levelsQoS "1"
    schedulingWeights "-"
    tosToQoSqueue "0,1,2,3,4,5,6,7,8,9,10,11,12,13,14,15,16,17,18,19,20,21,22,23,24,25,26,27,28,29,30,31,32,33,34,35,36,37,38,39,40,41,42,43,44,45,46,47,48,49,50,51,52,53,54,55,56,57,58,59,60,61,62,63,64,65,66,67,68"
    queueSizes "32"
    type "origin_mmtc"
    reservation 219560.0
  ]
  node [
    id 37
    label "37"
    schedulingPolicy "FIFO"
    levelsQoS "1"
    schedulingWeights "-"
    tosToQoSqueue "0,1,2,3,4,5,6,7,8,9,10,11,12,13,14,15,16,17,18,19,20,21,22,23,24,25,26,27,28,29,30,31,32,33,34,35,36,37,38,39,40,41,42,43,44,45,46,47,48,49,50,51,52,53,54,55,56,57,58,59,60,61,62,63,64,65,66,67,68"
    queueSizes "32"
    type "origin_mmtc"
    reservation 201680.0
  ]
  node [
    id 38
    label "38"
    schedulingPolicy "FIFO"
    levelsQoS "1"
    schedulingWeights "-"
    tosToQoSqueue "0,1,2,3,4,5,6,7,8,9,10,11,12,13,14,15,16,17,18,19,20,21,22,23,24,25,26,27,28,29,30,31,32,33,34,35,36,37,38,39,40,41,42,43,44,45,46,47,48,49,50,51,52,53,54,55,56,57,58,59,60,61,62,63,64,65,66,67,68"
    queueSizes "32"
    type "origin_mmtc"
    reservation 188900.0
  ]
  node [
    id 39
    label "39"
    schedulingPolicy "FIFO"
    levelsQoS "1"
    schedulingWeights "-"
    tosToQoSqueue "0,1,2,3,4,5,6,7,8,9,10,11,12,13,14,15,16,17,18,19,20,21,22,23,24,25,26,27,28,29,30,31,32,33,34,35,36,37,38,39,40,41,42,43,44,45,46,47,48,49,50,51,52,53,54,55,56,57,58,59,60,61,62,63,64,65,66,67,68"
    queueSizes "32"
    type "origin_mmtc"
    reservation 171140.0
  ]
  node [
    id 40
    label "40"
    schedulingPolicy "FIFO"
    levelsQoS "1"
    schedulingWeights "-"
    tosToQoSqueue "0,1,2,3,4,5,6,7,8,9,10,11,12,13,14,15,16,17,18,19,20,21,22,23,24,25,26,27,28,29,30,31,32,33,34,35,36,37,38,39,40,41,42,43,44,45,46,47,48,49,50,51,52,53,54,55,56,57,58,59,60,61,62,63,64,65,66,67,68"
    queueSizes "32"
    type "origin_mmtc"
    reservation 183680.0
  ]
  node [
    id 41
    label "41"
    schedulingPolicy "FIFO"
    levelsQoS "1"
    schedulingWeights "-"
    tosToQoSqueue "0,1,2,3,4,5,6,7,8,9,10,11,12,13,14,15,16,17,18,19,20,21,22,23,24,25,26,27,28,29,30,31,32,33,34,35,36,37,38,39,40,41,42,43,44,45,46,47,48,49,50,51,52,53,54,55,56,57,58,59,60,61,62,63,64,65,66,67,68"
    queueSizes "32"
    type "origin_mmtc"
    reservation 171020.0
  ]
  node [
    id 42
    label "42"
    schedulingPolicy "FIFO"
    levelsQoS "1"
    schedulingWeights "-"
    tosToQoSqueue "0,1,2,3,4,5,6,7,8,9,10,11,12,13,14,15,16,17,18,19,20,21,22,23,24,25,26,27,28,29,30,31,32,33,34,35,36,37,38,39,40,41,42,43,44,45,46,47,48,49,50,51,52,53,54,55,56,57,58,59,60,61,62,63,64,65,66,67,68"
    queueSizes "32"
    type "origin_mmtc"
    reservation 171020.0
  ]
  node [
    id 43
    label "43"
    schedulingPolicy "FIFO"
    levelsQoS "1"
    schedulingWeights "-"
    tosToQoSqueue "0,1,2,3,4,5,6,7,8,9,10,11,12,13,14,15,16,17,18,19,20,21,22,23,24,25,26,27,28,29,30,31,32,33,34,35,36,37,38,39,40,41,42,43,44,45,46,47,48,49,50,51,52,53,54,55,56,57,58,59,60,61,62,63,64,65,66,67,68"
    queueSizes "32"
    type "origin_mmtc"
    reservation 183680.0
  ]
  node [
    id 44
    label "44"
    schedulingPolicy "FIFO"
    levelsQoS "1"
    schedulingWeights "-"
    tosToQoSqueue "0,1,2,3,4,5,6,7,8,9,10,11,12,13,14,15,16,17,18,19,20,21,22,23,24,25,26,27,28,29,30,31,32,33,34,35,36,37,38,39,40,41,42,43,44,45,46,47,48,49,50,51,52,53,54,55,56,57,58,59,60,61,62,63,64,65,66,67,68"
    queueSizes "32"
    type "origin_mmtc"
    reservation 171020.0
  ]
  node [
    id 45
    label "45"
    schedulingPolicy "FIFO"
    levelsQoS "1"
    schedulingWeights "-"
    tosToQoSqueue "0,1,2,3,4,5,6,7,8,9,10,11,12,13,14,15,16,17,18,19,20,21,22,23,24,25,26,27,28,29,30,31,32,33,34,35,36,37,38,39,40,41,42,43,44,45,46,47,48,49,50,51,52,53,54,55,56,57,58,59,60,61,62,63,64,65,66,67,68"
    queueSizes "32"
    type "origin_mmtc"
    reservation 188900.0
  ]
  node [
    id 46
    label "46"
    schedulingPolicy "FIFO"
    levelsQoS "1"
    schedulingWeights "-"
    tosToQoSqueue "0,1,2,3,4,5,6,7,8,9,10,11,12,13,14,15,16,17,18,19,20,21,22,23,24,25,26,27,28,29,30,31,32,33,34,35,36,37,38,39,40,41,42,43,44,45,46,47,48,49,50,51,52,53,54,55,56,57,58,59,60,61,62,63,64,65,66,67,68"
    queueSizes "32"
    type "origin_mmtc"
    reservation 183680.0
  ]
  node [
    id 47
    label "47"
    schedulingPolicy "FIFO"
    levelsQoS "1"
    schedulingWeights "-"
    tosToQoSqueue "0,1,2,3,4,5,6,7,8,9,10,11,12,13,14,15,16,17,18,19,20,21,22,23,24,25,26,27,28,29,30,31,32,33,34,35,36,37,38,39,40,41,42,43,44,45,46,47,48,49,50,51,52,53,54,55,56,57,58,59,60,61,62,63,64,65,66,67,68"
    queueSizes "32"
    type "origin_mmtc"
    reservation 205760.0
  ]
  node [
    id 48
    label "48"
    schedulingPolicy "FIFO"
    levelsQoS "1"
    schedulingWeights "-"
    tosToQoSqueue "0,1,2,3,4,5,6,7,8,9,10,11,12,13,14,15,16,17,18,19,20,21,22,23,24,25,26,27,28,29,30,31,32,33,34,35,36,37,38,39,40,41,42,43,44,45,46,47,48,49,50,51,52,53,54,55,56,57,58,59,60,61,62,63,64,65,66,67,68"
    queueSizes "32"
    type "origin_mmtc"
    reservation 201680.0
  ]
  node [
    id 49
    label "49"
    schedulingPolicy "FIFO"
    levelsQoS "1"
    schedulingWeights "-"
    tosToQoSqueue "0,1,2,3,4,5,6,7,8,9,10,11,12,13,14,15,16,17,18,19,20,21,22,23,24,25,26,27,28,29,30,31,32,33,34,35,36,37,38,39,40,41,42,43,44,45,46,47,48,49,50,51,52,53,54,55,56,57,58,59,60,61,62,63,64,65,66,67,68"
    queueSizes "32"
    type "origin_mmtc"
    reservation 219560.0
  ]
  node [
    id 50
    label "50"
    schedulingPolicy "FIFO"
    levelsQoS "1"
    schedulingWeights "-"
    tosToQoSqueue "0,1,2,3,4,5,6,7,8,9,10,11,12,13,14,15,16,17,18,19,20,21,22,23,24,25,26,27,28,29,30,31,32,33,34,35,36,37,38,39,40,41,42,43,44,45,46,47,48,49,50,51,52,53,54,55,56,57,58,59,60,61,62,63,64,65,66,67,68"
    queueSizes "32"
    type "origin_mmtc"
    reservation 188900.0
  ]
  node [
    id 51
    label "51"
    schedulingPolicy "FIFO"
    levelsQoS "1"
    schedulingWeights "-"
    tosToQoSqueue "0,1,2,3,4,5,6,7,8,9,10,11,12,13,14,15,16,17,18,19,20,21,22,23,24,25,26,27,28,29,30,31,32,33,34,35,36,37,38,39,40,41,42,43,44,45,46,47,48,49,50,51,52,53,54,55,56,57,58,59,60,61,62,63,64,65,66,67,68"
    queueSizes "32"
    type "origin_embb"
    reservation 17956800.0
  ]
  node [
    id 52
    label "52"
    schedulingPolicy "FIFO"
    levelsQoS "1"
    schedulingWeights "-"
    tosToQoSqueue "0,1,2,3,4,5,6,7,8,9,10,11,12,13,14,15,16,17,18,19,20,21,22,23,24,25,26,27,28,29,30,31,32,33,34,35,36,37,38,39,40,41,42,43,44,45,46,47,48,49,50,51,52,53,54,55,56,57,58,59,60,61,62,63,64,65,66,67,68"
    queueSizes "32"
    type "origin_urllc"
    reservation 3524150.0
  ]
  node [
    id 53
    label "53"
    schedulingPolicy "FIFO"
    levelsQoS "1"
    schedulingWeights "-"
    tosToQoSqueue "0,1,2,3,4,5,6,7,8,9,10,11,12,13,14,15,16,17,18,19,20,21,22,23,24,25,26,27,28,29,30,31,32,33,34,35,36,37,38,39,40,41,42,43,44,45,46,47,48,49,50,51,52,53,54,55,56,57,58,59,60,61,62,63,64,65,66,67,68"
    queueSizes "32"
    type "origin_urllc"
    reservation 3900050.0
  ]
  node [
    id 54
    label "54"
    schedulingPolicy "FIFO"
    levelsQoS "1"
    schedulingWeights "-"
    tosToQoSqueue "0,1,2,3,4,5,6,7,8,9,10,11,12,13,14,15,16,17,18,19,20,21,22,23,24,25,26,27,28,29,30,31,32,33,34,35,36,37,38,39,40,41,42,43,44,45,46,47,48,49,50,51,52,53,54,55,56,57,58,59,60,61,62,63,64,65,66,67,68"
    queueSizes "32"
    type "origin_urllc"
    reservation 3191300.0
  ]
  node [
    id 55
    label "55"
    schedulingPolicy "FIFO"
    levelsQoS "1"
    schedulingWeights "-"
    tosToQoSqueue "0,1,2,3,4,5,6,7,8,9,10,11,12,13,14,15,16,17,18,19,20,21,22,23,24,25,26,27,28,29,30,31,32,33,34,35,36,37,38,39,40,41,42,43,44,45,46,47,48,49,50,51,52,53,54,55,56,57,58,59,60,61,62,63,64,65,66,67,68"
    queueSizes "32"
    type "origin_urllc"
    reservation 3900050.0
  ]
  node [
    id 56
    label "56"
    schedulingPolicy "FIFO"
    levelsQoS "1"
    schedulingWeights "-"
    tosToQoSqueue "0,1,2,3,4,5,6,7,8,9,10,11,12,13,14,15,16,17,18,19,20,21,22,23,24,25,26,27,28,29,30,31,32,33,34,35,36,37,38,39,40,41,42,43,44,45,46,47,48,49,50,51,52,53,54,55,56,57,58,59,60,61,62,63,64,65,66,67,68"
    queueSizes "32"
    type "origin_mmtc"
    reservation 205760.0
  ]
  node [
    id 57
    label "57"
    schedulingPolicy "FIFO"
    levelsQoS "1"
    schedulingWeights "-"
    tosToQoSqueue "0,1,2,3,4,5,6,7,8,9,10,11,12,13,14,15,16,17,18,19,20,21,22,23,24,25,26,27,28,29,30,31,32,33,34,35,36,37,38,39,40,41,42,43,44,45,46,47,48,49,50,51,52,53,54,55,56,57,58,59,60,61,62,63,64,65,66,67,68"
    queueSizes "32"
    type "origin_urllc"
    reservation 3642800.0
  ]
  node [
    id 58
    label "58"
    schedulingPolicy "FIFO"
    levelsQoS "1"
    schedulingWeights "-"
    tosToQoSqueue "0,1,2,3,4,5,6,7,8,9,10,11,12,13,14,15,16,17,18,19,20,21,22,23,24,25,26,27,28,29,30,31,32,33,34,35,36,37,38,39,40,41,42,43,44,45,46,47,48,49,50,51,52,53,54,55,56,57,58,59,60,61,62,63,64,65,66,67,68"
    queueSizes "32"
    type "origin_mmtc"
    reservation 205760.0
  ]
  node [
    id 59
    label "59"
    schedulingPolicy "FIFO"
    levelsQoS "1"
    schedulingWeights "-"
    tosToQoSqueue "0,1,2,3,4,5,6,7,8,9,10,11,12,13,14,15,16,17,18,19,20,21,22,23,24,25,26,27,28,29,30,31,32,33,34,35,36,37,38,39,40,41,42,43,44,45,46,47,48,49,50,51,52,53,54,55,56,57,58,59,60,61,62,63,64,65,66,67,68"
    queueSizes "32"
    type "origin_urllc"
    reservation 3900050.0
  ]
  node [
    id 60
    label "60"
    schedulingPolicy "FIFO"
    levelsQoS "1"
    schedulingWeights "-"
    tosToQoSqueue "0,1,2,3,4,5,6,7,8,9,10,11,12,13,14,15,16,17,18,19,20,21,22,23,24,25,26,27,28,29,30,31,32,33,34,35,36,37,38,39,40,41,42,43,44,45,46,47,48,49,50,51,52,53,54,55,56,57,58,59,60,61,62,63,64,65,66,67,68"
    queueSizes "32"
    type "origin_urllc"
    reservation 3838100.0
  ]
  node [
    id 61
    label "61"
    schedulingPolicy "FIFO"
    levelsQoS "1"
    schedulingWeights "-"
    tosToQoSqueue "0,1,2,3,4,5,6,7,8,9,10,11,12,13,14,15,16,17,18,19,20,21,22,23,24,25,26,27,28,29,30,31,32,33,34,35,36,37,38,39,40,41,42,43,44,45,46,47,48,49,50,51,52,53,54,55,56,57,58,59,60,61,62,63,64,65,66,67,68"
    queueSizes "32"
    type "origin_urllc"
    reservation 3191300.0
  ]
  node [
    id 62
    label "62"
    schedulingPolicy "FIFO"
    levelsQoS "1"
    schedulingWeights "-"
    tosToQoSqueue "0,1,2,3,4,5,6,7,8,9,10,11,12,13,14,15,16,17,18,19,20,21,22,23,24,25,26,27,28,29,30,31,32,33,34,35,36,37,38,39,40,41,42,43,44,45,46,47,48,49,50,51,52,53,54,55,56,57,58,59,60,61,62,63,64,65,66,67,68"
    queueSizes "32"
    type "origin_urllc"
    reservation 3084200.0
  ]
  node [
    id 63
    label "63"
    schedulingPolicy "FIFO"
    levelsQoS "1"
    schedulingWeights "-"
    tosToQoSqueue "0,1,2,3,4,5,6,7,8,9,10,11,12,13,14,15,16,17,18,19,20,21,22,23,24,25,26,27,28,29,30,31,32,33,34,35,36,37,38,39,40,41,42,43,44,45,46,47,48,49,50,51,52,53,54,55,56,57,58,59,60,61,62,63,64,65,66,67,68"
    queueSizes "32"
    type "origin_urllc"
    reservation 3581900.0
  ]
  node [
    id 64
    label "64"
    schedulingPolicy "FIFO"
    levelsQoS "1"
    schedulingWeights "-"
    tosToQoSqueue "0,1,2,3,4,5,6,7,8,9,10,11,12,13,14,15,16,17,18,19,20,21,22,23,24,25,26,27,28,29,30,31,32,33,34,35,36,37,38,39,40,41,42,43,44,45,46,47,48,49,50,51,52,53,54,55,56,57,58,59,60,61,62,63,64,65,66,67,68"
    queueSizes "32"
    type "origin_mmtc"
    reservation 188900.0
  ]
  node [
    id 65
    label "65"
    schedulingPolicy "FIFO"
    levelsQoS "1"
    schedulingWeights "-"
    tosToQoSqueue "0,1,2,3,4,5,6,7,8,9,10,11,12,13,14,15,16,17,18,19,20,21,22,23,24,25,26,27,28,29,30,31,32,33,34,35,36,37,38,39,40,41,42,43,44,45,46,47,48,49,50,51,52,53,54,55,56,57,58,59,60,61,62,63,64,65,66,67,68"
    queueSizes "32"
    type "origin_mmtc"
    reservation 171020.0
  ]
  node [
    id 66
    label "66"
    schedulingPolicy "FIFO"
    levelsQoS "1"
    schedulingWeights "-"
    tosToQoSqueue "0,1,2,3,4,5,6,7,8,9,10,11,12,13,14,15,16,17,18,19,20,21,22,23,24,25,26,27,28,29,30,31,32,33,34,35,36,37,38,39,40,41,42,43,44,45,46,47,48,49,50,51,52,53,54,55,56,57,58,59,60,61,62,63,64,65,66,67,68"
    queueSizes "32"
    type "origin_mmtc"
    reservation 171140.0
  ]
  node [
    id 67
    label "67"
    schedulingPolicy "FIFO"
    levelsQoS "1"
    schedulingWeights "-"
    tosToQoSqueue "0,1,2,3,4,5,6,7,8,9,10,11,12,13,14,15,16,17,18,19,20,21,22,23,24,25,26,27,28,29,30,31,32,33,34,35,36,37,38,39,40,41,42,43,44,45,46,47,48,49,50,51,52,53,54,55,56,57,58,59,60,61,62,63,64,65,66,67,68"
    queueSizes "32"
    type "origin_mmtc"
    reservation 219560.0
  ]
  node [
    id 68
    label "68"
    schedulingPolicy "FIFO"
    levelsQoS "1"
    schedulingWeights "-"
    tosToQoSqueue "0,1,2,3,4,5,6,7,8,9,10,11,12,13,14,15,16,17,18,19,20,21,22,23,24,25,26,27,28,29,30,31,32,33,34,35,36,37,38,39,40,41,42,43,44,45,46,47,48,49,50,51,52,53,54,55,56,57,58,59,60,61,62,63,64,65,66,67,68"
    queueSizes "32"
    type "origin_mmtc"
    reservation 171020.0
  ]
  edge [
    source 0
    target 10
    key 0
    LinkLabel "Green Link"
    bandwidth 75000000
    traffic "18000000,18000000,3500000,3500000,3500000,3500000,18000000"
    reservation "19792800.0,17956800.0,3900050.0,3191300.0,3360350.0,3900050.0,19906200.0"
    port 0
  ]
  edge [
    source 0
    target 11
    key 0
    LinkLabel "Green Link"
    bandwidth 75000000
    traffic "200000,200000,200000,200000,200000,200000,200000,200000,200000,200000,200000,200000,200000,200000,200000"
    reservation "183680.0,171020.0,188900.0,183680.0,205760.0,201680.0,219560.0,188900.0,205760.0,205760.0,188900.0,171020.0,171140.0,219560.0,171020.0"
    port 1
  ]
  edge [
    source 1
    target 4
    key 0
    LinkLabel "Blue Link"
    bandwidth 75000000
    traffic "18000000,3500000,3500000,200000,3500000,200000,3500000,200000,18000000,3500000,3500000,200000,3500000,200000,3500000,3500000,200000,200000,200000,200000,200000,200000,200000,200000,200000,200000,200000,200000,200000,200000,200000,200000,200000,200000"
    reservation "17956800.0,3900050.0,3191300.0,183680.0,3360350.0,188900.0,3900050.0,205760.0,19906200.0,4019750.0,3545150.0,219560.0,3581900.0,201680.0,3191300.0,3985100.0,201680.0,171140.0,171020.0,219560.0,201680.0,188900.0,171140.0,183680.0,171020.0,171020.0,183680.0,171020.0,188900.0,183680.0,205760.0,201680.0,219560.0,188900.0"
    port 0
  ]
  edge [
    source 1
    target 17
    key 0
    port 1
    weight 1
    bandwidth 50000000
    traffic ""
    reservation ""
  ]
  edge [
    source 1
    target 18
    key 0
    port 2
    weight 1
    bandwidth 50000000
    traffic ""
    reservation ""
  ]
  edge [
    source 1
    target 19
    key 0
    port 3
    weight 1
    bandwidth 50000000
    traffic ""
    reservation ""
  ]
  edge [
    source 1
    target 20
    key 0
    port 4
    weight 1
    bandwidth 50000000
    traffic ""
    reservation ""
  ]
  edge [
    source 1
    target 21
    key 0
    port 5
    weight 1
    bandwidth 50000000
    traffic ""
    reservation ""
  ]
  edge [
    source 1
    target 22
    key 0
    port 6
    weight 1
    bandwidth 50000000
    traffic ""
    reservation ""
  ]
  edge [
    source 1
    target 23
    key 0
    port 7
    weight 1
    bandwidth 50000000
    traffic ""
    reservation ""
  ]
  edge [
    source 1
    target 24
    key 0
    port 8
    weight 1
    bandwidth 50000000
    traffic ""
    reservation ""
  ]
  edge [
    source 1
    target 25
    key 0
    port 9
    weight 1
    bandwidth 50000000
    traffic ""
    reservation ""
  ]
  edge [
    source 1
    target 26
    key 0
    port 10
    weight 1
    bandwidth 50000000
    traffic ""
    reservation ""
  ]
  edge [
    source 1
    target 27
    key 0
    port 11
    weight 1
    bandwidth 50000000
    traffic ""
    reservation ""
  ]
  edge [
    source 1
    target 28
    key 0
    port 12
    weight 1
    bandwidth 50000000
    traffic ""
    reservation ""
  ]
  edge [
    source 1
    target 29
    key 0
    port 13
    weight 1
    bandwidth 50000000
    traffic ""
    reservation ""
  ]
  edge [
    source 1
    target 30
    key 0
    port 14
    weight 1
    bandwidth 50000000
    traffic ""
    reservation ""
  ]
  edge [
    source 1
    target 31
    key 0
    port 15
    weight 1
    bandwidth 50000000
    traffic ""
    reservation ""
  ]
  edge [
    source 1
    target 32
    key 0
    port 16
    weight 1
    bandwidth 50000000
    traffic ""
    reservation ""
  ]
  edge [
    source 1
    target 33
    key 0
    port 17
    weight 1
    bandwidth 50000000
    traffic ""
    reservation ""
  ]
  edge [
    source 1
    target 34
    key 0
    port 18
    weight 1
    bandwidth 50000000
    traffic ""
    reservation ""
  ]
  edge [
    source 1
    target 35
    key 0
    port 19
    weight 1
    bandwidth 50000000
    traffic ""
    reservation ""
  ]
  edge [
    source 1
    target 36
    key 0
    port 20
    weight 1
    bandwidth 50000000
    traffic ""
    reservation ""
  ]
  edge [
    source 1
    target 37
    key 0
    port 21
    weight 1
    bandwidth 50000000
    traffic ""
    reservation ""
  ]
  edge [
    source 1
    target 38
    key 0
    port 22
    weight 1
    bandwidth 50000000
    traffic ""
    reservation ""
  ]
  edge [
    source 1
    target 39
    key 0
    port 23
    weight 1
    bandwidth 50000000
    traffic ""
    reservation ""
  ]
  edge [
    source 1
    target 40
    key 0
    port 24
    weight 1
    bandwidth 50000000
    traffic ""
    reservation ""
  ]
  edge [
    source 1
    target 41
    key 0
    port 25
    weight 1
    bandwidth 50000000
    traffic ""
    reservation ""
  ]
  edge [
    source 1
    target 42
    key 0
    port 26
    weight 1
    bandwidth 50000000
    traffic ""
    reservation ""
  ]
  edge [
    source 1
    target 43
    key 0
    port 27
    weight 1
    bandwidth 50000000
    traffic ""
    reservation ""
  ]
  edge [
    source 1
    target 44
    key 0
    port 28
    weight 1
    bandwidth 50000000
    traffic ""
    reservation ""
  ]
  edge [
    source 1
    target 45
    key 0
    port 29
    weight 1
    bandwidth 50000000
    traffic ""
    reservation ""
  ]
  edge [
    source 1
    target 46
    key 0
    port 30
    weight 1
    bandwidth 50000000
    traffic ""
    reservation ""
  ]
  edge [
    source 1
    target 47
    key 0
    port 31
    weight 1
    bandwidth 50000000
    traffic ""
    reservation ""
  ]
  edge [
    source 1
    target 48
    key 0
    port 32
    weight 1
    bandwidth 50000000
    traffic ""
    reservation ""
  ]
  edge [
    source 1
    target 49
    key 0
    port 33
    weight 1
    bandwidth 50000000
    traffic ""
    reservation ""
  ]
  edge [
    source 1
    target 50
    key 0
    port 34
    weight 1
    bandwidth 50000000
    traffic ""
    reservation ""
  ]
  edge [
    source 2
    target 12
    key 0
    LinkLabel "Blue Link"
    bandwidth 75000000
    traffic ""
    reservation ""
    port 0
  ]
  edge [
    source 2
    target 13
    key 0
    port 1
    weight 1
    bandwidth 350000000
    traffic "3500000,3500000,3500000,3500000,3500000,3500000,3500000,3500000,3500000,3500000,3500000,3500000,3500000,3500000,3500000,3500000,3500000,3500000,3500000"
    reservation "3900050.0,3191300.0,3360350.0,3900050.0,4019750.0,3545150.0,3581900.0,3191300.0,3985100.0,3524150.0,3900050.0,3191300.0,3900050.0,3642800.0,3900050.0,3838100.0,3191300.0,3084200.0,3581900.0"
  ]
  edge [
    source 3
    target 12
    key 0
    LinkLabel "Green Link"
    bandwidth 75000000
    traffic "3500000,3500000,3500000,3500000"
    reservation "3900050.0,3191300.0,3360350.0,3900050.0"
    port 0
  ]
  edge [
    source 3
    target 5
    key 0
    LinkLabel "Green Link"
    bandwidth 75000000
    traffic "200000,200000,200000,200000,200000,200000,200000,200000,18000000,200000,200000,200000,200000,200000,200000,200000"
    reservation "183680.0,171020.0,188900.0,183680.0,205760.0,201680.0,219560.0,188900.0,17956800.0,205760.0,205760.0,188900.0,171020.0,171140.0,219560.0,171020.0"
    port 1
  ]
  edge [
    source 4
    target 1
    key 0
    LinkLabel "Blue Link"
    bandwidth 75000000
    traffic ""
    reservation ""
    port 0
  ]
  edge [
    source 4
    target 11
    key 0
    LinkLabel "Blue Link"
    bandwidth 75000000
    traffic "18000000,18000000,3500000,3500000,200000,3500000,200000,3500000,200000,18000000,200000,200000,200000,200000,200000,200000,200000,200000,200000,200000,200000,200000"
    reservation "19792800.0,17956800.0,3900050.0,3191300.0,183680.0,3360350.0,188900.0,3900050.0,205760.0,19906200.0,219560.0,201680.0,201680.0,171140.0,171020.0,219560.0,201680.0,188900.0,171140.0,183680.0,171020.0,171020.0"
    port 1
  ]
  edge [
    source 4
    target 12
    key 0
    LinkLabel "Blue Link"
    bandwidth 75000000
    traffic "3500000,3500000,3500000,3500000,3500000,200000,200000,200000,200000,200000,200000,200000,200000,18000000,3500000,3500000,3500000,3500000,200000,3500000,200000,3500000,3500000,3500000,3500000,3500000,200000,200000,200000,200000,200000"
    reservation "4019750.0,3545150.0,3581900.0,3191300.0,3985100.0,183680.0,171020.0,188900.0,183680.0,205760.0,201680.0,219560.0,188900.0,17956800.0,3524150.0,3900050.0,3191300.0,3900050.0,205760.0,3642800.0,205760.0,3900050.0,3838100.0,3191300.0,3084200.0,3581900.0,188900.0,171020.0,171140.0,219560.0,171020.0"
    port 2
  ]
  edge [
    source 4
    target 16
    key 0
    port 3
    weight 1
    bandwidth 50000000
    traffic ""
    reservation ""
  ]
  edge [
    source 4
    target 51
    key 0
    port 4
    weight 1
    bandwidth 50000000
    traffic ""
    reservation ""
  ]
  edge [
    source 4
    target 52
    key 0
    port 5
    weight 1
    bandwidth 50000000
    traffic ""
    reservation ""
  ]
  edge [
    source 4
    target 53
    key 0
    port 6
    weight 1
    bandwidth 50000000
    traffic ""
    reservation ""
  ]
  edge [
    source 4
    target 54
    key 0
    port 7
    weight 1
    bandwidth 50000000
    traffic ""
    reservation ""
  ]
  edge [
    source 4
    target 55
    key 0
    port 8
    weight 1
    bandwidth 50000000
    traffic ""
    reservation ""
  ]
  edge [
    source 4
    target 56
    key 0
    port 9
    weight 1
    bandwidth 50000000
    traffic ""
    reservation ""
  ]
  edge [
    source 4
    target 57
    key 0
    port 10
    weight 1
    bandwidth 50000000
    traffic ""
    reservation ""
  ]
  edge [
    source 4
    target 58
    key 0
    port 11
    weight 1
    bandwidth 50000000
    traffic ""
    reservation ""
  ]
  edge [
    source 4
    target 59
    key 0
    port 12
    weight 1
    bandwidth 50000000
    traffic ""
    reservation ""
  ]
  edge [
    source 4
    target 60
    key 0
    port 13
    weight 1
    bandwidth 50000000
    traffic ""
    reservation ""
  ]
  edge [
    source 4
    target 61
    key 0
    port 14
    weight 1
    bandwidth 50000000
    traffic ""
    reservation ""
  ]
  edge [
    source 4
    target 62
    key 0
    port 15
    weight 1
    bandwidth 50000000
    traffic ""
    reservation ""
  ]
  edge [
    source 4
    target 63
    key 0
    port 16
    weight 1
    bandwidth 50000000
    traffic ""
    reservation ""
  ]
  edge [
    source 4
    target 64
    key 0
    port 17
    weight 1
    bandwidth 50000000
    traffic ""
    reservation ""
  ]
  edge [
    source 4
    target 65
    key 0
    port 18
    weight 1
    bandwidth 50000000
    traffic ""
    reservation ""
  ]
  edge [
    source 4
    target 66
    key 0
    port 19
    weight 1
    bandwidth 50000000
    traffic ""
    reservation ""
  ]
  edge [
    source 4
    target 67
    key 0
    port 20
    weight 1
    bandwidth 50000000
    traffic ""
    reservation ""
  ]
  edge [
    source 4
    target 68
    key 0
    port 21
    weight 1
    bandwidth 50000000
    traffic ""
    reservation ""
  ]
  edge [
    source 5
    target 3
    key 0
    LinkLabel "Green Link"
    bandwidth 75000000
    traffic "3500000,3500000,3500000,3500000"
    reservation "3900050.0,3191300.0,3360350.0,3900050.0"
    port 0
  ]
  edge [
    source 5
    target 6
    key 0
    LinkLabel "Green Link"
    bandwidth 75000000
    traffic "200000,200000,200000,200000,200000,200000,200000,200000,200000,200000,200000,200000,200000,200000,200000"
    reservation "183680.0,171020.0,188900.0,183680.0,205760.0,201680.0,219560.0,188900.0,205760.0,205760.0,188900.0,171020.0,171140.0,219560.0,171020.0"
    port 1
  ]
  edge [
    source 5
    target 15
    key 0
    port 2
    weight 1
    bandwidth 350000000
    traffic "18000000,18000000,18000000,18000000"
    reservation "19792800.0,17956800.0,19906200.0,17956800.0"
  ]
  edge [
    source 6
    target 5
    key 0
    LinkLabel "Green Link"
    bandwidth 75000000
    traffic "18000000,18000000,3500000,3500000,3500000,3500000,18000000"
    reservation "19792800.0,17956800.0,3900050.0,3191300.0,3360350.0,3900050.0,19906200.0"
    port 0
  ]
  edge [
    source 6
    target 7
    key 0
    LinkLabel "Green Link"
    bandwidth 75000000
    traffic "200000,200000,200000,200000,200000,200000,200000,200000,200000,200000,200000,200000,200000,200000,200000"
    reservation "183680.0,171020.0,188900.0,183680.0,205760.0,201680.0,219560.0,188900.0,205760.0,205760.0,188900.0,171020.0,171140.0,219560.0,171020.0"
    port 1
  ]
  edge [
    source 7
    target 6
    key 0
    LinkLabel "Green Link"
    bandwidth 75000000
    traffic "18000000,18000000,3500000,3500000,3500000,3500000,18000000"
    reservation "19792800.0,17956800.0,3900050.0,3191300.0,3360350.0,3900050.0,19906200.0"
    port 0
  ]
  edge [
    source 7
    target 8
    key 0
    LinkLabel "Green Link"
    bandwidth 75000000
    traffic "200000,200000,200000,200000,200000,200000,200000,200000,200000,200000,200000,200000,200000,200000,200000"
    reservation "183680.0,171020.0,188900.0,183680.0,205760.0,201680.0,219560.0,188900.0,205760.0,205760.0,188900.0,171020.0,171140.0,219560.0,171020.0"
    port 1
  ]
  edge [
    source 7
    target 10
    key 0
    LinkLabel "Green Link"
    bandwidth 75000000
    traffic ""
    reservation ""
    port 2
  ]
  edge [
    source 8
    target 7
    key 0
    LinkLabel "Green Link"
    bandwidth 75000000
    traffic ""
    reservation ""
    port 0
  ]
  edge [
    source 8
    target 9
    key 0
    LinkLabel "Green Link"
    bandwidth 75000000
    traffic "200000,200000,200000,200000,200000,200000,200000,200000,200000,200000,200000,200000,200000,200000,200000"
    reservation "183680.0,171020.0,188900.0,183680.0,205760.0,201680.0,219560.0,188900.0,205760.0,205760.0,188900.0,171020.0,171140.0,219560.0,171020.0"
    port 1
  ]
  edge [
    source 9
    target 8
    key 0
    LinkLabel "Green Link"
    bandwidth 75000000
    traffic ""
    reservation ""
    port 0
  ]
  edge [
    source 9
    target 10
    key 0
    LinkLabel "Green Link"
    bandwidth 75000000
    traffic "200000,200000,200000,200000,200000,200000,200000,200000,200000,200000,200000,200000,200000,200000,200000"
    reservation "183680.0,171020.0,188900.0,183680.0,205760.0,201680.0,219560.0,188900.0,205760.0,205760.0,188900.0,171020.0,171140.0,219560.0,171020.0"
    port 1
  ]
  edge [
    source 10
    target 0
    key 0
    LinkLabel "Green Link"
    bandwidth 75000000
    traffic "200000,200000,200000,200000,200000,200000,200000,200000,200000,200000,200000,200000,200000,200000,200000"
    reservation "183680.0,171020.0,188900.0,183680.0,205760.0,201680.0,219560.0,188900.0,205760.0,205760.0,188900.0,171020.0,171140.0,219560.0,171020.0"
    port 0
  ]
  edge [
    source 10
    target 7
    key 0
    LinkLabel "Green Link"
    bandwidth 75000000
    traffic "18000000,18000000,3500000,3500000,3500000,3500000,18000000"
    reservation "19792800.0,17956800.0,3900050.0,3191300.0,3360350.0,3900050.0,19906200.0"
    port 1
  ]
  edge [
    source 10
    target 9
    key 0
    LinkLabel "Green Link"
    bandwidth 75000000
    traffic ""
    reservation ""
    port 2
  ]
  edge [
    source 11
    target 0
    key 0
    LinkLabel "Green Link"
    bandwidth 75000000
    traffic "18000000,18000000,3500000,3500000,3500000,3500000,18000000"
    reservation "19792800.0,17956800.0,3900050.0,3191300.0,3360350.0,3900050.0,19906200.0"
    port 0
  ]
  edge [
    source 11
    target 4
    key 0
    LinkLabel "Blue Link"
    bandwidth 75000000
    traffic ""
    reservation ""
    port 1
  ]
  edge [
    source 11
    target 14
    key 0
    port 2
    weight 1
    bandwidth 350000000
    traffic "200000,200000,200000,200000,200000,200000,200000,200000,200000,200000,200000,200000,200000,200000,200000,200000,200000,200000,200000,200000,200000,200000,200000,200000,200000,200000,200000,200000,200000,200000"
    reservation "183680.0,188900.0,205760.0,219560.0,201680.0,201680.0,171140.0,171020.0,219560.0,201680.0,188900.0,171140.0,183680.0,171020.0,171020.0,183680.0,171020.0,188900.0,183680.0,205760.0,201680.0,219560.0,188900.0,205760.0,205760.0,188900.0,171020.0,171140.0,219560.0,171020.0"
  ]
  edge [
    source 12
    target 2
    key 0
    LinkLabel "Blue Link"
    bandwidth 75000000
    traffic "3500000,3500000,3500000,3500000,3500000,3500000,3500000,3500000,3500000,3500000,3500000,3500000,3500000,3500000,3500000,3500000,3500000,3500000,3500000"
    reservation "3900050.0,3191300.0,3360350.0,3900050.0,4019750.0,3545150.0,3581900.0,3191300.0,3985100.0,3524150.0,3900050.0,3191300.0,3900050.0,3642800.0,3900050.0,3838100.0,3191300.0,3084200.0,3581900.0"
    port 0
  ]
  edge [
    source 12
    target 3
    key 0
    LinkLabel "Green Link"
    bandwidth 75000000
    traffic "200000,200000,200000,200000,200000,200000,200000,200000,18000000,200000,200000,200000,200000,200000,200000,200000"
    reservation "183680.0,171020.0,188900.0,183680.0,205760.0,201680.0,219560.0,188900.0,17956800.0,205760.0,205760.0,188900.0,171020.0,171140.0,219560.0,171020.0"
    port 1
  ]
  edge [
    source 12
    target 4
    key 0
    LinkLabel "Blue Link"
    bandwidth 75000000
    traffic ""
    reservation ""
    port 2
  ]
  edge [
    source 13
    target 2
    key 0
    port 0
    weight 1
    bandwidth 350000000
    traffic ""
    reservation ""
  ]
  edge [
    source 14
    target 11
    key 0
    port 0
    weight 1
    bandwidth 350000000
    traffic ""
    reservation ""
  ]
  edge [
    source 15
    target 5
    key 0
    port 0
    weight 1
    bandwidth 350000000
    traffic ""
    reservation ""
  ]
  edge [
    source 16
    target 4
    key 0
    port 0
    weight 1
    bandwidth 50000000
    traffic "18000000"
    reservation "19792800.0"
  ]
  edge [
    source 17
    target 1
    key 0
    port 0
    weight 1
    bandwidth 50000000
    traffic "18000000"
    reservation "17956800.0"
  ]
  edge [
    source 18
    target 1
    key 0
    port 0
    weight 1
    bandwidth 50000000
    traffic "3500000"
    reservation "3900050.0"
  ]
  edge [
    source 19
    target 1
    key 0
    port 0
    weight 1
    bandwidth 50000000
    traffic "3500000"
    reservation "3191300.0"
  ]
  edge [
    source 20
    target 1
    key 0
    port 0
    weight 1
    bandwidth 50000000
    traffic "200000"
    reservation "183680.0"
  ]
  edge [
    source 21
    target 1
    key 0
    port 0
    weight 1
    bandwidth 50000000
    traffic "3500000"
    reservation "3360350.0"
  ]
  edge [
    source 22
    target 1
    key 0
    port 0
    weight 1
    bandwidth 50000000
    traffic "200000"
    reservation "188900.0"
  ]
  edge [
    source 23
    target 1
    key 0
    port 0
    weight 1
    bandwidth 50000000
    traffic "3500000"
    reservation "3900050.0"
  ]
  edge [
    source 24
    target 1
    key 0
    port 0
    weight 1
    bandwidth 50000000
    traffic "200000"
    reservation "205760.0"
  ]
  edge [
    source 25
    target 1
    key 0
    port 0
    weight 1
    bandwidth 50000000
    traffic "18000000"
    reservation "19906200.0"
  ]
  edge [
    source 26
    target 1
    key 0
    port 0
    weight 1
    bandwidth 50000000
    traffic "3500000"
    reservation "4019750.0"
  ]
  edge [
    source 27
    target 1
    key 0
    port 0
    weight 1
    bandwidth 50000000
    traffic "3500000"
    reservation "3545150.0"
  ]
  edge [
    source 28
    target 1
    key 0
    port 0
    weight 1
    bandwidth 50000000
    traffic "200000"
    reservation "219560.0"
  ]
  edge [
    source 29
    target 1
    key 0
    port 0
    weight 1
    bandwidth 50000000
    traffic "3500000"
    reservation "3581900.0"
  ]
  edge [
    source 30
    target 1
    key 0
    port 0
    weight 1
    bandwidth 50000000
    traffic "200000"
    reservation "201680.0"
  ]
  edge [
    source 31
    target 1
    key 0
    port 0
    weight 1
    bandwidth 50000000
    traffic "3500000"
    reservation "3191300.0"
  ]
  edge [
    source 32
    target 1
    key 0
    port 0
    weight 1
    bandwidth 50000000
    traffic "3500000"
    reservation "3985100.0"
  ]
  edge [
    source 33
    target 1
    key 0
    port 0
    weight 1
    bandwidth 50000000
    traffic "200000"
    reservation "201680.0"
  ]
  edge [
    source 34
    target 1
    key 0
    port 0
    weight 1
    bandwidth 50000000
    traffic "200000"
    reservation "171140.0"
  ]
  edge [
    source 35
    target 1
    key 0
    port 0
    weight 1
    bandwidth 50000000
    traffic "200000"
    reservation "171020.0"
  ]
  edge [
    source 36
    target 1
    key 0
    port 0
    weight 1
    bandwidth 50000000
    traffic "200000"
    reservation "219560.0"
  ]
  edge [
    source 37
    target 1
    key 0
    port 0
    weight 1
    bandwidth 50000000
    traffic "200000"
    reservation "201680.0"
  ]
  edge [
    source 38
    target 1
    key 0
    port 0
    weight 1
    bandwidth 50000000
    traffic "200000"
    reservation "188900.0"
  ]
  edge [
    source 39
    target 1
    key 0
    port 0
    weight 1
    bandwidth 50000000
    traffic "200000"
    reservation "171140.0"
  ]
  edge [
    source 40
    target 1
    key 0
    port 0
    weight 1
    bandwidth 50000000
    traffic "200000"
    reservation "183680.0"
  ]
  edge [
    source 41
    target 1
    key 0
    port 0
    weight 1
    bandwidth 50000000
    traffic "200000"
    reservation "171020.0"
  ]
  edge [
    source 42
    target 1
    key 0
    port 0
    weight 1
    bandwidth 50000000
    traffic "200000"
    reservation "171020.0"
  ]
  edge [
    source 43
    target 1
    key 0
    port 0
    weight 1
    bandwidth 50000000
    traffic "200000"
    reservation "183680.0"
  ]
  edge [
    source 44
    target 1
    key 0
    port 0
    weight 1
    bandwidth 50000000
    traffic "200000"
    reservation "171020.0"
  ]
  edge [
    source 45
    target 1
    key 0
    port 0
    weight 1
    bandwidth 50000000
    traffic "200000"
    reservation "188900.0"
  ]
  edge [
    source 46
    target 1
    key 0
    port 0
    weight 1
    bandwidth 50000000
    traffic "200000"
    reservation "183680.0"
  ]
  edge [
    source 47
    target 1
    key 0
    port 0
    weight 1
    bandwidth 50000000
    traffic "200000"
    reservation "205760.0"
  ]
  edge [
    source 48
    target 1
    key 0
    port 0
    weight 1
    bandwidth 50000000
    traffic "200000"
    reservation "201680.0"
  ]
  edge [
    source 49
    target 1
    key 0
    port 0
    weight 1
    bandwidth 50000000
    traffic "200000"
    reservation "219560.0"
  ]
  edge [
    source 50
    target 1
    key 0
    port 0
    weight 1
    bandwidth 50000000
    traffic "200000"
    reservation "188900.0"
  ]
  edge [
    source 51
    target 4
    key 0
    port 0
    weight 1
    bandwidth 50000000
    traffic "18000000"
    reservation "17956800.0"
  ]
  edge [
    source 52
    target 4
    key 0
    port 0
    weight 1
    bandwidth 50000000
    traffic "3500000"
    reservation "3524150.0"
  ]
  edge [
    source 53
    target 4
    key 0
    port 0
    weight 1
    bandwidth 50000000
    traffic "3500000"
    reservation "3900050.0"
  ]
  edge [
    source 54
    target 4
    key 0
    port 0
    weight 1
    bandwidth 50000000
    traffic "3500000"
    reservation "3191300.0"
  ]
  edge [
    source 55
    target 4
    key 0
    port 0
    weight 1
    bandwidth 50000000
    traffic "3500000"
    reservation "3900050.0"
  ]
  edge [
    source 56
    target 4
    key 0
    port 0
    weight 1
    bandwidth 50000000
    traffic "200000"
    reservation "205760.0"
  ]
  edge [
    source 57
    target 4
    key 0
    port 0
    weight 1
    bandwidth 50000000
    traffic "3500000"
    reservation "3642800.0"
  ]
  edge [
    source 58
    target 4
    key 0
    port 0
    weight 1
    bandwidth 50000000
    traffic "200000"
    reservation "205760.0"
  ]
  edge [
    source 59
    target 4
    key 0
    port 0
    weight 1
    bandwidth 50000000
    traffic "3500000"
    reservation "3900050.0"
  ]
  edge [
    source 60
    target 4
    key 0
    port 0
    weight 1
    bandwidth 50000000
    traffic "3500000"
    reservation "3838100.0"
  ]
  edge [
    source 61
    target 4
    key 0
    port 0
    weight 1
    bandwidth 50000000
    traffic "3500000"
    reservation "3191300.0"
  ]
  edge [
    source 62
    target 4
    key 0
    port 0
    weight 1
    bandwidth 50000000
    traffic "3500000"
    reservation "3084200.0"
  ]
  edge [
    source 63
    target 4
    key 0
    port 0
    weight 1
    bandwidth 50000000
    traffic "3500000"
    reservation "3581900.0"
  ]
  edge [
    source 64
    target 4
    key 0
    port 0
    weight 1
    bandwidth 50000000
    traffic "200000"
    reservation "188900.0"
  ]
  edge [
    source 65
    target 4
    key 0
    port 0
    weight 1
    bandwidth 50000000
    traffic "200000"
    reservation "171020.0"
  ]
  edge [
    source 66
    target 4
    key 0
    port 0
    weight 1
    bandwidth 50000000
    traffic "200000"
    reservation "171140.0"
  ]
  edge [
    source 67
    target 4
    key 0
    port 0
    weight 1
    bandwidth 50000000
    traffic "200000"
    reservation "219560.0"
  ]
  edge [
    source 68
    target 4
    key 0
    port 0
    weight 1
    bandwidth 50000000
    traffic "200000"
    reservation "171020.0"
  ]
]
