graph [
  directed 1
  multigraph 1
  GeoLocation "Italy"
  GeoExtent "Country"
  Network "GARR"
  Provenance "Primary"
  Note "Names from http://www.noc.garr.it/mappe/"
  Source "http://www.garr.it/index.php/rete/infrastruttura-di-rete/mappa-della-rete/48"
  Version "1.0"
  Type "REN"
  DateType "Historic"
  Backbone 1
  Commercial 0
  label "Garr200404"
  ToolsetVersion "0.3.34dev-20120328"
  Customer 0
  IX 0
  SourceGitVersion "e278b1b"
  DateModifier "="
  DateMonth "04"
  LastAccess "21/10/10"
  Access 0
  Layer "IP"
  Creator "Topology Zoo Toolset"
  Developed 1
  Transit 1
  NetworkDate "2004_04"
  DateYear "2004"
  LastProcessed "2011_09_01"
  Testbed 0
  levelsToS 84
  node [
    id 0
    label "0"
    Country "Italy"
    Longitude 11.88181
    Internal 1
    Latitude 45.41519
    type "destination_urllc"
    schedulingPolicy "FIFO"
    levelsQoS "1"
    schedulingWeights "-"
    tosToQoSqueue "0,1,2,3,4,5,6,7,8,9,10,11,12,13,14,15,16,17,18,19,20,21,22,23,24,25,26,27,28,29,30,31,32,33,34,35,36,37,38,39,40,41,42,43,44,45,46,47,48,49,50,51,52,53,54,55,56,57,58,59,60,61,62,63,64,65,66,67,68,69,70,71,72,73,74,75,76,77,78,79,80,81,82,83"
    queueSizes "32"
  ]
  node [
    id 1
    label "1"
    Country "Italy"
    Longitude 9.18951
    Internal 1
    Latitude 45.46427
    type "inner"
    schedulingPolicy "WFQ"
    tosToQoSqueue "31,61,66,69;32,63;56,67;29,34,36,60;28,43;33,39,42,57,58,59;73;68,77,79,83;80;62;64,74;70;65,82;71,75;72,78;81;76;38;25,0,1,2,3,4,5,6,7,8,9,10,11,12,13,14,15,16,17,18,19,20,21,22,23,24,26,27,30,35,37,40,41,44,45,46,47,48,49,50,51,52,53,54,55"
    schedulingWeights "0.001,0.001,0.001,0.001,0.001,0.001,0.001,0.001,0.001,0.001,0.001,0.001,0.001,0.001,0.001,0.001,0.001,0.001,99.982;4.648,4.744,4.597,13.299,9.062,13.664,0.001,0.001,0.001,0.243,0.001,0.001,0.001,0.001,0.001,0.001,0.001,22.639,27.094;0.001,0.001,0.001,0.001,0.001,0.001,0.001,0.001,0.001,0.001,0.001,0.001,0.001,0.001,0.001,0.001,0.001,0.001,99.982;0.001,0.001,0.001,0.001,0.001,0.001,0.001,0.001,0.001,0.001,0.001,0.001,0.001,0.001,0.001,0.001,0.001,0.001,99.982;0.001,0.001,0.001,0.001,0.001,0.001,0.001,0.001,0.001,0.001,0.001,0.001,0.001,0.001,0.001,0.001,0.001,0.001,99.982;0.001,0.001,0.001,0.001,0.001,0.001,0.001,0.001,0.001,0.001,0.001,0.001,0.001,0.001,0.001,0.001,0.001,0.001,99.982;0.001,0.001,0.001,0.001,0.001,0.001,0.001,0.001,0.001,0.001,0.001,0.001,0.001,0.001,0.001,0.001,0.001,0.001,99.982;0.001,0.001,0.001,0.001,0.001,0.001,0.001,0.001,0.001,0.001,0.001,0.001,0.001,0.001,0.001,0.001,0.001,0.001,99.982;13.945,4.744,4.597,4.433,0.001,13.664,0.258,1.221,0.299,0.001,0.543,0.289,0.583,0.537,0.569,0.267,0.256,0.001,53.793"
    levelsQoS 19
    queueSizes "32,32,32,32,32,32,32,32,32,32,32,32,32,32,32,32,32,32,32"
  ]
  node [
    id 2
    label "2"
    Country "Italy"
    Longitude 13.35976
    Internal 1
    Latitude 38.11582
    type "inner"
    schedulingPolicy "WFQ"
    tosToQoSqueue "0,1,2,3,4,5,6,7,8,9,10,11,12,13,14,15,16,17,18,19,20,21,22,23,24,25,26,27,28,29,30,31,32,33,34,35,36,37,38,39,40,41,42,43,44,45,46,47,48,49,50,51,52,53,54,55,56,57,58,59,60,61,62,63,64,65,66,67,68,69,70,71,72,73,74,75,76,77,78,79,80,81,82,83"
    schedulingWeights "100"
    levelsQoS 1
    queueSizes "32"
  ]
  node [
    id 3
    label "3"
    Country "Italy"
    Longitude 13.78
    Internal 1
    Latitude 45.64861
    type "inner"
    schedulingPolicy "WFQ"
    tosToQoSqueue "0,1,2,3,4,5,6,7,8,9,10,11,12,13,14,15,16,17,18,19,20,21,22,23,24,25,26,27,28,29,30,31,32,33,34,35,36,37,38,39,40,41,42,43,44,45,46,47,48,49,50,51,52,53,54,55,56,57,58,59,60,61,62,63,64,65,66,67,68,69,70,71,72,73,74,75,76,77,78,79,80,81,82,83"
    schedulingWeights "100"
    levelsQoS 1
    queueSizes "32"
  ]
  node [
    id 4
    label "4"
    Country "Italy"
    Longitude 11.25
    Internal 1
    Latitude 43.76667
    type "inner"
    schedulingPolicy "WFQ"
    tosToQoSqueue "0,1,2,3,4,5,6,7,8,9,10,11,12,13,14,15,16,17,18,19,20,21,22,23,24,25,26,27,28,29,30,31,32,33,34,35,36,37,38,39,40,41,42,43,44,45,46,47,48,49,50,51,52,53,54,55,56,57,58,59,60,61,62,63,64,65,66,67,68,69,70,71,72,73,74,75,76,77,78,79,80,81,82,83"
    schedulingWeights "100"
    levelsQoS 1
    queueSizes "32"
  ]
  node [
    id 5
    label "5"
    Country "Italy"
    Longitude 11.33875
    Internal 1
    Latitude 44.49381
    type "inner"
    schedulingPolicy "WFQ"
    tosToQoSqueue "31,61,66,69;32,63;56,67;29,34,36,60;28,43;33,39,42,57,58,59;62;38;25,0,1,2,3,4,5,6,7,8,9,10,11,12,13,14,15,16,17,18,19,20,21,22,23,24,26,27,30,35,37,40,41,44,45,46,47,48,49,50,51,52,53,54,55,64,65,68,70,71,72,73,74,75,76,77,78,79,80,81,82,83"
    schedulingWeights "18.594,9.487,9.193,17.731,9.062,27.328,0.001,0.001,8.602;0.001,0.001,0.001,0.001,0.001,0.001,0.001,0.001,99.992;0.001,0.001,0.001,0.001,0.001,0.001,0.001,0.001,99.992;0.001,0.001,0.001,0.001,0.001,0.001,0.001,0.001,99.992;0.001,0.001,0.001,0.001,0.001,0.001,0.001,22.639,77.354;0.001,0.001,0.001,0.001,0.001,0.001,0.001,0.001,99.992;0.001,0.001,0.001,0.001,0.001,0.001,0.243,0.001,99.75"
    levelsQoS 9
    queueSizes "32,32,32,32,32,32,32,32,32"
  ]
  node [
    id 6
    label "6"
    Country "Italy"
    Longitude 7.68682
    Internal 1
    Latitude 45.07049
    type "inner"
    schedulingPolicy "WFQ"
    tosToQoSqueue "0,1,2,3,4,5,6,7,8,9,10,11,12,13,14,15,16,17,18,19,20,21,22,23,24,25,26,27,28,29,30,31,32,33,34,35,36,37,38,39,40,41,42,43,44,45,46,47,48,49,50,51,52,53,54,55,56,57,58,59,60,61,62,63,64,65,66,67,68,69,70,71,72,73,74,75,76,77,78,79,80,81,82,83"
    schedulingWeights "100"
    levelsQoS 1
    queueSizes "32"
  ]
  node [
    id 7
    label "7"
    Country "Italy"
    Longitude 8.93386
    Internal 1
    Latitude 44.40632
    type "inner"
    schedulingPolicy "WFQ"
    tosToQoSqueue "0,1,2,3,4,5,6,7,8,9,10,11,12,13,14,15,16,17,18,19,20,21,22,23,24,25,26,27,28,29,30,31,32,33,34,35,36,37,38,39,40,41,42,43,44,45,46,47,48,49,50,51,52,53,54,55,56,57,58,59,60,61,62,63,64,65,66,67,68,69,70,71,72,73,74,75,76,77,78,79,80,81,82,83"
    schedulingWeights "100"
    levelsQoS 1
    queueSizes "32"
  ]
  node [
    id 8
    label "8"
    Country "Italy"
    Longitude 11.33875
    Internal 1
    Latitude 44.49381
    type "inner"
    schedulingPolicy "WFQ"
    tosToQoSqueue "0,1,2,3,4,5,6,7,8,9,10,11,12,13,14,15,16,17,18,19,20,21,22,23,24,25,26,27,28,29,30,31,32,33,34,35,36,37,38,39,40,41,42,43,44,45,46,47,48,49,50,51,52,53,54,55,56,57,58,59,60,61,62,63,64,65,66,67,68,69,70,71,72,73,74,75,76,77,78,79,80,81,82,83"
    schedulingWeights "100"
    levelsQoS 1
    queueSizes "32"
  ]
  node [
    id 9
    label "9"
    Country "Italy"
    Longitude 14.25
    Internal 1
    Latitude 40.83333
    type "antenna"
    schedulingPolicy "WFQ"
    tosToQoSqueue "61,66,69;63;56,67;60;57,58,59;73;68,77,79,83;80;62;64,74;70;65,82;71,75;72,78;81;76;55;26,0,1,2,3,4,5,6,7,8,9,10,11,12,13,14,15,16,17,18,19,20,21,22,23,24,25,27,28,29,30,31,32,33,34,35,36,37,38,39,40,41,42,43,44,45,46,47,48,49,50,51,52,53,54"
    schedulingWeights "13.945,4.744,9.193,4.433,13.664,0.258,1.221,0.299,0.243,0.543,0.289,0.583,0.537,0.569,0.267,0.256,24.526,24.43;0.001,0.001,0.001,0.001,0.001,0.001,0.001,0.001,0.001,0.001,0.001,0.001,0.001,0.001,0.001,0.001,0.001,99.983;0.001,0.001,0.001,0.001,0.001,0.001,0.001,0.001,0.001,0.001,0.001,0.001,0.001,0.001,0.001,0.001,0.001,99.983;0.001,0.001,0.001,0.001,0.001,0.001,0.001,0.001,0.001,0.001,0.001,0.001,0.001,0.001,0.001,0.001,0.001,99.983;0.001,0.001,0.001,0.001,0.001,0.001,0.001,0.001,0.001,0.001,0.001,0.001,0.001,0.001,0.001,0.001,0.001,99.983;0.001,0.001,0.001,0.001,0.001,0.001,0.001,0.001,0.001,0.001,0.001,0.001,0.001,0.001,0.001,0.001,0.001,99.983;0.001,0.001,0.001,0.001,0.001,0.001,0.001,0.001,0.001,0.001,0.001,0.001,0.001,0.001,0.001,0.001,0.001,99.983;0.001,0.001,0.001,0.001,0.001,0.001,0.001,0.001,0.001,0.001,0.001,0.001,0.001,0.001,0.001,0.001,0.001,99.983;0.001,0.001,0.001,0.001,0.001,0.001,0.001,0.001,0.001,0.001,0.001,0.001,0.001,0.001,0.001,0.001,0.001,99.983;0.001,0.001,0.001,0.001,0.001,0.001,0.001,0.001,0.001,0.001,0.001,0.001,0.001,0.001,0.001,0.001,0.001,99.983;0.001,0.001,0.001,0.001,0.001,0.001,0.001,0.001,0.001,0.001,0.001,0.001,0.001,0.001,0.001,0.001,0.001,99.983;0.001,0.001,0.001,0.001,0.001,0.001,0.001,0.001,0.001,0.001,0.001,0.001,0.001,0.001,0.001,0.001,0.001,99.983;0.001,0.001,0.001,0.001,0.001,0.001,0.001,0.001,0.001,0.001,0.001,0.001,0.001,0.001,0.001,0.001,0.001,99.983;0.001,0.001,0.001,0.001,0.001,0.001,0.001,0.001,0.001,0.001,0.001,0.001,0.001,0.001,0.001,0.001,0.001,99.983;0.001,0.001,0.001,0.001,0.001,0.001,0.001,0.001,0.001,0.001,0.001,0.001,0.001,0.001,0.001,0.001,0.001,99.983;0.001,0.001,0.001,0.001,0.001,0.001,0.001,0.001,0.001,0.001,0.001,0.001,0.001,0.001,0.001,0.001,0.001,99.983;0.001,0.001,0.001,0.001,0.001,0.001,0.001,0.001,0.001,0.001,0.001,0.001,0.001,0.001,0.001,0.001,0.001,99.983;0.001,0.001,0.001,0.001,0.001,0.001,0.001,0.001,0.001,0.001,0.001,0.001,0.001,0.001,0.001,0.001,0.001,99.983;0.001,0.001,0.001,0.001,0.001,0.001,0.001,0.001,0.001,0.001,0.001,0.001,0.001,0.001,0.001,0.001,0.001,99.983;0.001,0.001,0.001,0.001,0.001,0.001,0.001,0.001,0.001,0.001,0.001,0.001,0.001,0.001,0.001,0.001,0.001,99.983;0.001,0.001,0.001,0.001,0.001,0.001,0.001,0.001,0.001,0.001,0.001,0.001,0.001,0.001,0.001,0.001,0.001,99.983;0.001,0.001,0.001,0.001,0.001,0.001,0.001,0.001,0.001,0.001,0.001,0.001,0.001,0.001,0.001,0.001,0.001,99.983;0.001,0.001,0.001,0.001,0.001,0.001,0.001,0.001,0.001,0.001,0.001,0.001,0.001,0.001,0.001,0.001,0.001,99.983;0.001,0.001,0.001,0.001,0.001,0.001,0.001,0.001,0.001,0.001,0.001,0.001,0.001,0.001,0.001,0.001,0.001,99.983;0.001,0.001,0.001,0.001,0.001,0.001,0.001,0.001,0.001,0.001,0.001,0.001,0.001,0.001,0.001,0.001,0.001,99.983;0.001,0.001,0.001,0.001,0.001,0.001,0.001,0.001,0.001,0.001,0.001,0.001,0.001,0.001,0.001,0.001,0.001,99.983;0.001,0.001,0.001,0.001,0.001,0.001,0.001,0.001,0.001,0.001,0.001,0.001,0.001,0.001,0.001,0.001,0.001,99.983;0.001,0.001,0.001,0.001,0.001,0.001,0.001,0.001,0.001,0.001,0.001,0.001,0.001,0.001,0.001,0.001,0.001,99.983;0.001,0.001,0.001,0.001,0.001,0.001,0.001,0.001,0.001,0.001,0.001,0.001,0.001,0.001,0.001,0.001,0.001,99.983;0.001,0.001,0.001,0.001,0.001,0.001,0.001,0.001,0.001,0.001,0.001,0.001,0.001,0.001,0.001,0.001,0.001,99.983;0.001,0.001,0.001,0.001,0.001,0.001,0.001,0.001,0.001,0.001,0.001,0.001,0.001,0.001,0.001,0.001,0.001,99.983"
    levelsQoS 18
    queueSizes "32,32,32,32,32,32,32,32,32,32,32,32,32,32,32,32,32,32"
  ]
  node [
    id 10
    label "10"
    Country "Italy"
    Longitude 9.18951
    Internal 1
    Latitude 45.46427
    type "inner"
    schedulingPolicy "WFQ"
    tosToQoSqueue "0,1,2,3,4,5,6,7,8,9,10,11,12,13,14,15,16,17,18,19,20,21,22,23,24,25,26,27,28,29,30,31,32,33,34,35,36,37,38,39,40,41,42,43,44,45,46,47,48,49,50,51,52,53,54,55,56,57,58,59,60,61,62,63,64,65,66,67,68,69,70,71,72,73,74,75,76,77,78,79,80,81,82,83"
    schedulingWeights "100"
    levelsQoS 1
    queueSizes "32"
  ]
  node [
    id 11
    label "11"
    Country "Italy"
    Longitude 12.4839
    Internal 1
    Latitude 41.89474
    type "inner"
    schedulingPolicy "WFQ"
    tosToQoSqueue "0,1,2,3,4,5,6,7,8,9,10,11,12,13,14,15,16,17,18,19,20,21,22,23,24,25,26,27,28,29,30,31,32,33,34,35,36,37,38,39,40,41,42,43,44,45,46,47,48,49,50,51,52,53,54,55,56,57,58,59,60,61,62,63,64,65,66,67,68,69,70,71,72,73,74,75,76,77,78,79,80,81,82,83"
    schedulingWeights "100"
    levelsQoS 1
    queueSizes "32"
  ]
  node [
    id 12
    label "12"
    Country "Italy"
    Longitude 14.25
    Internal 1
    Latitude 40.83333
    type "inner"
    schedulingPolicy "WFQ"
    tosToQoSqueue "61,66,69;63;56,67;60;57,58,59;73;68,77,79,83;80;62;64,74;70;65,82;71,75;72,78;81;76;38;25;55;26,0,1,2,3,4,5,6,7,8,9,10,11,12,13,14,15,16,17,18,19,20,21,22,23,24,27,28,29,30,31,32,33,34,35,36,37,39,40,41,42,43,44,45,46,47,48,49,50,51,52,53,54"
    schedulingWeights "13.945,4.744,9.193,4.433,13.664,0.258,1.221,0.299,0.243,0.543,0.289,0.583,0.537,0.569,0.267,0.256,0.001,0.001,0.001,48.953;0.001,0.001,0.001,0.001,0.001,0.001,0.001,0.001,0.001,0.001,0.001,0.001,0.001,0.001,0.001,0.001,0.001,0.001,0.001,99.981;0.001,0.001,0.001,0.001,0.001,0.001,0.001,0.001,0.001,0.001,0.001,0.001,0.001,0.001,0.001,0.001,0.001,0.001,0.001,99.981;0.001,0.001,0.001,0.001,0.001,0.001,0.001,0.001,0.001,0.001,0.001,0.001,0.001,0.001,0.001,0.001,0.001,0.001,0.001,99.981;0.001,0.001,0.001,0.001,0.001,0.001,0.001,0.001,0.001,0.001,0.001,0.001,0.001,0.001,0.001,0.001,22.639,27.031,24.526,25.788;0.001,0.001,0.001,0.001,0.001,0.001,0.001,0.001,0.001,0.001,0.001,0.001,0.001,0.001,0.001,0.001,0.001,0.001,0.001,99.981;0.001,0.001,0.001,0.001,0.001,0.001,0.001,0.001,0.001,0.001,0.001,0.001,0.001,0.001,0.001,0.001,0.001,0.001,0.001,99.981"
    levelsQoS 20
    queueSizes "32,32,32,32,32,32,32,32,32,32,32,32,32,32,32,32,32,32,32,32"
  ]
  node [
    id 13
    label "13"
    Country "Italy"
    Longitude 15.08719
    Internal 1
    Latitude 37.50213
    type "destination_embb"
    schedulingPolicy "FIFO"
    levelsQoS "1"
    schedulingWeights "-"
    tosToQoSqueue "0,1,2,3,4,5,6,7,8,9,10,11,12,13,14,15,16,17,18,19,20,21,22,23,24,25,26,27,28,29,30,31,32,33,34,35,36,37,38,39,40,41,42,43,44,45,46,47,48,49,50,51,52,53,54,55,56,57,58,59,60,61,62,63,64,65,66,67,68,69,70,71,72,73,74,75,76,77,78,79,80,81,82,83"
    queueSizes "32"
  ]
  node [
    id 14
    label "14"
    Country "Italy"
    Longitude 10.39659
    Internal 1
    Latitude 43.71553
    type "inner"
    schedulingPolicy "WFQ"
    tosToQoSqueue "0,1,2,3,4,5,6,7,8,9,10,11,12,13,14,15,16,17,18,19,20,21,22,23,24,25,26,27,28,29,30,31,32,33,34,35,36,37,38,39,40,41,42,43,44,45,46,47,48,49,50,51,52,53,54,55,56,57,58,59,60,61,62,63,64,65,66,67,68,69,70,71,72,73,74,75,76,77,78,79,80,81,82,83"
    schedulingWeights "100"
    levelsQoS 1
    queueSizes "32"
  ]
  node [
    id 15
    label "15"
    Internal 0
    type "inner"
    schedulingPolicy "WFQ"
    tosToQoSqueue "0,1,2,3,4,5,6,7,8,9,10,11,12,13,14,15,16,17,18,19,20,21,22,23,24,25,26,27,28,29,30,31,32,33,34,35,36,37,38,39,40,41,42,43,44,45,46,47,48,49,50,51,52,53,54,55,56,57,58,59,60,61,62,63,64,65,66,67,68,69,70,71,72,73,74,75,76,77,78,79,80,81,82,83"
    schedulingWeights "100"
    levelsQoS 1
    queueSizes "32"
  ]
  node [
    id 16
    label "16"
    Internal 0
    type "inner"
    schedulingPolicy "WFQ"
    tosToQoSqueue "0,1,2,3,4,5,6,7,8,9,10,11,12,13,14,15,16,17,18,19,20,21,22,23,24,25,26,27,28,29,30,31,32,33,34,35,36,37,38,39,40,41,42,43,44,45,46,47,48,49,50,51,52,53,54,55,56,57,58,59,60,61,62,63,64,65,66,67,68,69,70,71,72,73,74,75,76,77,78,79,80,81,82,83"
    schedulingWeights "100"
    levelsQoS 1
    queueSizes "32"
  ]
  node [
    id 17
    label "17"
    Country "Italy"
    Longitude 9.13462
    Internal 1
    Latitude 39.20738
    type "antenna"
    schedulingPolicy "WFQ"
    tosToQoSqueue "31;32;29,34,36;28,43;33,39,42;27,41;52;30;35;40;46,47;44,53;45;37,50;48;49,51,54;38;25,0,1,2,3,4,5,6,7,8,9,10,11,12,13,14,15,16,17,18,19,20,21,22,23,24,26,55,56,57,58,59,60,61,62,63,64,65,66,67,68,69,70,71,72,73,74,75,76,77,78,79,80,81,82,83"
    schedulingWeights "4.648,4.744,13.299,9.062,13.664,0.516,0.247,0.279,0.305,0.299,0.543,0.577,0.292,0.569,0.267,0.904,22.639,27.147;0.001,0.001,0.001,0.001,0.001,0.001,0.001,0.001,0.001,0.001,0.001,0.001,0.001,0.001,0.001,0.001,0.001,99.983;0.001,0.001,0.001,0.001,0.001,0.001,0.001,0.001,0.001,0.001,0.001,0.001,0.001,0.001,0.001,0.001,0.001,99.983;0.001,0.001,0.001,0.001,0.001,0.001,0.001,0.001,0.001,0.001,0.001,0.001,0.001,0.001,0.001,0.001,0.001,99.983;0.001,0.001,0.001,0.001,0.001,0.001,0.001,0.001,0.001,0.001,0.001,0.001,0.001,0.001,0.001,0.001,0.001,99.983;0.001,0.001,0.001,0.001,0.001,0.001,0.001,0.001,0.001,0.001,0.001,0.001,0.001,0.001,0.001,0.001,0.001,99.983;0.001,0.001,0.001,0.001,0.001,0.001,0.001,0.001,0.001,0.001,0.001,0.001,0.001,0.001,0.001,0.001,0.001,99.983;0.001,0.001,0.001,0.001,0.001,0.001,0.001,0.001,0.001,0.001,0.001,0.001,0.001,0.001,0.001,0.001,0.001,99.983;0.001,0.001,0.001,0.001,0.001,0.001,0.001,0.001,0.001,0.001,0.001,0.001,0.001,0.001,0.001,0.001,0.001,99.983;0.001,0.001,0.001,0.001,0.001,0.001,0.001,0.001,0.001,0.001,0.001,0.001,0.001,0.001,0.001,0.001,0.001,99.983;0.001,0.001,0.001,0.001,0.001,0.001,0.001,0.001,0.001,0.001,0.001,0.001,0.001,0.001,0.001,0.001,0.001,99.983;0.001,0.001,0.001,0.001,0.001,0.001,0.001,0.001,0.001,0.001,0.001,0.001,0.001,0.001,0.001,0.001,0.001,99.983;0.001,0.001,0.001,0.001,0.001,0.001,0.001,0.001,0.001,0.001,0.001,0.001,0.001,0.001,0.001,0.001,0.001,99.983;0.001,0.001,0.001,0.001,0.001,0.001,0.001,0.001,0.001,0.001,0.001,0.001,0.001,0.001,0.001,0.001,0.001,99.983;0.001,0.001,0.001,0.001,0.001,0.001,0.001,0.001,0.001,0.001,0.001,0.001,0.001,0.001,0.001,0.001,0.001,99.983;0.001,0.001,0.001,0.001,0.001,0.001,0.001,0.001,0.001,0.001,0.001,0.001,0.001,0.001,0.001,0.001,0.001,99.983;0.001,0.001,0.001,0.001,0.001,0.001,0.001,0.001,0.001,0.001,0.001,0.001,0.001,0.001,0.001,0.001,0.001,99.983;0.001,0.001,0.001,0.001,0.001,0.001,0.001,0.001,0.001,0.001,0.001,0.001,0.001,0.001,0.001,0.001,0.001,99.983;0.001,0.001,0.001,0.001,0.001,0.001,0.001,0.001,0.001,0.001,0.001,0.001,0.001,0.001,0.001,0.001,0.001,99.983;0.001,0.001,0.001,0.001,0.001,0.001,0.001,0.001,0.001,0.001,0.001,0.001,0.001,0.001,0.001,0.001,0.001,99.983;0.001,0.001,0.001,0.001,0.001,0.001,0.001,0.001,0.001,0.001,0.001,0.001,0.001,0.001,0.001,0.001,0.001,99.983;0.001,0.001,0.001,0.001,0.001,0.001,0.001,0.001,0.001,0.001,0.001,0.001,0.001,0.001,0.001,0.001,0.001,99.983;0.001,0.001,0.001,0.001,0.001,0.001,0.001,0.001,0.001,0.001,0.001,0.001,0.001,0.001,0.001,0.001,0.001,99.983;0.001,0.001,0.001,0.001,0.001,0.001,0.001,0.001,0.001,0.001,0.001,0.001,0.001,0.001,0.001,0.001,0.001,99.983;0.001,0.001,0.001,0.001,0.001,0.001,0.001,0.001,0.001,0.001,0.001,0.001,0.001,0.001,0.001,0.001,0.001,99.983;0.001,0.001,0.001,0.001,0.001,0.001,0.001,0.001,0.001,0.001,0.001,0.001,0.001,0.001,0.001,0.001,0.001,99.983;0.001,0.001,0.001,0.001,0.001,0.001,0.001,0.001,0.001,0.001,0.001,0.001,0.001,0.001,0.001,0.001,0.001,99.983;0.001,0.001,0.001,0.001,0.001,0.001,0.001,0.001,0.001,0.001,0.001,0.001,0.001,0.001,0.001,0.001,0.001,99.983;0.001,0.001,0.001,0.001,0.001,0.001,0.001,0.001,0.001,0.001,0.001,0.001,0.001,0.001,0.001,0.001,0.001,99.983;0.001,0.001,0.001,0.001,0.001,0.001,0.001,0.001,0.001,0.001,0.001,0.001,0.001,0.001,0.001,0.001,0.001,99.983"
    levelsQoS 18
    queueSizes "32,32,32,32,32,32,32,32,32,32,32,32,32,32,32,32,32,32"
  ]
  node [
    id 18
    label "18"
    Country "Italy"
    Longitude 12.4839
    Internal 1
    Latitude 41.89474
    type "inner"
    schedulingPolicy "WFQ"
    tosToQoSqueue "31,61,66,69;32,63;67;29,34,36,60;28,43;33,39,42,57,58,59;27,41,73;52;30;35,68,77,79,83;40,80;62;46,47,64,74;44,53,70;45,65,82;71,75;37,50,72,78;48,81;49,51,54;76;38;25,0,1,2,3,4,5,6,7,8,9,10,11,12,13,14,15,16,17,18,19,20,21,22,23,24,26,55,56"
    schedulingWeights "4.648,4.744,0.001,13.299,9.062,13.664,0.001,0.001,0.001,0.001,0.001,0.001,0.001,0.001,0.001,0.001,0.001,0.001,0.001,0.001,22.639,31.929;13.945,4.744,4.597,4.433,0.001,13.664,0.001,0.001,0.001,0.001,0.001,0.001,0.001,0.001,0.001,0.001,0.001,0.001,0.001,0.001,0.001,58.601;0.001,0.001,0.001,0.001,0.001,0.001,0.001,0.001,0.001,0.001,0.001,0.001,0.001,0.001,0.001,0.001,0.001,0.001,0.001,0.001,0.001,99.979;0.001,0.001,0.001,0.001,0.001,0.001,0.001,0.001,0.001,0.001,0.001,0.001,0.001,0.001,0.001,0.001,0.001,0.001,0.001,0.001,0.001,99.979;0.001,0.001,0.001,0.001,0.001,0.001,0.001,0.001,0.001,0.001,0.001,0.001,0.001,0.001,0.001,0.001,0.001,0.001,0.001,0.001,0.001,99.979;0.001,0.001,0.001,0.001,0.001,0.001,0.773,0.247,0.279,1.526,0.597,0.243,1.087,0.866,0.875,0.537,1.139,0.534,0.904,0.256,0.001,90.13;0.001,0.001,0.001,0.001,0.001,0.001,0.001,0.001,0.001,0.001,0.001,0.001,0.001,0.001,0.001,0.001,0.001,0.001,0.001,0.001,0.001,99.979"
    levelsQoS 22
    queueSizes "32,32,32,32,32,32,32,32,32,32,32,32,32,32,32,32,32,32,32,32,32,32"
  ]
  node [
    id 19
    label "19"
    Country "Italy"
    Longitude 13.39954
    Internal 1
    Latitude 42.35055
    type "destination_mmtc"
    schedulingPolicy "FIFO"
    levelsQoS "1"
    schedulingWeights "-"
    tosToQoSqueue "0,1,2,3,4,5,6,7,8,9,10,11,12,13,14,15,16,17,18,19,20,21,22,23,24,25,26,27,28,29,30,31,32,33,34,35,36,37,38,39,40,41,42,43,44,45,46,47,48,49,50,51,52,53,54,55,56,57,58,59,60,61,62,63,64,65,66,67,68,69,70,71,72,73,74,75,76,77,78,79,80,81,82,83"
    queueSizes "32"
  ]
  node [
    id 20
    label "20"
    Country "Italy"
    Longitude 12.66868
    Internal 1
    Latitude 41.81632
    type "inner"
    schedulingPolicy "WFQ"
    tosToQoSqueue "0,1,2,3,4,5,6,7,8,9,10,11,12,13,14,15,16,17,18,19,20,21,22,23,24,25,26,27,28,29,30,31,32,33,34,35,36,37,38,39,40,41,42,43,44,45,46,47,48,49,50,51,52,53,54,55,56,57,58,59,60,61,62,63,64,65,66,67,68,69,70,71,72,73,74,75,76,77,78,79,80,81,82,83"
    schedulingWeights "100"
    levelsQoS 1
    queueSizes "32"
  ]
  node [
    id 21
    label "21"
    Country "Italy"
    Longitude 16.85118
    Internal 1
    Latitude 41.11773
    type "inner"
    schedulingPolicy "WFQ"
    tosToQoSqueue "0,1,2,3,4,5,6,7,8,9,10,11,12,13,14,15,16,17,18,19,20,21,22,23,24,25,26,27,28,29,30,31,32,33,34,35,36,37,38,39,40,41,42,43,44,45,46,47,48,49,50,51,52,53,54,55,56,57,58,59,60,61,62,63,64,65,66,67,68,69,70,71,72,73,74,75,76,77,78,79,80,81,82,83"
    schedulingWeights "100"
    levelsQoS 1
    queueSizes "32"
  ]
  node [
    id 22
    label "22"
    schedulingPolicy "FIFO"
    levelsQoS "1"
    schedulingWeights "-"
    tosToQoSqueue "0,1,2,3,4,5,6,7,8,9,10,11,12,13,14,15,16,17,18,19,20,21,22,23,24,25,26,27,28,29,30,31,32,33,34,35,36,37,38,39,40,41,42,43,44,45,46,47,48,49,50,51,52,53,54,55,56,57,58,59,60,61,62,63,64,65,66,67,68,69,70,71,72,73,74,75,76,77,78,79,80,81,82,83"
    queueSizes "32"
    type "destination_urllc"
  ]
  node [
    id 23
    label "23"
    schedulingPolicy "FIFO"
    levelsQoS "1"
    schedulingWeights "-"
    tosToQoSqueue "0,1,2,3,4,5,6,7,8,9,10,11,12,13,14,15,16,17,18,19,20,21,22,23,24,25,26,27,28,29,30,31,32,33,34,35,36,37,38,39,40,41,42,43,44,45,46,47,48,49,50,51,52,53,54,55,56,57,58,59,60,61,62,63,64,65,66,67,68,69,70,71,72,73,74,75,76,77,78,79,80,81,82,83"
    queueSizes "32"
    type "destination_mmtc"
  ]
  node [
    id 24
    label "24"
    schedulingPolicy "FIFO"
    levelsQoS "1"
    schedulingWeights "-"
    tosToQoSqueue "0,1,2,3,4,5,6,7,8,9,10,11,12,13,14,15,16,17,18,19,20,21,22,23,24,25,26,27,28,29,30,31,32,33,34,35,36,37,38,39,40,41,42,43,44,45,46,47,48,49,50,51,52,53,54,55,56,57,58,59,60,61,62,63,64,65,66,67,68,69,70,71,72,73,74,75,76,77,78,79,80,81,82,83"
    queueSizes "32"
    type "destination_embb"
  ]
  node [
    id 25
    label "25"
    schedulingPolicy "FIFO"
    levelsQoS "1"
    schedulingWeights "-"
    tosToQoSqueue "0,1,2,3,4,5,6,7,8,9,10,11,12,13,14,15,16,17,18,19,20,21,22,23,24,25,26,27,28,29,30,31,32,33,34,35,36,37,38,39,40,41,42,43,44,45,46,47,48,49,50,51,52,53,54,55,56,57,58,59,60,61,62,63,64,65,66,67,68,69,70,71,72,73,74,75,76,77,78,79,80,81,82,83"
    queueSizes "32"
    type "origin_embb"
    reservation 20273400.0
  ]
  node [
    id 26
    label "26"
    schedulingPolicy "FIFO"
    levelsQoS "1"
    schedulingWeights "-"
    tosToQoSqueue "0,1,2,3,4,5,6,7,8,9,10,11,12,13,14,15,16,17,18,19,20,21,22,23,24,25,26,27,28,29,30,31,32,33,34,35,36,37,38,39,40,41,42,43,44,45,46,47,48,49,50,51,52,53,54,55,56,57,58,59,60,61,62,63,64,65,66,67,68,69,70,71,72,73,74,75,76,77,78,79,80,81,82,83"
    queueSizes "32"
    type "origin_embb"
    reservation 18151200.0
  ]
  node [
    id 27
    label "27"
    schedulingPolicy "FIFO"
    levelsQoS "1"
    schedulingWeights "-"
    tosToQoSqueue "0,1,2,3,4,5,6,7,8,9,10,11,12,13,14,15,16,17,18,19,20,21,22,23,24,25,26,27,28,29,30,31,32,33,34,35,36,37,38,39,40,41,42,43,44,45,46,47,48,49,50,51,52,53,54,55,56,57,58,59,60,61,62,63,64,65,66,67,68,69,70,71,72,73,74,75,76,77,78,79,80,81,82,83"
    queueSizes "32"
    type "origin_mmtc"
    reservation 193340.0
  ]
  node [
    id 28
    label "28"
    schedulingPolicy "FIFO"
    levelsQoS "1"
    schedulingWeights "-"
    tosToQoSqueue "0,1,2,3,4,5,6,7,8,9,10,11,12,13,14,15,16,17,18,19,20,21,22,23,24,25,26,27,28,29,30,31,32,33,34,35,36,37,38,39,40,41,42,43,44,45,46,47,48,49,50,51,52,53,54,55,56,57,58,59,60,61,62,63,64,65,66,67,68,69,70,71,72,73,74,75,76,77,78,79,80,81,82,83"
    queueSizes "32"
    type "origin_urllc"
    reservation 3398150.0
  ]
  node [
    id 29
    label "29"
    schedulingPolicy "FIFO"
    levelsQoS "1"
    schedulingWeights "-"
    tosToQoSqueue "0,1,2,3,4,5,6,7,8,9,10,11,12,13,14,15,16,17,18,19,20,21,22,23,24,25,26,27,28,29,30,31,32,33,34,35,36,37,38,39,40,41,42,43,44,45,46,47,48,49,50,51,52,53,54,55,56,57,58,59,60,61,62,63,64,65,66,67,68,69,70,71,72,73,74,75,76,77,78,79,80,81,82,83"
    queueSizes "32"
    type "origin_urllc"
    reservation 3324650.0
  ]
  node [
    id 30
    label "30"
    schedulingPolicy "FIFO"
    levelsQoS "1"
    schedulingWeights "-"
    tosToQoSqueue "0,1,2,3,4,5,6,7,8,9,10,11,12,13,14,15,16,17,18,19,20,21,22,23,24,25,26,27,28,29,30,31,32,33,34,35,36,37,38,39,40,41,42,43,44,45,46,47,48,49,50,51,52,53,54,55,56,57,58,59,60,61,62,63,64,65,66,67,68,69,70,71,72,73,74,75,76,77,78,79,80,81,82,83"
    queueSizes "32"
    type "origin_mmtc"
    reservation 209000.0
  ]
  node [
    id 31
    label "31"
    schedulingPolicy "FIFO"
    levelsQoS "1"
    schedulingWeights "-"
    tosToQoSqueue "0,1,2,3,4,5,6,7,8,9,10,11,12,13,14,15,16,17,18,19,20,21,22,23,24,25,26,27,28,29,30,31,32,33,34,35,36,37,38,39,40,41,42,43,44,45,46,47,48,49,50,51,52,53,54,55,56,57,58,59,60,61,62,63,64,65,66,67,68,69,70,71,72,73,74,75,76,77,78,79,80,81,82,83"
    queueSizes "32"
    type "origin_urllc"
    reservation 3486350.0
  ]
  node [
    id 32
    label "32"
    schedulingPolicy "FIFO"
    levelsQoS "1"
    schedulingWeights "-"
    tosToQoSqueue "0,1,2,3,4,5,6,7,8,9,10,11,12,13,14,15,16,17,18,19,20,21,22,23,24,25,26,27,28,29,30,31,32,33,34,35,36,37,38,39,40,41,42,43,44,45,46,47,48,49,50,51,52,53,54,55,56,57,58,59,60,61,62,63,64,65,66,67,68,69,70,71,72,73,74,75,76,77,78,79,80,81,82,83"
    queueSizes "32"
    type "origin_urllc"
    reservation 3557750.0
  ]
  node [
    id 33
    label "33"
    schedulingPolicy "FIFO"
    levelsQoS "1"
    schedulingWeights "-"
    tosToQoSqueue "0,1,2,3,4,5,6,7,8,9,10,11,12,13,14,15,16,17,18,19,20,21,22,23,24,25,26,27,28,29,30,31,32,33,34,35,36,37,38,39,40,41,42,43,44,45,46,47,48,49,50,51,52,53,54,55,56,57,58,59,60,61,62,63,64,65,66,67,68,69,70,71,72,73,74,75,76,77,78,79,80,81,82,83"
    queueSizes "32"
    type "origin_urllc"
    reservation 3416000.0
  ]
  node [
    id 34
    label "34"
    schedulingPolicy "FIFO"
    levelsQoS "1"
    schedulingWeights "-"
    tosToQoSqueue "0,1,2,3,4,5,6,7,8,9,10,11,12,13,14,15,16,17,18,19,20,21,22,23,24,25,26,27,28,29,30,31,32,33,34,35,36,37,38,39,40,41,42,43,44,45,46,47,48,49,50,51,52,53,54,55,56,57,58,59,60,61,62,63,64,65,66,67,68,69,70,71,72,73,74,75,76,77,78,79,80,81,82,83"
    queueSizes "32"
    type "origin_urllc"
    reservation 3324650.0
  ]
  node [
    id 35
    label "35"
    schedulingPolicy "FIFO"
    levelsQoS "1"
    schedulingWeights "-"
    tosToQoSqueue "0,1,2,3,4,5,6,7,8,9,10,11,12,13,14,15,16,17,18,19,20,21,22,23,24,25,26,27,28,29,30,31,32,33,34,35,36,37,38,39,40,41,42,43,44,45,46,47,48,49,50,51,52,53,54,55,56,57,58,59,60,61,62,63,64,65,66,67,68,69,70,71,72,73,74,75,76,77,78,79,80,81,82,83"
    queueSizes "32"
    type "origin_mmtc"
    reservation 228920.0
  ]
  node [
    id 36
    label "36"
    schedulingPolicy "FIFO"
    levelsQoS "1"
    schedulingWeights "-"
    tosToQoSqueue "0,1,2,3,4,5,6,7,8,9,10,11,12,13,14,15,16,17,18,19,20,21,22,23,24,25,26,27,28,29,30,31,32,33,34,35,36,37,38,39,40,41,42,43,44,45,46,47,48,49,50,51,52,53,54,55,56,57,58,59,60,61,62,63,64,65,66,67,68,69,70,71,72,73,74,75,76,77,78,79,80,81,82,83"
    queueSizes "32"
    type "origin_urllc"
    reservation 3324650.0
  ]
  node [
    id 37
    label "37"
    schedulingPolicy "FIFO"
    levelsQoS "1"
    schedulingWeights "-"
    tosToQoSqueue "0,1,2,3,4,5,6,7,8,9,10,11,12,13,14,15,16,17,18,19,20,21,22,23,24,25,26,27,28,29,30,31,32,33,34,35,36,37,38,39,40,41,42,43,44,45,46,47,48,49,50,51,52,53,54,55,56,57,58,59,60,61,62,63,64,65,66,67,68,69,70,71,72,73,74,75,76,77,78,79,80,81,82,83"
    queueSizes "32"
    type "origin_mmtc"
    reservation 213500.0
  ]
  node [
    id 38
    label "38"
    schedulingPolicy "FIFO"
    levelsQoS "1"
    schedulingWeights "-"
    tosToQoSqueue "0,1,2,3,4,5,6,7,8,9,10,11,12,13,14,15,16,17,18,19,20,21,22,23,24,25,26,27,28,29,30,31,32,33,34,35,36,37,38,39,40,41,42,43,44,45,46,47,48,49,50,51,52,53,54,55,56,57,58,59,60,61,62,63,64,65,66,67,68,69,70,71,72,73,74,75,76,77,78,79,80,81,82,83"
    queueSizes "32"
    type "origin_embb"
    reservation 16979400.0
  ]
  node [
    id 39
    label "39"
    schedulingPolicy "FIFO"
    levelsQoS "1"
    schedulingWeights "-"
    tosToQoSqueue "0,1,2,3,4,5,6,7,8,9,10,11,12,13,14,15,16,17,18,19,20,21,22,23,24,25,26,27,28,29,30,31,32,33,34,35,36,37,38,39,40,41,42,43,44,45,46,47,48,49,50,51,52,53,54,55,56,57,58,59,60,61,62,63,64,65,66,67,68,69,70,71,72,73,74,75,76,77,78,79,80,81,82,83"
    queueSizes "32"
    type "origin_urllc"
    reservation 3416000.0
  ]
  node [
    id 40
    label "40"
    schedulingPolicy "FIFO"
    levelsQoS "1"
    schedulingWeights "-"
    tosToQoSqueue "0,1,2,3,4,5,6,7,8,9,10,11,12,13,14,15,16,17,18,19,20,21,22,23,24,25,26,27,28,29,30,31,32,33,34,35,36,37,38,39,40,41,42,43,44,45,46,47,48,49,50,51,52,53,54,55,56,57,58,59,60,61,62,63,64,65,66,67,68,69,70,71,72,73,74,75,76,77,78,79,80,81,82,83"
    queueSizes "32"
    type "origin_mmtc"
    reservation 223940.0
  ]
  node [
    id 41
    label "41"
    schedulingPolicy "FIFO"
    levelsQoS "1"
    schedulingWeights "-"
    tosToQoSqueue "0,1,2,3,4,5,6,7,8,9,10,11,12,13,14,15,16,17,18,19,20,21,22,23,24,25,26,27,28,29,30,31,32,33,34,35,36,37,38,39,40,41,42,43,44,45,46,47,48,49,50,51,52,53,54,55,56,57,58,59,60,61,62,63,64,65,66,67,68,69,70,71,72,73,74,75,76,77,78,79,80,81,82,83"
    queueSizes "32"
    type "origin_mmtc"
    reservation 193340.0
  ]
  node [
    id 42
    label "42"
    schedulingPolicy "FIFO"
    levelsQoS "1"
    schedulingWeights "-"
    tosToQoSqueue "0,1,2,3,4,5,6,7,8,9,10,11,12,13,14,15,16,17,18,19,20,21,22,23,24,25,26,27,28,29,30,31,32,33,34,35,36,37,38,39,40,41,42,43,44,45,46,47,48,49,50,51,52,53,54,55,56,57,58,59,60,61,62,63,64,65,66,67,68,69,70,71,72,73,74,75,76,77,78,79,80,81,82,83"
    queueSizes "32"
    type "origin_urllc"
    reservation 3416000.0
  ]
  node [
    id 43
    label "43"
    schedulingPolicy "FIFO"
    levelsQoS "1"
    schedulingWeights "-"
    tosToQoSqueue "0,1,2,3,4,5,6,7,8,9,10,11,12,13,14,15,16,17,18,19,20,21,22,23,24,25,26,27,28,29,30,31,32,33,34,35,36,37,38,39,40,41,42,43,44,45,46,47,48,49,50,51,52,53,54,55,56,57,58,59,60,61,62,63,64,65,66,67,68,69,70,71,72,73,74,75,76,77,78,79,80,81,82,83"
    queueSizes "32"
    type "origin_urllc"
    reservation 3398150.0
  ]
  node [
    id 44
    label "44"
    schedulingPolicy "FIFO"
    levelsQoS "1"
    schedulingWeights "-"
    tosToQoSqueue "0,1,2,3,4,5,6,7,8,9,10,11,12,13,14,15,16,17,18,19,20,21,22,23,24,25,26,27,28,29,30,31,32,33,34,35,36,37,38,39,40,41,42,43,44,45,46,47,48,49,50,51,52,53,54,55,56,57,58,59,60,61,62,63,64,65,66,67,68,69,70,71,72,73,74,75,76,77,78,79,80,81,82,83"
    queueSizes "32"
    type "origin_mmtc"
    reservation 216380.0
  ]
  node [
    id 45
    label "45"
    schedulingPolicy "FIFO"
    levelsQoS "1"
    schedulingWeights "-"
    tosToQoSqueue "0,1,2,3,4,5,6,7,8,9,10,11,12,13,14,15,16,17,18,19,20,21,22,23,24,25,26,27,28,29,30,31,32,33,34,35,36,37,38,39,40,41,42,43,44,45,46,47,48,49,50,51,52,53,54,55,56,57,58,59,60,61,62,63,64,65,66,67,68,69,70,71,72,73,74,75,76,77,78,79,80,81,82,83"
    queueSizes "32"
    type "origin_mmtc"
    reservation 218780.0
  ]
  node [
    id 46
    label "46"
    schedulingPolicy "FIFO"
    levelsQoS "1"
    schedulingWeights "-"
    tosToQoSqueue "0,1,2,3,4,5,6,7,8,9,10,11,12,13,14,15,16,17,18,19,20,21,22,23,24,25,26,27,28,29,30,31,32,33,34,35,36,37,38,39,40,41,42,43,44,45,46,47,48,49,50,51,52,53,54,55,56,57,58,59,60,61,62,63,64,65,66,67,68,69,70,71,72,73,74,75,76,77,78,79,80,81,82,83"
    queueSizes "32"
    type "origin_mmtc"
    reservation 203720.0
  ]
  node [
    id 47
    label "47"
    schedulingPolicy "FIFO"
    levelsQoS "1"
    schedulingWeights "-"
    tosToQoSqueue "0,1,2,3,4,5,6,7,8,9,10,11,12,13,14,15,16,17,18,19,20,21,22,23,24,25,26,27,28,29,30,31,32,33,34,35,36,37,38,39,40,41,42,43,44,45,46,47,48,49,50,51,52,53,54,55,56,57,58,59,60,61,62,63,64,65,66,67,68,69,70,71,72,73,74,75,76,77,78,79,80,81,82,83"
    queueSizes "32"
    type "origin_mmtc"
    reservation 203720.0
  ]
  node [
    id 48
    label "48"
    schedulingPolicy "FIFO"
    levelsQoS "1"
    schedulingWeights "-"
    tosToQoSqueue "0,1,2,3,4,5,6,7,8,9,10,11,12,13,14,15,16,17,18,19,20,21,22,23,24,25,26,27,28,29,30,31,32,33,34,35,36,37,38,39,40,41,42,43,44,45,46,47,48,49,50,51,52,53,54,55,56,57,58,59,60,61,62,63,64,65,66,67,68,69,70,71,72,73,74,75,76,77,78,79,80,81,82,83"
    queueSizes "32"
    type "origin_mmtc"
    reservation 200300.0
  ]
  node [
    id 49
    label "49"
    schedulingPolicy "FIFO"
    levelsQoS "1"
    schedulingWeights "-"
    tosToQoSqueue "0,1,2,3,4,5,6,7,8,9,10,11,12,13,14,15,16,17,18,19,20,21,22,23,24,25,26,27,28,29,30,31,32,33,34,35,36,37,38,39,40,41,42,43,44,45,46,47,48,49,50,51,52,53,54,55,56,57,58,59,60,61,62,63,64,65,66,67,68,69,70,71,72,73,74,75,76,77,78,79,80,81,82,83"
    queueSizes "32"
    type "origin_mmtc"
    reservation 226040.0
  ]
  node [
    id 50
    label "50"
    schedulingPolicy "FIFO"
    levelsQoS "1"
    schedulingWeights "-"
    tosToQoSqueue "0,1,2,3,4,5,6,7,8,9,10,11,12,13,14,15,16,17,18,19,20,21,22,23,24,25,26,27,28,29,30,31,32,33,34,35,36,37,38,39,40,41,42,43,44,45,46,47,48,49,50,51,52,53,54,55,56,57,58,59,60,61,62,63,64,65,66,67,68,69,70,71,72,73,74,75,76,77,78,79,80,81,82,83"
    queueSizes "32"
    type "origin_mmtc"
    reservation 213500.0
  ]
  node [
    id 51
    label "51"
    schedulingPolicy "FIFO"
    levelsQoS "1"
    schedulingWeights "-"
    tosToQoSqueue "0,1,2,3,4,5,6,7,8,9,10,11,12,13,14,15,16,17,18,19,20,21,22,23,24,25,26,27,28,29,30,31,32,33,34,35,36,37,38,39,40,41,42,43,44,45,46,47,48,49,50,51,52,53,54,55,56,57,58,59,60,61,62,63,64,65,66,67,68,69,70,71,72,73,74,75,76,77,78,79,80,81,82,83"
    queueSizes "32"
    type "origin_mmtc"
    reservation 226040.0
  ]
  node [
    id 52
    label "52"
    schedulingPolicy "FIFO"
    levelsQoS "1"
    schedulingWeights "-"
    tosToQoSqueue "0,1,2,3,4,5,6,7,8,9,10,11,12,13,14,15,16,17,18,19,20,21,22,23,24,25,26,27,28,29,30,31,32,33,34,35,36,37,38,39,40,41,42,43,44,45,46,47,48,49,50,51,52,53,54,55,56,57,58,59,60,61,62,63,64,65,66,67,68,69,70,71,72,73,74,75,76,77,78,79,80,81,82,83"
    queueSizes "32"
    type "origin_mmtc"
    reservation 185180.0
  ]
  node [
    id 53
    label "53"
    schedulingPolicy "FIFO"
    levelsQoS "1"
    schedulingWeights "-"
    tosToQoSqueue "0,1,2,3,4,5,6,7,8,9,10,11,12,13,14,15,16,17,18,19,20,21,22,23,24,25,26,27,28,29,30,31,32,33,34,35,36,37,38,39,40,41,42,43,44,45,46,47,48,49,50,51,52,53,54,55,56,57,58,59,60,61,62,63,64,65,66,67,68,69,70,71,72,73,74,75,76,77,78,79,80,81,82,83"
    queueSizes "32"
    type "origin_mmtc"
    reservation 216380.0
  ]
  node [
    id 54
    label "54"
    schedulingPolicy "FIFO"
    levelsQoS "1"
    schedulingWeights "-"
    tosToQoSqueue "0,1,2,3,4,5,6,7,8,9,10,11,12,13,14,15,16,17,18,19,20,21,22,23,24,25,26,27,28,29,30,31,32,33,34,35,36,37,38,39,40,41,42,43,44,45,46,47,48,49,50,51,52,53,54,55,56,57,58,59,60,61,62,63,64,65,66,67,68,69,70,71,72,73,74,75,76,77,78,79,80,81,82,83"
    queueSizes "32"
    type "origin_mmtc"
    reservation 226040.0
  ]
  node [
    id 55
    label "55"
    schedulingPolicy "FIFO"
    levelsQoS "1"
    schedulingWeights "-"
    tosToQoSqueue "0,1,2,3,4,5,6,7,8,9,10,11,12,13,14,15,16,17,18,19,20,21,22,23,24,25,26,27,28,29,30,31,32,33,34,35,36,37,38,39,40,41,42,43,44,45,46,47,48,49,50,51,52,53,54,55,56,57,58,59,60,61,62,63,64,65,66,67,68,69,70,71,72,73,74,75,76,77,78,79,80,81,82,83"
    queueSizes "32"
    type "origin_embb"
    reservation 18394200.0
  ]
  node [
    id 56
    label "56"
    schedulingPolicy "FIFO"
    levelsQoS "1"
    schedulingWeights "-"
    tosToQoSqueue "0,1,2,3,4,5,6,7,8,9,10,11,12,13,14,15,16,17,18,19,20,21,22,23,24,25,26,27,28,29,30,31,32,33,34,35,36,37,38,39,40,41,42,43,44,45,46,47,48,49,50,51,52,53,54,55,56,57,58,59,60,61,62,63,64,65,66,67,68,69,70,71,72,73,74,75,76,77,78,79,80,81,82,83"
    queueSizes "32"
    type "origin_urllc"
    reservation 3447500.0
  ]
  node [
    id 57
    label "57"
    schedulingPolicy "FIFO"
    levelsQoS "1"
    schedulingWeights "-"
    tosToQoSqueue "0,1,2,3,4,5,6,7,8,9,10,11,12,13,14,15,16,17,18,19,20,21,22,23,24,25,26,27,28,29,30,31,32,33,34,35,36,37,38,39,40,41,42,43,44,45,46,47,48,49,50,51,52,53,54,55,56,57,58,59,60,61,62,63,64,65,66,67,68,69,70,71,72,73,74,75,76,77,78,79,80,81,82,83"
    queueSizes "32"
    type "origin_urllc"
    reservation 3416000.0
  ]
  node [
    id 58
    label "58"
    schedulingPolicy "FIFO"
    levelsQoS "1"
    schedulingWeights "-"
    tosToQoSqueue "0,1,2,3,4,5,6,7,8,9,10,11,12,13,14,15,16,17,18,19,20,21,22,23,24,25,26,27,28,29,30,31,32,33,34,35,36,37,38,39,40,41,42,43,44,45,46,47,48,49,50,51,52,53,54,55,56,57,58,59,60,61,62,63,64,65,66,67,68,69,70,71,72,73,74,75,76,77,78,79,80,81,82,83"
    queueSizes "32"
    type "origin_urllc"
    reservation 3416000.0
  ]
  node [
    id 59
    label "59"
    schedulingPolicy "FIFO"
    levelsQoS "1"
    schedulingWeights "-"
    tosToQoSqueue "0,1,2,3,4,5,6,7,8,9,10,11,12,13,14,15,16,17,18,19,20,21,22,23,24,25,26,27,28,29,30,31,32,33,34,35,36,37,38,39,40,41,42,43,44,45,46,47,48,49,50,51,52,53,54,55,56,57,58,59,60,61,62,63,64,65,66,67,68,69,70,71,72,73,74,75,76,77,78,79,80,81,82,83"
    queueSizes "32"
    type "origin_urllc"
    reservation 3416000.0
  ]
  node [
    id 60
    label "60"
    schedulingPolicy "FIFO"
    levelsQoS "1"
    schedulingWeights "-"
    tosToQoSqueue "0,1,2,3,4,5,6,7,8,9,10,11,12,13,14,15,16,17,18,19,20,21,22,23,24,25,26,27,28,29,30,31,32,33,34,35,36,37,38,39,40,41,42,43,44,45,46,47,48,49,50,51,52,53,54,55,56,57,58,59,60,61,62,63,64,65,66,67,68,69,70,71,72,73,74,75,76,77,78,79,80,81,82,83"
    queueSizes "32"
    type "origin_urllc"
    reservation 3324650.0
  ]
  node [
    id 61
    label "61"
    schedulingPolicy "FIFO"
    levelsQoS "1"
    schedulingWeights "-"
    tosToQoSqueue "0,1,2,3,4,5,6,7,8,9,10,11,12,13,14,15,16,17,18,19,20,21,22,23,24,25,26,27,28,29,30,31,32,33,34,35,36,37,38,39,40,41,42,43,44,45,46,47,48,49,50,51,52,53,54,55,56,57,58,59,60,61,62,63,64,65,66,67,68,69,70,71,72,73,74,75,76,77,78,79,80,81,82,83"
    queueSizes "32"
    type "origin_urllc"
    reservation 3486350.0
  ]
  node [
    id 62
    label "62"
    schedulingPolicy "FIFO"
    levelsQoS "1"
    schedulingWeights "-"
    tosToQoSqueue "0,1,2,3,4,5,6,7,8,9,10,11,12,13,14,15,16,17,18,19,20,21,22,23,24,25,26,27,28,29,30,31,32,33,34,35,36,37,38,39,40,41,42,43,44,45,46,47,48,49,50,51,52,53,54,55,56,57,58,59,60,61,62,63,64,65,66,67,68,69,70,71,72,73,74,75,76,77,78,79,80,81,82,83"
    queueSizes "32"
    type "origin_mmtc"
    reservation 182540.0
  ]
  node [
    id 63
    label "63"
    schedulingPolicy "FIFO"
    levelsQoS "1"
    schedulingWeights "-"
    tosToQoSqueue "0,1,2,3,4,5,6,7,8,9,10,11,12,13,14,15,16,17,18,19,20,21,22,23,24,25,26,27,28,29,30,31,32,33,34,35,36,37,38,39,40,41,42,43,44,45,46,47,48,49,50,51,52,53,54,55,56,57,58,59,60,61,62,63,64,65,66,67,68,69,70,71,72,73,74,75,76,77,78,79,80,81,82,83"
    queueSizes "32"
    type "origin_urllc"
    reservation 3557750.0
  ]
  node [
    id 64
    label "64"
    schedulingPolicy "FIFO"
    levelsQoS "1"
    schedulingWeights "-"
    tosToQoSqueue "0,1,2,3,4,5,6,7,8,9,10,11,12,13,14,15,16,17,18,19,20,21,22,23,24,25,26,27,28,29,30,31,32,33,34,35,36,37,38,39,40,41,42,43,44,45,46,47,48,49,50,51,52,53,54,55,56,57,58,59,60,61,62,63,64,65,66,67,68,69,70,71,72,73,74,75,76,77,78,79,80,81,82,83"
    queueSizes "32"
    type "origin_mmtc"
    reservation 203720.0
  ]
  node [
    id 65
    label "65"
    schedulingPolicy "FIFO"
    levelsQoS "1"
    schedulingWeights "-"
    tosToQoSqueue "0,1,2,3,4,5,6,7,8,9,10,11,12,13,14,15,16,17,18,19,20,21,22,23,24,25,26,27,28,29,30,31,32,33,34,35,36,37,38,39,40,41,42,43,44,45,46,47,48,49,50,51,52,53,54,55,56,57,58,59,60,61,62,63,64,65,66,67,68,69,70,71,72,73,74,75,76,77,78,79,80,81,82,83"
    queueSizes "32"
    type "origin_mmtc"
    reservation 218780.0
  ]
  node [
    id 66
    label "66"
    schedulingPolicy "FIFO"
    levelsQoS "1"
    schedulingWeights "-"
    tosToQoSqueue "0,1,2,3,4,5,6,7,8,9,10,11,12,13,14,15,16,17,18,19,20,21,22,23,24,25,26,27,28,29,30,31,32,33,34,35,36,37,38,39,40,41,42,43,44,45,46,47,48,49,50,51,52,53,54,55,56,57,58,59,60,61,62,63,64,65,66,67,68,69,70,71,72,73,74,75,76,77,78,79,80,81,82,83"
    queueSizes "32"
    type "origin_urllc"
    reservation 3486350.0
  ]
  node [
    id 67
    label "67"
    schedulingPolicy "FIFO"
    levelsQoS "1"
    schedulingWeights "-"
    tosToQoSqueue "0,1,2,3,4,5,6,7,8,9,10,11,12,13,14,15,16,17,18,19,20,21,22,23,24,25,26,27,28,29,30,31,32,33,34,35,36,37,38,39,40,41,42,43,44,45,46,47,48,49,50,51,52,53,54,55,56,57,58,59,60,61,62,63,64,65,66,67,68,69,70,71,72,73,74,75,76,77,78,79,80,81,82,83"
    queueSizes "32"
    type "origin_urllc"
    reservation 3447500.0
  ]
  node [
    id 68
    label "68"
    schedulingPolicy "FIFO"
    levelsQoS "1"
    schedulingWeights "-"
    tosToQoSqueue "0,1,2,3,4,5,6,7,8,9,10,11,12,13,14,15,16,17,18,19,20,21,22,23,24,25,26,27,28,29,30,31,32,33,34,35,36,37,38,39,40,41,42,43,44,45,46,47,48,49,50,51,52,53,54,55,56,57,58,59,60,61,62,63,64,65,66,67,68,69,70,71,72,73,74,75,76,77,78,79,80,81,82,83"
    queueSizes "32"
    type "origin_mmtc"
    reservation 228920.0
  ]
  node [
    id 69
    label "69"
    schedulingPolicy "FIFO"
    levelsQoS "1"
    schedulingWeights "-"
    tosToQoSqueue "0,1,2,3,4,5,6,7,8,9,10,11,12,13,14,15,16,17,18,19,20,21,22,23,24,25,26,27,28,29,30,31,32,33,34,35,36,37,38,39,40,41,42,43,44,45,46,47,48,49,50,51,52,53,54,55,56,57,58,59,60,61,62,63,64,65,66,67,68,69,70,71,72,73,74,75,76,77,78,79,80,81,82,83"
    queueSizes "32"
    type "origin_urllc"
    reservation 3486350.0
  ]
  node [
    id 70
    label "70"
    schedulingPolicy "FIFO"
    levelsQoS "1"
    schedulingWeights "-"
    tosToQoSqueue "0,1,2,3,4,5,6,7,8,9,10,11,12,13,14,15,16,17,18,19,20,21,22,23,24,25,26,27,28,29,30,31,32,33,34,35,36,37,38,39,40,41,42,43,44,45,46,47,48,49,50,51,52,53,54,55,56,57,58,59,60,61,62,63,64,65,66,67,68,69,70,71,72,73,74,75,76,77,78,79,80,81,82,83"
    queueSizes "32"
    type "origin_mmtc"
    reservation 216380.0
  ]
  node [
    id 71
    label "71"
    schedulingPolicy "FIFO"
    levelsQoS "1"
    schedulingWeights "-"
    tosToQoSqueue "0,1,2,3,4,5,6,7,8,9,10,11,12,13,14,15,16,17,18,19,20,21,22,23,24,25,26,27,28,29,30,31,32,33,34,35,36,37,38,39,40,41,42,43,44,45,46,47,48,49,50,51,52,53,54,55,56,57,58,59,60,61,62,63,64,65,66,67,68,69,70,71,72,73,74,75,76,77,78,79,80,81,82,83"
    queueSizes "32"
    type "origin_mmtc"
    reservation 201380.0
  ]
  node [
    id 72
    label "72"
    schedulingPolicy "FIFO"
    levelsQoS "1"
    schedulingWeights "-"
    tosToQoSqueue "0,1,2,3,4,5,6,7,8,9,10,11,12,13,14,15,16,17,18,19,20,21,22,23,24,25,26,27,28,29,30,31,32,33,34,35,36,37,38,39,40,41,42,43,44,45,46,47,48,49,50,51,52,53,54,55,56,57,58,59,60,61,62,63,64,65,66,67,68,69,70,71,72,73,74,75,76,77,78,79,80,81,82,83"
    queueSizes "32"
    type "origin_mmtc"
    reservation 213500.0
  ]
  node [
    id 73
    label "73"
    schedulingPolicy "FIFO"
    levelsQoS "1"
    schedulingWeights "-"
    tosToQoSqueue "0,1,2,3,4,5,6,7,8,9,10,11,12,13,14,15,16,17,18,19,20,21,22,23,24,25,26,27,28,29,30,31,32,33,34,35,36,37,38,39,40,41,42,43,44,45,46,47,48,49,50,51,52,53,54,55,56,57,58,59,60,61,62,63,64,65,66,67,68,69,70,71,72,73,74,75,76,77,78,79,80,81,82,83"
    queueSizes "32"
    type "origin_mmtc"
    reservation 193340.0
  ]
  node [
    id 74
    label "74"
    schedulingPolicy "FIFO"
    levelsQoS "1"
    schedulingWeights "-"
    tosToQoSqueue "0,1,2,3,4,5,6,7,8,9,10,11,12,13,14,15,16,17,18,19,20,21,22,23,24,25,26,27,28,29,30,31,32,33,34,35,36,37,38,39,40,41,42,43,44,45,46,47,48,49,50,51,52,53,54,55,56,57,58,59,60,61,62,63,64,65,66,67,68,69,70,71,72,73,74,75,76,77,78,79,80,81,82,83"
    queueSizes "32"
    type "origin_mmtc"
    reservation 203720.0
  ]
  node [
    id 75
    label "75"
    schedulingPolicy "FIFO"
    levelsQoS "1"
    schedulingWeights "-"
    tosToQoSqueue "0,1,2,3,4,5,6,7,8,9,10,11,12,13,14,15,16,17,18,19,20,21,22,23,24,25,26,27,28,29,30,31,32,33,34,35,36,37,38,39,40,41,42,43,44,45,46,47,48,49,50,51,52,53,54,55,56,57,58,59,60,61,62,63,64,65,66,67,68,69,70,71,72,73,74,75,76,77,78,79,80,81,82,83"
    queueSizes "32"
    type "origin_mmtc"
    reservation 201380.0
  ]
  node [
    id 76
    label "76"
    schedulingPolicy "FIFO"
    levelsQoS "1"
    schedulingWeights "-"
    tosToQoSqueue "0,1,2,3,4,5,6,7,8,9,10,11,12,13,14,15,16,17,18,19,20,21,22,23,24,25,26,27,28,29,30,31,32,33,34,35,36,37,38,39,40,41,42,43,44,45,46,47,48,49,50,51,52,53,54,55,56,57,58,59,60,61,62,63,64,65,66,67,68,69,70,71,72,73,74,75,76,77,78,79,80,81,82,83"
    queueSizes "32"
    type "origin_mmtc"
    reservation 191960.0
  ]
  node [
    id 77
    label "77"
    schedulingPolicy "FIFO"
    levelsQoS "1"
    schedulingWeights "-"
    tosToQoSqueue "0,1,2,3,4,5,6,7,8,9,10,11,12,13,14,15,16,17,18,19,20,21,22,23,24,25,26,27,28,29,30,31,32,33,34,35,36,37,38,39,40,41,42,43,44,45,46,47,48,49,50,51,52,53,54,55,56,57,58,59,60,61,62,63,64,65,66,67,68,69,70,71,72,73,74,75,76,77,78,79,80,81,82,83"
    queueSizes "32"
    type "origin_mmtc"
    reservation 228920.0
  ]
  node [
    id 78
    label "78"
    schedulingPolicy "FIFO"
    levelsQoS "1"
    schedulingWeights "-"
    tosToQoSqueue "0,1,2,3,4,5,6,7,8,9,10,11,12,13,14,15,16,17,18,19,20,21,22,23,24,25,26,27,28,29,30,31,32,33,34,35,36,37,38,39,40,41,42,43,44,45,46,47,48,49,50,51,52,53,54,55,56,57,58,59,60,61,62,63,64,65,66,67,68,69,70,71,72,73,74,75,76,77,78,79,80,81,82,83"
    queueSizes "32"
    type "origin_mmtc"
    reservation 213500.0
  ]
  node [
    id 79
    label "79"
    schedulingPolicy "FIFO"
    levelsQoS "1"
    schedulingWeights "-"
    tosToQoSqueue "0,1,2,3,4,5,6,7,8,9,10,11,12,13,14,15,16,17,18,19,20,21,22,23,24,25,26,27,28,29,30,31,32,33,34,35,36,37,38,39,40,41,42,43,44,45,46,47,48,49,50,51,52,53,54,55,56,57,58,59,60,61,62,63,64,65,66,67,68,69,70,71,72,73,74,75,76,77,78,79,80,81,82,83"
    queueSizes "32"
    type "origin_mmtc"
    reservation 228920.0
  ]
  node [
    id 80
    label "80"
    schedulingPolicy "FIFO"
    levelsQoS "1"
    schedulingWeights "-"
    tosToQoSqueue "0,1,2,3,4,5,6,7,8,9,10,11,12,13,14,15,16,17,18,19,20,21,22,23,24,25,26,27,28,29,30,31,32,33,34,35,36,37,38,39,40,41,42,43,44,45,46,47,48,49,50,51,52,53,54,55,56,57,58,59,60,61,62,63,64,65,66,67,68,69,70,71,72,73,74,75,76,77,78,79,80,81,82,83"
    queueSizes "32"
    type "origin_mmtc"
    reservation 223940.0
  ]
  node [
    id 81
    label "81"
    schedulingPolicy "FIFO"
    levelsQoS "1"
    schedulingWeights "-"
    tosToQoSqueue "0,1,2,3,4,5,6,7,8,9,10,11,12,13,14,15,16,17,18,19,20,21,22,23,24,25,26,27,28,29,30,31,32,33,34,35,36,37,38,39,40,41,42,43,44,45,46,47,48,49,50,51,52,53,54,55,56,57,58,59,60,61,62,63,64,65,66,67,68,69,70,71,72,73,74,75,76,77,78,79,80,81,82,83"
    queueSizes "32"
    type "origin_mmtc"
    reservation 200300.0
  ]
  node [
    id 82
    label "82"
    schedulingPolicy "FIFO"
    levelsQoS "1"
    schedulingWeights "-"
    tosToQoSqueue "0,1,2,3,4,5,6,7,8,9,10,11,12,13,14,15,16,17,18,19,20,21,22,23,24,25,26,27,28,29,30,31,32,33,34,35,36,37,38,39,40,41,42,43,44,45,46,47,48,49,50,51,52,53,54,55,56,57,58,59,60,61,62,63,64,65,66,67,68,69,70,71,72,73,74,75,76,77,78,79,80,81,82,83"
    queueSizes "32"
    type "origin_mmtc"
    reservation 218780.0
  ]
  node [
    id 83
    label "83"
    schedulingPolicy "FIFO"
    levelsQoS "1"
    schedulingWeights "-"
    tosToQoSqueue "0,1,2,3,4,5,6,7,8,9,10,11,12,13,14,15,16,17,18,19,20,21,22,23,24,25,26,27,28,29,30,31,32,33,34,35,36,37,38,39,40,41,42,43,44,45,46,47,48,49,50,51,52,53,54,55,56,57,58,59,60,61,62,63,64,65,66,67,68,69,70,71,72,73,74,75,76,77,78,79,80,81,82,83"
    queueSizes "32"
    type "origin_mmtc"
    reservation 228920.0
  ]
  edge [
    source 0
    target 5
    key 0
    LinkLabel "Yellow"
    bandwidth 75000000
    traffic ""
    reservation ""
    port 0
  ]
  edge [
    source 0
    target 22
    key 0
    port 1
    weight 1
    bandwidth 350000000
    traffic "3500000,3500000,3500000,3500000,3500000,3500000,3500000,3500000,3500000,3500000,3500000,3500000,3500000,3500000,3500000,3500000,3500000,3500000,3500000,3500000"
    reservation "3398150.0,3324650.0,3486350.0,3557750.0,3416000.0,3324650.0,3324650.0,3416000.0,3416000.0,3398150.0,3447500.0,3416000.0,3416000.0,3416000.0,3324650.0,3486350.0,3557750.0,3486350.0,3447500.0,3486350.0"
  ]
  edge [
    source 1
    target 3
    key 0
    LinkLabel "Yellow"
    bandwidth 75000000
    traffic ""
    reservation ""
    port 0
  ]
  edge [
    source 1
    target 5
    key 0
    LinkLabel "Red"
    bandwidth 75000000
    traffic "18000000,3500000,3500000,3500000,3500000,3500000,3500000,3500000,18000000,3500000,3500000,3500000,3500000,200000"
    reservation "20273400.0,3398150.0,3324650.0,3486350.0,3557750.0,3416000.0,3324650.0,3324650.0,16979400.0,3416000.0,3416000.0,3398150.0,3447500.0,182540.0"
    port 1
  ]
  edge [
    source 1
    target 6
    key 0
    LinkLabel "Yellow"
    bandwidth 75000000
    traffic ""
    reservation ""
    port 2
  ]
  edge [
    source 1
    target 7
    key 0
    LinkLabel "Yellow"
    bandwidth 75000000
    traffic ""
    reservation ""
    port 3
  ]
  edge [
    source 1
    target 10
    key 0
    LinkLabel "Yellow"
    bandwidth 75000000
    traffic ""
    reservation ""
    port 4
  ]
  edge [
    source 1
    target 12
    key 0
    LinkSpeed "155"
    LinkLabel "155 Mbps"
    LinkSpeedUnits "M"
    LinkSpeedRaw 155000000.0
    bandwidth 75000000
    traffic ""
    reservation ""
    port 5
  ]
  edge [
    source 1
    target 15
    key 0
    LinkLabel "Yellow"
    bandwidth 75000000
    traffic ""
    reservation ""
    port 6
  ]
  edge [
    source 1
    target 16
    key 0
    LinkLabel "Yellow"
    bandwidth 75000000
    traffic ""
    reservation ""
    port 7
  ]
  edge [
    source 1
    target 18
    key 0
    LinkLabel "Red"
    bandwidth 75000000
    traffic "3500000,3500000,3500000,3500000,3500000,3500000,200000,200000,3500000,3500000,200000,3500000,200000,200000,200000,200000,200000,200000,200000,200000,200000,200000,200000,200000,200000,200000"
    reservation "3416000.0,3416000.0,3416000.0,3324650.0,3486350.0,3557750.0,203720.0,218780.0,3486350.0,3447500.0,228920.0,3486350.0,216380.0,201380.0,213500.0,193340.0,203720.0,201380.0,191960.0,228920.0,213500.0,228920.0,223940.0,200300.0,218780.0,228920.0"
    port 8
  ]
  edge [
    source 2
    target 12
    key 0
    LinkLabel "Yellow"
    bandwidth 75000000
    traffic ""
    reservation ""
    port 0
  ]
  edge [
    source 3
    target 1
    key 0
    LinkLabel "Yellow"
    bandwidth 75000000
    traffic ""
    reservation ""
    port 0
  ]
  edge [
    source 4
    target 5
    key 0
    LinkLabel "Yellow"
    bandwidth 75000000
    traffic ""
    reservation ""
    port 0
  ]
  edge [
    source 5
    target 0
    key 0
    LinkLabel "Yellow"
    bandwidth 75000000
    traffic "3500000,3500000,3500000,3500000,3500000,3500000,3500000,3500000,3500000,3500000,3500000,3500000,3500000,3500000,3500000,3500000,3500000,3500000,3500000,3500000"
    reservation "3398150.0,3324650.0,3486350.0,3557750.0,3416000.0,3324650.0,3324650.0,3416000.0,3416000.0,3398150.0,3447500.0,3416000.0,3416000.0,3416000.0,3324650.0,3486350.0,3557750.0,3486350.0,3447500.0,3486350.0"
    port 0
  ]
  edge [
    source 5
    target 1
    key 0
    LinkLabel "Red"
    bandwidth 75000000
    traffic ""
    reservation ""
    port 1
  ]
  edge [
    source 5
    target 4
    key 0
    LinkLabel "Yellow"
    bandwidth 75000000
    traffic ""
    reservation ""
    port 2
  ]
  edge [
    source 5
    target 8
    key 0
    LinkLabel "Yellow"
    bandwidth 75000000
    traffic ""
    reservation ""
    port 3
  ]
  edge [
    source 5
    target 12
    key 0
    LinkLabel "Red"
    bandwidth 75000000
    traffic "18000000,18000000"
    reservation "20273400.0,16979400.0"
    port 4
  ]
  edge [
    source 5
    target 14
    key 0
    LinkLabel "Yellow"
    bandwidth 75000000
    traffic ""
    reservation ""
    port 5
  ]
  edge [
    source 5
    target 18
    key 0
    LinkLabel "Red"
    bandwidth 75000000
    traffic "200000"
    reservation "182540.0"
    port 6
  ]
  edge [
    source 6
    target 1
    key 0
    LinkLabel "Yellow"
    bandwidth 75000000
    traffic ""
    reservation ""
    port 0
  ]
  edge [
    source 7
    target 1
    key 0
    LinkLabel "Yellow"
    bandwidth 75000000
    traffic ""
    reservation ""
    port 0
  ]
  edge [
    source 8
    target 5
    key 0
    LinkLabel "Yellow"
    bandwidth 75000000
    traffic ""
    reservation ""
    port 0
  ]
  edge [
    source 9
    target 12
    key 0
    LinkLabel "Yellow"
    bandwidth 75000000
    traffic "18000000,18000000,3500000,3500000,3500000,3500000,3500000,3500000,200000,3500000,200000,200000,3500000,3500000,200000,3500000,200000,200000,200000,200000,200000,200000,200000,200000,200000,200000,200000,200000,200000,200000"
    reservation "18151200.0,18394200.0,3447500.0,3416000.0,3416000.0,3416000.0,3324650.0,3486350.0,182540.0,3557750.0,203720.0,218780.0,3486350.0,3447500.0,228920.0,3486350.0,216380.0,201380.0,213500.0,193340.0,203720.0,201380.0,191960.0,228920.0,213500.0,228920.0,223940.0,200300.0,218780.0,228920.0"
    port 0
  ]
  edge [
    source 9
    target 26
    key 0
    port 1
    weight 1
    bandwidth 50000000
    traffic ""
    reservation ""
  ]
  edge [
    source 9
    target 55
    key 0
    port 2
    weight 1
    bandwidth 50000000
    traffic ""
    reservation ""
  ]
  edge [
    source 9
    target 56
    key 0
    port 3
    weight 1
    bandwidth 50000000
    traffic ""
    reservation ""
  ]
  edge [
    source 9
    target 57
    key 0
    port 4
    weight 1
    bandwidth 50000000
    traffic ""
    reservation ""
  ]
  edge [
    source 9
    target 58
    key 0
    port 5
    weight 1
    bandwidth 50000000
    traffic ""
    reservation ""
  ]
  edge [
    source 9
    target 59
    key 0
    port 6
    weight 1
    bandwidth 50000000
    traffic ""
    reservation ""
  ]
  edge [
    source 9
    target 60
    key 0
    port 7
    weight 1
    bandwidth 50000000
    traffic ""
    reservation ""
  ]
  edge [
    source 9
    target 61
    key 0
    port 8
    weight 1
    bandwidth 50000000
    traffic ""
    reservation ""
  ]
  edge [
    source 9
    target 62
    key 0
    port 9
    weight 1
    bandwidth 50000000
    traffic ""
    reservation ""
  ]
  edge [
    source 9
    target 63
    key 0
    port 10
    weight 1
    bandwidth 50000000
    traffic ""
    reservation ""
  ]
  edge [
    source 9
    target 64
    key 0
    port 11
    weight 1
    bandwidth 50000000
    traffic ""
    reservation ""
  ]
  edge [
    source 9
    target 65
    key 0
    port 12
    weight 1
    bandwidth 50000000
    traffic ""
    reservation ""
  ]
  edge [
    source 9
    target 66
    key 0
    port 13
    weight 1
    bandwidth 50000000
    traffic ""
    reservation ""
  ]
  edge [
    source 9
    target 67
    key 0
    port 14
    weight 1
    bandwidth 50000000
    traffic ""
    reservation ""
  ]
  edge [
    source 9
    target 68
    key 0
    port 15
    weight 1
    bandwidth 50000000
    traffic ""
    reservation ""
  ]
  edge [
    source 9
    target 69
    key 0
    port 16
    weight 1
    bandwidth 50000000
    traffic ""
    reservation ""
  ]
  edge [
    source 9
    target 70
    key 0
    port 17
    weight 1
    bandwidth 50000000
    traffic ""
    reservation ""
  ]
  edge [
    source 9
    target 71
    key 0
    port 18
    weight 1
    bandwidth 50000000
    traffic ""
    reservation ""
  ]
  edge [
    source 9
    target 72
    key 0
    port 19
    weight 1
    bandwidth 50000000
    traffic ""
    reservation ""
  ]
  edge [
    source 9
    target 73
    key 0
    port 20
    weight 1
    bandwidth 50000000
    traffic ""
    reservation ""
  ]
  edge [
    source 9
    target 74
    key 0
    port 21
    weight 1
    bandwidth 50000000
    traffic ""
    reservation ""
  ]
  edge [
    source 9
    target 75
    key 0
    port 22
    weight 1
    bandwidth 50000000
    traffic ""
    reservation ""
  ]
  edge [
    source 9
    target 76
    key 0
    port 23
    weight 1
    bandwidth 50000000
    traffic ""
    reservation ""
  ]
  edge [
    source 9
    target 77
    key 0
    port 24
    weight 1
    bandwidth 50000000
    traffic ""
    reservation ""
  ]
  edge [
    source 9
    target 78
    key 0
    port 25
    weight 1
    bandwidth 50000000
    traffic ""
    reservation ""
  ]
  edge [
    source 9
    target 79
    key 0
    port 26
    weight 1
    bandwidth 50000000
    traffic ""
    reservation ""
  ]
  edge [
    source 9
    target 80
    key 0
    port 27
    weight 1
    bandwidth 50000000
    traffic ""
    reservation ""
  ]
  edge [
    source 9
    target 81
    key 0
    port 28
    weight 1
    bandwidth 50000000
    traffic ""
    reservation ""
  ]
  edge [
    source 9
    target 82
    key 0
    port 29
    weight 1
    bandwidth 50000000
    traffic ""
    reservation ""
  ]
  edge [
    source 9
    target 83
    key 0
    port 30
    weight 1
    bandwidth 50000000
    traffic ""
    reservation ""
  ]
  edge [
    source 10
    target 1
    key 0
    LinkLabel "Yellow"
    bandwidth 75000000
    traffic ""
    reservation ""
    port 0
  ]
  edge [
    source 11
    target 18
    key 0
    LinkLabel "Yellow"
    bandwidth 75000000
    traffic ""
    reservation ""
    port 0
  ]
  edge [
    source 12
    target 1
    key 0
    LinkSpeed "155"
    LinkLabel "155 Mbps"
    LinkSpeedUnits "M"
    LinkSpeedRaw 155000000.0
    bandwidth 75000000
    traffic "3500000,3500000,3500000,3500000,3500000,3500000,200000,3500000,200000,200000,3500000,3500000,200000,3500000,200000,200000,200000,200000,200000,200000,200000,200000,200000,200000,200000,200000,200000,200000"
    reservation "3447500.0,3416000.0,3416000.0,3416000.0,3324650.0,3486350.0,182540.0,3557750.0,203720.0,218780.0,3486350.0,3447500.0,228920.0,3486350.0,216380.0,201380.0,213500.0,193340.0,203720.0,201380.0,191960.0,228920.0,213500.0,228920.0,223940.0,200300.0,218780.0,228920.0"
    port 0
  ]
  edge [
    source 12
    target 2
    key 0
    LinkLabel "Yellow"
    bandwidth 75000000
    traffic ""
    reservation ""
    port 1
  ]
  edge [
    source 12
    target 5
    key 0
    LinkLabel "Red"
    bandwidth 75000000
    traffic ""
    reservation ""
    port 2
  ]
  edge [
    source 12
    target 9
    key 0
    LinkLabel "Yellow"
    bandwidth 75000000
    traffic ""
    reservation ""
    port 3
  ]
  edge [
    source 12
    target 13
    key 0
    LinkLabel "Yellow"
    bandwidth 75000000
    traffic "18000000,18000000,18000000,18000000"
    reservation "20273400.0,18151200.0,16979400.0,18394200.0"
    port 4
  ]
  edge [
    source 12
    target 18
    key 0
    LinkSpeed "155"
    LinkLabel "155 Mbps"
    LinkSpeedUnits "M"
    LinkSpeedRaw 155000000.0
    bandwidth 75000000
    traffic ""
    reservation ""
    port 5
  ]
  edge [
    source 12
    target 21
    key 0
    LinkSpeed "155"
    LinkLabel "155 Mbps"
    LinkSpeedUnits "M"
    LinkSpeedRaw 155000000.0
    bandwidth 75000000
    traffic ""
    reservation ""
    port 6
  ]
  edge [
    source 13
    target 12
    key 0
    LinkLabel "Yellow"
    bandwidth 75000000
    traffic ""
    reservation ""
    port 0
  ]
  edge [
    source 13
    target 24
    key 0
    port 1
    weight 1
    bandwidth 350000000
    traffic "18000000,18000000,18000000,18000000"
    reservation "20273400.0,18151200.0,16979400.0,18394200.0"
  ]
  edge [
    source 14
    target 5
    key 0
    LinkLabel "Yellow"
    bandwidth 75000000
    traffic ""
    reservation ""
    port 0
  ]
  edge [
    source 15
    target 1
    key 0
    LinkLabel "Yellow"
    bandwidth 75000000
    traffic ""
    reservation ""
    port 0
  ]
  edge [
    source 16
    target 1
    key 0
    LinkLabel "Yellow"
    bandwidth 75000000
    traffic ""
    reservation ""
    port 0
  ]
  edge [
    source 17
    target 18
    key 0
    LinkLabel "Yellow"
    bandwidth 75000000
    traffic "18000000,200000,3500000,3500000,200000,3500000,3500000,3500000,3500000,200000,3500000,200000,18000000,3500000,200000,200000,3500000,3500000,200000,200000,200000,200000,200000,200000,200000,200000,200000,200000,200000"
    reservation "20273400.0,193340.0,3398150.0,3324650.0,209000.0,3486350.0,3557750.0,3416000.0,3324650.0,228920.0,3324650.0,213500.0,16979400.0,3416000.0,223940.0,193340.0,3416000.0,3398150.0,216380.0,218780.0,203720.0,203720.0,200300.0,226040.0,213500.0,226040.0,185180.0,216380.0,226040.0"
    port 0
  ]
  edge [
    source 17
    target 25
    key 0
    port 1
    weight 1
    bandwidth 50000000
    traffic ""
    reservation ""
  ]
  edge [
    source 17
    target 27
    key 0
    port 2
    weight 1
    bandwidth 50000000
    traffic ""
    reservation ""
  ]
  edge [
    source 17
    target 28
    key 0
    port 3
    weight 1
    bandwidth 50000000
    traffic ""
    reservation ""
  ]
  edge [
    source 17
    target 29
    key 0
    port 4
    weight 1
    bandwidth 50000000
    traffic ""
    reservation ""
  ]
  edge [
    source 17
    target 30
    key 0
    port 5
    weight 1
    bandwidth 50000000
    traffic ""
    reservation ""
  ]
  edge [
    source 17
    target 31
    key 0
    port 6
    weight 1
    bandwidth 50000000
    traffic ""
    reservation ""
  ]
  edge [
    source 17
    target 32
    key 0
    port 7
    weight 1
    bandwidth 50000000
    traffic ""
    reservation ""
  ]
  edge [
    source 17
    target 33
    key 0
    port 8
    weight 1
    bandwidth 50000000
    traffic ""
    reservation ""
  ]
  edge [
    source 17
    target 34
    key 0
    port 9
    weight 1
    bandwidth 50000000
    traffic ""
    reservation ""
  ]
  edge [
    source 17
    target 35
    key 0
    port 10
    weight 1
    bandwidth 50000000
    traffic ""
    reservation ""
  ]
  edge [
    source 17
    target 36
    key 0
    port 11
    weight 1
    bandwidth 50000000
    traffic ""
    reservation ""
  ]
  edge [
    source 17
    target 37
    key 0
    port 12
    weight 1
    bandwidth 50000000
    traffic ""
    reservation ""
  ]
  edge [
    source 17
    target 38
    key 0
    port 13
    weight 1
    bandwidth 50000000
    traffic ""
    reservation ""
  ]
  edge [
    source 17
    target 39
    key 0
    port 14
    weight 1
    bandwidth 50000000
    traffic ""
    reservation ""
  ]
  edge [
    source 17
    target 40
    key 0
    port 15
    weight 1
    bandwidth 50000000
    traffic ""
    reservation ""
  ]
  edge [
    source 17
    target 41
    key 0
    port 16
    weight 1
    bandwidth 50000000
    traffic ""
    reservation ""
  ]
  edge [
    source 17
    target 42
    key 0
    port 17
    weight 1
    bandwidth 50000000
    traffic ""
    reservation ""
  ]
  edge [
    source 17
    target 43
    key 0
    port 18
    weight 1
    bandwidth 50000000
    traffic ""
    reservation ""
  ]
  edge [
    source 17
    target 44
    key 0
    port 19
    weight 1
    bandwidth 50000000
    traffic ""
    reservation ""
  ]
  edge [
    source 17
    target 45
    key 0
    port 20
    weight 1
    bandwidth 50000000
    traffic ""
    reservation ""
  ]
  edge [
    source 17
    target 46
    key 0
    port 21
    weight 1
    bandwidth 50000000
    traffic ""
    reservation ""
  ]
  edge [
    source 17
    target 47
    key 0
    port 22
    weight 1
    bandwidth 50000000
    traffic ""
    reservation ""
  ]
  edge [
    source 17
    target 48
    key 0
    port 23
    weight 1
    bandwidth 50000000
    traffic ""
    reservation ""
  ]
  edge [
    source 17
    target 49
    key 0
    port 24
    weight 1
    bandwidth 50000000
    traffic ""
    reservation ""
  ]
  edge [
    source 17
    target 50
    key 0
    port 25
    weight 1
    bandwidth 50000000
    traffic ""
    reservation ""
  ]
  edge [
    source 17
    target 51
    key 0
    port 26
    weight 1
    bandwidth 50000000
    traffic ""
    reservation ""
  ]
  edge [
    source 17
    target 52
    key 0
    port 27
    weight 1
    bandwidth 50000000
    traffic ""
    reservation ""
  ]
  edge [
    source 17
    target 53
    key 0
    port 28
    weight 1
    bandwidth 50000000
    traffic ""
    reservation ""
  ]
  edge [
    source 17
    target 54
    key 0
    port 29
    weight 1
    bandwidth 50000000
    traffic ""
    reservation ""
  ]
  edge [
    source 18
    target 1
    key 0
    LinkLabel "Red"
    bandwidth 75000000
    traffic "18000000,3500000,3500000,3500000,3500000,3500000,3500000,3500000,18000000,3500000,3500000,3500000"
    reservation "20273400.0,3398150.0,3324650.0,3486350.0,3557750.0,3416000.0,3324650.0,3324650.0,16979400.0,3416000.0,3416000.0,3398150.0"
    port 0
  ]
  edge [
    source 18
    target 5
    key 0
    LinkLabel "Red"
    bandwidth 75000000
    traffic "3500000,3500000,3500000,3500000,3500000,3500000,3500000,3500000,3500000"
    reservation "3416000.0,3416000.0,3416000.0,3324650.0,3486350.0,3557750.0,3486350.0,3447500.0,3486350.0"
    port 1
  ]
  edge [
    source 18
    target 11
    key 0
    LinkLabel "Yellow"
    bandwidth 75000000
    traffic ""
    reservation ""
    port 2
  ]
  edge [
    source 18
    target 12
    key 0
    LinkSpeed "155"
    LinkLabel "155 Mbps"
    LinkSpeedUnits "M"
    LinkSpeedRaw 155000000.0
    bandwidth 75000000
    traffic ""
    reservation ""
    port 3
  ]
  edge [
    source 18
    target 17
    key 0
    LinkLabel "Yellow"
    bandwidth 75000000
    traffic ""
    reservation ""
    port 4
  ]
  edge [
    source 18
    target 19
    key 0
    LinkLabel "Yellow"
    bandwidth 75000000
    traffic "200000,200000,200000,200000,200000,200000,200000,200000,200000,200000,200000,200000,200000,200000,200000,200000,200000,200000,200000,200000,200000,200000,200000,200000,200000,200000,200000,200000,200000,200000,200000,200000,200000,200000,200000"
    reservation "193340.0,209000.0,228920.0,213500.0,223940.0,193340.0,216380.0,218780.0,203720.0,203720.0,200300.0,226040.0,213500.0,226040.0,185180.0,216380.0,226040.0,182540.0,203720.0,218780.0,228920.0,216380.0,201380.0,213500.0,193340.0,203720.0,201380.0,191960.0,228920.0,213500.0,228920.0,223940.0,200300.0,218780.0,228920.0"
    port 5
  ]
  edge [
    source 18
    target 20
    key 0
    LinkLabel "Yellow"
    bandwidth 75000000
    traffic ""
    reservation ""
    port 6
  ]
  edge [
    source 19
    target 18
    key 0
    LinkLabel "Yellow"
    bandwidth 75000000
    traffic ""
    reservation ""
    port 0
  ]
  edge [
    source 19
    target 23
    key 0
    port 1
    weight 1
    bandwidth 350000000
    traffic "200000,200000,200000,200000,200000,200000,200000,200000,200000,200000,200000,200000,200000,200000,200000,200000,200000,200000,200000,200000,200000,200000,200000,200000,200000,200000,200000,200000,200000,200000,200000,200000,200000,200000,200000"
    reservation "193340.0,209000.0,228920.0,213500.0,223940.0,193340.0,216380.0,218780.0,203720.0,203720.0,200300.0,226040.0,213500.0,226040.0,185180.0,216380.0,226040.0,182540.0,203720.0,218780.0,228920.0,216380.0,201380.0,213500.0,193340.0,203720.0,201380.0,191960.0,228920.0,213500.0,228920.0,223940.0,200300.0,218780.0,228920.0"
  ]
  edge [
    source 20
    target 18
    key 0
    LinkLabel "Yellow"
    bandwidth 75000000
    traffic ""
    reservation ""
    port 0
  ]
  edge [
    source 21
    target 12
    key 0
    LinkSpeed "155"
    LinkLabel "155 Mbps"
    LinkSpeedUnits "M"
    LinkSpeedRaw 155000000.0
    bandwidth 75000000
    traffic ""
    reservation ""
    port 0
  ]
  edge [
    source 22
    target 0
    key 0
    port 0
    weight 1
    bandwidth 350000000
    traffic ""
    reservation ""
  ]
  edge [
    source 23
    target 19
    key 0
    port 0
    weight 1
    bandwidth 350000000
    traffic ""
    reservation ""
  ]
  edge [
    source 24
    target 13
    key 0
    port 0
    weight 1
    bandwidth 350000000
    traffic ""
    reservation ""
  ]
  edge [
    source 25
    target 17
    key 0
    port 0
    weight 1
    bandwidth 50000000
    traffic "18000000"
    reservation "20273400.0"
  ]
  edge [
    source 26
    target 9
    key 0
    port 0
    weight 1
    bandwidth 50000000
    traffic "18000000"
    reservation "18151200.0"
  ]
  edge [
    source 27
    target 17
    key 0
    port 0
    weight 1
    bandwidth 50000000
    traffic "200000"
    reservation "193340.0"
  ]
  edge [
    source 28
    target 17
    key 0
    port 0
    weight 1
    bandwidth 50000000
    traffic "3500000"
    reservation "3398150.0"
  ]
  edge [
    source 29
    target 17
    key 0
    port 0
    weight 1
    bandwidth 50000000
    traffic "3500000"
    reservation "3324650.0"
  ]
  edge [
    source 30
    target 17
    key 0
    port 0
    weight 1
    bandwidth 50000000
    traffic "200000"
    reservation "209000.0"
  ]
  edge [
    source 31
    target 17
    key 0
    port 0
    weight 1
    bandwidth 50000000
    traffic "3500000"
    reservation "3486350.0"
  ]
  edge [
    source 32
    target 17
    key 0
    port 0
    weight 1
    bandwidth 50000000
    traffic "3500000"
    reservation "3557750.0"
  ]
  edge [
    source 33
    target 17
    key 0
    port 0
    weight 1
    bandwidth 50000000
    traffic "3500000"
    reservation "3416000.0"
  ]
  edge [
    source 34
    target 17
    key 0
    port 0
    weight 1
    bandwidth 50000000
    traffic "3500000"
    reservation "3324650.0"
  ]
  edge [
    source 35
    target 17
    key 0
    port 0
    weight 1
    bandwidth 50000000
    traffic "200000"
    reservation "228920.0"
  ]
  edge [
    source 36
    target 17
    key 0
    port 0
    weight 1
    bandwidth 50000000
    traffic "3500000"
    reservation "3324650.0"
  ]
  edge [
    source 37
    target 17
    key 0
    port 0
    weight 1
    bandwidth 50000000
    traffic "200000"
    reservation "213500.0"
  ]
  edge [
    source 38
    target 17
    key 0
    port 0
    weight 1
    bandwidth 50000000
    traffic "18000000"
    reservation "16979400.0"
  ]
  edge [
    source 39
    target 17
    key 0
    port 0
    weight 1
    bandwidth 50000000
    traffic "3500000"
    reservation "3416000.0"
  ]
  edge [
    source 40
    target 17
    key 0
    port 0
    weight 1
    bandwidth 50000000
    traffic "200000"
    reservation "223940.0"
  ]
  edge [
    source 41
    target 17
    key 0
    port 0
    weight 1
    bandwidth 50000000
    traffic "200000"
    reservation "193340.0"
  ]
  edge [
    source 42
    target 17
    key 0
    port 0
    weight 1
    bandwidth 50000000
    traffic "3500000"
    reservation "3416000.0"
  ]
  edge [
    source 43
    target 17
    key 0
    port 0
    weight 1
    bandwidth 50000000
    traffic "3500000"
    reservation "3398150.0"
  ]
  edge [
    source 44
    target 17
    key 0
    port 0
    weight 1
    bandwidth 50000000
    traffic "200000"
    reservation "216380.0"
  ]
  edge [
    source 45
    target 17
    key 0
    port 0
    weight 1
    bandwidth 50000000
    traffic "200000"
    reservation "218780.0"
  ]
  edge [
    source 46
    target 17
    key 0
    port 0
    weight 1
    bandwidth 50000000
    traffic "200000"
    reservation "203720.0"
  ]
  edge [
    source 47
    target 17
    key 0
    port 0
    weight 1
    bandwidth 50000000
    traffic "200000"
    reservation "203720.0"
  ]
  edge [
    source 48
    target 17
    key 0
    port 0
    weight 1
    bandwidth 50000000
    traffic "200000"
    reservation "200300.0"
  ]
  edge [
    source 49
    target 17
    key 0
    port 0
    weight 1
    bandwidth 50000000
    traffic "200000"
    reservation "226040.0"
  ]
  edge [
    source 50
    target 17
    key 0
    port 0
    weight 1
    bandwidth 50000000
    traffic "200000"
    reservation "213500.0"
  ]
  edge [
    source 51
    target 17
    key 0
    port 0
    weight 1
    bandwidth 50000000
    traffic "200000"
    reservation "226040.0"
  ]
  edge [
    source 52
    target 17
    key 0
    port 0
    weight 1
    bandwidth 50000000
    traffic "200000"
    reservation "185180.0"
  ]
  edge [
    source 53
    target 17
    key 0
    port 0
    weight 1
    bandwidth 50000000
    traffic "200000"
    reservation "216380.0"
  ]
  edge [
    source 54
    target 17
    key 0
    port 0
    weight 1
    bandwidth 50000000
    traffic "200000"
    reservation "226040.0"
  ]
  edge [
    source 55
    target 9
    key 0
    port 0
    weight 1
    bandwidth 50000000
    traffic "18000000"
    reservation "18394200.0"
  ]
  edge [
    source 56
    target 9
    key 0
    port 0
    weight 1
    bandwidth 50000000
    traffic "3500000"
    reservation "3447500.0"
  ]
  edge [
    source 57
    target 9
    key 0
    port 0
    weight 1
    bandwidth 50000000
    traffic "3500000"
    reservation "3416000.0"
  ]
  edge [
    source 58
    target 9
    key 0
    port 0
    weight 1
    bandwidth 50000000
    traffic "3500000"
    reservation "3416000.0"
  ]
  edge [
    source 59
    target 9
    key 0
    port 0
    weight 1
    bandwidth 50000000
    traffic "3500000"
    reservation "3416000.0"
  ]
  edge [
    source 60
    target 9
    key 0
    port 0
    weight 1
    bandwidth 50000000
    traffic "3500000"
    reservation "3324650.0"
  ]
  edge [
    source 61
    target 9
    key 0
    port 0
    weight 1
    bandwidth 50000000
    traffic "3500000"
    reservation "3486350.0"
  ]
  edge [
    source 62
    target 9
    key 0
    port 0
    weight 1
    bandwidth 50000000
    traffic "200000"
    reservation "182540.0"
  ]
  edge [
    source 63
    target 9
    key 0
    port 0
    weight 1
    bandwidth 50000000
    traffic "3500000"
    reservation "3557750.0"
  ]
  edge [
    source 64
    target 9
    key 0
    port 0
    weight 1
    bandwidth 50000000
    traffic "200000"
    reservation "203720.0"
  ]
  edge [
    source 65
    target 9
    key 0
    port 0
    weight 1
    bandwidth 50000000
    traffic "200000"
    reservation "218780.0"
  ]
  edge [
    source 66
    target 9
    key 0
    port 0
    weight 1
    bandwidth 50000000
    traffic "3500000"
    reservation "3486350.0"
  ]
  edge [
    source 67
    target 9
    key 0
    port 0
    weight 1
    bandwidth 50000000
    traffic "3500000"
    reservation "3447500.0"
  ]
  edge [
    source 68
    target 9
    key 0
    port 0
    weight 1
    bandwidth 50000000
    traffic "200000"
    reservation "228920.0"
  ]
  edge [
    source 69
    target 9
    key 0
    port 0
    weight 1
    bandwidth 50000000
    traffic "3500000"
    reservation "3486350.0"
  ]
  edge [
    source 70
    target 9
    key 0
    port 0
    weight 1
    bandwidth 50000000
    traffic "200000"
    reservation "216380.0"
  ]
  edge [
    source 71
    target 9
    key 0
    port 0
    weight 1
    bandwidth 50000000
    traffic "200000"
    reservation "201380.0"
  ]
  edge [
    source 72
    target 9
    key 0
    port 0
    weight 1
    bandwidth 50000000
    traffic "200000"
    reservation "213500.0"
  ]
  edge [
    source 73
    target 9
    key 0
    port 0
    weight 1
    bandwidth 50000000
    traffic "200000"
    reservation "193340.0"
  ]
  edge [
    source 74
    target 9
    key 0
    port 0
    weight 1
    bandwidth 50000000
    traffic "200000"
    reservation "203720.0"
  ]
  edge [
    source 75
    target 9
    key 0
    port 0
    weight 1
    bandwidth 50000000
    traffic "200000"
    reservation "201380.0"
  ]
  edge [
    source 76
    target 9
    key 0
    port 0
    weight 1
    bandwidth 50000000
    traffic "200000"
    reservation "191960.0"
  ]
  edge [
    source 77
    target 9
    key 0
    port 0
    weight 1
    bandwidth 50000000
    traffic "200000"
    reservation "228920.0"
  ]
  edge [
    source 78
    target 9
    key 0
    port 0
    weight 1
    bandwidth 50000000
    traffic "200000"
    reservation "213500.0"
  ]
  edge [
    source 79
    target 9
    key 0
    port 0
    weight 1
    bandwidth 50000000
    traffic "200000"
    reservation "228920.0"
  ]
  edge [
    source 80
    target 9
    key 0
    port 0
    weight 1
    bandwidth 50000000
    traffic "200000"
    reservation "223940.0"
  ]
  edge [
    source 81
    target 9
    key 0
    port 0
    weight 1
    bandwidth 50000000
    traffic "200000"
    reservation "200300.0"
  ]
  edge [
    source 82
    target 9
    key 0
    port 0
    weight 1
    bandwidth 50000000
    traffic "200000"
    reservation "218780.0"
  ]
  edge [
    source 83
    target 9
    key 0
    port 0
    weight 1
    bandwidth 50000000
    traffic "200000"
    reservation "228920.0"
  ]
]
