graph [
  directed 1
  multigraph 1
  GeoLocation "UK"
  GeoExtent "Country"
  Network "YorkDataServices"
  Provenance "Primary"
  Access 0
  Source "http://www.yorkdataservices.com/uploads/York-Data-Services-UK-MPLS-Network-Map.gif"
  Version "1.0"
  Type "COM"
  DateType "Current"
  Backbone 0
  Commercial 0
  label "York"
  ToolsetVersion "0.3.34dev-20120328"
  Customer 0
  IX 0
  SourceGitVersion "e278b1b"
  DateModifier "="
  DateMonth "01"
  LastAccess "16/01/11"
  Layer "IP"
  Creator "Topology Zoo Toolset"
  Developed 1
  Transit 0
  NetworkDate "2011_01"
  DateYear "2011"
  LastProcessed "2011_09_01"
  Testbed 0
  levelsToS 69
  node [
    id 0
    label "0"
    Country "United Kingdom"
    Longitude -1.13333
    Internal 1
    Latitude 52.63333
    type "inner"
    schedulingPolicy "WFQ"
    tosToQoSqueue "32,33;29;30;65;67;66;53,54,68,0,1,2,3,4,5,6,7,8,9,10,11,12,13,14,15,16,17,18,19,20,21,22,23,24,25,26,27,28,31,34,35,36,37,38,39,40,41,42,43,44,45,46,47,48,49,50,51,52,55,56,57,58,59,60,61,62,63,64"
    schedulingWeights "0.001,0.001,0.001,0.232,0.268,0.266,99.231;10.12,4.326,4.402,0.001,0.001,0.001,81.148"
    levelsQoS 7
    queueSizes "32,32,32,32,32,32,32"
  ]
  node [
    id 1
    label "1"
    Country "United Kingdom"
    Longitude -0.88333
    Internal 1
    Latitude 52.25
    type "destination_embb"
    schedulingPolicy "FIFO"
    levelsQoS "1"
    schedulingWeights "-"
    tosToQoSqueue "0,1,2,3,4,5,6,7,8,9,10,11,12,13,14,15,16,17,18,19,20,21,22,23,24,25,26,27,28,29,30,31,32,33,34,35,36,37,38,39,40,41,42,43,44,45,46,47,48,49,50,51,52,53,54,55,56,57,58,59,60,61,62,63,64,65,66,67,68"
    queueSizes "32"
  ]
  node [
    id 2
    label "2"
    Country "United Kingdom"
    Longitude -1.4659
    Internal 1
    Latitude 53.38297
    type "inner"
    schedulingPolicy "WFQ"
    tosToQoSqueue "32,33;29;30;65;67;66;53,54,68,0,1,2,3,4,5,6,7,8,9,10,11,12,13,14,15,16,17,18,19,20,21,22,23,24,25,26,27,28,31,34,35,36,37,38,39,40,41,42,43,44,45,46,47,48,49,50,51,52,55,56,57,58,59,60,61,62,63,64"
    schedulingWeights "0.001,0.001,0.001,0.232,0.268,0.266,99.231;10.12,4.326,4.402,0.001,0.001,0.001,81.148"
    levelsQoS 7
    queueSizes "32,32,32,32,32,32,32"
  ]
  node [
    id 3
    label "3"
    Country "United Kingdom"
    Longitude -1.15047
    Internal 1
    Latitude 52.9536
    type "inner"
    schedulingPolicy "WFQ"
    tosToQoSqueue "32,33;29;30;65;67;66;53,54,68,0,1,2,3,4,5,6,7,8,9,10,11,12,13,14,15,16,17,18,19,20,21,22,23,24,25,26,27,28,31,34,35,36,37,38,39,40,41,42,43,44,45,46,47,48,49,50,51,52,55,56,57,58,59,60,61,62,63,64"
    schedulingWeights "0.001,0.001,0.001,0.232,0.268,0.266,99.231;10.12,4.326,4.402,0.001,0.001,0.001,81.148"
    levelsQoS 7
    queueSizes "32,32,32,32,32,32,32"
  ]
  node [
    id 4
    label "4"
    Country "United Kingdom"
    Longitude -0.1
    Internal 1
    Latitude 51.38333
    type "inner"
    schedulingPolicy "WFQ"
    tosToQoSqueue "0,1,2,3,4,5,6,7,8,9,10,11,12,13,14,15,16,17,18,19,20,21,22,23,24,25,26,27,28,29,30,31,32,33,34,35,36,37,38,39,40,41,42,43,44,45,46,47,48,49,50,51,52,53,54,55,56,57,58,59,60,61,62,63,64,65,66,67,68"
    schedulingWeights "100"
    levelsQoS 1
    queueSizes "32"
  ]
  node [
    id 5
    label "5"
    Country "United Kingdom"
    Longitude -0.58333
    Internal 1
    Latitude 51.5
    type "inner"
    schedulingPolicy "WFQ"
    tosToQoSqueue "32,33;29;30;51,52;31,41;44;38;50;34;26;28;27,0,1,2,3,4,5,6,7,8,9,10,11,12,13,14,15,16,17,18,19,20,21,22,23,24,25,35,36,37,39,40,42,43,45,46,47,48,49,53,54,55,56,57,58,59,60,61,62,63,64,65,66,67,68"
    schedulingWeights "0.001,0.001,0.001,0.001,0.001,0.001,0.001,0.001,0.001,0.001,0.001,99.989;10.12,4.326,4.402,0.568,0.464,0.298,0.273,0.244,0.274,26.772,25.706,26.55"
    levelsQoS 12
    queueSizes "32,32,32,32,32,32,32,32,32,32,32,32"
  ]
  node [
    id 6
    label "6"
    Country "United Kingdom"
    Longitude -0.75583
    Internal 1
    Latitude 52.04172
    type "destination_mmtc"
    schedulingPolicy "FIFO"
    levelsQoS "1"
    schedulingWeights "-"
    tosToQoSqueue "0,1,2,3,4,5,6,7,8,9,10,11,12,13,14,15,16,17,18,19,20,21,22,23,24,25,26,27,28,29,30,31,32,33,34,35,36,37,38,39,40,41,42,43,44,45,46,47,48,49,50,51,52,53,54,55,56,57,58,59,60,61,62,63,64,65,66,67,68"
    queueSizes "32"
  ]
  node [
    id 7
    label "7"
    Country "United Kingdom"
    Longitude -0.12574
    Internal 1
    Latitude 51.50853
    type "inner"
    schedulingPolicy "WFQ"
    tosToQoSqueue "32,33;29;30;51,52;31,41;44;38;50;34;26;28;27,0,1,2,3,4,5,6,7,8,9,10,11,12,13,14,15,16,17,18,19,20,21,22,23,24,25,35,36,37,39,40,42,43,45,46,47,48,49,53,54,55,56,57,58,59,60,61,62,63,64,65,66,67,68"
    schedulingWeights "0.001,0.001,0.001,0.001,0.001,0.001,0.001,0.001,0.001,0.001,0.001,99.989;0.001,0.001,0.001,0.001,0.001,0.001,0.001,0.001,0.001,0.001,0.001,99.989;10.12,4.326,4.402,0.568,0.464,0.298,0.273,0.244,0.274,26.772,25.706,26.55"
    levelsQoS 12
    queueSizes "32,32,32,32,32,32,32,32,32,32,32,32"
  ]
  node [
    id 8
    label "8"
    Country "United Kingdom"
    Longitude -0.97113
    Internal 1
    Latitude 51.45625
    type "inner"
    schedulingPolicy "WFQ"
    tosToQoSqueue "32,33;29;30;51,52;31,41;44;38;50;34;26;28;27,0,1,2,3,4,5,6,7,8,9,10,11,12,13,14,15,16,17,18,19,20,21,22,23,24,25,35,36,37,39,40,42,43,45,46,47,48,49,53,54,55,56,57,58,59,60,61,62,63,64,65,66,67,68"
    schedulingWeights "10.12,4.326,4.402,0.568,0.464,0.298,0.273,0.244,0.274,26.772,25.706,26.55;0.001,0.001,0.001,0.001,0.001,0.001,0.001,0.001,0.001,0.001,0.001,99.989;0.001,0.001,0.001,0.001,0.001,0.001,0.001,0.001,0.001,0.001,0.001,99.989;0.001,0.001,0.001,0.001,0.001,0.001,0.001,0.001,0.001,0.001,0.001,99.989"
    levelsQoS 12
    queueSizes "32,32,32,32,32,32,32,32,32,32,32,32"
  ]
  node [
    id 9
    label "9"
    Country "United Kingdom"
    Longitude -1.34029
    Internal 1
    Latitude 52.0602
    type "antenna"
    schedulingPolicy "WFQ"
    tosToQoSqueue "32,33;29;30;51,52;31,41;44;38;50;34;26;28;27,0,1,2,3,4,5,6,7,8,9,10,11,12,13,14,15,16,17,18,19,20,21,22,23,24,25,35,36,37,39,40,42,43,45,46,47,48,49,53,54,55,56,57,58,59,60,61,62,63,64,65,66,67,68"
    schedulingWeights "10.12,4.326,4.402,0.568,0.464,0.298,0.273,0.244,0.274,26.772,25.706,26.55;0.001,0.001,0.001,0.001,0.001,0.001,0.001,0.001,0.001,0.001,0.001,99.989;0.001,0.001,0.001,0.001,0.001,0.001,0.001,0.001,0.001,0.001,0.001,99.989"
    levelsQoS 12
    queueSizes "32,32,32,32,32,32,32,32,32,32,32,32"
  ]
  node [
    id 10
    label "10"
    Country "United Kingdom"
    Longitude -0.13947
    Internal 1
    Latitude 50.82838
    type "inner"
    schedulingPolicy "WFQ"
    tosToQoSqueue "0,1,2,3,4,5,6,7,8,9,10,11,12,13,14,15,16,17,18,19,20,21,22,23,24,25,26,27,28,29,30,31,32,33,34,35,36,37,38,39,40,41,42,43,44,45,46,47,48,49,50,51,52,53,54,55,56,57,58,59,60,61,62,63,64,65,66,67,68"
    schedulingWeights "100"
    levelsQoS 1
    queueSizes "32"
  ]
  node [
    id 11
    label "11"
    Country "United Kingdom"
    Longitude -2.58333
    Internal 1
    Latitude 51.45
    type "inner"
    schedulingPolicy "WFQ"
    tosToQoSqueue "0,1,2,3,4,5,6,7,8,9,10,11,12,13,14,15,16,17,18,19,20,21,22,23,24,25,26,27,28,29,30,31,32,33,34,35,36,37,38,39,40,41,42,43,44,45,46,47,48,49,50,51,52,53,54,55,56,57,58,59,60,61,62,63,64,65,66,67,68"
    schedulingWeights "100"
    levelsQoS 1
    queueSizes "32"
  ]
  node [
    id 12
    label "12"
    Country "United Kingdom"
    Longitude -1.91667
    Internal 1
    Latitude 52.46667
    type "antenna"
    schedulingPolicy "WFQ"
    tosToQoSqueue "32,33;29;30;51,52;31,41;44;38;50;34;26;27,0,1,2,3,4,5,6,7,8,9,10,11,12,13,14,15,16,17,18,19,20,21,22,23,24,25,28,35,36,37,39,40,42,43,45,46,47,48,49,53,54,55,56,57,58,59,60,61,62,63,64,65,66,67,68"
    schedulingWeights "10.12,4.326,4.402,0.568,0.464,0.298,0.273,0.244,0.274,26.772,52.257;0.001,0.001,0.001,0.001,0.001,0.001,0.001,0.001,0.001,0.001,99.99;0.001,0.001,0.001,0.001,0.001,0.001,0.001,0.001,0.001,0.001,99.99"
    levelsQoS 11
    queueSizes "32,32,32,32,32,32,32,32,32,32,32"
  ]
  node [
    id 13
    label "13"
    Country "United Kingdom"
    Longitude -2.71667
    Internal 1
    Latitude 53.76667
    type "inner"
    schedulingPolicy "WFQ"
    tosToQoSqueue "46;59;62,63,64;40,43,47,55,56,61;42,48,60;39,45;35,57,58;36,37,49;65;67;66;53,54,68,0,1,2,3,4,5,6,7,8,9,10,11,12,13,14,15,16,17,18,19,20,21,22,23,24,25,26,27,28,29,30,31,32,33,34,38,41,44,50,51,52"
    schedulingWeights "0.001,0.001,0.001,0.001,0.001,0.001,0.001,0.001,0.001,0.001,0.001,99.989;5.06,4.1,12.022,25.959,15.701,7.959,13.206,14.319,0.232,0.268,0.266,0.908"
    levelsQoS 12
    queueSizes "32,32,32,32,32,32,32,32,32,32,32,32"
  ]
  node [
    id 14
    label "14"
    Country "United Kingdom"
    Longitude -2.23743
    Internal 1
    Latitude 53.48095
    type "antenna"
    schedulingPolicy "WFQ"
    tosToQoSqueue "32,33,46;59;62,63,64;29,40,43,47,55,56,61;42,48,60;39,45;30,35,57,58;36,37,49;51,52;31,41,65;67;66;44;38,53,54,68;50;34;26,0,1,2,3,4,5,6,7,8,9,10,11,12,13,14,15,16,17,18,19,20,21,22,23,24,25,27,28"
    schedulingWeights "10.12,0.001,0.001,4.326,0.001,0.001,4.402,0.001,0.568,0.464,0.001,0.001,0.298,0.273,0.244,0.274,79.022;5.06,4.1,12.022,25.959,15.701,7.959,13.206,14.319,0.001,0.232,0.268,0.266,0.001,0.82,0.001,0.001,0.084;0.001,0.001,0.001,0.001,0.001,0.001,0.001,0.001,0.001,0.001,0.001,0.001,0.001,0.001,0.001,0.001,99.984;0.001,0.001,0.001,0.001,0.001,0.001,0.001,0.001,0.001,0.001,0.001,0.001,0.001,0.001,0.001,0.001,99.984;0.001,0.001,0.001,0.001,0.001,0.001,0.001,0.001,0.001,0.001,0.001,0.001,0.001,0.001,0.001,0.001,99.984;0.001,0.001,0.001,0.001,0.001,0.001,0.001,0.001,0.001,0.001,0.001,0.001,0.001,0.001,0.001,0.001,99.984;0.001,0.001,0.001,0.001,0.001,0.001,0.001,0.001,0.001,0.001,0.001,0.001,0.001,0.001,0.001,0.001,99.984;0.001,0.001,0.001,0.001,0.001,0.001,0.001,0.001,0.001,0.001,0.001,0.001,0.001,0.001,0.001,0.001,99.984;0.001,0.001,0.001,0.001,0.001,0.001,0.001,0.001,0.001,0.001,0.001,0.001,0.001,0.001,0.001,0.001,99.984;0.001,0.001,0.001,0.001,0.001,0.001,0.001,0.001,0.001,0.001,0.001,0.001,0.001,0.001,0.001,0.001,99.984;0.001,0.001,0.001,0.001,0.001,0.001,0.001,0.001,0.001,0.001,0.001,0.001,0.001,0.001,0.001,0.001,99.984;0.001,0.001,0.001,0.001,0.001,0.001,0.001,0.001,0.001,0.001,0.001,0.001,0.001,0.001,0.001,0.001,99.984;0.001,0.001,0.001,0.001,0.001,0.001,0.001,0.001,0.001,0.001,0.001,0.001,0.001,0.001,0.001,0.001,99.984;0.001,0.001,0.001,0.001,0.001,0.001,0.001,0.001,0.001,0.001,0.001,0.001,0.001,0.001,0.001,0.001,99.984;0.001,0.001,0.001,0.001,0.001,0.001,0.001,0.001,0.001,0.001,0.001,0.001,0.001,0.001,0.001,0.001,99.984;0.001,0.001,0.001,0.001,0.001,0.001,0.001,0.001,0.001,0.001,0.001,0.001,0.001,0.001,0.001,0.001,99.984;0.001,0.001,0.001,0.001,0.001,0.001,0.001,0.001,0.001,0.001,0.001,0.001,0.001,0.001,0.001,0.001,99.984;0.001,0.001,0.001,0.001,0.001,0.001,0.001,0.001,0.001,0.001,0.001,0.001,0.001,0.001,0.001,0.001,99.984;0.001,0.001,0.001,0.001,0.001,0.001,0.001,0.001,0.001,0.001,0.001,0.001,0.001,0.001,0.001,0.001,99.984;0.001,0.001,0.001,0.001,0.001,0.001,0.001,0.001,0.001,0.001,0.001,0.001,0.001,0.001,0.001,0.001,99.984;0.001,0.001,0.001,0.001,0.001,0.001,0.001,0.001,0.001,0.001,0.001,0.001,0.001,0.001,0.001,0.001,99.984;0.001,0.001,0.001,0.001,0.001,0.001,0.001,0.001,0.001,0.001,0.001,0.001,0.001,0.001,0.001,0.001,99.984;0.001,0.001,0.001,0.001,0.001,0.001,0.001,0.001,0.001,0.001,0.001,0.001,0.001,0.001,0.001,0.001,99.984;0.001,0.001,0.001,0.001,0.001,0.001,0.001,0.001,0.001,0.001,0.001,0.001,0.001,0.001,0.001,0.001,99.984;0.001,0.001,0.001,0.001,0.001,0.001,0.001,0.001,0.001,0.001,0.001,0.001,0.001,0.001,0.001,0.001,99.984;0.001,0.001,0.001,0.001,0.001,0.001,0.001,0.001,0.001,0.001,0.001,0.001,0.001,0.001,0.001,0.001,99.984;0.001,0.001,0.001,0.001,0.001,0.001,0.001,0.001,0.001,0.001,0.001,0.001,0.001,0.001,0.001,0.001,99.984;0.001,0.001,0.001,0.001,0.001,0.001,0.001,0.001,0.001,0.001,0.001,0.001,0.001,0.001,0.001,0.001,99.984;0.001,0.001,0.001,0.001,0.001,0.001,0.001,0.001,0.001,0.001,0.001,0.001,0.001,0.001,0.001,0.001,99.984;0.001,0.001,0.001,0.001,0.001,0.001,0.001,0.001,0.001,0.001,0.001,0.001,0.001,0.001,0.001,0.001,99.984;0.001,0.001,0.001,0.001,0.001,0.001,0.001,0.001,0.001,0.001,0.001,0.001,0.001,0.001,0.001,0.001,99.984;0.001,0.001,0.001,0.001,0.001,0.001,0.001,0.001,0.001,0.001,0.001,0.001,0.001,0.001,0.001,0.001,99.984;0.001,0.001,0.001,0.001,0.001,0.001,0.001,0.001,0.001,0.001,0.001,0.001,0.001,0.001,0.001,0.001,99.984;0.001,0.001,0.001,0.001,0.001,0.001,0.001,0.001,0.001,0.001,0.001,0.001,0.001,0.001,0.001,0.001,99.984;0.001,0.001,0.001,0.001,0.001,0.001,0.001,0.001,0.001,0.001,0.001,0.001,0.001,0.001,0.001,0.001,99.984;0.001,0.001,0.001,0.001,0.001,0.001,0.001,0.001,0.001,0.001,0.001,0.001,0.001,0.001,0.001,0.001,99.984;0.001,0.001,0.001,0.001,0.001,0.001,0.001,0.001,0.001,0.001,0.001,0.001,0.001,0.001,0.001,0.001,99.984;0.001,0.001,0.001,0.001,0.001,0.001,0.001,0.001,0.001,0.001,0.001,0.001,0.001,0.001,0.001,0.001,99.984;0.001,0.001,0.001,0.001,0.001,0.001,0.001,0.001,0.001,0.001,0.001,0.001,0.001,0.001,0.001,0.001,99.984;0.001,0.001,0.001,0.001,0.001,0.001,0.001,0.001,0.001,0.001,0.001,0.001,0.001,0.001,0.001,0.001,99.984;0.001,0.001,0.001,0.001,0.001,0.001,0.001,0.001,0.001,0.001,0.001,0.001,0.001,0.001,0.001,0.001,99.984;0.001,0.001,0.001,0.001,0.001,0.001,0.001,0.001,0.001,0.001,0.001,0.001,0.001,0.001,0.001,0.001,99.984;0.001,0.001,0.001,0.001,0.001,0.001,0.001,0.001,0.001,0.001,0.001,0.001,0.001,0.001,0.001,0.001,99.984"
    levelsQoS 17
    queueSizes "32,32,32,32,32,32,32,32,32,32,32,32,32,32,32,32,32"
  ]
  node [
    id 15
    label "15"
    Country "United Kingdom"
    Longitude -4.25763
    Internal 1
    Latitude 55.86515
    type "inner"
    schedulingPolicy "WFQ"
    tosToQoSqueue "46;59;62,63,64;40,43,47,55,56,61;42,48,60;39,45;35,57,58;36,37,49;65;67;66;53,54,68,0,1,2,3,4,5,6,7,8,9,10,11,12,13,14,15,16,17,18,19,20,21,22,23,24,25,26,27,28,29,30,31,32,33,34,38,41,44,50,51,52"
    schedulingWeights "5.06,4.1,12.022,25.959,15.701,7.959,13.206,14.319,0.232,0.268,0.266,0.908;0.001,0.001,0.001,0.001,0.001,0.001,0.001,0.001,0.001,0.001,0.001,99.989"
    levelsQoS 12
    queueSizes "32,32,32,32,32,32,32,32,32,32,32,32"
  ]
  node [
    id 16
    label "16"
    Country "United Kingdom"
    Longitude -3.2
    Internal 1
    Latitude 55.95
    type "inner"
    schedulingPolicy "WFQ"
    tosToQoSqueue "46;59;62,63,64;40,43,47,55,56,61;42,48,60;39,45;35,57,58;36,37,49;65;67;66;53,54,68,0,1,2,3,4,5,6,7,8,9,10,11,12,13,14,15,16,17,18,19,20,21,22,23,24,25,26,27,28,29,30,31,32,33,34,38,41,44,50,51,52"
    schedulingWeights "0.001,0.001,0.001,0.001,0.001,0.001,0.001,0.001,0.001,0.001,0.001,99.989;5.06,4.1,12.022,25.959,15.701,7.959,13.206,14.319,0.232,0.268,0.266,0.908"
    levelsQoS 12
    queueSizes "32,32,32,32,32,32,32,32,32,32,32,32"
  ]
  node [
    id 17
    label "17"
    Country "United Kingdom"
    Longitude -1.61396
    Internal 1
    Latitude 54.97328
    type "inner"
    schedulingPolicy "WFQ"
    tosToQoSqueue "46;59;62,63,64;40,43,47,55,56,61;42,48,60;39,45;35,57,58;36,37,49;65;67;66;53,54,68,0,1,2,3,4,5,6,7,8,9,10,11,12,13,14,15,16,17,18,19,20,21,22,23,24,25,26,27,28,29,30,31,32,33,34,38,41,44,50,51,52"
    schedulingWeights "0.001,0.001,0.001,0.001,0.001,0.001,0.001,0.001,0.001,0.001,0.001,99.989;5.06,4.1,12.022,25.959,15.701,7.959,13.206,14.319,0.232,0.268,0.266,0.908"
    levelsQoS 12
    queueSizes "32,32,32,32,32,32,32,32,32,32,32,32"
  ]
  node [
    id 18
    label "18"
    Country "United Kingdom"
    Longitude -1.16278
    Internal 1
    Latitude 54.57278
    type "inner"
    schedulingPolicy "WFQ"
    tosToQoSqueue "46;59;62,63,64;40,43,47,55,56,61;42,48,60;39,45;35,57,58;36,37,49;65;67;66;53,54,68,0,1,2,3,4,5,6,7,8,9,10,11,12,13,14,15,16,17,18,19,20,21,22,23,24,25,26,27,28,29,30,31,32,33,34,38,41,44,50,51,52"
    schedulingWeights "0.001,0.001,0.001,0.001,0.001,0.001,0.001,0.001,0.001,0.001,0.001,99.989;5.06,4.1,12.022,25.959,15.701,7.959,13.206,14.319,0.232,0.268,0.266,0.908"
    levelsQoS 12
    queueSizes "32,32,32,32,32,32,32,32,32,32,32,32"
  ]
  node [
    id 19
    label "19"
    Country "United Kingdom"
    Longitude -1.53333
    Internal 1
    Latitude 53.98333
    type "inner"
    schedulingPolicy "WFQ"
    tosToQoSqueue "32,33;29;30;65;67;66;53,54,68,0,1,2,3,4,5,6,7,8,9,10,11,12,13,14,15,16,17,18,19,20,21,22,23,24,25,26,27,28,31,34,35,36,37,38,39,40,41,42,43,44,45,46,47,48,49,50,51,52,55,56,57,58,59,60,61,62,63,64"
    schedulingWeights "10.12,4.326,4.402,0.001,0.001,0.001,81.148;0.001,0.001,0.001,0.232,0.268,0.266,99.231"
    levelsQoS 7
    queueSizes "32,32,32,32,32,32,32"
  ]
  node [
    id 20
    label "20"
    Country "United Kingdom"
    Longitude -1.08333
    Internal 1
    Latitude 53.96667
    type "destination_urllc"
    schedulingPolicy "FIFO"
    levelsQoS "1"
    schedulingWeights "-"
    tosToQoSqueue "0,1,2,3,4,5,6,7,8,9,10,11,12,13,14,15,16,17,18,19,20,21,22,23,24,25,26,27,28,29,30,31,32,33,34,35,36,37,38,39,40,41,42,43,44,45,46,47,48,49,50,51,52,53,54,55,56,57,58,59,60,61,62,63,64,65,66,67,68"
    queueSizes "32"
  ]
  node [
    id 21
    label "21"
    Country "United Kingdom"
    Longitude -1.54785
    Internal 1
    Latitude 53.79648
    type "inner"
    schedulingPolicy "WFQ"
    tosToQoSqueue "32,33;29;30;65;67;66;53,54,68,0,1,2,3,4,5,6,7,8,9,10,11,12,13,14,15,16,17,18,19,20,21,22,23,24,25,26,27,28,31,34,35,36,37,38,39,40,41,42,43,44,45,46,47,48,49,50,51,52,55,56,57,58,59,60,61,62,63,64"
    schedulingWeights "0.001,0.001,0.001,0.232,0.268,0.266,99.231;10.12,4.326,4.402,0.001,0.001,0.001,81.148;0.001,0.001,0.001,0.001,0.001,0.001,99.994"
    levelsQoS 7
    queueSizes "32,32,32,32,32,32,32"
  ]
  node [
    id 22
    label "22"
    Country "United Kingdom"
    Longitude -2.9382
    Internal 1
    Latitude 54.8951
    type "inner"
    schedulingPolicy "WFQ"
    tosToQoSqueue "46;59;62,63,64;40,43,47,55,56,61;42,48,60;39,45;35,57,58;36,37,49;65;67;66;53,54,68,0,1,2,3,4,5,6,7,8,9,10,11,12,13,14,15,16,17,18,19,20,21,22,23,24,25,26,27,28,29,30,31,32,33,34,38,41,44,50,51,52"
    schedulingWeights "0.001,0.001,0.001,0.001,0.001,0.001,0.001,0.001,0.001,0.001,0.001,99.989;5.06,4.1,12.022,25.959,15.701,7.959,13.206,14.319,0.232,0.268,0.266,0.908"
    levelsQoS 12
    queueSizes "32,32,32,32,32,32,32,32,32,32,32,32"
  ]
  node [
    id 23
    label "23"
    schedulingPolicy "FIFO"
    levelsQoS "1"
    schedulingWeights "-"
    tosToQoSqueue "0,1,2,3,4,5,6,7,8,9,10,11,12,13,14,15,16,17,18,19,20,21,22,23,24,25,26,27,28,29,30,31,32,33,34,35,36,37,38,39,40,41,42,43,44,45,46,47,48,49,50,51,52,53,54,55,56,57,58,59,60,61,62,63,64,65,66,67,68"
    queueSizes "32"
    type "destination_urllc"
  ]
  node [
    id 24
    label "24"
    schedulingPolicy "FIFO"
    levelsQoS "1"
    schedulingWeights "-"
    tosToQoSqueue "0,1,2,3,4,5,6,7,8,9,10,11,12,13,14,15,16,17,18,19,20,21,22,23,24,25,26,27,28,29,30,31,32,33,34,35,36,37,38,39,40,41,42,43,44,45,46,47,48,49,50,51,52,53,54,55,56,57,58,59,60,61,62,63,64,65,66,67,68"
    queueSizes "32"
    type "destination_mmtc"
  ]
  node [
    id 25
    label "25"
    schedulingPolicy "FIFO"
    levelsQoS "1"
    schedulingWeights "-"
    tosToQoSqueue "0,1,2,3,4,5,6,7,8,9,10,11,12,13,14,15,16,17,18,19,20,21,22,23,24,25,26,27,28,29,30,31,32,33,34,35,36,37,38,39,40,41,42,43,44,45,46,47,48,49,50,51,52,53,54,55,56,57,58,59,60,61,62,63,64,65,66,67,68"
    queueSizes "32"
    type "destination_embb"
  ]
  node [
    id 26
    label "26"
    schedulingPolicy "FIFO"
    levelsQoS "1"
    schedulingWeights "-"
    tosToQoSqueue "0,1,2,3,4,5,6,7,8,9,10,11,12,13,14,15,16,17,18,19,20,21,22,23,24,25,26,27,28,29,30,31,32,33,34,35,36,37,38,39,40,41,42,43,44,45,46,47,48,49,50,51,52,53,54,55,56,57,58,59,60,61,62,63,64,65,66,67,68"
    queueSizes "32"
    type "origin_embb"
    reservation 20079000.0
  ]
  node [
    id 27
    label "27"
    schedulingPolicy "FIFO"
    levelsQoS "1"
    schedulingWeights "-"
    tosToQoSqueue "0,1,2,3,4,5,6,7,8,9,10,11,12,13,14,15,16,17,18,19,20,21,22,23,24,25,26,27,28,29,30,31,32,33,34,35,36,37,38,39,40,41,42,43,44,45,46,47,48,49,50,51,52,53,54,55,56,57,58,59,60,61,62,63,64,65,66,67,68"
    queueSizes "32"
    type "origin_embb"
    reservation 19868400.0
  ]
  node [
    id 28
    label "28"
    schedulingPolicy "FIFO"
    levelsQoS "1"
    schedulingWeights "-"
    tosToQoSqueue "0,1,2,3,4,5,6,7,8,9,10,11,12,13,14,15,16,17,18,19,20,21,22,23,24,25,26,27,28,29,30,31,32,33,34,35,36,37,38,39,40,41,42,43,44,45,46,47,48,49,50,51,52,53,54,55,56,57,58,59,60,61,62,63,64,65,66,67,68"
    queueSizes "32"
    type "origin_embb"
    reservation 19279800.0
  ]
  node [
    id 29
    label "29"
    schedulingPolicy "FIFO"
    levelsQoS "1"
    schedulingWeights "-"
    tosToQoSqueue "0,1,2,3,4,5,6,7,8,9,10,11,12,13,14,15,16,17,18,19,20,21,22,23,24,25,26,27,28,29,30,31,32,33,34,35,36,37,38,39,40,41,42,43,44,45,46,47,48,49,50,51,52,53,54,55,56,57,58,59,60,61,62,63,64,65,66,67,68"
    queueSizes "32"
    type "origin_urllc"
    reservation 3244850.0
  ]
  node [
    id 30
    label "30"
    schedulingPolicy "FIFO"
    levelsQoS "1"
    schedulingWeights "-"
    tosToQoSqueue "0,1,2,3,4,5,6,7,8,9,10,11,12,13,14,15,16,17,18,19,20,21,22,23,24,25,26,27,28,29,30,31,32,33,34,35,36,37,38,39,40,41,42,43,44,45,46,47,48,49,50,51,52,53,54,55,56,57,58,59,60,61,62,63,64,65,66,67,68"
    queueSizes "32"
    type "origin_urllc"
    reservation 3301550.0
  ]
  node [
    id 31
    label "31"
    schedulingPolicy "FIFO"
    levelsQoS "1"
    schedulingWeights "-"
    tosToQoSqueue "0,1,2,3,4,5,6,7,8,9,10,11,12,13,14,15,16,17,18,19,20,21,22,23,24,25,26,27,28,29,30,31,32,33,34,35,36,37,38,39,40,41,42,43,44,45,46,47,48,49,50,51,52,53,54,55,56,57,58,59,60,61,62,63,64,65,66,67,68"
    queueSizes "32"
    type "origin_mmtc"
    reservation 173960.0
  ]
  node [
    id 32
    label "32"
    schedulingPolicy "FIFO"
    levelsQoS "1"
    schedulingWeights "-"
    tosToQoSqueue "0,1,2,3,4,5,6,7,8,9,10,11,12,13,14,15,16,17,18,19,20,21,22,23,24,25,26,27,28,29,30,31,32,33,34,35,36,37,38,39,40,41,42,43,44,45,46,47,48,49,50,51,52,53,54,55,56,57,58,59,60,61,62,63,64,65,66,67,68"
    queueSizes "32"
    type "origin_urllc"
    reservation 3795050.0
  ]
  node [
    id 33
    label "33"
    schedulingPolicy "FIFO"
    levelsQoS "1"
    schedulingWeights "-"
    tosToQoSqueue "0,1,2,3,4,5,6,7,8,9,10,11,12,13,14,15,16,17,18,19,20,21,22,23,24,25,26,27,28,29,30,31,32,33,34,35,36,37,38,39,40,41,42,43,44,45,46,47,48,49,50,51,52,53,54,55,56,57,58,59,60,61,62,63,64,65,66,67,68"
    queueSizes "32"
    type "origin_urllc"
    reservation 3795050.0
  ]
  node [
    id 34
    label "34"
    schedulingPolicy "FIFO"
    levelsQoS "1"
    schedulingWeights "-"
    tosToQoSqueue "0,1,2,3,4,5,6,7,8,9,10,11,12,13,14,15,16,17,18,19,20,21,22,23,24,25,26,27,28,29,30,31,32,33,34,35,36,37,38,39,40,41,42,43,44,45,46,47,48,49,50,51,52,53,54,55,56,57,58,59,60,61,62,63,64,65,66,67,68"
    queueSizes "32"
    type "origin_mmtc"
    reservation 205820.0
  ]
  node [
    id 35
    label "35"
    schedulingPolicy "FIFO"
    levelsQoS "1"
    schedulingWeights "-"
    tosToQoSqueue "0,1,2,3,4,5,6,7,8,9,10,11,12,13,14,15,16,17,18,19,20,21,22,23,24,25,26,27,28,29,30,31,32,33,34,35,36,37,38,39,40,41,42,43,44,45,46,47,48,49,50,51,52,53,54,55,56,57,58,59,60,61,62,63,64,65,66,67,68"
    queueSizes "32"
    type "origin_urllc"
    reservation 3301550.0
  ]
  node [
    id 36
    label "36"
    schedulingPolicy "FIFO"
    levelsQoS "1"
    schedulingWeights "-"
    tosToQoSqueue "0,1,2,3,4,5,6,7,8,9,10,11,12,13,14,15,16,17,18,19,20,21,22,23,24,25,26,27,28,29,30,31,32,33,34,35,36,37,38,39,40,41,42,43,44,45,46,47,48,49,50,51,52,53,54,55,56,57,58,59,60,61,62,63,64,65,66,67,68"
    queueSizes "32"
    type "origin_urllc"
    reservation 3579800.0
  ]
  node [
    id 37
    label "37"
    schedulingPolicy "FIFO"
    levelsQoS "1"
    schedulingWeights "-"
    tosToQoSqueue "0,1,2,3,4,5,6,7,8,9,10,11,12,13,14,15,16,17,18,19,20,21,22,23,24,25,26,27,28,29,30,31,32,33,34,35,36,37,38,39,40,41,42,43,44,45,46,47,48,49,50,51,52,53,54,55,56,57,58,59,60,61,62,63,64,65,66,67,68"
    queueSizes "32"
    type "origin_urllc"
    reservation 3579800.0
  ]
  node [
    id 38
    label "38"
    schedulingPolicy "FIFO"
    levelsQoS "1"
    schedulingWeights "-"
    tosToQoSqueue "0,1,2,3,4,5,6,7,8,9,10,11,12,13,14,15,16,17,18,19,20,21,22,23,24,25,26,27,28,29,30,31,32,33,34,35,36,37,38,39,40,41,42,43,44,45,46,47,48,49,50,51,52,53,54,55,56,57,58,59,60,61,62,63,64,65,66,67,68"
    queueSizes "32"
    type "origin_mmtc"
    reservation 204980.0
  ]
  node [
    id 39
    label "39"
    schedulingPolicy "FIFO"
    levelsQoS "1"
    schedulingWeights "-"
    tosToQoSqueue "0,1,2,3,4,5,6,7,8,9,10,11,12,13,14,15,16,17,18,19,20,21,22,23,24,25,26,27,28,29,30,31,32,33,34,35,36,37,38,39,40,41,42,43,44,45,46,47,48,49,50,51,52,53,54,55,56,57,58,59,60,61,62,63,64,65,66,67,68"
    queueSizes "32"
    type "origin_urllc"
    reservation 2984450.0
  ]
  node [
    id 40
    label "40"
    schedulingPolicy "FIFO"
    levelsQoS "1"
    schedulingWeights "-"
    tosToQoSqueue "0,1,2,3,4,5,6,7,8,9,10,11,12,13,14,15,16,17,18,19,20,21,22,23,24,25,26,27,28,29,30,31,32,33,34,35,36,37,38,39,40,41,42,43,44,45,46,47,48,49,50,51,52,53,54,55,56,57,58,59,60,61,62,63,64,65,66,67,68"
    queueSizes "32"
    type "origin_urllc"
    reservation 3244850.0
  ]
  node [
    id 41
    label "41"
    schedulingPolicy "FIFO"
    levelsQoS "1"
    schedulingWeights "-"
    tosToQoSqueue "0,1,2,3,4,5,6,7,8,9,10,11,12,13,14,15,16,17,18,19,20,21,22,23,24,25,26,27,28,29,30,31,32,33,34,35,36,37,38,39,40,41,42,43,44,45,46,47,48,49,50,51,52,53,54,55,56,57,58,59,60,61,62,63,64,65,66,67,68"
    queueSizes "32"
    type "origin_mmtc"
    reservation 173960.0
  ]
  node [
    id 42
    label "42"
    schedulingPolicy "FIFO"
    levelsQoS "1"
    schedulingWeights "-"
    tosToQoSqueue "0,1,2,3,4,5,6,7,8,9,10,11,12,13,14,15,16,17,18,19,20,21,22,23,24,25,26,27,28,29,30,31,32,33,34,35,36,37,38,39,40,41,42,43,44,45,46,47,48,49,50,51,52,53,54,55,56,57,58,59,60,61,62,63,64,65,66,67,68"
    queueSizes "32"
    type "origin_urllc"
    reservation 3925250.0
  ]
  node [
    id 43
    label "43"
    schedulingPolicy "FIFO"
    levelsQoS "1"
    schedulingWeights "-"
    tosToQoSqueue "0,1,2,3,4,5,6,7,8,9,10,11,12,13,14,15,16,17,18,19,20,21,22,23,24,25,26,27,28,29,30,31,32,33,34,35,36,37,38,39,40,41,42,43,44,45,46,47,48,49,50,51,52,53,54,55,56,57,58,59,60,61,62,63,64,65,66,67,68"
    queueSizes "32"
    type "origin_urllc"
    reservation 3244850.0
  ]
  node [
    id 44
    label "44"
    schedulingPolicy "FIFO"
    levelsQoS "1"
    schedulingWeights "-"
    tosToQoSqueue "0,1,2,3,4,5,6,7,8,9,10,11,12,13,14,15,16,17,18,19,20,21,22,23,24,25,26,27,28,29,30,31,32,33,34,35,36,37,38,39,40,41,42,43,44,45,46,47,48,49,50,51,52,53,54,55,56,57,58,59,60,61,62,63,64,65,66,67,68"
    queueSizes "32"
    type "origin_mmtc"
    reservation 223760.0
  ]
  node [
    id 45
    label "45"
    schedulingPolicy "FIFO"
    levelsQoS "1"
    schedulingWeights "-"
    tosToQoSqueue "0,1,2,3,4,5,6,7,8,9,10,11,12,13,14,15,16,17,18,19,20,21,22,23,24,25,26,27,28,29,30,31,32,33,34,35,36,37,38,39,40,41,42,43,44,45,46,47,48,49,50,51,52,53,54,55,56,57,58,59,60,61,62,63,64,65,66,67,68"
    queueSizes "32"
    type "origin_urllc"
    reservation 2984450.0
  ]
  node [
    id 46
    label "46"
    schedulingPolicy "FIFO"
    levelsQoS "1"
    schedulingWeights "-"
    tosToQoSqueue "0,1,2,3,4,5,6,7,8,9,10,11,12,13,14,15,16,17,18,19,20,21,22,23,24,25,26,27,28,29,30,31,32,33,34,35,36,37,38,39,40,41,42,43,44,45,46,47,48,49,50,51,52,53,54,55,56,57,58,59,60,61,62,63,64,65,66,67,68"
    queueSizes "32"
    type "origin_urllc"
    reservation 3795050.0
  ]
  node [
    id 47
    label "47"
    schedulingPolicy "FIFO"
    levelsQoS "1"
    schedulingWeights "-"
    tosToQoSqueue "0,1,2,3,4,5,6,7,8,9,10,11,12,13,14,15,16,17,18,19,20,21,22,23,24,25,26,27,28,29,30,31,32,33,34,35,36,37,38,39,40,41,42,43,44,45,46,47,48,49,50,51,52,53,54,55,56,57,58,59,60,61,62,63,64,65,66,67,68"
    queueSizes "32"
    type "origin_urllc"
    reservation 3244850.0
  ]
  node [
    id 48
    label "48"
    schedulingPolicy "FIFO"
    levelsQoS "1"
    schedulingWeights "-"
    tosToQoSqueue "0,1,2,3,4,5,6,7,8,9,10,11,12,13,14,15,16,17,18,19,20,21,22,23,24,25,26,27,28,29,30,31,32,33,34,35,36,37,38,39,40,41,42,43,44,45,46,47,48,49,50,51,52,53,54,55,56,57,58,59,60,61,62,63,64,65,66,67,68"
    queueSizes "32"
    type "origin_urllc"
    reservation 3925250.0
  ]
  node [
    id 49
    label "49"
    schedulingPolicy "FIFO"
    levelsQoS "1"
    schedulingWeights "-"
    tosToQoSqueue "0,1,2,3,4,5,6,7,8,9,10,11,12,13,14,15,16,17,18,19,20,21,22,23,24,25,26,27,28,29,30,31,32,33,34,35,36,37,38,39,40,41,42,43,44,45,46,47,48,49,50,51,52,53,54,55,56,57,58,59,60,61,62,63,64,65,66,67,68"
    queueSizes "32"
    type "origin_urllc"
    reservation 3579800.0
  ]
  node [
    id 50
    label "50"
    schedulingPolicy "FIFO"
    levelsQoS "1"
    schedulingWeights "-"
    tosToQoSqueue "0,1,2,3,4,5,6,7,8,9,10,11,12,13,14,15,16,17,18,19,20,21,22,23,24,25,26,27,28,29,30,31,32,33,34,35,36,37,38,39,40,41,42,43,44,45,46,47,48,49,50,51,52,53,54,55,56,57,58,59,60,61,62,63,64,65,66,67,68"
    queueSizes "32"
    type "origin_mmtc"
    reservation 183140.0
  ]
  node [
    id 51
    label "51"
    schedulingPolicy "FIFO"
    levelsQoS "1"
    schedulingWeights "-"
    tosToQoSqueue "0,1,2,3,4,5,6,7,8,9,10,11,12,13,14,15,16,17,18,19,20,21,22,23,24,25,26,27,28,29,30,31,32,33,34,35,36,37,38,39,40,41,42,43,44,45,46,47,48,49,50,51,52,53,54,55,56,57,58,59,60,61,62,63,64,65,66,67,68"
    queueSizes "32"
    type "origin_mmtc"
    reservation 213140.0
  ]
  node [
    id 52
    label "52"
    schedulingPolicy "FIFO"
    levelsQoS "1"
    schedulingWeights "-"
    tosToQoSqueue "0,1,2,3,4,5,6,7,8,9,10,11,12,13,14,15,16,17,18,19,20,21,22,23,24,25,26,27,28,29,30,31,32,33,34,35,36,37,38,39,40,41,42,43,44,45,46,47,48,49,50,51,52,53,54,55,56,57,58,59,60,61,62,63,64,65,66,67,68"
    queueSizes "32"
    type "origin_mmtc"
    reservation 213140.0
  ]
  node [
    id 53
    label "53"
    schedulingPolicy "FIFO"
    levelsQoS "1"
    schedulingWeights "-"
    tosToQoSqueue "0,1,2,3,4,5,6,7,8,9,10,11,12,13,14,15,16,17,18,19,20,21,22,23,24,25,26,27,28,29,30,31,32,33,34,35,36,37,38,39,40,41,42,43,44,45,46,47,48,49,50,51,52,53,54,55,56,57,58,59,60,61,62,63,64,65,66,67,68"
    queueSizes "32"
    type "origin_mmtc"
    reservation 204980.0
  ]
  node [
    id 54
    label "54"
    schedulingPolicy "FIFO"
    levelsQoS "1"
    schedulingWeights "-"
    tosToQoSqueue "0,1,2,3,4,5,6,7,8,9,10,11,12,13,14,15,16,17,18,19,20,21,22,23,24,25,26,27,28,29,30,31,32,33,34,35,36,37,38,39,40,41,42,43,44,45,46,47,48,49,50,51,52,53,54,55,56,57,58,59,60,61,62,63,64,65,66,67,68"
    queueSizes "32"
    type "origin_mmtc"
    reservation 204980.0
  ]
  node [
    id 55
    label "55"
    schedulingPolicy "FIFO"
    levelsQoS "1"
    schedulingWeights "-"
    tosToQoSqueue "0,1,2,3,4,5,6,7,8,9,10,11,12,13,14,15,16,17,18,19,20,21,22,23,24,25,26,27,28,29,30,31,32,33,34,35,36,37,38,39,40,41,42,43,44,45,46,47,48,49,50,51,52,53,54,55,56,57,58,59,60,61,62,63,64,65,66,67,68"
    queueSizes "32"
    type "origin_urllc"
    reservation 3244850.0
  ]
  node [
    id 56
    label "56"
    schedulingPolicy "FIFO"
    levelsQoS "1"
    schedulingWeights "-"
    tosToQoSqueue "0,1,2,3,4,5,6,7,8,9,10,11,12,13,14,15,16,17,18,19,20,21,22,23,24,25,26,27,28,29,30,31,32,33,34,35,36,37,38,39,40,41,42,43,44,45,46,47,48,49,50,51,52,53,54,55,56,57,58,59,60,61,62,63,64,65,66,67,68"
    queueSizes "32"
    type "origin_urllc"
    reservation 3244850.0
  ]
  node [
    id 57
    label "57"
    schedulingPolicy "FIFO"
    levelsQoS "1"
    schedulingWeights "-"
    tosToQoSqueue "0,1,2,3,4,5,6,7,8,9,10,11,12,13,14,15,16,17,18,19,20,21,22,23,24,25,26,27,28,29,30,31,32,33,34,35,36,37,38,39,40,41,42,43,44,45,46,47,48,49,50,51,52,53,54,55,56,57,58,59,60,61,62,63,64,65,66,67,68"
    queueSizes "32"
    type "origin_urllc"
    reservation 3301550.0
  ]
  node [
    id 58
    label "58"
    schedulingPolicy "FIFO"
    levelsQoS "1"
    schedulingWeights "-"
    tosToQoSqueue "0,1,2,3,4,5,6,7,8,9,10,11,12,13,14,15,16,17,18,19,20,21,22,23,24,25,26,27,28,29,30,31,32,33,34,35,36,37,38,39,40,41,42,43,44,45,46,47,48,49,50,51,52,53,54,55,56,57,58,59,60,61,62,63,64,65,66,67,68"
    queueSizes "32"
    type "origin_urllc"
    reservation 3301550.0
  ]
  node [
    id 59
    label "59"
    schedulingPolicy "FIFO"
    levelsQoS "1"
    schedulingWeights "-"
    tosToQoSqueue "0,1,2,3,4,5,6,7,8,9,10,11,12,13,14,15,16,17,18,19,20,21,22,23,24,25,26,27,28,29,30,31,32,33,34,35,36,37,38,39,40,41,42,43,44,45,46,47,48,49,50,51,52,53,54,55,56,57,58,59,60,61,62,63,64,65,66,67,68"
    queueSizes "32"
    type "origin_urllc"
    reservation 3074750.0
  ]
  node [
    id 60
    label "60"
    schedulingPolicy "FIFO"
    levelsQoS "1"
    schedulingWeights "-"
    tosToQoSqueue "0,1,2,3,4,5,6,7,8,9,10,11,12,13,14,15,16,17,18,19,20,21,22,23,24,25,26,27,28,29,30,31,32,33,34,35,36,37,38,39,40,41,42,43,44,45,46,47,48,49,50,51,52,53,54,55,56,57,58,59,60,61,62,63,64,65,66,67,68"
    queueSizes "32"
    type "origin_urllc"
    reservation 3925250.0
  ]
  node [
    id 61
    label "61"
    schedulingPolicy "FIFO"
    levelsQoS "1"
    schedulingWeights "-"
    tosToQoSqueue "0,1,2,3,4,5,6,7,8,9,10,11,12,13,14,15,16,17,18,19,20,21,22,23,24,25,26,27,28,29,30,31,32,33,34,35,36,37,38,39,40,41,42,43,44,45,46,47,48,49,50,51,52,53,54,55,56,57,58,59,60,61,62,63,64,65,66,67,68"
    queueSizes "32"
    type "origin_urllc"
    reservation 3244850.0
  ]
  node [
    id 62
    label "62"
    schedulingPolicy "FIFO"
    levelsQoS "1"
    schedulingWeights "-"
    tosToQoSqueue "0,1,2,3,4,5,6,7,8,9,10,11,12,13,14,15,16,17,18,19,20,21,22,23,24,25,26,27,28,29,30,31,32,33,34,35,36,37,38,39,40,41,42,43,44,45,46,47,48,49,50,51,52,53,54,55,56,57,58,59,60,61,62,63,64,65,66,67,68"
    queueSizes "32"
    type "origin_urllc"
    reservation 3005450.0
  ]
  node [
    id 63
    label "63"
    schedulingPolicy "FIFO"
    levelsQoS "1"
    schedulingWeights "-"
    tosToQoSqueue "0,1,2,3,4,5,6,7,8,9,10,11,12,13,14,15,16,17,18,19,20,21,22,23,24,25,26,27,28,29,30,31,32,33,34,35,36,37,38,39,40,41,42,43,44,45,46,47,48,49,50,51,52,53,54,55,56,57,58,59,60,61,62,63,64,65,66,67,68"
    queueSizes "32"
    type "origin_urllc"
    reservation 3005450.0
  ]
  node [
    id 64
    label "64"
    schedulingPolicy "FIFO"
    levelsQoS "1"
    schedulingWeights "-"
    tosToQoSqueue "0,1,2,3,4,5,6,7,8,9,10,11,12,13,14,15,16,17,18,19,20,21,22,23,24,25,26,27,28,29,30,31,32,33,34,35,36,37,38,39,40,41,42,43,44,45,46,47,48,49,50,51,52,53,54,55,56,57,58,59,60,61,62,63,64,65,66,67,68"
    queueSizes "32"
    type "origin_urllc"
    reservation 3005450.0
  ]
  node [
    id 65
    label "65"
    schedulingPolicy "FIFO"
    levelsQoS "1"
    schedulingWeights "-"
    tosToQoSqueue "0,1,2,3,4,5,6,7,8,9,10,11,12,13,14,15,16,17,18,19,20,21,22,23,24,25,26,27,28,29,30,31,32,33,34,35,36,37,38,39,40,41,42,43,44,45,46,47,48,49,50,51,52,53,54,55,56,57,58,59,60,61,62,63,64,65,66,67,68"
    queueSizes "32"
    type "origin_mmtc"
    reservation 173960.0
  ]
  node [
    id 66
    label "66"
    schedulingPolicy "FIFO"
    levelsQoS "1"
    schedulingWeights "-"
    tosToQoSqueue "0,1,2,3,4,5,6,7,8,9,10,11,12,13,14,15,16,17,18,19,20,21,22,23,24,25,26,27,28,29,30,31,32,33,34,35,36,37,38,39,40,41,42,43,44,45,46,47,48,49,50,51,52,53,54,55,56,57,58,59,60,61,62,63,64,65,66,67,68"
    queueSizes "32"
    type "origin_mmtc"
    reservation 199580.0
  ]
  node [
    id 67
    label "67"
    schedulingPolicy "FIFO"
    levelsQoS "1"
    schedulingWeights "-"
    tosToQoSqueue "0,1,2,3,4,5,6,7,8,9,10,11,12,13,14,15,16,17,18,19,20,21,22,23,24,25,26,27,28,29,30,31,32,33,34,35,36,37,38,39,40,41,42,43,44,45,46,47,48,49,50,51,52,53,54,55,56,57,58,59,60,61,62,63,64,65,66,67,68"
    queueSizes "32"
    type "origin_mmtc"
    reservation 201260.0
  ]
  node [
    id 68
    label "68"
    schedulingPolicy "FIFO"
    levelsQoS "1"
    schedulingWeights "-"
    tosToQoSqueue "0,1,2,3,4,5,6,7,8,9,10,11,12,13,14,15,16,17,18,19,20,21,22,23,24,25,26,27,28,29,30,31,32,33,34,35,36,37,38,39,40,41,42,43,44,45,46,47,48,49,50,51,52,53,54,55,56,57,58,59,60,61,62,63,64,65,66,67,68"
    queueSizes "32"
    type "origin_mmtc"
    reservation 204980.0
  ]
  edge [
    source 0
    target 1
    key 0
    id "e14"
    bandwidth 75000000
    traffic "200000,200000,200000,200000,200000,200000"
    reservation "204980.0,204980.0,173960.0,199580.0,201260.0,204980.0"
    port 0
  ]
  edge [
    source 0
    target 3
    key 0
    id "e13"
    bandwidth 75000000
    traffic "3500000,3500000,3500000,3500000"
    reservation "3244850.0,3301550.0,3795050.0,3795050.0"
    port 1
  ]
  edge [
    source 1
    target 0
    key 0
    id "e14"
    bandwidth 75000000
    traffic "3500000,3500000,3500000,3500000"
    reservation "3244850.0,3301550.0,3795050.0,3795050.0"
    port 0
  ]
  edge [
    source 1
    target 6
    key 0
    id "e15"
    bandwidth 75000000
    traffic "200000,200000,200000,200000,200000,200000"
    reservation "204980.0,204980.0,173960.0,199580.0,201260.0,204980.0"
    port 1
  ]
  edge [
    source 1
    target 25
    key 0
    port 2
    weight 1
    bandwidth 350000000
    traffic "18000000,18000000,18000000"
    reservation "20079000.0,19868400.0,19279800.0"
  ]
  edge [
    source 2
    target 3
    key 0
    id "e12"
    bandwidth 75000000
    traffic "200000,200000,200000,200000,200000,200000"
    reservation "204980.0,204980.0,173960.0,199580.0,201260.0,204980.0"
    port 0
  ]
  edge [
    source 2
    target 21
    key 0
    id "e8"
    bandwidth 75000000
    traffic "3500000,3500000,3500000,3500000"
    reservation "3244850.0,3301550.0,3795050.0,3795050.0"
    port 1
  ]
  edge [
    source 3
    target 0
    key 0
    id "e13"
    bandwidth 75000000
    traffic "200000,200000,200000,200000,200000,200000"
    reservation "204980.0,204980.0,173960.0,199580.0,201260.0,204980.0"
    port 0
  ]
  edge [
    source 3
    target 2
    key 0
    id "e12"
    bandwidth 75000000
    traffic "3500000,3500000,3500000,3500000"
    reservation "3244850.0,3301550.0,3795050.0,3795050.0"
    port 1
  ]
  edge [
    source 4
    target 7
    key 0
    id "e17"
    bandwidth 75000000
    traffic ""
    reservation ""
    port 0
  ]
  edge [
    source 5
    target 8
    key 0
    id "e19"
    bandwidth 75000000
    traffic ""
    reservation ""
    port 0
  ]
  edge [
    source 5
    target 7
    key 0
    id "e18"
    bandwidth 75000000
    traffic "18000000,18000000,18000000,3500000,3500000,200000,3500000,3500000,200000,200000,200000,200000,200000,200000,200000"
    reservation "20079000.0,19868400.0,19279800.0,3244850.0,3301550.0,173960.0,3795050.0,3795050.0,205820.0,204980.0,173960.0,223760.0,183140.0,213140.0,213140.0"
    port 1
  ]
  edge [
    source 6
    target 1
    key 0
    id "e15"
    bandwidth 75000000
    traffic "18000000,18000000,18000000,3500000,3500000,3500000,3500000"
    reservation "20079000.0,19868400.0,19279800.0,3244850.0,3301550.0,3795050.0,3795050.0"
    port 0
  ]
  edge [
    source 6
    target 7
    key 0
    id "e16"
    bandwidth 75000000
    traffic ""
    reservation ""
    port 1
  ]
  edge [
    source 6
    target 24
    key 0
    port 2
    weight 1
    bandwidth 350000000
    traffic "200000,200000,200000,200000,200000,200000,200000,200000,200000,200000,200000,200000,200000,200000"
    reservation "173960.0,205820.0,204980.0,173960.0,223760.0,183140.0,213140.0,213140.0,204980.0,204980.0,173960.0,199580.0,201260.0,204980.0"
  ]
  edge [
    source 7
    target 4
    key 0
    id "e17"
    bandwidth 75000000
    traffic ""
    reservation ""
    port 0
  ]
  edge [
    source 7
    target 5
    key 0
    id "e18"
    bandwidth 75000000
    traffic ""
    reservation ""
    port 1
  ]
  edge [
    source 7
    target 6
    key 0
    id "e16"
    bandwidth 75000000
    traffic "18000000,18000000,18000000,3500000,3500000,200000,3500000,3500000,200000,200000,200000,200000,200000,200000,200000"
    reservation "20079000.0,19868400.0,19279800.0,3244850.0,3301550.0,173960.0,3795050.0,3795050.0,205820.0,204980.0,173960.0,223760.0,183140.0,213140.0,213140.0"
    port 2
  ]
  edge [
    source 8
    target 5
    key 0
    id "e19"
    bandwidth 75000000
    traffic "18000000,18000000,18000000,3500000,3500000,200000,3500000,3500000,200000,200000,200000,200000,200000,200000,200000"
    reservation "20079000.0,19868400.0,19279800.0,3244850.0,3301550.0,173960.0,3795050.0,3795050.0,205820.0,204980.0,173960.0,223760.0,183140.0,213140.0,213140.0"
    port 0
  ]
  edge [
    source 8
    target 9
    key 0
    id "e20"
    bandwidth 75000000
    traffic ""
    reservation ""
    port 1
  ]
  edge [
    source 8
    target 10
    key 0
    id "e22"
    bandwidth 75000000
    traffic ""
    reservation ""
    port 2
  ]
  edge [
    source 8
    target 11
    key 0
    id "e21"
    bandwidth 75000000
    traffic ""
    reservation ""
    port 3
  ]
  edge [
    source 9
    target 8
    key 0
    id "e20"
    bandwidth 75000000
    traffic "18000000,18000000,18000000,3500000,3500000,200000,3500000,3500000,200000,200000,200000,200000,200000,200000,200000"
    reservation "20079000.0,19868400.0,19279800.0,3244850.0,3301550.0,173960.0,3795050.0,3795050.0,205820.0,204980.0,173960.0,223760.0,183140.0,213140.0,213140.0"
    port 0
  ]
  edge [
    source 9
    target 12
    key 0
    id "e23"
    bandwidth 75000000
    traffic ""
    reservation ""
    port 1
  ]
  edge [
    source 9
    target 28
    key 0
    port 2
    weight 1
    bandwidth 50000000
    traffic ""
    reservation ""
  ]
  edge [
    source 10
    target 8
    key 0
    id "e22"
    bandwidth 75000000
    traffic ""
    reservation ""
    port 0
  ]
  edge [
    source 11
    target 8
    key 0
    id "e21"
    bandwidth 75000000
    traffic ""
    reservation ""
    port 0
  ]
  edge [
    source 12
    target 9
    key 0
    id "e23"
    bandwidth 75000000
    traffic "18000000,18000000,3500000,3500000,200000,3500000,3500000,200000,200000,200000,200000,200000,200000,200000"
    reservation "20079000.0,19868400.0,3244850.0,3301550.0,173960.0,3795050.0,3795050.0,205820.0,204980.0,173960.0,223760.0,183140.0,213140.0,213140.0"
    port 0
  ]
  edge [
    source 12
    target 14
    key 0
    id "e11"
    bandwidth 75000000
    traffic ""
    reservation ""
    port 1
  ]
  edge [
    source 12
    target 27
    key 0
    port 2
    weight 1
    bandwidth 50000000
    traffic ""
    reservation ""
  ]
  edge [
    source 13
    target 14
    key 0
    id "e10"
    bandwidth 75000000
    traffic ""
    reservation ""
    port 0
  ]
  edge [
    source 13
    target 22
    key 0
    id "e9"
    bandwidth 75000000
    traffic "3500000,3500000,3500000,3500000,3500000,3500000,3500000,3500000,3500000,3500000,3500000,3500000,200000,200000,3500000,3500000,3500000,3500000,3500000,3500000,3500000,3500000,3500000,3500000,200000,200000,200000,200000"
    reservation "3301550.0,3579800.0,3579800.0,2984450.0,3244850.0,3925250.0,3244850.0,2984450.0,3795050.0,3244850.0,3925250.0,3579800.0,204980.0,204980.0,3244850.0,3244850.0,3301550.0,3301550.0,3074750.0,3925250.0,3244850.0,3005450.0,3005450.0,3005450.0,173960.0,199580.0,201260.0,204980.0"
    port 1
  ]
  edge [
    source 14
    target 12
    key 0
    id "e11"
    bandwidth 75000000
    traffic "18000000,3500000,3500000,200000,3500000,3500000,200000,200000,200000,200000,200000,200000,200000"
    reservation "20079000.0,3244850.0,3301550.0,173960.0,3795050.0,3795050.0,205820.0,204980.0,173960.0,223760.0,183140.0,213140.0,213140.0"
    port 0
  ]
  edge [
    source 14
    target 13
    key 0
    id "e10"
    bandwidth 75000000
    traffic "3500000,3500000,3500000,3500000,3500000,3500000,3500000,3500000,3500000,3500000,3500000,3500000,200000,200000,3500000,3500000,3500000,3500000,3500000,3500000,3500000,3500000,3500000,3500000,200000,200000,200000,200000"
    reservation "3301550.0,3579800.0,3579800.0,2984450.0,3244850.0,3925250.0,3244850.0,2984450.0,3795050.0,3244850.0,3925250.0,3579800.0,204980.0,204980.0,3244850.0,3244850.0,3301550.0,3301550.0,3074750.0,3925250.0,3244850.0,3005450.0,3005450.0,3005450.0,173960.0,199580.0,201260.0,204980.0"
    port 1
  ]
  edge [
    source 14
    target 26
    key 0
    port 2
    weight 1
    bandwidth 50000000
    traffic ""
    reservation ""
  ]
  edge [
    source 14
    target 29
    key 0
    port 3
    weight 1
    bandwidth 50000000
    traffic ""
    reservation ""
  ]
  edge [
    source 14
    target 30
    key 0
    port 4
    weight 1
    bandwidth 50000000
    traffic ""
    reservation ""
  ]
  edge [
    source 14
    target 31
    key 0
    port 5
    weight 1
    bandwidth 50000000
    traffic ""
    reservation ""
  ]
  edge [
    source 14
    target 32
    key 0
    port 6
    weight 1
    bandwidth 50000000
    traffic ""
    reservation ""
  ]
  edge [
    source 14
    target 33
    key 0
    port 7
    weight 1
    bandwidth 50000000
    traffic ""
    reservation ""
  ]
  edge [
    source 14
    target 34
    key 0
    port 8
    weight 1
    bandwidth 50000000
    traffic ""
    reservation ""
  ]
  edge [
    source 14
    target 35
    key 0
    port 9
    weight 1
    bandwidth 50000000
    traffic ""
    reservation ""
  ]
  edge [
    source 14
    target 36
    key 0
    port 10
    weight 1
    bandwidth 50000000
    traffic ""
    reservation ""
  ]
  edge [
    source 14
    target 37
    key 0
    port 11
    weight 1
    bandwidth 50000000
    traffic ""
    reservation ""
  ]
  edge [
    source 14
    target 38
    key 0
    port 12
    weight 1
    bandwidth 50000000
    traffic ""
    reservation ""
  ]
  edge [
    source 14
    target 39
    key 0
    port 13
    weight 1
    bandwidth 50000000
    traffic ""
    reservation ""
  ]
  edge [
    source 14
    target 40
    key 0
    port 14
    weight 1
    bandwidth 50000000
    traffic ""
    reservation ""
  ]
  edge [
    source 14
    target 41
    key 0
    port 15
    weight 1
    bandwidth 50000000
    traffic ""
    reservation ""
  ]
  edge [
    source 14
    target 42
    key 0
    port 16
    weight 1
    bandwidth 50000000
    traffic ""
    reservation ""
  ]
  edge [
    source 14
    target 43
    key 0
    port 17
    weight 1
    bandwidth 50000000
    traffic ""
    reservation ""
  ]
  edge [
    source 14
    target 44
    key 0
    port 18
    weight 1
    bandwidth 50000000
    traffic ""
    reservation ""
  ]
  edge [
    source 14
    target 45
    key 0
    port 19
    weight 1
    bandwidth 50000000
    traffic ""
    reservation ""
  ]
  edge [
    source 14
    target 46
    key 0
    port 20
    weight 1
    bandwidth 50000000
    traffic ""
    reservation ""
  ]
  edge [
    source 14
    target 47
    key 0
    port 21
    weight 1
    bandwidth 50000000
    traffic ""
    reservation ""
  ]
  edge [
    source 14
    target 48
    key 0
    port 22
    weight 1
    bandwidth 50000000
    traffic ""
    reservation ""
  ]
  edge [
    source 14
    target 49
    key 0
    port 23
    weight 1
    bandwidth 50000000
    traffic ""
    reservation ""
  ]
  edge [
    source 14
    target 50
    key 0
    port 24
    weight 1
    bandwidth 50000000
    traffic ""
    reservation ""
  ]
  edge [
    source 14
    target 51
    key 0
    port 25
    weight 1
    bandwidth 50000000
    traffic ""
    reservation ""
  ]
  edge [
    source 14
    target 52
    key 0
    port 26
    weight 1
    bandwidth 50000000
    traffic ""
    reservation ""
  ]
  edge [
    source 14
    target 53
    key 0
    port 27
    weight 1
    bandwidth 50000000
    traffic ""
    reservation ""
  ]
  edge [
    source 14
    target 54
    key 0
    port 28
    weight 1
    bandwidth 50000000
    traffic ""
    reservation ""
  ]
  edge [
    source 14
    target 55
    key 0
    port 29
    weight 1
    bandwidth 50000000
    traffic ""
    reservation ""
  ]
  edge [
    source 14
    target 56
    key 0
    port 30
    weight 1
    bandwidth 50000000
    traffic ""
    reservation ""
  ]
  edge [
    source 14
    target 57
    key 0
    port 31
    weight 1
    bandwidth 50000000
    traffic ""
    reservation ""
  ]
  edge [
    source 14
    target 58
    key 0
    port 32
    weight 1
    bandwidth 50000000
    traffic ""
    reservation ""
  ]
  edge [
    source 14
    target 59
    key 0
    port 33
    weight 1
    bandwidth 50000000
    traffic ""
    reservation ""
  ]
  edge [
    source 14
    target 60
    key 0
    port 34
    weight 1
    bandwidth 50000000
    traffic ""
    reservation ""
  ]
  edge [
    source 14
    target 61
    key 0
    port 35
    weight 1
    bandwidth 50000000
    traffic ""
    reservation ""
  ]
  edge [
    source 14
    target 62
    key 0
    port 36
    weight 1
    bandwidth 50000000
    traffic ""
    reservation ""
  ]
  edge [
    source 14
    target 63
    key 0
    port 37
    weight 1
    bandwidth 50000000
    traffic ""
    reservation ""
  ]
  edge [
    source 14
    target 64
    key 0
    port 38
    weight 1
    bandwidth 50000000
    traffic ""
    reservation ""
  ]
  edge [
    source 14
    target 65
    key 0
    port 39
    weight 1
    bandwidth 50000000
    traffic ""
    reservation ""
  ]
  edge [
    source 14
    target 66
    key 0
    port 40
    weight 1
    bandwidth 50000000
    traffic ""
    reservation ""
  ]
  edge [
    source 14
    target 67
    key 0
    port 41
    weight 1
    bandwidth 50000000
    traffic ""
    reservation ""
  ]
  edge [
    source 14
    target 68
    key 0
    port 42
    weight 1
    bandwidth 50000000
    traffic ""
    reservation ""
  ]
  edge [
    source 15
    target 16
    key 0
    id "e0"
    bandwidth 75000000
    traffic "3500000,3500000,3500000,3500000,3500000,3500000,3500000,3500000,3500000,3500000,3500000,3500000,200000,200000,3500000,3500000,3500000,3500000,3500000,3500000,3500000,3500000,3500000,3500000,200000,200000,200000,200000"
    reservation "3301550.0,3579800.0,3579800.0,2984450.0,3244850.0,3925250.0,3244850.0,2984450.0,3795050.0,3244850.0,3925250.0,3579800.0,204980.0,204980.0,3244850.0,3244850.0,3301550.0,3301550.0,3074750.0,3925250.0,3244850.0,3005450.0,3005450.0,3005450.0,173960.0,199580.0,201260.0,204980.0"
    port 0
  ]
  edge [
    source 15
    target 22
    key 0
    id "e1"
    bandwidth 75000000
    traffic ""
    reservation ""
    port 1
  ]
  edge [
    source 16
    target 15
    key 0
    id "e0"
    bandwidth 75000000
    traffic ""
    reservation ""
    port 0
  ]
  edge [
    source 16
    target 17
    key 0
    id "e2"
    bandwidth 75000000
    traffic "3500000,3500000,3500000,3500000,3500000,3500000,3500000,3500000,3500000,3500000,3500000,3500000,200000,200000,3500000,3500000,3500000,3500000,3500000,3500000,3500000,3500000,3500000,3500000,200000,200000,200000,200000"
    reservation "3301550.0,3579800.0,3579800.0,2984450.0,3244850.0,3925250.0,3244850.0,2984450.0,3795050.0,3244850.0,3925250.0,3579800.0,204980.0,204980.0,3244850.0,3244850.0,3301550.0,3301550.0,3074750.0,3925250.0,3244850.0,3005450.0,3005450.0,3005450.0,173960.0,199580.0,201260.0,204980.0"
    port 1
  ]
  edge [
    source 17
    target 16
    key 0
    id "e2"
    bandwidth 75000000
    traffic ""
    reservation ""
    port 0
  ]
  edge [
    source 17
    target 18
    key 0
    id "e3"
    bandwidth 75000000
    traffic "3500000,3500000,3500000,3500000,3500000,3500000,3500000,3500000,3500000,3500000,3500000,3500000,200000,200000,3500000,3500000,3500000,3500000,3500000,3500000,3500000,3500000,3500000,3500000,200000,200000,200000,200000"
    reservation "3301550.0,3579800.0,3579800.0,2984450.0,3244850.0,3925250.0,3244850.0,2984450.0,3795050.0,3244850.0,3925250.0,3579800.0,204980.0,204980.0,3244850.0,3244850.0,3301550.0,3301550.0,3074750.0,3925250.0,3244850.0,3005450.0,3005450.0,3005450.0,173960.0,199580.0,201260.0,204980.0"
    port 1
  ]
  edge [
    source 18
    target 17
    key 0
    id "e3"
    bandwidth 75000000
    traffic ""
    reservation ""
    port 0
  ]
  edge [
    source 18
    target 20
    key 0
    id "e4"
    bandwidth 75000000
    traffic "3500000,3500000,3500000,3500000,3500000,3500000,3500000,3500000,3500000,3500000,3500000,3500000,200000,200000,3500000,3500000,3500000,3500000,3500000,3500000,3500000,3500000,3500000,3500000,200000,200000,200000,200000"
    reservation "3301550.0,3579800.0,3579800.0,2984450.0,3244850.0,3925250.0,3244850.0,2984450.0,3795050.0,3244850.0,3925250.0,3579800.0,204980.0,204980.0,3244850.0,3244850.0,3301550.0,3301550.0,3074750.0,3925250.0,3244850.0,3005450.0,3005450.0,3005450.0,173960.0,199580.0,201260.0,204980.0"
    port 1
  ]
  edge [
    source 19
    target 20
    key 0
    id "e5"
    bandwidth 75000000
    traffic "3500000,3500000,3500000,3500000"
    reservation "3244850.0,3301550.0,3795050.0,3795050.0"
    port 0
  ]
  edge [
    source 19
    target 21
    key 0
    id "e6"
    bandwidth 75000000
    traffic "200000,200000,200000,200000,200000,200000"
    reservation "204980.0,204980.0,173960.0,199580.0,201260.0,204980.0"
    port 1
  ]
  edge [
    source 20
    target 18
    key 0
    id "e4"
    bandwidth 75000000
    traffic ""
    reservation ""
    port 0
  ]
  edge [
    source 20
    target 19
    key 0
    id "e5"
    bandwidth 75000000
    traffic "200000,200000,200000,200000,200000,200000"
    reservation "204980.0,204980.0,173960.0,199580.0,201260.0,204980.0"
    port 1
  ]
  edge [
    source 20
    target 21
    key 0
    id "e7"
    bandwidth 75000000
    traffic ""
    reservation ""
    port 2
  ]
  edge [
    source 20
    target 23
    key 0
    port 3
    weight 1
    bandwidth 350000000
    traffic "3500000,3500000,3500000,3500000,3500000,3500000,3500000,3500000,3500000,3500000,3500000,3500000,3500000,3500000,3500000,3500000,3500000,3500000,3500000,3500000,3500000,3500000,3500000,3500000,3500000,3500000"
    reservation "3244850.0,3301550.0,3795050.0,3795050.0,3301550.0,3579800.0,3579800.0,2984450.0,3244850.0,3925250.0,3244850.0,2984450.0,3795050.0,3244850.0,3925250.0,3579800.0,3244850.0,3244850.0,3301550.0,3301550.0,3074750.0,3925250.0,3244850.0,3005450.0,3005450.0,3005450.0"
  ]
  edge [
    source 21
    target 2
    key 0
    id "e8"
    bandwidth 75000000
    traffic "200000,200000,200000,200000,200000,200000"
    reservation "204980.0,204980.0,173960.0,199580.0,201260.0,204980.0"
    port 0
  ]
  edge [
    source 21
    target 19
    key 0
    id "e6"
    bandwidth 75000000
    traffic "3500000,3500000,3500000,3500000"
    reservation "3244850.0,3301550.0,3795050.0,3795050.0"
    port 1
  ]
  edge [
    source 21
    target 20
    key 0
    id "e7"
    bandwidth 75000000
    traffic ""
    reservation ""
    port 2
  ]
  edge [
    source 22
    target 13
    key 0
    id "e9"
    bandwidth 75000000
    traffic ""
    reservation ""
    port 0
  ]
  edge [
    source 22
    target 15
    key 0
    id "e1"
    bandwidth 75000000
    traffic "3500000,3500000,3500000,3500000,3500000,3500000,3500000,3500000,3500000,3500000,3500000,3500000,200000,200000,3500000,3500000,3500000,3500000,3500000,3500000,3500000,3500000,3500000,3500000,200000,200000,200000,200000"
    reservation "3301550.0,3579800.0,3579800.0,2984450.0,3244850.0,3925250.0,3244850.0,2984450.0,3795050.0,3244850.0,3925250.0,3579800.0,204980.0,204980.0,3244850.0,3244850.0,3301550.0,3301550.0,3074750.0,3925250.0,3244850.0,3005450.0,3005450.0,3005450.0,173960.0,199580.0,201260.0,204980.0"
    port 1
  ]
  edge [
    source 23
    target 20
    key 0
    port 0
    weight 1
    bandwidth 350000000
    traffic ""
    reservation ""
  ]
  edge [
    source 24
    target 6
    key 0
    port 0
    weight 1
    bandwidth 350000000
    traffic ""
    reservation ""
  ]
  edge [
    source 25
    target 1
    key 0
    port 0
    weight 1
    bandwidth 350000000
    traffic ""
    reservation ""
  ]
  edge [
    source 26
    target 14
    key 0
    port 0
    weight 1
    bandwidth 50000000
    traffic "18000000"
    reservation "20079000.0"
  ]
  edge [
    source 27
    target 12
    key 0
    port 0
    weight 1
    bandwidth 50000000
    traffic "18000000"
    reservation "19868400.0"
  ]
  edge [
    source 28
    target 9
    key 0
    port 0
    weight 1
    bandwidth 50000000
    traffic "18000000"
    reservation "19279800.0"
  ]
  edge [
    source 29
    target 14
    key 0
    port 0
    weight 1
    bandwidth 50000000
    traffic "3500000"
    reservation "3244850.0"
  ]
  edge [
    source 30
    target 14
    key 0
    port 0
    weight 1
    bandwidth 50000000
    traffic "3500000"
    reservation "3301550.0"
  ]
  edge [
    source 31
    target 14
    key 0
    port 0
    weight 1
    bandwidth 50000000
    traffic "200000"
    reservation "173960.0"
  ]
  edge [
    source 32
    target 14
    key 0
    port 0
    weight 1
    bandwidth 50000000
    traffic "3500000"
    reservation "3795050.0"
  ]
  edge [
    source 33
    target 14
    key 0
    port 0
    weight 1
    bandwidth 50000000
    traffic "3500000"
    reservation "3795050.0"
  ]
  edge [
    source 34
    target 14
    key 0
    port 0
    weight 1
    bandwidth 50000000
    traffic "200000"
    reservation "205820.0"
  ]
  edge [
    source 35
    target 14
    key 0
    port 0
    weight 1
    bandwidth 50000000
    traffic "3500000"
    reservation "3301550.0"
  ]
  edge [
    source 36
    target 14
    key 0
    port 0
    weight 1
    bandwidth 50000000
    traffic "3500000"
    reservation "3579800.0"
  ]
  edge [
    source 37
    target 14
    key 0
    port 0
    weight 1
    bandwidth 50000000
    traffic "3500000"
    reservation "3579800.0"
  ]
  edge [
    source 38
    target 14
    key 0
    port 0
    weight 1
    bandwidth 50000000
    traffic "200000"
    reservation "204980.0"
  ]
  edge [
    source 39
    target 14
    key 0
    port 0
    weight 1
    bandwidth 50000000
    traffic "3500000"
    reservation "2984450.0"
  ]
  edge [
    source 40
    target 14
    key 0
    port 0
    weight 1
    bandwidth 50000000
    traffic "3500000"
    reservation "3244850.0"
  ]
  edge [
    source 41
    target 14
    key 0
    port 0
    weight 1
    bandwidth 50000000
    traffic "200000"
    reservation "173960.0"
  ]
  edge [
    source 42
    target 14
    key 0
    port 0
    weight 1
    bandwidth 50000000
    traffic "3500000"
    reservation "3925250.0"
  ]
  edge [
    source 43
    target 14
    key 0
    port 0
    weight 1
    bandwidth 50000000
    traffic "3500000"
    reservation "3244850.0"
  ]
  edge [
    source 44
    target 14
    key 0
    port 0
    weight 1
    bandwidth 50000000
    traffic "200000"
    reservation "223760.0"
  ]
  edge [
    source 45
    target 14
    key 0
    port 0
    weight 1
    bandwidth 50000000
    traffic "3500000"
    reservation "2984450.0"
  ]
  edge [
    source 46
    target 14
    key 0
    port 0
    weight 1
    bandwidth 50000000
    traffic "3500000"
    reservation "3795050.0"
  ]
  edge [
    source 47
    target 14
    key 0
    port 0
    weight 1
    bandwidth 50000000
    traffic "3500000"
    reservation "3244850.0"
  ]
  edge [
    source 48
    target 14
    key 0
    port 0
    weight 1
    bandwidth 50000000
    traffic "3500000"
    reservation "3925250.0"
  ]
  edge [
    source 49
    target 14
    key 0
    port 0
    weight 1
    bandwidth 50000000
    traffic "3500000"
    reservation "3579800.0"
  ]
  edge [
    source 50
    target 14
    key 0
    port 0
    weight 1
    bandwidth 50000000
    traffic "200000"
    reservation "183140.0"
  ]
  edge [
    source 51
    target 14
    key 0
    port 0
    weight 1
    bandwidth 50000000
    traffic "200000"
    reservation "213140.0"
  ]
  edge [
    source 52
    target 14
    key 0
    port 0
    weight 1
    bandwidth 50000000
    traffic "200000"
    reservation "213140.0"
  ]
  edge [
    source 53
    target 14
    key 0
    port 0
    weight 1
    bandwidth 50000000
    traffic "200000"
    reservation "204980.0"
  ]
  edge [
    source 54
    target 14
    key 0
    port 0
    weight 1
    bandwidth 50000000
    traffic "200000"
    reservation "204980.0"
  ]
  edge [
    source 55
    target 14
    key 0
    port 0
    weight 1
    bandwidth 50000000
    traffic "3500000"
    reservation "3244850.0"
  ]
  edge [
    source 56
    target 14
    key 0
    port 0
    weight 1
    bandwidth 50000000
    traffic "3500000"
    reservation "3244850.0"
  ]
  edge [
    source 57
    target 14
    key 0
    port 0
    weight 1
    bandwidth 50000000
    traffic "3500000"
    reservation "3301550.0"
  ]
  edge [
    source 58
    target 14
    key 0
    port 0
    weight 1
    bandwidth 50000000
    traffic "3500000"
    reservation "3301550.0"
  ]
  edge [
    source 59
    target 14
    key 0
    port 0
    weight 1
    bandwidth 50000000
    traffic "3500000"
    reservation "3074750.0"
  ]
  edge [
    source 60
    target 14
    key 0
    port 0
    weight 1
    bandwidth 50000000
    traffic "3500000"
    reservation "3925250.0"
  ]
  edge [
    source 61
    target 14
    key 0
    port 0
    weight 1
    bandwidth 50000000
    traffic "3500000"
    reservation "3244850.0"
  ]
  edge [
    source 62
    target 14
    key 0
    port 0
    weight 1
    bandwidth 50000000
    traffic "3500000"
    reservation "3005450.0"
  ]
  edge [
    source 63
    target 14
    key 0
    port 0
    weight 1
    bandwidth 50000000
    traffic "3500000"
    reservation "3005450.0"
  ]
  edge [
    source 64
    target 14
    key 0
    port 0
    weight 1
    bandwidth 50000000
    traffic "3500000"
    reservation "3005450.0"
  ]
  edge [
    source 65
    target 14
    key 0
    port 0
    weight 1
    bandwidth 50000000
    traffic "200000"
    reservation "173960.0"
  ]
  edge [
    source 66
    target 14
    key 0
    port 0
    weight 1
    bandwidth 50000000
    traffic "200000"
    reservation "199580.0"
  ]
  edge [
    source 67
    target 14
    key 0
    port 0
    weight 1
    bandwidth 50000000
    traffic "200000"
    reservation "201260.0"
  ]
  edge [
    source 68
    target 14
    key 0
    port 0
    weight 1
    bandwidth 50000000
    traffic "200000"
    reservation "204980.0"
  ]
]
