graph [
  directed 1
  multigraph 1
  GeoLocation "Europe"
  GeoExtent "Continent"
  Network "GEANT"
  Provenance "Primary"
  Note "Node classifications from http://www.geant.net/Media_Centre/Media_Library/Media%20Library/GN3-10-279_DS1.1.1,2%20Final%20GEANT%20Architecture_v1.pdf"
  Source "http://www.geant2.net/upload/pdf/GN2_Topology_Feb_09.pdf"
  Version "1.0"
  Type "REN"
  DateType "Historic"
  Backbone 1
  Commercial 0
  label "Geant2009"
  ToolsetVersion "0.3.34dev-20120328"
  Customer 0
  IX 0
  SourceGitVersion "e278b1b"
  DateModifier "="
  DateMonth "02"
  LastAccess "20/03/11"
  Access 0
  Layer "IP"
  Creator "Topology Zoo Toolset"
  Developed 1
  Transit 1
  NetworkDate "2009_02"
  DateYear "2009"
  LastProcessed "2011_09_01"
  Testbed 1
  levelsToS 79
  node [
    id 0
    label "0"
    Country "Netherlands"
    Longitude 4.88969
    Internal 1
    Latitude 52.37403
    type "destination_embb"
    schedulingPolicy "FIFO"
    levelsQoS "1"
    schedulingWeights "-"
    tosToQoSqueue "0,1,2,3,4,5,6,7,8,9,10,11,12,13,14,15,16,17,18,19,20,21,22,23,24,25,26,27,28,29,30,31,32,33,34,35,36,37,38,39,40,41,42,43,44,45,46,47,48,49,50,51,52,53,54,55,56,57,58,59,60,61,62,63,64,65,66,67,68,69,70,71,72,73,74,75,76,77,78"
    queueSizes "32"
  ]
  node [
    id 1
    label "1"
    Country "Belgium"
    Longitude 4.34878
    Internal 1
    Latitude 50.85045
    type "inner"
    schedulingPolicy "WFQ"
    tosToQoSqueue "39;41;43;40;53;42;47,67;52,65;54,55,56;51,64;57,66;46,0,1,2,3,4,5,6,7,8,9,10,11,12,13,14,15,16,17,18,19,20,21,22,23,24,25,26,27,28,29,30,31,32,33,34,35,36,37,38,44,45,48,49,50,58,59,60,61,62,63,68,69,70,71,72,73,74,75,76,77,78"
    schedulingWeights "0.001,0.001,0.001,0.001,0.001,0.001,0.001,0.001,0.001,0.001,0.001,99.989;15.34,15.462,12.517,15.033,0.691,0.797,1.572,1.688,2.728,1.495,1.688,30.989"
    levelsQoS 12
    queueSizes "32,32,32,32,32,32,32,32,32,32,32,32"
  ]
  node [
    id 2
    label "2"
    Country "Denmark"
    Longitude 12.56553
    Internal 1
    Latitude 55.67594
    type "inner"
    schedulingPolicy "WFQ"
    tosToQoSqueue "39;40;42;47;52;51;46;37,0,1,2,3,4,5,6,7,8,9,10,11,12,13,14,15,16,17,18,19,20,21,22,23,24,25,26,27,28,29,30,31,32,33,34,35,36,38,41,43,44,45,48,49,50,53,54,55,56,57,58,59,60,61,62,63,64,65,66,67,68,69,70,71,72,73,74,75,76,77,78"
    schedulingWeights "15.34,15.033,0.797,0.786,0.844,0.747,0.719,65.734;0.001,0.001,0.001,0.001,0.001,0.001,0.001,99.993;0.001,0.001,0.001,0.001,0.001,0.001,0.001,99.993;0.001,0.001,0.001,0.001,0.001,0.001,0.001,99.993;0.001,0.001,0.001,0.001,0.001,0.001,0.001,99.993;0.001,0.001,0.001,0.001,0.001,0.001,0.001,99.993;0.001,0.001,0.001,0.001,0.001,0.001,0.001,99.993"
    levelsQoS 8
    queueSizes "32,32,32,32,32,32,32,32"
  ]
  node [
    id 3
    label "3"
    Country "Poland"
    Longitude 16.96667
    Internal 1
    Latitude 52.41667
    type "inner"
    schedulingPolicy "WFQ"
    tosToQoSqueue "39,45;44;41;43,50;49;40,48;53;65;54,55,56;64;57;38,0,1,2,3,4,5,6,7,8,9,10,11,12,13,14,15,16,17,18,19,20,21,22,23,24,25,26,27,28,29,30,31,32,33,34,35,36,37,42,46,47,51,52,58,59,60,61,62,63,66,67,68,69,70,71,72,73,74,75,76,77,78"
    schedulingWeights "0.001,0.001,0.001,0.001,0.001,0.001,0.001,0.001,0.001,0.001,0.001,99.989;0.001,0.001,15.462,12.517,0.001,0.001,0.691,0.844,2.728,0.747,0.844,66.162;30.68,12.555,0.001,12.517,12.177,30.066,0.001,0.001,0.001,0.001,0.001,1.998"
    levelsQoS 12
    queueSizes "32,32,32,32,32,32,32,32,32,32,32,32"
  ]
  node [
    id 4
    label "4"
    Country "Germany"
    Longitude 13.41053
    Internal 1
    Latitude 52.52437
    type "inner"
    schedulingPolicy "WFQ"
    tosToQoSqueue "39,45;44;41;43,50;49;58;40,48;59;53;67;65;54,55,56;64;57,66;38,0,1,2,3,4,5,6,7,8,9,10,11,12,13,14,15,16,17,18,19,20,21,22,23,24,25,26,27,28,29,30,31,32,33,34,35,36,37,42,46,47,51,52,60,61,62,63,68,69,70,71,72,73,74,75,76,77,78"
    schedulingWeights "0.001,0.001,15.462,12.517,0.001,0.001,0.001,0.001,0.691,0.001,0.844,2.728,0.747,0.844,66.159;0.001,0.001,0.001,0.001,0.001,0.001,0.001,0.001,0.001,0.001,0.001,0.001,0.001,0.001,99.986;15.34,0.001,0.001,0.001,0.001,0.001,15.033,0.001,0.001,0.001,0.001,0.001,0.001,0.001,69.615;0.001,0.001,0.001,0.001,0.001,0.001,0.001,0.001,0.001,0.001,0.001,0.001,0.001,0.001,99.986;15.34,12.555,0.001,12.517,12.177,15.793,15.033,14.714,0.001,0.786,0.001,0.001,0.001,0.844,0.235;0.001,0.001,0.001,0.001,0.001,0.001,0.001,0.001,0.001,0.001,0.001,0.001,0.001,0.001,99.986;0.001,0.001,0.001,0.001,0.001,0.001,0.001,0.001,0.001,0.001,0.001,0.001,0.001,0.001,99.986;0.001,0.001,0.001,0.001,0.001,0.001,0.001,0.001,0.001,0.001,0.001,0.001,0.001,0.001,99.986;0.001,0.001,0.001,0.001,0.001,0.001,0.001,0.001,0.001,0.001,0.001,0.001,0.001,0.001,99.986"
    levelsQoS 15
    queueSizes "32,32,32,32,32,32,32,32,32,32,32,32,32,32,32"
  ]
  node [
    id 5
    label "5"
    Country "Czech Republic"
    Longitude 14.42076
    Internal 1
    Latitude 50.08804
    type "antenna"
    schedulingPolicy "WFQ"
    tosToQoSqueue "39,45;60,63;44;50,62;49;58;40,48;61;59;70;73;77;67,72,75;65;71;64;66,78;68,69,76;74;38,0,1,2,3,4,5,6,7,8,9,10,11,12,13,14,15,16,17,18,19,20,21,22,23,24,25,26,27,28,29,30,31,32,33,34,35,36,37,41,42,43,46,47,51,52,53,54,55,56,57"
    schedulingWeights "0.001,0.001,0.001,0.001,0.001,0.001,0.001,0.001,0.001,0.001,0.001,0.001,0.001,0.844,0.001,0.747,0.001,0.001,0.001,98.392;15.34,0.001,12.555,12.517,12.177,15.793,15.033,0.001,14.714,0.001,0.001,0.001,0.786,0.001,0.001,0.001,0.844,0.001,0.001,0.23;15.34,32.066,0.001,12.517,0.001,0.001,15.033,16.016,0.001,0.691,0.797,0.707,1.572,0.001,0.909,0.001,0.844,2.157,0.786,0.559;0.001,0.001,0.001,0.001,0.001,0.001,0.001,0.001,0.001,0.001,0.001,0.001,0.001,0.001,0.001,0.001,0.001,0.001,0.001,99.981;0.001,0.001,0.001,0.001,0.001,0.001,0.001,0.001,0.001,0.001,0.001,0.001,0.001,0.001,0.001,0.001,0.001,0.001,0.001,99.981;0.001,0.001,0.001,0.001,0.001,0.001,0.001,0.001,0.001,0.001,0.001,0.001,0.001,0.001,0.001,0.001,0.001,0.001,0.001,99.981;0.001,0.001,0.001,0.001,0.001,0.001,0.001,0.001,0.001,0.001,0.001,0.001,0.001,0.001,0.001,0.001,0.001,0.001,0.001,99.981;0.001,0.001,0.001,0.001,0.001,0.001,0.001,0.001,0.001,0.001,0.001,0.001,0.001,0.001,0.001,0.001,0.001,0.001,0.001,99.981;0.001,0.001,0.001,0.001,0.001,0.001,0.001,0.001,0.001,0.001,0.001,0.001,0.001,0.001,0.001,0.001,0.001,0.001,0.001,99.981;0.001,0.001,0.001,0.001,0.001,0.001,0.001,0.001,0.001,0.001,0.001,0.001,0.001,0.001,0.001,0.001,0.001,0.001,0.001,99.981;0.001,0.001,0.001,0.001,0.001,0.001,0.001,0.001,0.001,0.001,0.001,0.001,0.001,0.001,0.001,0.001,0.001,0.001,0.001,99.981;0.001,0.001,0.001,0.001,0.001,0.001,0.001,0.001,0.001,0.001,0.001,0.001,0.001,0.001,0.001,0.001,0.001,0.001,0.001,99.981;0.001,0.001,0.001,0.001,0.001,0.001,0.001,0.001,0.001,0.001,0.001,0.001,0.001,0.001,0.001,0.001,0.001,0.001,0.001,99.981;0.001,0.001,0.001,0.001,0.001,0.001,0.001,0.001,0.001,0.001,0.001,0.001,0.001,0.001,0.001,0.001,0.001,0.001,0.001,99.981;0.001,0.001,0.001,0.001,0.001,0.001,0.001,0.001,0.001,0.001,0.001,0.001,0.001,0.001,0.001,0.001,0.001,0.001,0.001,99.981;0.001,0.001,0.001,0.001,0.001,0.001,0.001,0.001,0.001,0.001,0.001,0.001,0.001,0.001,0.001,0.001,0.001,0.001,0.001,99.981;0.001,0.001,0.001,0.001,0.001,0.001,0.001,0.001,0.001,0.001,0.001,0.001,0.001,0.001,0.001,0.001,0.001,0.001,0.001,99.981;0.001,0.001,0.001,0.001,0.001,0.001,0.001,0.001,0.001,0.001,0.001,0.001,0.001,0.001,0.001,0.001,0.001,0.001,0.001,99.981;0.001,0.001,0.001,0.001,0.001,0.001,0.001,0.001,0.001,0.001,0.001,0.001,0.001,0.001,0.001,0.001,0.001,0.001,0.001,99.981;0.001,0.001,0.001,0.001,0.001,0.001,0.001,0.001,0.001,0.001,0.001,0.001,0.001,0.001,0.001,0.001,0.001,0.001,0.001,99.981;0.001,0.001,0.001,0.001,0.001,0.001,0.001,0.001,0.001,0.001,0.001,0.001,0.001,0.001,0.001,0.001,0.001,0.001,0.001,99.981;0.001,0.001,0.001,0.001,0.001,0.001,0.001,0.001,0.001,0.001,0.001,0.001,0.001,0.001,0.001,0.001,0.001,0.001,0.001,99.981;0.001,0.001,0.001,0.001,0.001,0.001,0.001,0.001,0.001,0.001,0.001,0.001,0.001,0.001,0.001,0.001,0.001,0.001,0.001,99.981;0.001,0.001,0.001,0.001,0.001,0.001,0.001,0.001,0.001,0.001,0.001,0.001,0.001,0.001,0.001,0.001,0.001,0.001,0.001,99.981;0.001,0.001,0.001,0.001,0.001,0.001,0.001,0.001,0.001,0.001,0.001,0.001,0.001,0.001,0.001,0.001,0.001,0.001,0.001,99.981"
    levelsQoS 20
    queueSizes "32,32,32,32,32,32,32,32,32,32,32,32,32,32,32,32,32,32,32,32"
  ]
  node [
    id 6
    label "6"
    Country "Luxembourg"
    Longitude 6.13
    Internal 1
    Latitude 49.61167
    type "inner"
    schedulingPolicy "WFQ"
    tosToQoSqueue "39,45;44;50;49;58;40,48;59;67;66,0,1,2,3,4,5,6,7,8,9,10,11,12,13,14,15,16,17,18,19,20,21,22,23,24,25,26,27,28,29,30,31,32,33,34,35,36,37,38,41,42,43,46,47,51,52,53,54,55,56,57,60,61,62,63,64,65,68,69,70,71,72,73,74,75,76,77,78"
    schedulingWeights "15.34,0.001,0.001,0.001,0.001,15.033,0.001,0.001,69.621;15.34,12.555,12.517,12.177,15.793,15.033,14.714,0.786,1.084"
    levelsQoS 9
    queueSizes "32,32,32,32,32,32,32,32,32"
  ]
  node [
    id 7
    label "7"
    Country "France"
    Longitude 2.3488
    Internal 1
    Latitude 48.85341
    type "inner"
    schedulingPolicy "WFQ"
    tosToQoSqueue "39,45;44;41;43,50;49;58;40,48;59;70;73;77;67,72,75;71;66,78;68,69,76;74,0,1,2,3,4,5,6,7,8,9,10,11,12,13,14,15,16,17,18,19,20,21,22,23,24,25,26,27,28,29,30,31,32,33,34,35,36,37,38,42,46,47,51,52,53,54,55,56,57,60,61,62,63,64,65"
    schedulingWeights "15.34,0.001,0.001,0.001,0.001,0.001,15.033,0.001,0.001,0.001,0.001,0.001,0.001,0.001,0.001,69.614;15.34,12.555,15.462,25.035,12.177,0.001,15.033,0.001,0.001,0.001,0.001,0.786,0.001,0.844,0.001,2.761;0.001,0.001,0.001,0.001,0.001,15.793,0.001,14.714,0.691,0.797,0.707,1.572,0.909,0.844,2.157,61.809;0.001,0.001,0.001,0.001,0.001,0.001,0.001,0.001,0.001,0.001,0.001,0.001,0.001,0.001,0.001,99.985"
    levelsQoS 16
    queueSizes "32,32,32,32,32,32,32,32,32,32,32,32,32,32,32,32"
  ]
  node [
    id 8
    label "8"
    Country "Switzerland"
    Longitude 7.44744
    Internal 1
    Latitude 46.94809
    type "inner"
    schedulingPolicy "WFQ"
    tosToQoSqueue "45;44;41;43,50;49;48;70;73;77;67,72,75;71;66,78;68,69,76;74,0,1,2,3,4,5,6,7,8,9,10,11,12,13,14,15,16,17,18,19,20,21,22,23,24,25,26,27,28,29,30,31,32,33,34,35,36,37,38,39,40,42,46,47,51,52,53,54,55,56,57,58,59,60,61,62,63,64,65"
    schedulingWeights "0.001,0.001,0.001,0.001,0.001,0.001,0.001,0.001,0.001,0.001,0.001,0.001,0.001,99.987;0.001,0.001,0.001,0.001,0.001,0.001,0.691,0.797,0.707,1.572,0.909,0.844,2.157,92.317;15.34,12.555,15.462,25.035,12.177,15.033,0.001,0.001,0.001,0.786,0.001,0.844,0.001,2.763;0.001,0.001,0.001,0.001,0.001,0.001,0.001,0.001,0.001,0.001,0.001,0.001,0.001,99.987"
    levelsQoS 14
    queueSizes "32,32,32,32,32,32,32,32,32,32,32,32,32,32"
  ]
  node [
    id 9
    label "9"
    Country "Italy"
    Longitude 12.4839
    Internal 1
    Latitude 41.89474
    type "destination_urllc"
    schedulingPolicy "FIFO"
    levelsQoS "1"
    schedulingWeights "-"
    tosToQoSqueue "0,1,2,3,4,5,6,7,8,9,10,11,12,13,14,15,16,17,18,19,20,21,22,23,24,25,26,27,28,29,30,31,32,33,34,35,36,37,38,39,40,41,42,43,44,45,46,47,48,49,50,51,52,53,54,55,56,57,58,59,60,61,62,63,64,65,66,67,68,69,70,71,72,73,74,75,76,77,78"
    queueSizes "32"
  ]
  node [
    id 10
    label "10"
    Country "Greece"
    Longitude 21.73444
    Internal 1
    Latitude 38.24444
    type "inner"
    schedulingPolicy "WFQ"
    tosToQoSqueue "39;60,63;62;40;61;70;73;77;72,75;71;78;68,69,76;74,0,1,2,3,4,5,6,7,8,9,10,11,12,13,14,15,16,17,18,19,20,21,22,23,24,25,26,27,28,29,30,31,32,33,34,35,36,37,38,41,42,43,44,45,46,47,48,49,50,51,52,53,54,55,56,57,58,59,64,65,66,67"
    schedulingWeights "15.34,32.066,12.517,15.033,16.016,0.691,0.797,0.707,1.572,0.909,0.844,2.157,1.351;0.001,0.001,0.001,0.001,0.001,0.001,0.001,0.001,0.001,0.001,0.001,0.001,99.988;0.001,0.001,0.001,0.001,0.001,0.001,0.001,0.001,0.001,0.001,0.001,0.001,99.988;0.001,0.001,0.001,0.001,0.001,0.001,0.001,0.001,0.001,0.001,0.001,0.001,99.988"
    levelsQoS 13
    queueSizes "32,32,32,32,32,32,32,32,32,32,32,32,32"
  ]
  node [
    id 11
    label "11"
    Country "Cyprus"
    Longitude 33.36667
    Internal 1
    Latitude 35.16667
    type "inner"
    schedulingPolicy "WFQ"
    tosToQoSqueue "0,1,2,3,4,5,6,7,8,9,10,11,12,13,14,15,16,17,18,19,20,21,22,23,24,25,26,27,28,29,30,31,32,33,34,35,36,37,38,39,40,41,42,43,44,45,46,47,48,49,50,51,52,53,54,55,56,57,58,59,60,61,62,63,64,65,66,67,68,69,70,71,72,73,74,75,76,77,78"
    schedulingWeights "100;100"
    levelsQoS 1
    queueSizes "32"
  ]
  node [
    id 12
    label "12"
    geocode_country "Israel"
    Country "Israel"
    Longitude 34.75
    Internal 1
    Latitude 31.5
    type "inner"
    schedulingPolicy "WFQ"
    tosToQoSqueue "0,1,2,3,4,5,6,7,8,9,10,11,12,13,14,15,16,17,18,19,20,21,22,23,24,25,26,27,28,29,30,31,32,33,34,35,36,37,38,39,40,41,42,43,44,45,46,47,48,49,50,51,52,53,54,55,56,57,58,59,60,61,62,63,64,65,66,67,68,69,70,71,72,73,74,75,76,77,78"
    schedulingWeights "100"
    levelsQoS 1
    queueSizes "32"
  ]
  node [
    id 13
    label "13"
    Country "Malta"
    Longitude 14.42556
    Internal 1
    Latitude 35.90917
    type "inner"
    schedulingPolicy "WFQ"
    tosToQoSqueue "67;66,0,1,2,3,4,5,6,7,8,9,10,11,12,13,14,15,16,17,18,19,20,21,22,23,24,25,26,27,28,29,30,31,32,33,34,35,36,37,38,39,40,41,42,43,44,45,46,47,48,49,50,51,52,53,54,55,56,57,58,59,60,61,62,63,64,65,68,69,70,71,72,73,74,75,76,77,78"
    schedulingWeights "0.786,99.214;0.001,99.999"
    levelsQoS 2
    queueSizes "32,32"
  ]
  node [
    id 14
    label "14"
    geocode_country "Turkey"
    Country "Turkey"
    Longitude 34.91155
    Internal 1
    Latitude 39.05901
    type "inner"
    schedulingPolicy "WFQ"
    tosToQoSqueue "39;60,63;62;40;61;70;73;77;72,75;71;78;68,69,76;74,0,1,2,3,4,5,6,7,8,9,10,11,12,13,14,15,16,17,18,19,20,21,22,23,24,25,26,27,28,29,30,31,32,33,34,35,36,37,38,41,42,43,44,45,46,47,48,49,50,51,52,53,54,55,56,57,58,59,64,65,66,67"
    schedulingWeights "15.34,32.066,12.517,15.033,16.016,0.691,0.797,0.707,1.572,0.909,0.844,2.157,1.351;0.001,0.001,0.001,0.001,0.001,0.001,0.001,0.001,0.001,0.001,0.001,0.001,99.988"
    levelsQoS 13
    queueSizes "32,32,32,32,32,32,32,32,32,32,32,32,32"
  ]
  node [
    id 15
    label "15"
    Country "Romania"
    Longitude 26.10626
    Internal 1
    Latitude 44.43225
    type "inner"
    schedulingPolicy "WFQ"
    tosToQoSqueue "39;60,63;62;40;61;70;73;77;72,75;71;78;68,69,76;74,0,1,2,3,4,5,6,7,8,9,10,11,12,13,14,15,16,17,18,19,20,21,22,23,24,25,26,27,28,29,30,31,32,33,34,35,36,37,38,41,42,43,44,45,46,47,48,49,50,51,52,53,54,55,56,57,58,59,64,65,66,67"
    schedulingWeights "15.34,32.066,12.517,15.033,16.016,0.691,0.797,0.707,1.572,0.909,0.844,2.157,1.351;0.001,0.001,0.001,0.001,0.001,0.001,0.001,0.001,0.001,0.001,0.001,0.001,99.988;0.001,0.001,0.001,0.001,0.001,0.001,0.001,0.001,0.001,0.001,0.001,0.001,99.988"
    levelsQoS 13
    queueSizes "32,32,32,32,32,32,32,32,32,32,32,32,32"
  ]
  node [
    id 16
    label "16"
    Country "Hungary"
    Longitude 19.03991
    Internal 1
    Latitude 47.49801
    type "inner"
    schedulingPolicy "WFQ"
    tosToQoSqueue "39;60,63;62;40;61;70;73;77;72,75;71;78;68,69,76;74,0,1,2,3,4,5,6,7,8,9,10,11,12,13,14,15,16,17,18,19,20,21,22,23,24,25,26,27,28,29,30,31,32,33,34,35,36,37,38,41,42,43,44,45,46,47,48,49,50,51,52,53,54,55,56,57,58,59,64,65,66,67"
    schedulingWeights "15.34,32.066,12.517,15.033,16.016,0.691,0.797,0.707,1.572,0.909,0.844,2.157,1.351;0.001,0.001,0.001,0.001,0.001,0.001,0.001,0.001,0.001,0.001,0.001,0.001,99.988;0.001,0.001,0.001,0.001,0.001,0.001,0.001,0.001,0.001,0.001,0.001,0.001,99.988;0.001,0.001,0.001,0.001,0.001,0.001,0.001,0.001,0.001,0.001,0.001,0.001,99.988"
    levelsQoS 13
    queueSizes "32,32,32,32,32,32,32,32,32,32,32,32,32"
  ]
  node [
    id 17
    label "17"
    Country "Slovakia"
    Longitude 17.10674
    Internal 1
    Latitude 48.14816
    type "inner"
    schedulingPolicy "WFQ"
    tosToQoSqueue "39;60,63;62;40;61;70;73;77;72,75;71;78;68,69,76;74,0,1,2,3,4,5,6,7,8,9,10,11,12,13,14,15,16,17,18,19,20,21,22,23,24,25,26,27,28,29,30,31,32,33,34,35,36,37,38,41,42,43,44,45,46,47,48,49,50,51,52,53,54,55,56,57,58,59,64,65,66,67"
    schedulingWeights "0.001,0.001,0.001,0.001,0.001,0.001,0.001,0.001,0.001,0.001,0.001,0.001,99.988;15.34,32.066,12.517,15.033,16.016,0.691,0.797,0.707,1.572,0.909,0.844,2.157,1.351;0.001,0.001,0.001,0.001,0.001,0.001,0.001,0.001,0.001,0.001,0.001,0.001,99.988"
    levelsQoS 13
    queueSizes "32,32,32,32,32,32,32,32,32,32,32,32,32"
  ]
  node [
    id 18
    label "18"
    Country "Portugal"
    Longitude -9.13333
    Internal 1
    Latitude 38.71667
    type "inner"
    schedulingPolicy "WFQ"
    tosToQoSqueue "70;73;77;72,75;71;78;68,69,76;74,0,1,2,3,4,5,6,7,8,9,10,11,12,13,14,15,16,17,18,19,20,21,22,23,24,25,26,27,28,29,30,31,32,33,34,35,36,37,38,39,40,41,42,43,44,45,46,47,48,49,50,51,52,53,54,55,56,57,58,59,60,61,62,63,64,65,66,67"
    schedulingWeights "0.001,0.001,0.001,0.001,0.001,0.001,0.001,99.993;0.691,0.797,0.707,1.572,0.909,0.844,2.157,92.323"
    levelsQoS 8
    queueSizes "32,32,32,32,32,32,32,32"
  ]
  node [
    id 19
    label "19"
    Country "Spain"
    Longitude -3.70256
    Internal 1
    Latitude 40.4165
    type "inner"
    schedulingPolicy "WFQ"
    tosToQoSqueue "58;59;70;73;77;72,75;71;78;68,69,76;74,0,1,2,3,4,5,6,7,8,9,10,11,12,13,14,15,16,17,18,19,20,21,22,23,24,25,26,27,28,29,30,31,32,33,34,35,36,37,38,39,40,41,42,43,44,45,46,47,48,49,50,51,52,53,54,55,56,57,60,61,62,63,64,65,66,67"
    schedulingWeights "0.001,0.001,0.001,0.001,0.001,0.001,0.001,0.001,0.001,99.991;0.001,0.001,0.001,0.001,0.001,0.001,0.001,0.001,0.001,99.991;15.793,14.714,0.001,0.001,0.001,0.001,0.001,0.001,0.001,69.486;0.001,0.001,0.691,0.797,0.707,1.572,0.909,0.844,2.157,92.321"
    levelsQoS 10
    queueSizes "32,32,32,32,32,32,32,32,32,32"
  ]
  node [
    id 20
    label "20"
    Country "Bulgaria"
    Longitude 23.32415
    Internal 1
    Latitude 42.69751
    type "inner"
    schedulingPolicy "WFQ"
    tosToQoSqueue "39;60,63;62;40;61;70;73;77;72,75;71;78;68,69,76;74,0,1,2,3,4,5,6,7,8,9,10,11,12,13,14,15,16,17,18,19,20,21,22,23,24,25,26,27,28,29,30,31,32,33,34,35,36,37,38,41,42,43,44,45,46,47,48,49,50,51,52,53,54,55,56,57,58,59,64,65,66,67"
    schedulingWeights "15.34,32.066,12.517,15.033,16.016,0.691,0.797,0.707,1.572,0.909,0.844,2.157,1.351;0.001,0.001,0.001,0.001,0.001,0.001,0.001,0.001,0.001,0.001,0.001,0.001,99.988;0.001,0.001,0.001,0.001,0.001,0.001,0.001,0.001,0.001,0.001,0.001,0.001,99.988;0.001,0.001,0.001,0.001,0.001,0.001,0.001,0.001,0.001,0.001,0.001,0.001,99.988"
    levelsQoS 13
    queueSizes "32,32,32,32,32,32,32,32,32,32,32,32,32"
  ]
  node [
    id 21
    label "21"
    Country "Croatia"
    Longitude 16.53917
    Internal 1
    Latitude 45.23167
    type "inner"
    schedulingPolicy "WFQ"
    tosToQoSqueue "0,1,2,3,4,5,6,7,8,9,10,11,12,13,14,15,16,17,18,19,20,21,22,23,24,25,26,27,28,29,30,31,32,33,34,35,36,37,38,39,40,41,42,43,44,45,46,47,48,49,50,51,52,53,54,55,56,57,58,59,60,61,62,63,64,65,66,67,68,69,70,71,72,73,74,75,76,77,78"
    schedulingWeights "100;100"
    levelsQoS 1
    queueSizes "32"
  ]
  node [
    id 22
    label "22"
    Country "Slovenia"
    Longitude 14.50513
    Internal 1
    Latitude 46.05108
    type "inner"
    schedulingPolicy "WFQ"
    tosToQoSqueue "0,1,2,3,4,5,6,7,8,9,10,11,12,13,14,15,16,17,18,19,20,21,22,23,24,25,26,27,28,29,30,31,32,33,34,35,36,37,38,39,40,41,42,43,44,45,46,47,48,49,50,51,52,53,54,55,56,57,58,59,60,61,62,63,64,65,66,67,68,69,70,71,72,73,74,75,76,77,78"
    schedulingWeights "100;100"
    levelsQoS 1
    queueSizes "32"
  ]
  node [
    id 23
    label "23"
    Country "Austria"
    Longitude 14.28611
    Internal 1
    Latitude 48.30639
    type "inner"
    schedulingPolicy "WFQ"
    tosToQoSqueue "0,1,2,3,4,5,6,7,8,9,10,11,12,13,14,15,16,17,18,19,20,21,22,23,24,25,26,27,28,29,30,31,32,33,34,35,36,37,38,39,40,41,42,43,44,45,46,47,48,49,50,51,52,53,54,55,56,57,58,59,60,61,62,63,64,65,66,67,68,69,70,71,72,73,74,75,76,77,78"
    schedulingWeights "100;100;100;100;100"
    levelsQoS 1
    queueSizes "32"
  ]
  node [
    id 24
    label "24"
    Country "Belarus"
    Longitude 26.8
    Internal 1
    Latitude 53.76667
    type "inner"
    schedulingPolicy "WFQ"
    tosToQoSqueue "45;44;41;43,50;49;48;53;54,55,56;57,0,1,2,3,4,5,6,7,8,9,10,11,12,13,14,15,16,17,18,19,20,21,22,23,24,25,26,27,28,29,30,31,32,33,34,35,36,37,38,39,40,42,46,47,51,52,58,59,60,61,62,63,64,65,66,67,68,69,70,71,72,73,74,75,76,77,78"
    schedulingWeights "15.34,12.555,15.462,25.035,12.177,15.033,0.691,2.728,0.979;0.001,0.001,0.001,0.001,0.001,0.001,0.001,0.001,99.992"
    levelsQoS 9
    queueSizes "32,32,32,32,32,32,32,32,32"
  ]
  node [
    id 25
    label "25"
    Country "Russia"
    Longitude 37.61556
    Internal 1
    Latitude 55.75222
    type "inner"
    schedulingPolicy "WFQ"
    tosToQoSqueue "0,1,2,3,4,5,6,7,8,9,10,11,12,13,14,15,16,17,18,19,20,21,22,23,24,25,26,27,28,29,30,31,32,33,34,35,36,37,38,39,40,41,42,43,44,45,46,47,48,49,50,51,52,53,54,55,56,57,58,59,60,61,62,63,64,65,66,67,68,69,70,71,72,73,74,75,76,77,78"
    schedulingWeights "100;100"
    levelsQoS 1
    queueSizes "32"
  ]
  node [
    id 26
    label "26"
    Country "Iceland"
    Longitude -21.89541
    Internal 1
    Latitude 64.13548
    type "inner"
    schedulingPolicy "WFQ"
    tosToQoSqueue "0,1,2,3,4,5,6,7,8,9,10,11,12,13,14,15,16,17,18,19,20,21,22,23,24,25,26,27,28,29,30,31,32,33,34,35,36,37,38,39,40,41,42,43,44,45,46,47,48,49,50,51,52,53,54,55,56,57,58,59,60,61,62,63,64,65,66,67,68,69,70,71,72,73,74,75,76,77,78"
    schedulingWeights "100"
    levelsQoS 1
    queueSizes "32"
  ]
  node [
    id 27
    label "27"
    Country "Ireland"
    Longitude -6.26719
    Internal 1
    Latitude 53.34399
    type "destination_mmtc"
    schedulingPolicy "FIFO"
    levelsQoS "1"
    schedulingWeights "-"
    tosToQoSqueue "0,1,2,3,4,5,6,7,8,9,10,11,12,13,14,15,16,17,18,19,20,21,22,23,24,25,26,27,28,29,30,31,32,33,34,35,36,37,38,39,40,41,42,43,44,45,46,47,48,49,50,51,52,53,54,55,56,57,58,59,60,61,62,63,64,65,66,67,68,69,70,71,72,73,74,75,76,77,78"
    queueSizes "32"
  ]
  node [
    id 28
    label "28"
    Country "United Kingdom"
    Longitude -0.12574
    Internal 1
    Latitude 51.50853
    type "inner"
    schedulingPolicy "WFQ"
    tosToQoSqueue "39;41;43;40;53,70;42,73;77;47,67,72,75;52,65;54,55,56,71;51,64;57,66,78;46,68,69,76;74,0,1,2,3,4,5,6,7,8,9,10,11,12,13,14,15,16,17,18,19,20,21,22,23,24,25,26,27,28,29,30,31,32,33,34,35,36,37,38,44,45,48,49,50,58,59,60,61,62,63"
    schedulingWeights "0.001,0.001,0.001,0.001,0.001,0.001,0.001,0.001,0.001,0.001,0.001,0.001,0.001,99.987;15.34,15.462,12.517,15.033,0.001,0.001,0.001,0.001,0.001,0.001,0.001,0.001,0.001,41.639;0.001,0.001,0.001,0.001,0.001,0.001,0.001,0.001,0.001,0.001,0.001,0.001,0.001,99.987;0.001,0.001,0.001,0.001,1.382,1.595,0.707,3.143,1.688,3.638,1.495,2.532,2.876,80.941"
    levelsQoS 14
    queueSizes "32,32,32,32,32,32,32,32,32,32,32,32,32,32"
  ]
  node [
    id 29
    label "29"
    Country "Finland"
    Longitude 25.46816
    Internal 1
    Latitude 65.01236
    type "inner"
    schedulingPolicy "WFQ"
    tosToQoSqueue "0,1,2,3,4,5,6,7,8,9,10,11,12,13,14,15,16,17,18,19,20,21,22,23,24,25,26,27,28,29,30,31,32,33,34,35,36,37,38,39,40,41,42,43,44,45,46,47,48,49,50,51,52,53,54,55,56,57,58,59,60,61,62,63,64,65,66,67,68,69,70,71,72,73,74,75,76,77,78"
    schedulingWeights "100;100"
    levelsQoS 1
    queueSizes "32"
  ]
  node [
    id 30
    label "30"
    Country "Sweden"
    Longitude 18.0649
    Internal 1
    Latitude 59.33258
    type "inner"
    schedulingPolicy "WFQ"
    tosToQoSqueue "0,1,2,3,4,5,6,7,8,9,10,11,12,13,14,15,16,17,18,19,20,21,22,23,24,25,26,27,28,29,30,31,32,33,34,35,36,37,38,39,40,41,42,43,44,45,46,47,48,49,50,51,52,53,54,55,56,57,58,59,60,61,62,63,64,65,66,67,68,69,70,71,72,73,74,75,76,77,78"
    schedulingWeights "100;100;100"
    levelsQoS 1
    queueSizes "32"
  ]
  node [
    id 31
    label "31"
    Country "Finland"
    Longitude 22.26869
    Internal 1
    Latitude 60.45148
    type "inner"
    schedulingPolicy "WFQ"
    tosToQoSqueue "0,1,2,3,4,5,6,7,8,9,10,11,12,13,14,15,16,17,18,19,20,21,22,23,24,25,26,27,28,29,30,31,32,33,34,35,36,37,38,39,40,41,42,43,44,45,46,47,48,49,50,51,52,53,54,55,56,57,58,59,60,61,62,63,64,65,66,67,68,69,70,71,72,73,74,75,76,77,78"
    schedulingWeights "100"
    levelsQoS 1
    queueSizes "32"
  ]
  node [
    id 32
    label "32"
    Country "Estonia"
    Longitude 24.75353
    Internal 1
    Latitude 59.43696
    type "antenna"
    schedulingPolicy "WFQ"
    tosToQoSqueue "39,45;44;41;43,50;49;40,48;53;42;47;52;54,55,56;51;57;46;37,0,1,2,3,4,5,6,7,8,9,10,11,12,13,14,15,16,17,18,19,20,21,22,23,24,25,26,27,28,29,30,31,32,33,34,35,36,38,58,59,60,61,62,63,64,65,66,67,68,69,70,71,72,73,74,75,76,77,78"
    schedulingWeights "15.34,0.001,0.001,0.001,0.001,15.033,0.001,0.797,0.786,0.844,0.001,0.747,0.001,0.719,65.727;15.34,12.555,15.462,25.035,12.177,15.033,0.691,0.001,0.001,0.001,2.728,0.001,0.844,0.001,0.13;0.001,0.001,0.001,0.001,0.001,0.001,0.001,0.001,0.001,0.001,0.001,0.001,0.001,0.001,99.986;0.001,0.001,0.001,0.001,0.001,0.001,0.001,0.001,0.001,0.001,0.001,0.001,0.001,0.001,99.986;0.001,0.001,0.001,0.001,0.001,0.001,0.001,0.001,0.001,0.001,0.001,0.001,0.001,0.001,99.986;0.001,0.001,0.001,0.001,0.001,0.001,0.001,0.001,0.001,0.001,0.001,0.001,0.001,0.001,99.986;0.001,0.001,0.001,0.001,0.001,0.001,0.001,0.001,0.001,0.001,0.001,0.001,0.001,0.001,99.986;0.001,0.001,0.001,0.001,0.001,0.001,0.001,0.001,0.001,0.001,0.001,0.001,0.001,0.001,99.986;0.001,0.001,0.001,0.001,0.001,0.001,0.001,0.001,0.001,0.001,0.001,0.001,0.001,0.001,99.986;0.001,0.001,0.001,0.001,0.001,0.001,0.001,0.001,0.001,0.001,0.001,0.001,0.001,0.001,99.986;0.001,0.001,0.001,0.001,0.001,0.001,0.001,0.001,0.001,0.001,0.001,0.001,0.001,0.001,99.986;0.001,0.001,0.001,0.001,0.001,0.001,0.001,0.001,0.001,0.001,0.001,0.001,0.001,0.001,99.986;0.001,0.001,0.001,0.001,0.001,0.001,0.001,0.001,0.001,0.001,0.001,0.001,0.001,0.001,99.986;0.001,0.001,0.001,0.001,0.001,0.001,0.001,0.001,0.001,0.001,0.001,0.001,0.001,0.001,99.986;0.001,0.001,0.001,0.001,0.001,0.001,0.001,0.001,0.001,0.001,0.001,0.001,0.001,0.001,99.986;0.001,0.001,0.001,0.001,0.001,0.001,0.001,0.001,0.001,0.001,0.001,0.001,0.001,0.001,99.986;0.001,0.001,0.001,0.001,0.001,0.001,0.001,0.001,0.001,0.001,0.001,0.001,0.001,0.001,99.986;0.001,0.001,0.001,0.001,0.001,0.001,0.001,0.001,0.001,0.001,0.001,0.001,0.001,0.001,99.986;0.001,0.001,0.001,0.001,0.001,0.001,0.001,0.001,0.001,0.001,0.001,0.001,0.001,0.001,99.986;0.001,0.001,0.001,0.001,0.001,0.001,0.001,0.001,0.001,0.001,0.001,0.001,0.001,0.001,99.986;0.001,0.001,0.001,0.001,0.001,0.001,0.001,0.001,0.001,0.001,0.001,0.001,0.001,0.001,99.986;0.001,0.001,0.001,0.001,0.001,0.001,0.001,0.001,0.001,0.001,0.001,0.001,0.001,0.001,99.986"
    levelsQoS 15
    queueSizes "32,32,32,32,32,32,32,32,32,32,32,32,32,32,32"
  ]
  node [
    id 33
    label "33"
    Country "Latvia"
    Longitude 24.10589
    Internal 1
    Latitude 56.946
    type "inner"
    schedulingPolicy "WFQ"
    tosToQoSqueue "45;44;41;43,50;49;48;53;54,55,56;57,0,1,2,3,4,5,6,7,8,9,10,11,12,13,14,15,16,17,18,19,20,21,22,23,24,25,26,27,28,29,30,31,32,33,34,35,36,37,38,39,40,42,46,47,51,52,58,59,60,61,62,63,64,65,66,67,68,69,70,71,72,73,74,75,76,77,78"
    schedulingWeights "15.34,12.555,15.462,25.035,12.177,15.033,0.691,2.728,0.979;0.001,0.001,0.001,0.001,0.001,0.001,0.001,0.001,99.992"
    levelsQoS 9
    queueSizes "32,32,32,32,32,32,32,32,32"
  ]
  node [
    id 34
    label "34"
    schedulingPolicy "FIFO"
    levelsQoS "1"
    schedulingWeights "-"
    tosToQoSqueue "0,1,2,3,4,5,6,7,8,9,10,11,12,13,14,15,16,17,18,19,20,21,22,23,24,25,26,27,28,29,30,31,32,33,34,35,36,37,38,39,40,41,42,43,44,45,46,47,48,49,50,51,52,53,54,55,56,57,58,59,60,61,62,63,64,65,66,67,68,69,70,71,72,73,74,75,76,77,78"
    queueSizes "32"
    type "destination_urllc"
  ]
  node [
    id 35
    label "35"
    schedulingPolicy "FIFO"
    levelsQoS "1"
    schedulingWeights "-"
    tosToQoSqueue "0,1,2,3,4,5,6,7,8,9,10,11,12,13,14,15,16,17,18,19,20,21,22,23,24,25,26,27,28,29,30,31,32,33,34,35,36,37,38,39,40,41,42,43,44,45,46,47,48,49,50,51,52,53,54,55,56,57,58,59,60,61,62,63,64,65,66,67,68,69,70,71,72,73,74,75,76,77,78"
    queueSizes "32"
    type "destination_mmtc"
  ]
  node [
    id 36
    label "36"
    schedulingPolicy "FIFO"
    levelsQoS "1"
    schedulingWeights "-"
    tosToQoSqueue "0,1,2,3,4,5,6,7,8,9,10,11,12,13,14,15,16,17,18,19,20,21,22,23,24,25,26,27,28,29,30,31,32,33,34,35,36,37,38,39,40,41,42,43,44,45,46,47,48,49,50,51,52,53,54,55,56,57,58,59,60,61,62,63,64,65,66,67,68,69,70,71,72,73,74,75,76,77,78"
    queueSizes "32"
    type "destination_embb"
  ]
  node [
    id 37
    label "37"
    schedulingPolicy "FIFO"
    levelsQoS "1"
    schedulingWeights "-"
    tosToQoSqueue "0,1,2,3,4,5,6,7,8,9,10,11,12,13,14,15,16,17,18,19,20,21,22,23,24,25,26,27,28,29,30,31,32,33,34,35,36,37,38,39,40,41,42,43,44,45,46,47,48,49,50,51,52,53,54,55,56,57,58,59,60,61,62,63,64,65,66,67,68,69,70,71,72,73,74,75,76,77,78"
    queueSizes "32"
    type "origin_embb"
    reservation 16277400.0
  ]
  node [
    id 38
    label "38"
    schedulingPolicy "FIFO"
    levelsQoS "1"
    schedulingWeights "-"
    tosToQoSqueue "0,1,2,3,4,5,6,7,8,9,10,11,12,13,14,15,16,17,18,19,20,21,22,23,24,25,26,27,28,29,30,31,32,33,34,35,36,37,38,39,40,41,42,43,44,45,46,47,48,49,50,51,52,53,54,55,56,57,58,59,60,61,62,63,64,65,66,67,68,69,70,71,72,73,74,75,76,77,78"
    queueSizes "32"
    type "origin_embb"
    reservation 16536600.0
  ]
  node [
    id 39
    label "39"
    schedulingPolicy "FIFO"
    levelsQoS "1"
    schedulingWeights "-"
    tosToQoSqueue "0,1,2,3,4,5,6,7,8,9,10,11,12,13,14,15,16,17,18,19,20,21,22,23,24,25,26,27,28,29,30,31,32,33,34,35,36,37,38,39,40,41,42,43,44,45,46,47,48,49,50,51,52,53,54,55,56,57,58,59,60,61,62,63,64,65,66,67,68,69,70,71,72,73,74,75,76,77,78"
    queueSizes "32"
    type "origin_urllc"
    reservation 3834950.0
  ]
  node [
    id 40
    label "40"
    schedulingPolicy "FIFO"
    levelsQoS "1"
    schedulingWeights "-"
    tosToQoSqueue "0,1,2,3,4,5,6,7,8,9,10,11,12,13,14,15,16,17,18,19,20,21,22,23,24,25,26,27,28,29,30,31,32,33,34,35,36,37,38,39,40,41,42,43,44,45,46,47,48,49,50,51,52,53,54,55,56,57,58,59,60,61,62,63,64,65,66,67,68,69,70,71,72,73,74,75,76,77,78"
    queueSizes "32"
    type "origin_urllc"
    reservation 3758300.0
  ]
  node [
    id 41
    label "41"
    schedulingPolicy "FIFO"
    levelsQoS "1"
    schedulingWeights "-"
    tosToQoSqueue "0,1,2,3,4,5,6,7,8,9,10,11,12,13,14,15,16,17,18,19,20,21,22,23,24,25,26,27,28,29,30,31,32,33,34,35,36,37,38,39,40,41,42,43,44,45,46,47,48,49,50,51,52,53,54,55,56,57,58,59,60,61,62,63,64,65,66,67,68,69,70,71,72,73,74,75,76,77,78"
    queueSizes "32"
    type "origin_urllc"
    reservation 3865400.0
  ]
  node [
    id 42
    label "42"
    schedulingPolicy "FIFO"
    levelsQoS "1"
    schedulingWeights "-"
    tosToQoSqueue "0,1,2,3,4,5,6,7,8,9,10,11,12,13,14,15,16,17,18,19,20,21,22,23,24,25,26,27,28,29,30,31,32,33,34,35,36,37,38,39,40,41,42,43,44,45,46,47,48,49,50,51,52,53,54,55,56,57,58,59,60,61,62,63,64,65,66,67,68,69,70,71,72,73,74,75,76,77,78"
    queueSizes "32"
    type "origin_mmtc"
    reservation 199340.0
  ]
  node [
    id 43
    label "43"
    schedulingPolicy "FIFO"
    levelsQoS "1"
    schedulingWeights "-"
    tosToQoSqueue "0,1,2,3,4,5,6,7,8,9,10,11,12,13,14,15,16,17,18,19,20,21,22,23,24,25,26,27,28,29,30,31,32,33,34,35,36,37,38,39,40,41,42,43,44,45,46,47,48,49,50,51,52,53,54,55,56,57,58,59,60,61,62,63,64,65,66,67,68,69,70,71,72,73,74,75,76,77,78"
    queueSizes "32"
    type "origin_urllc"
    reservation 3129350.0
  ]
  node [
    id 44
    label "44"
    schedulingPolicy "FIFO"
    levelsQoS "1"
    schedulingWeights "-"
    tosToQoSqueue "0,1,2,3,4,5,6,7,8,9,10,11,12,13,14,15,16,17,18,19,20,21,22,23,24,25,26,27,28,29,30,31,32,33,34,35,36,37,38,39,40,41,42,43,44,45,46,47,48,49,50,51,52,53,54,55,56,57,58,59,60,61,62,63,64,65,66,67,68,69,70,71,72,73,74,75,76,77,78"
    queueSizes "32"
    type "origin_urllc"
    reservation 3138800.0
  ]
  node [
    id 45
    label "45"
    schedulingPolicy "FIFO"
    levelsQoS "1"
    schedulingWeights "-"
    tosToQoSqueue "0,1,2,3,4,5,6,7,8,9,10,11,12,13,14,15,16,17,18,19,20,21,22,23,24,25,26,27,28,29,30,31,32,33,34,35,36,37,38,39,40,41,42,43,44,45,46,47,48,49,50,51,52,53,54,55,56,57,58,59,60,61,62,63,64,65,66,67,68,69,70,71,72,73,74,75,76,77,78"
    queueSizes "32"
    type "origin_urllc"
    reservation 3834950.0
  ]
  node [
    id 46
    label "46"
    schedulingPolicy "FIFO"
    levelsQoS "1"
    schedulingWeights "-"
    tosToQoSqueue "0,1,2,3,4,5,6,7,8,9,10,11,12,13,14,15,16,17,18,19,20,21,22,23,24,25,26,27,28,29,30,31,32,33,34,35,36,37,38,39,40,41,42,43,44,45,46,47,48,49,50,51,52,53,54,55,56,57,58,59,60,61,62,63,64,65,66,67,68,69,70,71,72,73,74,75,76,77,78"
    queueSizes "32"
    type "origin_mmtc"
    reservation 179720.0
  ]
  node [
    id 47
    label "47"
    schedulingPolicy "FIFO"
    levelsQoS "1"
    schedulingWeights "-"
    tosToQoSqueue "0,1,2,3,4,5,6,7,8,9,10,11,12,13,14,15,16,17,18,19,20,21,22,23,24,25,26,27,28,29,30,31,32,33,34,35,36,37,38,39,40,41,42,43,44,45,46,47,48,49,50,51,52,53,54,55,56,57,58,59,60,61,62,63,64,65,66,67,68,69,70,71,72,73,74,75,76,77,78"
    queueSizes "32"
    type "origin_mmtc"
    reservation 196460.0
  ]
  node [
    id 48
    label "48"
    schedulingPolicy "FIFO"
    levelsQoS "1"
    schedulingWeights "-"
    tosToQoSqueue "0,1,2,3,4,5,6,7,8,9,10,11,12,13,14,15,16,17,18,19,20,21,22,23,24,25,26,27,28,29,30,31,32,33,34,35,36,37,38,39,40,41,42,43,44,45,46,47,48,49,50,51,52,53,54,55,56,57,58,59,60,61,62,63,64,65,66,67,68,69,70,71,72,73,74,75,76,77,78"
    queueSizes "32"
    type "origin_urllc"
    reservation 3758300.0
  ]
  node [
    id 49
    label "49"
    schedulingPolicy "FIFO"
    levelsQoS "1"
    schedulingWeights "-"
    tosToQoSqueue "0,1,2,3,4,5,6,7,8,9,10,11,12,13,14,15,16,17,18,19,20,21,22,23,24,25,26,27,28,29,30,31,32,33,34,35,36,37,38,39,40,41,42,43,44,45,46,47,48,49,50,51,52,53,54,55,56,57,58,59,60,61,62,63,64,65,66,67,68,69,70,71,72,73,74,75,76,77,78"
    queueSizes "32"
    type "origin_urllc"
    reservation 3044300.0
  ]
  node [
    id 50
    label "50"
    schedulingPolicy "FIFO"
    levelsQoS "1"
    schedulingWeights "-"
    tosToQoSqueue "0,1,2,3,4,5,6,7,8,9,10,11,12,13,14,15,16,17,18,19,20,21,22,23,24,25,26,27,28,29,30,31,32,33,34,35,36,37,38,39,40,41,42,43,44,45,46,47,48,49,50,51,52,53,54,55,56,57,58,59,60,61,62,63,64,65,66,67,68,69,70,71,72,73,74,75,76,77,78"
    queueSizes "32"
    type "origin_urllc"
    reservation 3129350.0
  ]
  node [
    id 51
    label "51"
    schedulingPolicy "FIFO"
    levelsQoS "1"
    schedulingWeights "-"
    tosToQoSqueue "0,1,2,3,4,5,6,7,8,9,10,11,12,13,14,15,16,17,18,19,20,21,22,23,24,25,26,27,28,29,30,31,32,33,34,35,36,37,38,39,40,41,42,43,44,45,46,47,48,49,50,51,52,53,54,55,56,57,58,59,60,61,62,63,64,65,66,67,68,69,70,71,72,73,74,75,76,77,78"
    queueSizes "32"
    type "origin_mmtc"
    reservation 186860.0
  ]
  node [
    id 52
    label "52"
    schedulingPolicy "FIFO"
    levelsQoS "1"
    schedulingWeights "-"
    tosToQoSqueue "0,1,2,3,4,5,6,7,8,9,10,11,12,13,14,15,16,17,18,19,20,21,22,23,24,25,26,27,28,29,30,31,32,33,34,35,36,37,38,39,40,41,42,43,44,45,46,47,48,49,50,51,52,53,54,55,56,57,58,59,60,61,62,63,64,65,66,67,68,69,70,71,72,73,74,75,76,77,78"
    queueSizes "32"
    type "origin_mmtc"
    reservation 210980.0
  ]
  node [
    id 53
    label "53"
    schedulingPolicy "FIFO"
    levelsQoS "1"
    schedulingWeights "-"
    tosToQoSqueue "0,1,2,3,4,5,6,7,8,9,10,11,12,13,14,15,16,17,18,19,20,21,22,23,24,25,26,27,28,29,30,31,32,33,34,35,36,37,38,39,40,41,42,43,44,45,46,47,48,49,50,51,52,53,54,55,56,57,58,59,60,61,62,63,64,65,66,67,68,69,70,71,72,73,74,75,76,77,78"
    queueSizes "32"
    type "origin_mmtc"
    reservation 172700.0
  ]
  node [
    id 54
    label "54"
    schedulingPolicy "FIFO"
    levelsQoS "1"
    schedulingWeights "-"
    tosToQoSqueue "0,1,2,3,4,5,6,7,8,9,10,11,12,13,14,15,16,17,18,19,20,21,22,23,24,25,26,27,28,29,30,31,32,33,34,35,36,37,38,39,40,41,42,43,44,45,46,47,48,49,50,51,52,53,54,55,56,57,58,59,60,61,62,63,64,65,66,67,68,69,70,71,72,73,74,75,76,77,78"
    queueSizes "32"
    type "origin_mmtc"
    reservation 227360.0
  ]
  node [
    id 55
    label "55"
    schedulingPolicy "FIFO"
    levelsQoS "1"
    schedulingWeights "-"
    tosToQoSqueue "0,1,2,3,4,5,6,7,8,9,10,11,12,13,14,15,16,17,18,19,20,21,22,23,24,25,26,27,28,29,30,31,32,33,34,35,36,37,38,39,40,41,42,43,44,45,46,47,48,49,50,51,52,53,54,55,56,57,58,59,60,61,62,63,64,65,66,67,68,69,70,71,72,73,74,75,76,77,78"
    queueSizes "32"
    type "origin_mmtc"
    reservation 227360.0
  ]
  node [
    id 56
    label "56"
    schedulingPolicy "FIFO"
    levelsQoS "1"
    schedulingWeights "-"
    tosToQoSqueue "0,1,2,3,4,5,6,7,8,9,10,11,12,13,14,15,16,17,18,19,20,21,22,23,24,25,26,27,28,29,30,31,32,33,34,35,36,37,38,39,40,41,42,43,44,45,46,47,48,49,50,51,52,53,54,55,56,57,58,59,60,61,62,63,64,65,66,67,68,69,70,71,72,73,74,75,76,77,78"
    queueSizes "32"
    type "origin_mmtc"
    reservation 227360.0
  ]
  node [
    id 57
    label "57"
    schedulingPolicy "FIFO"
    levelsQoS "1"
    schedulingWeights "-"
    tosToQoSqueue "0,1,2,3,4,5,6,7,8,9,10,11,12,13,14,15,16,17,18,19,20,21,22,23,24,25,26,27,28,29,30,31,32,33,34,35,36,37,38,39,40,41,42,43,44,45,46,47,48,49,50,51,52,53,54,55,56,57,58,59,60,61,62,63,64,65,66,67,68,69,70,71,72,73,74,75,76,77,78"
    queueSizes "32"
    type "origin_mmtc"
    reservation 211040.0
  ]
  node [
    id 58
    label "58"
    schedulingPolicy "FIFO"
    levelsQoS "1"
    schedulingWeights "-"
    tosToQoSqueue "0,1,2,3,4,5,6,7,8,9,10,11,12,13,14,15,16,17,18,19,20,21,22,23,24,25,26,27,28,29,30,31,32,33,34,35,36,37,38,39,40,41,42,43,44,45,46,47,48,49,50,51,52,53,54,55,56,57,58,59,60,61,62,63,64,65,66,67,68,69,70,71,72,73,74,75,76,77,78"
    queueSizes "32"
    type "origin_urllc"
    reservation 3948350.0
  ]
  node [
    id 59
    label "59"
    schedulingPolicy "FIFO"
    levelsQoS "1"
    schedulingWeights "-"
    tosToQoSqueue "0,1,2,3,4,5,6,7,8,9,10,11,12,13,14,15,16,17,18,19,20,21,22,23,24,25,26,27,28,29,30,31,32,33,34,35,36,37,38,39,40,41,42,43,44,45,46,47,48,49,50,51,52,53,54,55,56,57,58,59,60,61,62,63,64,65,66,67,68,69,70,71,72,73,74,75,76,77,78"
    queueSizes "32"
    type "origin_urllc"
    reservation 3678500.0
  ]
  node [
    id 60
    label "60"
    schedulingPolicy "FIFO"
    levelsQoS "1"
    schedulingWeights "-"
    tosToQoSqueue "0,1,2,3,4,5,6,7,8,9,10,11,12,13,14,15,16,17,18,19,20,21,22,23,24,25,26,27,28,29,30,31,32,33,34,35,36,37,38,39,40,41,42,43,44,45,46,47,48,49,50,51,52,53,54,55,56,57,58,59,60,61,62,63,64,65,66,67,68,69,70,71,72,73,74,75,76,77,78"
    queueSizes "32"
    type "origin_urllc"
    reservation 4008200.0
  ]
  node [
    id 61
    label "61"
    schedulingPolicy "FIFO"
    levelsQoS "1"
    schedulingWeights "-"
    tosToQoSqueue "0,1,2,3,4,5,6,7,8,9,10,11,12,13,14,15,16,17,18,19,20,21,22,23,24,25,26,27,28,29,30,31,32,33,34,35,36,37,38,39,40,41,42,43,44,45,46,47,48,49,50,51,52,53,54,55,56,57,58,59,60,61,62,63,64,65,66,67,68,69,70,71,72,73,74,75,76,77,78"
    queueSizes "32"
    type "origin_urllc"
    reservation 4004000.0
  ]
  node [
    id 62
    label "62"
    schedulingPolicy "FIFO"
    levelsQoS "1"
    schedulingWeights "-"
    tosToQoSqueue "0,1,2,3,4,5,6,7,8,9,10,11,12,13,14,15,16,17,18,19,20,21,22,23,24,25,26,27,28,29,30,31,32,33,34,35,36,37,38,39,40,41,42,43,44,45,46,47,48,49,50,51,52,53,54,55,56,57,58,59,60,61,62,63,64,65,66,67,68,69,70,71,72,73,74,75,76,77,78"
    queueSizes "32"
    type "origin_urllc"
    reservation 3129350.0
  ]
  node [
    id 63
    label "63"
    schedulingPolicy "FIFO"
    levelsQoS "1"
    schedulingWeights "-"
    tosToQoSqueue "0,1,2,3,4,5,6,7,8,9,10,11,12,13,14,15,16,17,18,19,20,21,22,23,24,25,26,27,28,29,30,31,32,33,34,35,36,37,38,39,40,41,42,43,44,45,46,47,48,49,50,51,52,53,54,55,56,57,58,59,60,61,62,63,64,65,66,67,68,69,70,71,72,73,74,75,76,77,78"
    queueSizes "32"
    type "origin_urllc"
    reservation 4008200.0
  ]
  node [
    id 64
    label "64"
    schedulingPolicy "FIFO"
    levelsQoS "1"
    schedulingWeights "-"
    tosToQoSqueue "0,1,2,3,4,5,6,7,8,9,10,11,12,13,14,15,16,17,18,19,20,21,22,23,24,25,26,27,28,29,30,31,32,33,34,35,36,37,38,39,40,41,42,43,44,45,46,47,48,49,50,51,52,53,54,55,56,57,58,59,60,61,62,63,64,65,66,67,68,69,70,71,72,73,74,75,76,77,78"
    queueSizes "32"
    type "origin_mmtc"
    reservation 186860.0
  ]
  node [
    id 65
    label "65"
    schedulingPolicy "FIFO"
    levelsQoS "1"
    schedulingWeights "-"
    tosToQoSqueue "0,1,2,3,4,5,6,7,8,9,10,11,12,13,14,15,16,17,18,19,20,21,22,23,24,25,26,27,28,29,30,31,32,33,34,35,36,37,38,39,40,41,42,43,44,45,46,47,48,49,50,51,52,53,54,55,56,57,58,59,60,61,62,63,64,65,66,67,68,69,70,71,72,73,74,75,76,77,78"
    queueSizes "32"
    type "origin_mmtc"
    reservation 210980.0
  ]
  node [
    id 66
    label "66"
    schedulingPolicy "FIFO"
    levelsQoS "1"
    schedulingWeights "-"
    tosToQoSqueue "0,1,2,3,4,5,6,7,8,9,10,11,12,13,14,15,16,17,18,19,20,21,22,23,24,25,26,27,28,29,30,31,32,33,34,35,36,37,38,39,40,41,42,43,44,45,46,47,48,49,50,51,52,53,54,55,56,57,58,59,60,61,62,63,64,65,66,67,68,69,70,71,72,73,74,75,76,77,78"
    queueSizes "32"
    type "origin_mmtc"
    reservation 211040.0
  ]
  node [
    id 67
    label "67"
    schedulingPolicy "FIFO"
    levelsQoS "1"
    schedulingWeights "-"
    tosToQoSqueue "0,1,2,3,4,5,6,7,8,9,10,11,12,13,14,15,16,17,18,19,20,21,22,23,24,25,26,27,28,29,30,31,32,33,34,35,36,37,38,39,40,41,42,43,44,45,46,47,48,49,50,51,52,53,54,55,56,57,58,59,60,61,62,63,64,65,66,67,68,69,70,71,72,73,74,75,76,77,78"
    queueSizes "32"
    type "origin_mmtc"
    reservation 196460.0
  ]
  node [
    id 68
    label "68"
    schedulingPolicy "FIFO"
    levelsQoS "1"
    schedulingWeights "-"
    tosToQoSqueue "0,1,2,3,4,5,6,7,8,9,10,11,12,13,14,15,16,17,18,19,20,21,22,23,24,25,26,27,28,29,30,31,32,33,34,35,36,37,38,39,40,41,42,43,44,45,46,47,48,49,50,51,52,53,54,55,56,57,58,59,60,61,62,63,64,65,66,67,68,69,70,71,72,73,74,75,76,77,78"
    queueSizes "32"
    type "origin_mmtc"
    reservation 179720.0
  ]
  node [
    id 69
    label "69"
    schedulingPolicy "FIFO"
    levelsQoS "1"
    schedulingWeights "-"
    tosToQoSqueue "0,1,2,3,4,5,6,7,8,9,10,11,12,13,14,15,16,17,18,19,20,21,22,23,24,25,26,27,28,29,30,31,32,33,34,35,36,37,38,39,40,41,42,43,44,45,46,47,48,49,50,51,52,53,54,55,56,57,58,59,60,61,62,63,64,65,66,67,68,69,70,71,72,73,74,75,76,77,78"
    queueSizes "32"
    type "origin_mmtc"
    reservation 179720.0
  ]
  node [
    id 70
    label "70"
    schedulingPolicy "FIFO"
    levelsQoS "1"
    schedulingWeights "-"
    tosToQoSqueue "0,1,2,3,4,5,6,7,8,9,10,11,12,13,14,15,16,17,18,19,20,21,22,23,24,25,26,27,28,29,30,31,32,33,34,35,36,37,38,39,40,41,42,43,44,45,46,47,48,49,50,51,52,53,54,55,56,57,58,59,60,61,62,63,64,65,66,67,68,69,70,71,72,73,74,75,76,77,78"
    queueSizes "32"
    type "origin_mmtc"
    reservation 172700.0
  ]
  node [
    id 71
    label "71"
    schedulingPolicy "FIFO"
    levelsQoS "1"
    schedulingWeights "-"
    tosToQoSqueue "0,1,2,3,4,5,6,7,8,9,10,11,12,13,14,15,16,17,18,19,20,21,22,23,24,25,26,27,28,29,30,31,32,33,34,35,36,37,38,39,40,41,42,43,44,45,46,47,48,49,50,51,52,53,54,55,56,57,58,59,60,61,62,63,64,65,66,67,68,69,70,71,72,73,74,75,76,77,78"
    queueSizes "32"
    type "origin_mmtc"
    reservation 227360.0
  ]
  node [
    id 72
    label "72"
    schedulingPolicy "FIFO"
    levelsQoS "1"
    schedulingWeights "-"
    tosToQoSqueue "0,1,2,3,4,5,6,7,8,9,10,11,12,13,14,15,16,17,18,19,20,21,22,23,24,25,26,27,28,29,30,31,32,33,34,35,36,37,38,39,40,41,42,43,44,45,46,47,48,49,50,51,52,53,54,55,56,57,58,59,60,61,62,63,64,65,66,67,68,69,70,71,72,73,74,75,76,77,78"
    queueSizes "32"
    type "origin_mmtc"
    reservation 196460.0
  ]
  node [
    id 73
    label "73"
    schedulingPolicy "FIFO"
    levelsQoS "1"
    schedulingWeights "-"
    tosToQoSqueue "0,1,2,3,4,5,6,7,8,9,10,11,12,13,14,15,16,17,18,19,20,21,22,23,24,25,26,27,28,29,30,31,32,33,34,35,36,37,38,39,40,41,42,43,44,45,46,47,48,49,50,51,52,53,54,55,56,57,58,59,60,61,62,63,64,65,66,67,68,69,70,71,72,73,74,75,76,77,78"
    queueSizes "32"
    type "origin_mmtc"
    reservation 199340.0
  ]
  node [
    id 74
    label "74"
    schedulingPolicy "FIFO"
    levelsQoS "1"
    schedulingWeights "-"
    tosToQoSqueue "0,1,2,3,4,5,6,7,8,9,10,11,12,13,14,15,16,17,18,19,20,21,22,23,24,25,26,27,28,29,30,31,32,33,34,35,36,37,38,39,40,41,42,43,44,45,46,47,48,49,50,51,52,53,54,55,56,57,58,59,60,61,62,63,64,65,66,67,68,69,70,71,72,73,74,75,76,77,78"
    queueSizes "32"
    type "origin_mmtc"
    reservation 196400.0
  ]
  node [
    id 75
    label "75"
    schedulingPolicy "FIFO"
    levelsQoS "1"
    schedulingWeights "-"
    tosToQoSqueue "0,1,2,3,4,5,6,7,8,9,10,11,12,13,14,15,16,17,18,19,20,21,22,23,24,25,26,27,28,29,30,31,32,33,34,35,36,37,38,39,40,41,42,43,44,45,46,47,48,49,50,51,52,53,54,55,56,57,58,59,60,61,62,63,64,65,66,67,68,69,70,71,72,73,74,75,76,77,78"
    queueSizes "32"
    type "origin_mmtc"
    reservation 196460.0
  ]
  node [
    id 76
    label "76"
    schedulingPolicy "FIFO"
    levelsQoS "1"
    schedulingWeights "-"
    tosToQoSqueue "0,1,2,3,4,5,6,7,8,9,10,11,12,13,14,15,16,17,18,19,20,21,22,23,24,25,26,27,28,29,30,31,32,33,34,35,36,37,38,39,40,41,42,43,44,45,46,47,48,49,50,51,52,53,54,55,56,57,58,59,60,61,62,63,64,65,66,67,68,69,70,71,72,73,74,75,76,77,78"
    queueSizes "32"
    type "origin_mmtc"
    reservation 179720.0
  ]
  node [
    id 77
    label "77"
    schedulingPolicy "FIFO"
    levelsQoS "1"
    schedulingWeights "-"
    tosToQoSqueue "0,1,2,3,4,5,6,7,8,9,10,11,12,13,14,15,16,17,18,19,20,21,22,23,24,25,26,27,28,29,30,31,32,33,34,35,36,37,38,39,40,41,42,43,44,45,46,47,48,49,50,51,52,53,54,55,56,57,58,59,60,61,62,63,64,65,66,67,68,69,70,71,72,73,74,75,76,77,78"
    queueSizes "32"
    type "origin_mmtc"
    reservation 176780.0
  ]
  node [
    id 78
    label "78"
    schedulingPolicy "FIFO"
    levelsQoS "1"
    schedulingWeights "-"
    tosToQoSqueue "0,1,2,3,4,5,6,7,8,9,10,11,12,13,14,15,16,17,18,19,20,21,22,23,24,25,26,27,28,29,30,31,32,33,34,35,36,37,38,39,40,41,42,43,44,45,46,47,48,49,50,51,52,53,54,55,56,57,58,59,60,61,62,63,64,65,66,67,68,69,70,71,72,73,74,75,76,77,78"
    queueSizes "32"
    type "origin_mmtc"
    reservation 211040.0
  ]
  edge [
    source 0
    target 1
    key 0
    LinkType "Fibre"
    LinkSpeed "10"
    LinkSpeedUnits "G"
    LinkNote "Lit  ( )"
    LinkLabel "Lit Fibre (10 Gbps)"
    LinkSpeedRaw 10000000000.0
    bandwidth 25000000
    traffic "3500000,3500000,3500000,200000,3500000,200000,200000,200000,200000,200000,200000,200000,200000,200000,200000,200000,200000,200000"
    reservation "3834950.0,3758300.0,3865400.0,199340.0,3129350.0,179720.0,196460.0,186860.0,210980.0,172700.0,227360.0,227360.0,227360.0,211040.0,186860.0,210980.0,211040.0,196460.0"
    port 0
  ]
  edge [
    source 0
    target 2
    key 0
    LinkType "Fibre"
    LinkSpeed "10"
    LinkSpeedUnits "G"
    LinkNote "Lit  ( )"
    LinkLabel "Lit Fibre (10 Gbps)"
    LinkSpeedRaw 10000000000.0
    bandwidth 25000000
    traffic ""
    reservation ""
    port 1
  ]
  edge [
    source 0
    target 4
    key 0
    LinkType "Fibre"
    LinkSpeed "10"
    LinkSpeedUnits "G"
    LinkNote "Lit  ( )"
    LinkLabel "Lit Fibre (10 Gbps)"
    LinkSpeedRaw 10000000000.0
    bandwidth 25000000
    traffic ""
    reservation ""
    port 2
  ]
  edge [
    source 0
    target 13
    key 0
    LinkSpeed "45"
    LinkNote "34/ it/s"
    LinkLabel "34/45 Mbit/s"
    LinkSpeedUnits "M"
    LinkSpeedRaw 45000000.0
    bandwidth 25000000
    traffic ""
    reservation ""
    port 3
  ]
  edge [
    source 0
    target 36
    key 0
    port 4
    weight 1
    bandwidth 350000000
    traffic "18000000,18000000"
    reservation "16277400.0,16536600.0"
  ]
  edge [
    source 1
    target 0
    key 0
    LinkType "Fibre"
    LinkSpeed "10"
    LinkSpeedUnits "G"
    LinkNote "Lit  ( )"
    LinkLabel "Lit Fibre (10 Gbps)"
    LinkSpeedRaw 10000000000.0
    bandwidth 25000000
    traffic ""
    reservation ""
    port 0
  ]
  edge [
    source 1
    target 28
    key 0
    LinkType "Fibre"
    LinkSpeed "10"
    LinkSpeedUnits "G"
    LinkNote "Lit  ( )"
    LinkLabel "Lit Fibre (10 Gbps)"
    LinkSpeedRaw 10000000000.0
    bandwidth 25000000
    traffic "3500000,3500000,3500000,200000,3500000,200000,200000,200000,200000,200000,200000,200000,200000,200000,200000,200000,200000,200000"
    reservation "3834950.0,3758300.0,3865400.0,199340.0,3129350.0,179720.0,196460.0,186860.0,210980.0,172700.0,227360.0,227360.0,227360.0,211040.0,186860.0,210980.0,211040.0,196460.0"
    port 1
  ]
  edge [
    source 2
    target 0
    key 0
    LinkType "Fibre"
    LinkSpeed "10"
    LinkSpeedUnits "G"
    LinkNote "Lit  ( )"
    LinkLabel "Lit Fibre (10 Gbps)"
    LinkSpeedRaw 10000000000.0
    bandwidth 25000000
    traffic "18000000,3500000,3500000,200000,200000,200000,200000,200000"
    reservation "16277400.0,3834950.0,3758300.0,199340.0,179720.0,196460.0,186860.0,210980.0"
    port 0
  ]
  edge [
    source 2
    target 32
    key 0
    LinkSpeed "10"
    LinkLabel "10 Gbps"
    LinkSpeedUnits "G"
    LinkSpeedRaw 10000000000.0
    bandwidth 25000000
    traffic ""
    reservation ""
    port 1
  ]
  edge [
    source 2
    target 4
    key 0
    LinkType "Fibre"
    LinkSpeed "10"
    LinkSpeedUnits "G"
    LinkNote "Lit  ( )"
    LinkLabel "Lit Fibre (10 Gbps)"
    LinkSpeedRaw 10000000000.0
    bandwidth 25000000
    traffic ""
    reservation ""
    port 2
  ]
  edge [
    source 2
    target 25
    key 0
    LinkSpeed "2.5"
    LinkNote " it/s"
    LinkLabel "2.5 Gbit/s"
    LinkSpeedUnits "G"
    LinkSpeedRaw 2500000000.0
    bandwidth 25000000
    traffic ""
    reservation ""
    port 3
  ]
  edge [
    source 2
    target 26
    key 0
    LinkSpeed "310"
    LinkLabel "310 Mbps"
    LinkSpeedUnits "M"
    LinkSpeedRaw 310000000.0
    bandwidth 25000000
    traffic ""
    reservation ""
    port 4
  ]
  edge [
    source 2
    target 29
    key 0
    LinkType "Fibre"
    LinkSpeed "10"
    LinkSpeedUnits "G"
    LinkNote "Lit  ( )"
    LinkLabel "Lit Fibre (10 Gbps)"
    LinkSpeedRaw 10000000000.0
    bandwidth 25000000
    traffic ""
    reservation ""
    port 5
  ]
  edge [
    source 2
    target 30
    key 0
    LinkType "Fibre"
    LinkSpeed "10"
    LinkSpeedUnits "G"
    LinkNote "Lit  ( )"
    LinkLabel "Lit Fibre (10 Gbps)"
    LinkSpeedRaw 10000000000.0
    bandwidth 25000000
    traffic ""
    reservation ""
    port 6
  ]
  edge [
    source 3
    target 24
    key 0
    LinkSpeed "10"
    LinkLabel "10 Gbps"
    LinkSpeedUnits "G"
    LinkSpeedRaw 10000000000.0
    bandwidth 25000000
    traffic ""
    reservation ""
    port 0
  ]
  edge [
    source 3
    target 4
    key 0
    LinkSpeed "10"
    LinkLabel "10 Gbps"
    LinkSpeedUnits "G"
    LinkSpeedRaw 10000000000.0
    bandwidth 25000000
    traffic "18000000,3500000,3500000,200000,200000,200000,200000,200000,200000,200000"
    reservation "16536600.0,3865400.0,3129350.0,172700.0,227360.0,227360.0,227360.0,211040.0,186860.0,210980.0"
    port 1
  ]
  edge [
    source 3
    target 5
    key 0
    LinkSpeed "10"
    LinkLabel "10 Gbps"
    LinkSpeedUnits "G"
    LinkSpeedRaw 10000000000.0
    bandwidth 25000000
    traffic "3500000,3500000,3500000,3500000,3500000,3500000,3500000"
    reservation "3834950.0,3758300.0,3138800.0,3834950.0,3758300.0,3044300.0,3129350.0"
    port 2
  ]
  edge [
    source 4
    target 0
    key 0
    LinkType "Fibre"
    LinkSpeed "10"
    LinkSpeedUnits "G"
    LinkNote "Lit  ( )"
    LinkLabel "Lit Fibre (10 Gbps)"
    LinkSpeedRaw 10000000000.0
    bandwidth 25000000
    traffic "18000000,3500000,3500000,200000,200000,200000,200000,200000,200000,200000"
    reservation "16536600.0,3865400.0,3129350.0,172700.0,227360.0,227360.0,227360.0,211040.0,186860.0,210980.0"
    port 0
  ]
  edge [
    source 4
    target 2
    key 0
    LinkType "Fibre"
    LinkSpeed "10"
    LinkSpeedUnits "G"
    LinkNote "Lit  ( )"
    LinkLabel "Lit Fibre (10 Gbps)"
    LinkSpeedRaw 10000000000.0
    bandwidth 25000000
    traffic ""
    reservation ""
    port 1
  ]
  edge [
    source 4
    target 3
    key 0
    LinkSpeed "10"
    LinkLabel "10 Gbps"
    LinkSpeedUnits "G"
    LinkSpeedRaw 10000000000.0
    bandwidth 25000000
    traffic "3500000,3500000"
    reservation "3834950.0,3758300.0"
    port 2
  ]
  edge [
    source 4
    target 5
    key 0
    LinkType "Fibre"
    LinkSpeed "10"
    LinkSpeedUnits "G"
    LinkNote "Lit  ( )"
    LinkLabel "Lit Fibre (10 Gbps)"
    LinkSpeedRaw 10000000000.0
    bandwidth 25000000
    traffic ""
    reservation ""
    port 3
  ]
  edge [
    source 4
    target 6
    key 0
    LinkSpeed "10"
    LinkLabel "10 Gbps"
    LinkSpeedUnits "G"
    LinkSpeedRaw 10000000000.0
    bandwidth 25000000
    traffic "3500000,3500000,3500000,3500000,3500000,3500000,3500000,200000,200000"
    reservation "3138800.0,3834950.0,3758300.0,3044300.0,3129350.0,3948350.0,3678500.0,211040.0,196460.0"
    port 4
  ]
  edge [
    source 4
    target 8
    key 0
    LinkType "Fibre"
    LinkSpeed "10"
    LinkSpeedUnits "G"
    LinkNote "Lit  ( )"
    LinkLabel "Lit Fibre (10 Gbps)"
    LinkSpeedRaw 10000000000.0
    bandwidth 25000000
    traffic ""
    reservation ""
    port 5
  ]
  edge [
    source 4
    target 12
    key 0
    LinkSpeed "2.5"
    LinkNote " it/s"
    LinkLabel "2.5 Gbit/s"
    LinkSpeedUnits "G"
    LinkSpeedRaw 2500000000.0
    bandwidth 25000000
    traffic ""
    reservation ""
    port 6
  ]
  edge [
    source 4
    target 23
    key 0
    LinkSpeed "10"
    LinkLabel "10 Gbps"
    LinkSpeedUnits "G"
    LinkSpeedRaw 10000000000.0
    bandwidth 25000000
    traffic ""
    reservation ""
    port 7
  ]
  edge [
    source 4
    target 25
    key 0
    LinkSpeed "2.5"
    LinkNote " it/s"
    LinkLabel "2.5 Gbit/s"
    LinkSpeedUnits "G"
    LinkSpeedRaw 2500000000.0
    bandwidth 25000000
    traffic ""
    reservation ""
    port 8
  ]
  edge [
    source 5
    target 3
    key 0
    LinkSpeed "10"
    LinkLabel "10 Gbps"
    LinkSpeedUnits "G"
    LinkSpeedRaw 10000000000.0
    bandwidth 25000000
    traffic "18000000,200000,200000"
    reservation "16536600.0,186860.0,210980.0"
    port 0
  ]
  edge [
    source 5
    target 4
    key 0
    LinkType "Fibre"
    LinkSpeed "10"
    LinkSpeedUnits "G"
    LinkNote "Lit  ( )"
    LinkLabel "Lit Fibre (10 Gbps)"
    LinkSpeedRaw 10000000000.0
    bandwidth 25000000
    traffic "3500000,3500000,3500000,3500000,3500000,3500000,3500000,200000,200000"
    reservation "3138800.0,3834950.0,3758300.0,3044300.0,3129350.0,3948350.0,3678500.0,211040.0,196460.0"
    port 1
  ]
  edge [
    source 5
    target 17
    key 0
    LinkType "Fibre"
    LinkSpeed "10"
    LinkSpeedUnits "G"
    LinkNote "Lit  ( )"
    LinkLabel "Lit Fibre (10 Gbps)"
    LinkSpeedRaw 10000000000.0
    bandwidth 25000000
    traffic "3500000,3500000,3500000,3500000,3500000,3500000,200000,200000,200000,200000,200000,200000,200000,200000,200000,200000,200000"
    reservation "3834950.0,3758300.0,4008200.0,4004000.0,3129350.0,4008200.0,179720.0,179720.0,172700.0,227360.0,196460.0,199340.0,196400.0,196460.0,179720.0,176780.0,211040.0"
    port 2
  ]
  edge [
    source 5
    target 38
    key 0
    port 3
    weight 1
    bandwidth 50000000
    traffic ""
    reservation ""
  ]
  edge [
    source 5
    target 58
    key 0
    port 4
    weight 1
    bandwidth 50000000
    traffic ""
    reservation ""
  ]
  edge [
    source 5
    target 59
    key 0
    port 5
    weight 1
    bandwidth 50000000
    traffic ""
    reservation ""
  ]
  edge [
    source 5
    target 60
    key 0
    port 6
    weight 1
    bandwidth 50000000
    traffic ""
    reservation ""
  ]
  edge [
    source 5
    target 61
    key 0
    port 7
    weight 1
    bandwidth 50000000
    traffic ""
    reservation ""
  ]
  edge [
    source 5
    target 62
    key 0
    port 8
    weight 1
    bandwidth 50000000
    traffic ""
    reservation ""
  ]
  edge [
    source 5
    target 63
    key 0
    port 9
    weight 1
    bandwidth 50000000
    traffic ""
    reservation ""
  ]
  edge [
    source 5
    target 64
    key 0
    port 10
    weight 1
    bandwidth 50000000
    traffic ""
    reservation ""
  ]
  edge [
    source 5
    target 65
    key 0
    port 11
    weight 1
    bandwidth 50000000
    traffic ""
    reservation ""
  ]
  edge [
    source 5
    target 66
    key 0
    port 12
    weight 1
    bandwidth 50000000
    traffic ""
    reservation ""
  ]
  edge [
    source 5
    target 67
    key 0
    port 13
    weight 1
    bandwidth 50000000
    traffic ""
    reservation ""
  ]
  edge [
    source 5
    target 68
    key 0
    port 14
    weight 1
    bandwidth 50000000
    traffic ""
    reservation ""
  ]
  edge [
    source 5
    target 69
    key 0
    port 15
    weight 1
    bandwidth 50000000
    traffic ""
    reservation ""
  ]
  edge [
    source 5
    target 70
    key 0
    port 16
    weight 1
    bandwidth 50000000
    traffic ""
    reservation ""
  ]
  edge [
    source 5
    target 71
    key 0
    port 17
    weight 1
    bandwidth 50000000
    traffic ""
    reservation ""
  ]
  edge [
    source 5
    target 72
    key 0
    port 18
    weight 1
    bandwidth 50000000
    traffic ""
    reservation ""
  ]
  edge [
    source 5
    target 73
    key 0
    port 19
    weight 1
    bandwidth 50000000
    traffic ""
    reservation ""
  ]
  edge [
    source 5
    target 74
    key 0
    port 20
    weight 1
    bandwidth 50000000
    traffic ""
    reservation ""
  ]
  edge [
    source 5
    target 75
    key 0
    port 21
    weight 1
    bandwidth 50000000
    traffic ""
    reservation ""
  ]
  edge [
    source 5
    target 76
    key 0
    port 22
    weight 1
    bandwidth 50000000
    traffic ""
    reservation ""
  ]
  edge [
    source 5
    target 77
    key 0
    port 23
    weight 1
    bandwidth 50000000
    traffic ""
    reservation ""
  ]
  edge [
    source 5
    target 78
    key 0
    port 24
    weight 1
    bandwidth 50000000
    traffic ""
    reservation ""
  ]
  edge [
    source 6
    target 4
    key 0
    LinkSpeed "10"
    LinkLabel "10 Gbps"
    LinkSpeedUnits "G"
    LinkSpeedRaw 10000000000.0
    bandwidth 25000000
    traffic "3500000,3500000"
    reservation "3834950.0,3758300.0"
    port 0
  ]
  edge [
    source 6
    target 7
    key 0
    LinkSpeed "10"
    LinkLabel "10 Gbps"
    LinkSpeedUnits "G"
    LinkSpeedRaw 10000000000.0
    bandwidth 25000000
    traffic "3500000,3500000,3500000,3500000,3500000,3500000,3500000,200000,200000"
    reservation "3138800.0,3834950.0,3758300.0,3044300.0,3129350.0,3948350.0,3678500.0,211040.0,196460.0"
    port 1
  ]
  edge [
    source 7
    target 6
    key 0
    LinkSpeed "10"
    LinkLabel "10 Gbps"
    LinkSpeedUnits "G"
    LinkSpeedRaw 10000000000.0
    bandwidth 25000000
    traffic "3500000,3500000"
    reservation "3834950.0,3758300.0"
    port 0
  ]
  edge [
    source 7
    target 8
    key 0
    LinkType "Fibre"
    LinkSpeed "10"
    LinkSpeedUnits "G"
    LinkNote "Lit  ( )"
    LinkLabel "Lit Fibre (10 Gbps)"
    LinkSpeedRaw 10000000000.0
    bandwidth 25000000
    traffic "3500000,3500000,3500000,3500000,3500000,3500000,3500000,200000,200000"
    reservation "3865400.0,3129350.0,3138800.0,3834950.0,3758300.0,3044300.0,3129350.0,211040.0,196460.0"
    port 1
  ]
  edge [
    source 7
    target 19
    key 0
    LinkSpeed "10"
    LinkLabel "10 Gbps"
    LinkSpeedUnits "G"
    LinkSpeedRaw 10000000000.0
    bandwidth 25000000
    traffic "3500000,3500000,200000,200000,200000,200000,200000,200000,200000,200000,200000,200000,200000"
    reservation "3948350.0,3678500.0,179720.0,179720.0,172700.0,227360.0,196460.0,199340.0,196400.0,196460.0,179720.0,176780.0,211040.0"
    port 2
  ]
  edge [
    source 7
    target 28
    key 0
    LinkType "Fibre"
    LinkSpeed "10"
    LinkSpeedUnits "G"
    LinkNote "Lit  ( )"
    LinkLabel "Lit Fibre (10 Gbps)"
    LinkSpeedRaw 10000000000.0
    bandwidth 25000000
    traffic ""
    reservation ""
    port 3
  ]
  edge [
    source 8
    target 4
    key 0
    LinkType "Fibre"
    LinkSpeed "10"
    LinkSpeedUnits "G"
    LinkNote "Lit  ( )"
    LinkLabel "Lit Fibre (10 Gbps)"
    LinkSpeedRaw 10000000000.0
    bandwidth 25000000
    traffic ""
    reservation ""
    port 0
  ]
  edge [
    source 8
    target 7
    key 0
    LinkType "Fibre"
    LinkSpeed "10"
    LinkSpeedUnits "G"
    LinkNote "Lit  ( )"
    LinkLabel "Lit Fibre (10 Gbps)"
    LinkSpeedRaw 10000000000.0
    bandwidth 25000000
    traffic "200000,200000,200000,200000,200000,200000,200000,200000,200000,200000,200000"
    reservation "179720.0,179720.0,172700.0,227360.0,196460.0,199340.0,196400.0,196460.0,179720.0,176780.0,211040.0"
    port 1
  ]
  edge [
    source 8
    target 9
    key 0
    LinkType "Fibre"
    LinkSpeed "10"
    LinkSpeedUnits "G"
    LinkNote "Lit  ( )"
    LinkLabel "Lit Fibre (10 Gbps)"
    LinkSpeedRaw 10000000000.0
    bandwidth 25000000
    traffic "3500000,3500000,3500000,3500000,3500000,3500000,3500000,200000,200000"
    reservation "3865400.0,3129350.0,3138800.0,3834950.0,3758300.0,3044300.0,3129350.0,211040.0,196460.0"
    port 2
  ]
  edge [
    source 8
    target 19
    key 0
    LinkType "Fibre"
    LinkSpeed "10"
    LinkSpeedUnits "G"
    LinkNote "Lit  ( )"
    LinkLabel "Lit Fibre (10 Gbps)"
    LinkSpeedRaw 10000000000.0
    bandwidth 25000000
    traffic ""
    reservation ""
    port 3
  ]
  edge [
    source 9
    target 8
    key 0
    LinkType "Fibre"
    LinkSpeed "10"
    LinkSpeedUnits "G"
    LinkNote "Lit  ( )"
    LinkLabel "Lit Fibre (10 Gbps)"
    LinkSpeedRaw 10000000000.0
    bandwidth 25000000
    traffic "200000,200000,200000,200000,200000,200000,200000,200000,200000,200000,200000"
    reservation "179720.0,179720.0,172700.0,227360.0,196460.0,199340.0,196400.0,196460.0,179720.0,176780.0,211040.0"
    port 0
  ]
  edge [
    source 9
    target 10
    key 0
    LinkSpeed "10"
    LinkLabel "10 Gbps"
    LinkSpeedUnits "G"
    LinkSpeedRaw 10000000000.0
    bandwidth 25000000
    traffic ""
    reservation ""
    port 1
  ]
  edge [
    source 9
    target 11
    key 0
    LinkSpeed "155"
    LinkNote " it/s"
    LinkLabel "155 Mbit/s"
    LinkSpeedUnits "M"
    LinkSpeedRaw 155000000.0
    bandwidth 25000000
    traffic ""
    reservation ""
    port 2
  ]
  edge [
    source 9
    target 13
    key 0
    LinkSpeed "45"
    LinkNote "34/ it/s"
    LinkLabel "34/45 Mbit/s"
    LinkSpeedUnits "M"
    LinkSpeedRaw 45000000.0
    bandwidth 25000000
    traffic "200000,200000"
    reservation "211040.0,196460.0"
    port 3
  ]
  edge [
    source 9
    target 19
    key 0
    LinkSpeed "10"
    LinkLabel "10 Gbps"
    LinkSpeedUnits "G"
    LinkSpeedRaw 10000000000.0
    bandwidth 25000000
    traffic ""
    reservation ""
    port 4
  ]
  edge [
    source 9
    target 23
    key 0
    LinkType "Fibre"
    LinkSpeed "10"
    LinkSpeedUnits "G"
    LinkNote "Lit  ( )"
    LinkLabel "Lit Fibre (10 Gbps)"
    LinkSpeedRaw 10000000000.0
    bandwidth 25000000
    traffic ""
    reservation ""
    port 5
  ]
  edge [
    source 9
    target 34
    key 0
    port 6
    weight 1
    bandwidth 350000000
    traffic "3500000,3500000,3500000,3500000,3500000,3500000,3500000,3500000,3500000,3500000,3500000,3500000,3500000,3500000,3500000"
    reservation "3834950.0,3758300.0,3865400.0,3129350.0,3138800.0,3834950.0,3758300.0,3044300.0,3129350.0,3948350.0,3678500.0,4008200.0,4004000.0,3129350.0,4008200.0"
  ]
  edge [
    source 10
    target 9
    key 0
    LinkSpeed "10"
    LinkLabel "10 Gbps"
    LinkSpeedUnits "G"
    LinkSpeedRaw 10000000000.0
    bandwidth 25000000
    traffic "3500000,3500000,3500000,3500000,3500000,3500000,200000,200000,200000,200000,200000,200000,200000,200000,200000,200000,200000"
    reservation "3834950.0,3758300.0,4008200.0,4004000.0,3129350.0,4008200.0,179720.0,179720.0,172700.0,227360.0,196460.0,199340.0,196400.0,196460.0,179720.0,176780.0,211040.0"
    port 0
  ]
  edge [
    source 10
    target 11
    key 0
    LinkSpeed "155"
    LinkNote " it/s"
    LinkLabel "155 Mbit/s"
    LinkSpeedUnits "M"
    LinkSpeedRaw 155000000.0
    bandwidth 25000000
    traffic ""
    reservation ""
    port 1
  ]
  edge [
    source 10
    target 20
    key 0
    LinkSpeed "10"
    LinkLabel "10 Gbps"
    LinkSpeedUnits "G"
    LinkSpeedRaw 10000000000.0
    bandwidth 25000000
    traffic ""
    reservation ""
    port 2
  ]
  edge [
    source 10
    target 23
    key 0
    LinkSpeed "10"
    LinkLabel "10 Gbps"
    LinkSpeedUnits "G"
    LinkSpeedRaw 10000000000.0
    bandwidth 25000000
    traffic ""
    reservation ""
    port 3
  ]
  edge [
    source 11
    target 9
    key 0
    LinkSpeed "155"
    LinkNote " it/s"
    LinkLabel "155 Mbit/s"
    LinkSpeedUnits "M"
    LinkSpeedRaw 155000000.0
    bandwidth 25000000
    traffic ""
    reservation ""
    port 0
  ]
  edge [
    source 11
    target 10
    key 0
    LinkSpeed "155"
    LinkNote " it/s"
    LinkLabel "155 Mbit/s"
    LinkSpeedUnits "M"
    LinkSpeedRaw 155000000.0
    bandwidth 25000000
    traffic ""
    reservation ""
    port 1
  ]
  edge [
    source 12
    target 4
    key 0
    LinkSpeed "2.5"
    LinkNote " it/s"
    LinkLabel "2.5 Gbit/s"
    LinkSpeedUnits "G"
    LinkSpeedRaw 2500000000.0
    bandwidth 25000000
    traffic ""
    reservation ""
    port 0
  ]
  edge [
    source 13
    target 0
    key 0
    LinkSpeed "45"
    LinkNote "34/ it/s"
    LinkLabel "34/45 Mbit/s"
    LinkSpeedUnits "M"
    LinkSpeedRaw 45000000.0
    bandwidth 25000000
    traffic "200000,200000"
    reservation "211040.0,196460.0"
    port 0
  ]
  edge [
    source 13
    target 9
    key 0
    LinkSpeed "45"
    LinkNote "34/ it/s"
    LinkLabel "34/45 Mbit/s"
    LinkSpeedUnits "M"
    LinkSpeedRaw 45000000.0
    bandwidth 25000000
    traffic ""
    reservation ""
    port 1
  ]
  edge [
    source 14
    target 20
    key 0
    LinkSpeed "2.5"
    LinkNote " it/s"
    LinkLabel "2.5 Gbit/s"
    LinkSpeedUnits "G"
    LinkSpeedRaw 2500000000.0
    bandwidth 25000000
    traffic "3500000,3500000,3500000,3500000,3500000,3500000,200000,200000,200000,200000,200000,200000,200000,200000,200000,200000,200000"
    reservation "3834950.0,3758300.0,4008200.0,4004000.0,3129350.0,4008200.0,179720.0,179720.0,172700.0,227360.0,196460.0,199340.0,196400.0,196460.0,179720.0,176780.0,211040.0"
    port 0
  ]
  edge [
    source 14
    target 15
    key 0
    LinkSpeed "2.5"
    LinkNote " it/s"
    LinkLabel "2.5 Gbit/s"
    LinkSpeedUnits "G"
    LinkSpeedRaw 2500000000.0
    bandwidth 25000000
    traffic ""
    reservation ""
    port 1
  ]
  edge [
    source 15
    target 14
    key 0
    LinkSpeed "2.5"
    LinkNote " it/s"
    LinkLabel "2.5 Gbit/s"
    LinkSpeedUnits "G"
    LinkSpeedRaw 2500000000.0
    bandwidth 25000000
    traffic "3500000,3500000,3500000,3500000,3500000,3500000,200000,200000,200000,200000,200000,200000,200000,200000,200000,200000,200000"
    reservation "3834950.0,3758300.0,4008200.0,4004000.0,3129350.0,4008200.0,179720.0,179720.0,172700.0,227360.0,196460.0,199340.0,196400.0,196460.0,179720.0,176780.0,211040.0"
    port 0
  ]
  edge [
    source 15
    target 16
    key 0
    LinkSpeed "10"
    LinkLabel "10 Gbps"
    LinkSpeedUnits "G"
    LinkSpeedRaw 10000000000.0
    bandwidth 25000000
    traffic ""
    reservation ""
    port 1
  ]
  edge [
    source 15
    target 20
    key 0
    LinkSpeed "10"
    LinkLabel "10 Gbps"
    LinkSpeedUnits "G"
    LinkSpeedRaw 10000000000.0
    bandwidth 25000000
    traffic ""
    reservation ""
    port 2
  ]
  edge [
    source 16
    target 15
    key 0
    LinkSpeed "10"
    LinkLabel "10 Gbps"
    LinkSpeedUnits "G"
    LinkSpeedRaw 10000000000.0
    bandwidth 25000000
    traffic "3500000,3500000,3500000,3500000,3500000,3500000,200000,200000,200000,200000,200000,200000,200000,200000,200000,200000,200000"
    reservation "3834950.0,3758300.0,4008200.0,4004000.0,3129350.0,4008200.0,179720.0,179720.0,172700.0,227360.0,196460.0,199340.0,196400.0,196460.0,179720.0,176780.0,211040.0"
    port 0
  ]
  edge [
    source 16
    target 17
    key 0
    LinkType "Fibre"
    LinkSpeed "10"
    LinkSpeedUnits "G"
    LinkNote "Lit  ( )"
    LinkLabel "Lit Fibre (10 Gbps)"
    LinkSpeedRaw 10000000000.0
    bandwidth 25000000
    traffic ""
    reservation ""
    port 1
  ]
  edge [
    source 16
    target 20
    key 0
    LinkSpeed "10"
    LinkLabel "10 Gbps"
    LinkSpeedUnits "G"
    LinkSpeedRaw 10000000000.0
    bandwidth 25000000
    traffic ""
    reservation ""
    port 2
  ]
  edge [
    source 16
    target 21
    key 0
    LinkType "Fibre"
    LinkSpeed "10"
    LinkSpeedUnits "G"
    LinkNote "Lit  ( )"
    LinkLabel "Lit Fibre (10 Gbps)"
    LinkSpeedRaw 10000000000.0
    bandwidth 25000000
    traffic ""
    reservation ""
    port 3
  ]
  edge [
    source 17
    target 5
    key 0
    LinkType "Fibre"
    LinkSpeed "10"
    LinkSpeedUnits "G"
    LinkNote "Lit  ( )"
    LinkLabel "Lit Fibre (10 Gbps)"
    LinkSpeedRaw 10000000000.0
    bandwidth 25000000
    traffic ""
    reservation ""
    port 0
  ]
  edge [
    source 17
    target 16
    key 0
    LinkType "Fibre"
    LinkSpeed "10"
    LinkSpeedUnits "G"
    LinkNote "Lit  ( )"
    LinkLabel "Lit Fibre (10 Gbps)"
    LinkSpeedRaw 10000000000.0
    bandwidth 25000000
    traffic "3500000,3500000,3500000,3500000,3500000,3500000,200000,200000,200000,200000,200000,200000,200000,200000,200000,200000,200000"
    reservation "3834950.0,3758300.0,4008200.0,4004000.0,3129350.0,4008200.0,179720.0,179720.0,172700.0,227360.0,196460.0,199340.0,196400.0,196460.0,179720.0,176780.0,211040.0"
    port 1
  ]
  edge [
    source 17
    target 23
    key 0
    LinkType "Fibre"
    LinkSpeed "10"
    LinkSpeedUnits "G"
    LinkNote "Lit  ( )"
    LinkLabel "Lit Fibre (10 Gbps)"
    LinkSpeedRaw 10000000000.0
    bandwidth 25000000
    traffic ""
    reservation ""
    port 2
  ]
  edge [
    source 18
    target 19
    key 0
    LinkSpeed "10"
    LinkLabel "10 Gbps"
    LinkSpeedUnits "G"
    LinkSpeedRaw 10000000000.0
    bandwidth 25000000
    traffic ""
    reservation ""
    port 0
  ]
  edge [
    source 18
    target 28
    key 0
    LinkSpeed "2.5"
    LinkNote " it/s"
    LinkLabel "2.5 Gbit/s"
    LinkSpeedUnits "G"
    LinkSpeedRaw 2500000000.0
    bandwidth 25000000
    traffic "200000,200000,200000,200000,200000,200000,200000,200000,200000,200000,200000"
    reservation "179720.0,179720.0,172700.0,227360.0,196460.0,199340.0,196400.0,196460.0,179720.0,176780.0,211040.0"
    port 1
  ]
  edge [
    source 19
    target 7
    key 0
    LinkSpeed "10"
    LinkLabel "10 Gbps"
    LinkSpeedUnits "G"
    LinkSpeedRaw 10000000000.0
    bandwidth 25000000
    traffic ""
    reservation ""
    port 0
  ]
  edge [
    source 19
    target 8
    key 0
    LinkType "Fibre"
    LinkSpeed "10"
    LinkSpeedUnits "G"
    LinkNote "Lit  ( )"
    LinkLabel "Lit Fibre (10 Gbps)"
    LinkSpeedRaw 10000000000.0
    bandwidth 25000000
    traffic ""
    reservation ""
    port 1
  ]
  edge [
    source 19
    target 9
    key 0
    LinkSpeed "10"
    LinkLabel "10 Gbps"
    LinkSpeedUnits "G"
    LinkSpeedRaw 10000000000.0
    bandwidth 25000000
    traffic "3500000,3500000"
    reservation "3948350.0,3678500.0"
    port 2
  ]
  edge [
    source 19
    target 18
    key 0
    LinkSpeed "10"
    LinkLabel "10 Gbps"
    LinkSpeedUnits "G"
    LinkSpeedRaw 10000000000.0
    bandwidth 25000000
    traffic "200000,200000,200000,200000,200000,200000,200000,200000,200000,200000,200000"
    reservation "179720.0,179720.0,172700.0,227360.0,196460.0,199340.0,196400.0,196460.0,179720.0,176780.0,211040.0"
    port 3
  ]
  edge [
    source 20
    target 10
    key 0
    LinkSpeed "10"
    LinkLabel "10 Gbps"
    LinkSpeedUnits "G"
    LinkSpeedRaw 10000000000.0
    bandwidth 25000000
    traffic "3500000,3500000,3500000,3500000,3500000,3500000,200000,200000,200000,200000,200000,200000,200000,200000,200000,200000,200000"
    reservation "3834950.0,3758300.0,4008200.0,4004000.0,3129350.0,4008200.0,179720.0,179720.0,172700.0,227360.0,196460.0,199340.0,196400.0,196460.0,179720.0,176780.0,211040.0"
    port 0
  ]
  edge [
    source 20
    target 14
    key 0
    LinkSpeed "2.5"
    LinkNote " it/s"
    LinkLabel "2.5 Gbit/s"
    LinkSpeedUnits "G"
    LinkSpeedRaw 2500000000.0
    bandwidth 25000000
    traffic ""
    reservation ""
    port 1
  ]
  edge [
    source 20
    target 15
    key 0
    LinkSpeed "10"
    LinkLabel "10 Gbps"
    LinkSpeedUnits "G"
    LinkSpeedRaw 10000000000.0
    bandwidth 25000000
    traffic ""
    reservation ""
    port 2
  ]
  edge [
    source 20
    target 16
    key 0
    LinkSpeed "10"
    LinkLabel "10 Gbps"
    LinkSpeedUnits "G"
    LinkSpeedRaw 10000000000.0
    bandwidth 25000000
    traffic ""
    reservation ""
    port 3
  ]
  edge [
    source 21
    target 16
    key 0
    LinkType "Fibre"
    LinkSpeed "10"
    LinkSpeedUnits "G"
    LinkNote "Lit  ( )"
    LinkLabel "Lit Fibre (10 Gbps)"
    LinkSpeedRaw 10000000000.0
    bandwidth 25000000
    traffic ""
    reservation ""
    port 0
  ]
  edge [
    source 21
    target 22
    key 0
    LinkType "Fibre"
    LinkSpeed "10"
    LinkSpeedUnits "G"
    LinkNote "Lit  ( )"
    LinkLabel "Lit Fibre (10 Gbps)"
    LinkSpeedRaw 10000000000.0
    bandwidth 25000000
    traffic ""
    reservation ""
    port 1
  ]
  edge [
    source 22
    target 21
    key 0
    LinkType "Fibre"
    LinkSpeed "10"
    LinkSpeedUnits "G"
    LinkNote "Lit  ( )"
    LinkLabel "Lit Fibre (10 Gbps)"
    LinkSpeedRaw 10000000000.0
    bandwidth 25000000
    traffic ""
    reservation ""
    port 0
  ]
  edge [
    source 22
    target 23
    key 0
    LinkType "Fibre"
    LinkSpeed "10"
    LinkSpeedUnits "G"
    LinkNote "Lit  ( )"
    LinkLabel "Lit Fibre (10 Gbps)"
    LinkSpeedRaw 10000000000.0
    bandwidth 25000000
    traffic ""
    reservation ""
    port 1
  ]
  edge [
    source 23
    target 4
    key 0
    LinkSpeed "10"
    LinkLabel "10 Gbps"
    LinkSpeedUnits "G"
    LinkSpeedRaw 10000000000.0
    bandwidth 25000000
    traffic ""
    reservation ""
    port 0
  ]
  edge [
    source 23
    target 9
    key 0
    LinkType "Fibre"
    LinkSpeed "10"
    LinkSpeedUnits "G"
    LinkNote "Lit  ( )"
    LinkLabel "Lit Fibre (10 Gbps)"
    LinkSpeedRaw 10000000000.0
    bandwidth 25000000
    traffic ""
    reservation ""
    port 1
  ]
  edge [
    source 23
    target 10
    key 0
    LinkSpeed "10"
    LinkLabel "10 Gbps"
    LinkSpeedUnits "G"
    LinkSpeedRaw 10000000000.0
    bandwidth 25000000
    traffic ""
    reservation ""
    port 2
  ]
  edge [
    source 23
    target 17
    key 0
    LinkType "Fibre"
    LinkSpeed "10"
    LinkSpeedUnits "G"
    LinkNote "Lit  ( )"
    LinkLabel "Lit Fibre (10 Gbps)"
    LinkSpeedRaw 10000000000.0
    bandwidth 25000000
    traffic ""
    reservation ""
    port 3
  ]
  edge [
    source 23
    target 22
    key 0
    LinkType "Fibre"
    LinkSpeed "10"
    LinkSpeedUnits "G"
    LinkNote "Lit  ( )"
    LinkLabel "Lit Fibre (10 Gbps)"
    LinkSpeedRaw 10000000000.0
    bandwidth 25000000
    traffic ""
    reservation ""
    port 4
  ]
  edge [
    source 24
    target 3
    key 0
    LinkSpeed "10"
    LinkLabel "10 Gbps"
    LinkSpeedUnits "G"
    LinkSpeedRaw 10000000000.0
    bandwidth 25000000
    traffic "3500000,3500000,3500000,3500000,3500000,3500000,3500000,200000,200000,200000,200000,200000"
    reservation "3865400.0,3129350.0,3138800.0,3834950.0,3758300.0,3044300.0,3129350.0,172700.0,227360.0,227360.0,227360.0,211040.0"
    port 0
  ]
  edge [
    source 24
    target 33
    key 0
    LinkSpeed "10"
    LinkLabel "10 Gbps"
    LinkSpeedUnits "G"
    LinkSpeedRaw 10000000000.0
    bandwidth 25000000
    traffic ""
    reservation ""
    port 1
  ]
  edge [
    source 25
    target 2
    key 0
    LinkSpeed "2.5"
    LinkNote " it/s"
    LinkLabel "2.5 Gbit/s"
    LinkSpeedUnits "G"
    LinkSpeedRaw 2500000000.0
    bandwidth 25000000
    traffic ""
    reservation ""
    port 0
  ]
  edge [
    source 25
    target 4
    key 0
    LinkSpeed "2.5"
    LinkNote " it/s"
    LinkLabel "2.5 Gbit/s"
    LinkSpeedUnits "G"
    LinkSpeedRaw 2500000000.0
    bandwidth 25000000
    traffic ""
    reservation ""
    port 1
  ]
  edge [
    source 26
    target 2
    key 0
    LinkSpeed "310"
    LinkLabel "310 Mbps"
    LinkSpeedUnits "M"
    LinkSpeedRaw 310000000.0
    bandwidth 25000000
    traffic ""
    reservation ""
    port 0
  ]
  edge [
    source 27
    target 28
    key 0
    LinkType "Fibre"
    LinkSpeed "10"
    LinkSpeedUnits "G"
    LinkNote "Lit  ( )"
    LinkLabel "Lit Fibre (10 Gbps)"
    LinkSpeedRaw 10000000000.0
    bandwidth 25000000
    traffic ""
    reservation ""
    port 0
  ]
  edge [
    source 27
    target 35
    key 0
    port 1
    weight 1
    bandwidth 350000000
    traffic "200000,200000,200000,200000,200000,200000,200000,200000,200000,200000,200000,200000,200000,200000,200000,200000,200000,200000,200000,200000,200000,200000,200000,200000,200000"
    reservation "199340.0,179720.0,196460.0,186860.0,210980.0,172700.0,227360.0,227360.0,227360.0,211040.0,186860.0,210980.0,211040.0,196460.0,179720.0,179720.0,172700.0,227360.0,196460.0,199340.0,196400.0,196460.0,179720.0,176780.0,211040.0"
  ]
  edge [
    source 28
    target 1
    key 0
    LinkType "Fibre"
    LinkSpeed "10"
    LinkSpeedUnits "G"
    LinkNote "Lit  ( )"
    LinkLabel "Lit Fibre (10 Gbps)"
    LinkSpeedRaw 10000000000.0
    bandwidth 25000000
    traffic ""
    reservation ""
    port 0
  ]
  edge [
    source 28
    target 7
    key 0
    LinkType "Fibre"
    LinkSpeed "10"
    LinkSpeedUnits "G"
    LinkNote "Lit  ( )"
    LinkLabel "Lit Fibre (10 Gbps)"
    LinkSpeedRaw 10000000000.0
    bandwidth 25000000
    traffic "3500000,3500000,3500000,3500000"
    reservation "3834950.0,3758300.0,3865400.0,3129350.0"
    port 1
  ]
  edge [
    source 28
    target 18
    key 0
    LinkSpeed "2.5"
    LinkNote " it/s"
    LinkLabel "2.5 Gbit/s"
    LinkSpeedUnits "G"
    LinkSpeedRaw 2500000000.0
    bandwidth 25000000
    traffic ""
    reservation ""
    port 2
  ]
  edge [
    source 28
    target 27
    key 0
    LinkType "Fibre"
    LinkSpeed "10"
    LinkSpeedUnits "G"
    LinkNote "Lit  ( )"
    LinkLabel "Lit Fibre (10 Gbps)"
    LinkSpeedRaw 10000000000.0
    bandwidth 25000000
    traffic "200000,200000,200000,200000,200000,200000,200000,200000,200000,200000,200000,200000,200000,200000,200000,200000,200000,200000,200000,200000,200000,200000,200000,200000,200000"
    reservation "199340.0,179720.0,196460.0,186860.0,210980.0,172700.0,227360.0,227360.0,227360.0,211040.0,186860.0,210980.0,211040.0,196460.0,179720.0,179720.0,172700.0,227360.0,196460.0,199340.0,196400.0,196460.0,179720.0,176780.0,211040.0"
    port 3
  ]
  edge [
    source 29
    target 2
    key 0
    LinkType "Fibre"
    LinkSpeed "10"
    LinkSpeedUnits "G"
    LinkNote "Lit  ( )"
    LinkLabel "Lit Fibre (10 Gbps)"
    LinkSpeedRaw 10000000000.0
    bandwidth 25000000
    traffic ""
    reservation ""
    port 0
  ]
  edge [
    source 29
    target 30
    key 0
    LinkType "Fibre"
    LinkSpeed "10"
    LinkSpeedUnits "G"
    LinkNote "Lit  ( )"
    LinkLabel "Lit Fibre (10 Gbps)"
    LinkSpeedRaw 10000000000.0
    bandwidth 25000000
    traffic ""
    reservation ""
    port 1
  ]
  edge [
    source 30
    target 2
    key 0
    LinkType "Fibre"
    LinkSpeed "10"
    LinkSpeedUnits "G"
    LinkNote "Lit  ( )"
    LinkLabel "Lit Fibre (10 Gbps)"
    LinkSpeedRaw 10000000000.0
    bandwidth 25000000
    traffic ""
    reservation ""
    port 0
  ]
  edge [
    source 30
    target 29
    key 0
    LinkType "Fibre"
    LinkSpeed "10"
    LinkSpeedUnits "G"
    LinkNote "Lit  ( )"
    LinkLabel "Lit Fibre (10 Gbps)"
    LinkSpeedRaw 10000000000.0
    bandwidth 25000000
    traffic ""
    reservation ""
    port 1
  ]
  edge [
    source 30
    target 31
    key 0
    LinkType "Fibre"
    LinkSpeed "10"
    LinkSpeedUnits "G"
    LinkNote "Lit  ( )"
    LinkLabel "Lit Fibre (10 Gbps)"
    LinkSpeedRaw 10000000000.0
    bandwidth 25000000
    traffic ""
    reservation ""
    port 2
  ]
  edge [
    source 31
    target 30
    key 0
    LinkType "Fibre"
    LinkSpeed "10"
    LinkSpeedUnits "G"
    LinkNote "Lit  ( )"
    LinkLabel "Lit Fibre (10 Gbps)"
    LinkSpeedRaw 10000000000.0
    bandwidth 25000000
    traffic ""
    reservation ""
    port 0
  ]
  edge [
    source 32
    target 2
    key 0
    LinkSpeed "10"
    LinkLabel "10 Gbps"
    LinkSpeedUnits "G"
    LinkSpeedRaw 10000000000.0
    bandwidth 25000000
    traffic "18000000,3500000,3500000,200000,200000,200000,200000,200000"
    reservation "16277400.0,3834950.0,3758300.0,199340.0,179720.0,196460.0,186860.0,210980.0"
    port 0
  ]
  edge [
    source 32
    target 33
    key 0
    LinkSpeed "10"
    LinkLabel "10 Gbps"
    LinkSpeedUnits "G"
    LinkSpeedRaw 10000000000.0
    bandwidth 25000000
    traffic "3500000,3500000,3500000,3500000,3500000,3500000,3500000,200000,200000,200000,200000,200000"
    reservation "3865400.0,3129350.0,3138800.0,3834950.0,3758300.0,3044300.0,3129350.0,172700.0,227360.0,227360.0,227360.0,211040.0"
    port 1
  ]
  edge [
    source 32
    target 37
    key 0
    port 2
    weight 1
    bandwidth 50000000
    traffic ""
    reservation ""
  ]
  edge [
    source 32
    target 39
    key 0
    port 3
    weight 1
    bandwidth 50000000
    traffic ""
    reservation ""
  ]
  edge [
    source 32
    target 40
    key 0
    port 4
    weight 1
    bandwidth 50000000
    traffic ""
    reservation ""
  ]
  edge [
    source 32
    target 41
    key 0
    port 5
    weight 1
    bandwidth 50000000
    traffic ""
    reservation ""
  ]
  edge [
    source 32
    target 42
    key 0
    port 6
    weight 1
    bandwidth 50000000
    traffic ""
    reservation ""
  ]
  edge [
    source 32
    target 43
    key 0
    port 7
    weight 1
    bandwidth 50000000
    traffic ""
    reservation ""
  ]
  edge [
    source 32
    target 44
    key 0
    port 8
    weight 1
    bandwidth 50000000
    traffic ""
    reservation ""
  ]
  edge [
    source 32
    target 45
    key 0
    port 9
    weight 1
    bandwidth 50000000
    traffic ""
    reservation ""
  ]
  edge [
    source 32
    target 46
    key 0
    port 10
    weight 1
    bandwidth 50000000
    traffic ""
    reservation ""
  ]
  edge [
    source 32
    target 47
    key 0
    port 11
    weight 1
    bandwidth 50000000
    traffic ""
    reservation ""
  ]
  edge [
    source 32
    target 48
    key 0
    port 12
    weight 1
    bandwidth 50000000
    traffic ""
    reservation ""
  ]
  edge [
    source 32
    target 49
    key 0
    port 13
    weight 1
    bandwidth 50000000
    traffic ""
    reservation ""
  ]
  edge [
    source 32
    target 50
    key 0
    port 14
    weight 1
    bandwidth 50000000
    traffic ""
    reservation ""
  ]
  edge [
    source 32
    target 51
    key 0
    port 15
    weight 1
    bandwidth 50000000
    traffic ""
    reservation ""
  ]
  edge [
    source 32
    target 52
    key 0
    port 16
    weight 1
    bandwidth 50000000
    traffic ""
    reservation ""
  ]
  edge [
    source 32
    target 53
    key 0
    port 17
    weight 1
    bandwidth 50000000
    traffic ""
    reservation ""
  ]
  edge [
    source 32
    target 54
    key 0
    port 18
    weight 1
    bandwidth 50000000
    traffic ""
    reservation ""
  ]
  edge [
    source 32
    target 55
    key 0
    port 19
    weight 1
    bandwidth 50000000
    traffic ""
    reservation ""
  ]
  edge [
    source 32
    target 56
    key 0
    port 20
    weight 1
    bandwidth 50000000
    traffic ""
    reservation ""
  ]
  edge [
    source 32
    target 57
    key 0
    port 21
    weight 1
    bandwidth 50000000
    traffic ""
    reservation ""
  ]
  edge [
    source 33
    target 24
    key 0
    LinkSpeed "10"
    LinkLabel "10 Gbps"
    LinkSpeedUnits "G"
    LinkSpeedRaw 10000000000.0
    bandwidth 25000000
    traffic "3500000,3500000,3500000,3500000,3500000,3500000,3500000,200000,200000,200000,200000,200000"
    reservation "3865400.0,3129350.0,3138800.0,3834950.0,3758300.0,3044300.0,3129350.0,172700.0,227360.0,227360.0,227360.0,211040.0"
    port 0
  ]
  edge [
    source 33
    target 32
    key 0
    LinkSpeed "10"
    LinkLabel "10 Gbps"
    LinkSpeedUnits "G"
    LinkSpeedRaw 10000000000.0
    bandwidth 25000000
    traffic ""
    reservation ""
    port 1
  ]
  edge [
    source 34
    target 9
    key 0
    port 0
    weight 1
    bandwidth 350000000
    traffic ""
    reservation ""
  ]
  edge [
    source 35
    target 27
    key 0
    port 0
    weight 1
    bandwidth 350000000
    traffic ""
    reservation ""
  ]
  edge [
    source 36
    target 0
    key 0
    port 0
    weight 1
    bandwidth 350000000
    traffic ""
    reservation ""
  ]
  edge [
    source 37
    target 32
    key 0
    port 0
    weight 1
    bandwidth 50000000
    traffic "18000000"
    reservation "16277400.0"
  ]
  edge [
    source 38
    target 5
    key 0
    port 0
    weight 1
    bandwidth 50000000
    traffic "18000000"
    reservation "16536600.0"
  ]
  edge [
    source 39
    target 32
    key 0
    port 0
    weight 1
    bandwidth 50000000
    traffic "3500000"
    reservation "3834950.0"
  ]
  edge [
    source 40
    target 32
    key 0
    port 0
    weight 1
    bandwidth 50000000
    traffic "3500000"
    reservation "3758300.0"
  ]
  edge [
    source 41
    target 32
    key 0
    port 0
    weight 1
    bandwidth 50000000
    traffic "3500000"
    reservation "3865400.0"
  ]
  edge [
    source 42
    target 32
    key 0
    port 0
    weight 1
    bandwidth 50000000
    traffic "200000"
    reservation "199340.0"
  ]
  edge [
    source 43
    target 32
    key 0
    port 0
    weight 1
    bandwidth 50000000
    traffic "3500000"
    reservation "3129350.0"
  ]
  edge [
    source 44
    target 32
    key 0
    port 0
    weight 1
    bandwidth 50000000
    traffic "3500000"
    reservation "3138800.0"
  ]
  edge [
    source 45
    target 32
    key 0
    port 0
    weight 1
    bandwidth 50000000
    traffic "3500000"
    reservation "3834950.0"
  ]
  edge [
    source 46
    target 32
    key 0
    port 0
    weight 1
    bandwidth 50000000
    traffic "200000"
    reservation "179720.0"
  ]
  edge [
    source 47
    target 32
    key 0
    port 0
    weight 1
    bandwidth 50000000
    traffic "200000"
    reservation "196460.0"
  ]
  edge [
    source 48
    target 32
    key 0
    port 0
    weight 1
    bandwidth 50000000
    traffic "3500000"
    reservation "3758300.0"
  ]
  edge [
    source 49
    target 32
    key 0
    port 0
    weight 1
    bandwidth 50000000
    traffic "3500000"
    reservation "3044300.0"
  ]
  edge [
    source 50
    target 32
    key 0
    port 0
    weight 1
    bandwidth 50000000
    traffic "3500000"
    reservation "3129350.0"
  ]
  edge [
    source 51
    target 32
    key 0
    port 0
    weight 1
    bandwidth 50000000
    traffic "200000"
    reservation "186860.0"
  ]
  edge [
    source 52
    target 32
    key 0
    port 0
    weight 1
    bandwidth 50000000
    traffic "200000"
    reservation "210980.0"
  ]
  edge [
    source 53
    target 32
    key 0
    port 0
    weight 1
    bandwidth 50000000
    traffic "200000"
    reservation "172700.0"
  ]
  edge [
    source 54
    target 32
    key 0
    port 0
    weight 1
    bandwidth 50000000
    traffic "200000"
    reservation "227360.0"
  ]
  edge [
    source 55
    target 32
    key 0
    port 0
    weight 1
    bandwidth 50000000
    traffic "200000"
    reservation "227360.0"
  ]
  edge [
    source 56
    target 32
    key 0
    port 0
    weight 1
    bandwidth 50000000
    traffic "200000"
    reservation "227360.0"
  ]
  edge [
    source 57
    target 32
    key 0
    port 0
    weight 1
    bandwidth 50000000
    traffic "200000"
    reservation "211040.0"
  ]
  edge [
    source 58
    target 5
    key 0
    port 0
    weight 1
    bandwidth 50000000
    traffic "3500000"
    reservation "3948350.0"
  ]
  edge [
    source 59
    target 5
    key 0
    port 0
    weight 1
    bandwidth 50000000
    traffic "3500000"
    reservation "3678500.0"
  ]
  edge [
    source 60
    target 5
    key 0
    port 0
    weight 1
    bandwidth 50000000
    traffic "3500000"
    reservation "4008200.0"
  ]
  edge [
    source 61
    target 5
    key 0
    port 0
    weight 1
    bandwidth 50000000
    traffic "3500000"
    reservation "4004000.0"
  ]
  edge [
    source 62
    target 5
    key 0
    port 0
    weight 1
    bandwidth 50000000
    traffic "3500000"
    reservation "3129350.0"
  ]
  edge [
    source 63
    target 5
    key 0
    port 0
    weight 1
    bandwidth 50000000
    traffic "3500000"
    reservation "4008200.0"
  ]
  edge [
    source 64
    target 5
    key 0
    port 0
    weight 1
    bandwidth 50000000
    traffic "200000"
    reservation "186860.0"
  ]
  edge [
    source 65
    target 5
    key 0
    port 0
    weight 1
    bandwidth 50000000
    traffic "200000"
    reservation "210980.0"
  ]
  edge [
    source 66
    target 5
    key 0
    port 0
    weight 1
    bandwidth 50000000
    traffic "200000"
    reservation "211040.0"
  ]
  edge [
    source 67
    target 5
    key 0
    port 0
    weight 1
    bandwidth 50000000
    traffic "200000"
    reservation "196460.0"
  ]
  edge [
    source 68
    target 5
    key 0
    port 0
    weight 1
    bandwidth 50000000
    traffic "200000"
    reservation "179720.0"
  ]
  edge [
    source 69
    target 5
    key 0
    port 0
    weight 1
    bandwidth 50000000
    traffic "200000"
    reservation "179720.0"
  ]
  edge [
    source 70
    target 5
    key 0
    port 0
    weight 1
    bandwidth 50000000
    traffic "200000"
    reservation "172700.0"
  ]
  edge [
    source 71
    target 5
    key 0
    port 0
    weight 1
    bandwidth 50000000
    traffic "200000"
    reservation "227360.0"
  ]
  edge [
    source 72
    target 5
    key 0
    port 0
    weight 1
    bandwidth 50000000
    traffic "200000"
    reservation "196460.0"
  ]
  edge [
    source 73
    target 5
    key 0
    port 0
    weight 1
    bandwidth 50000000
    traffic "200000"
    reservation "199340.0"
  ]
  edge [
    source 74
    target 5
    key 0
    port 0
    weight 1
    bandwidth 50000000
    traffic "200000"
    reservation "196400.0"
  ]
  edge [
    source 75
    target 5
    key 0
    port 0
    weight 1
    bandwidth 50000000
    traffic "200000"
    reservation "196460.0"
  ]
  edge [
    source 76
    target 5
    key 0
    port 0
    weight 1
    bandwidth 50000000
    traffic "200000"
    reservation "179720.0"
  ]
  edge [
    source 77
    target 5
    key 0
    port 0
    weight 1
    bandwidth 50000000
    traffic "200000"
    reservation "176780.0"
  ]
  edge [
    source 78
    target 5
    key 0
    port 0
    weight 1
    bandwidth 50000000
    traffic "200000"
    reservation "211040.0"
  ]
]
