graph [
  directed 1
  multigraph 1
  GeoLocation "Australia"
  GeoExtent "Country"
  Network "AARNET"
  Provenance "Primary"
  Access 0
  Source "http://www.aarnet.edu.au/aarnet3.aspx"
  Version "1.0"
  Type "REN"
  DateType "Current"
  Backbone 1
  Commercial 0
  label "Aarnet"
  ToolsetVersion "0.3.34dev-20120328"
  Customer 0
  IX 0
  SourceGitVersion "e278b1b"
  DateModifier "="
  DateMonth "08"
  LastAccess "3/08/10"
  Layer "IP"
  Creator "Topology Zoo Toolset"
  Developed 1
  Transit 0
  NetworkDate "2010_08"
  DateYear "2010"
  LastProcessed "2011_09_01"
  Testbed 0
  levelsToS 96
  node [
    id 0
    label "0"
    Country "Australia"
    Longitude 151.20732
    Internal 1
    Latitude -33.86785
    type "inner"
    schedulingPolicy "WFQ"
    tosToQoSqueue "30,36;34;32;31;28,35;38;37;49;44;40,43,48,50;51;41;46;42;29,45;47;52;24,27,33;22,25,26,0,1,2,3,4,5,6,7,8,9,10,11,12,13,14,15,16,17,18,19,20,21,23,39,53,54,55,56,57,58,59,60,61,62,63,64,65,66,67,68,69,70,71,72,73,74,75,76,77,78,79,80,81,82,83,84,85,86,87,88,89,90,91,92,93,94,95"
    schedulingWeights "0.001,0.001,0.001,0.001,0.001,0.001,0.001,0.001,0.001,0.001,0.001,0.001,0.001,0.001,0.001,0.001,0.001,26.542,73.441;10.669,4.753,4.623,5.176,7.989,4.826,4.968,0.281,0.264,1.053,0.245,0.283,0.252,0.259,0.501,0.275,0.304,53.083,0.194;0.001,0.001,0.001,0.001,0.001,0.001,0.001,0.001,0.001,0.001,0.001,0.001,0.001,0.001,0.001,0.001,0.001,0.001,99.982"
    levelsQoS 19
    queueSizes "32,32,32,32,32,32,32,32,32,32,32,32,32,32,32,32,32,32,32"
  ]
  node [
    id 1
    label "1"
    Country "Australia"
    Longitude 153.02809
    Internal 1
    Latitude -27.46794
    type "antenna"
    schedulingPolicy "WFQ"
    tosToQoSqueue "26,0,1,2,3,4,5,6,7,8,9,10,11,12,13,14,15,16,17,18,19,20,21,22,23,24,25,27,28,29,30,31,32,33,34,35,36,37,38,39,40,41,42,43,44,45,46,47,48,49,50,51,52,53,54,55,56,57,58,59,60,61,62,63,64,65,66,67,68,69,70,71,72,73,74,75,76,77,78,79,80,81,82,83,84,85,86,87,88,89,90,91,92,93,94,95"
    schedulingWeights "100;100;100"
    levelsQoS 1
    queueSizes "32"
  ]
  node [
    id 2
    label "2"
    Country "Australia"
    Longitude 149.12807
    Internal 1
    Latitude -35.28346
    type "destination_embb"
    schedulingPolicy "FIFO"
    levelsQoS "1"
    schedulingWeights "-"
    tosToQoSqueue "0,1,2,3,4,5,6,7,8,9,10,11,12,13,14,15,16,17,18,19,20,21,22,23,24,25,26,27,28,29,30,31,32,33,34,35,36,37,38,39,40,41,42,43,44,45,46,47,48,49,50,51,52,53,54,55,56,57,58,59,60,61,62,63,64,65,66,67,68,69,70,71,72,73,74,75,76,77,78,79,80,81,82,83,84,85,86,87,88,89,90,91,92,93,94,95"
    queueSizes "32"
  ]
  node [
    id 3
    label "3"
    Country "Australia"
    Longitude 151.20732
    Internal 1
    Latitude -33.86785
    type "antenna"
    schedulingPolicy "WFQ"
    tosToQoSqueue "30,36;34;32;31;28,35;38;37;49;44;40,43,48,50;51;41;46;42;29,45;47;52;24,33;22,26,0,1,2,3,4,5,6,7,8,9,10,11,12,13,14,15,16,17,18,19,20,21,23,25,27,39,53,54,55,56,57,58,59,60,61,62,63,64,65,66,67,68,69,70,71,72,73,74,75,76,77,78,79,80,81,82,83,84,85,86,87,88,89,90,91,92,93,94,95"
    schedulingWeights "0.001,0.001,0.001,0.001,0.001,0.001,0.001,0.001,0.001,0.001,0.001,0.001,0.001,0.001,0.001,0.001,0.001,0.001,99.982;0.001,0.001,0.001,0.001,0.001,0.001,0.001,0.001,0.001,0.001,0.001,0.001,0.001,0.001,0.001,0.001,0.001,0.001,99.982;0.001,0.001,0.001,0.001,0.001,0.001,0.001,0.001,0.001,0.001,0.001,0.001,0.001,0.001,0.001,0.001,0.001,0.001,99.982;10.669,4.753,4.623,5.176,7.989,4.826,4.968,0.281,0.264,1.053,0.245,0.283,0.252,0.259,0.501,0.275,0.304,53.083,0.194;0.001,0.001,0.001,0.001,0.001,0.001,0.001,0.001,0.001,0.001,0.001,0.001,0.001,0.001,0.001,0.001,0.001,0.001,99.982"
    levelsQoS 19
    queueSizes "32,32,32,32,32,32,32,32,32,32,32,32,32,32,32,32,32,32,32"
  ]
  node [
    id 4
    label "4"
    Country "Australia"
    Longitude 146.8
    Internal 1
    Latitude -19.25
    type "antenna"
    schedulingPolicy "WFQ"
    tosToQoSqueue "27,0,1,2,3,4,5,6,7,8,9,10,11,12,13,14,15,16,17,18,19,20,21,22,23,24,25,26,28,29,30,31,32,33,34,35,36,37,38,39,40,41,42,43,44,45,46,47,48,49,50,51,52,53,54,55,56,57,58,59,60,61,62,63,64,65,66,67,68,69,70,71,72,73,74,75,76,77,78,79,80,81,82,83,84,85,86,87,88,89,90,91,92,93,94,95"
    schedulingWeights "100;100;100"
    levelsQoS 1
    queueSizes "32"
  ]
  node [
    id 5
    label "5"
    Country "Australia"
    Longitude 145.76667
    Internal 1
    Latitude -16.91667
    type "inner"
    schedulingPolicy "WFQ"
    tosToQoSqueue "0,1,2,3,4,5,6,7,8,9,10,11,12,13,14,15,16,17,18,19,20,21,22,23,24,25,26,27,28,29,30,31,32,33,34,35,36,37,38,39,40,41,42,43,44,45,46,47,48,49,50,51,52,53,54,55,56,57,58,59,60,61,62,63,64,65,66,67,68,69,70,71,72,73,74,75,76,77,78,79,80,81,82,83,84,85,86,87,88,89,90,91,92,93,94,95"
    schedulingWeights "100"
    levelsQoS 1
    queueSizes "32"
  ]
  node [
    id 6
    label "6"
    Country "Australia"
    Longitude 153.02809
    Internal 1
    Latitude -27.46794
    type "inner"
    schedulingPolicy "WFQ"
    tosToQoSqueue "27;25,0,1,2,3,4,5,6,7,8,9,10,11,12,13,14,15,16,17,18,19,20,21,22,23,24,26,28,29,30,31,32,33,34,35,36,37,38,39,40,41,42,43,44,45,46,47,48,49,50,51,52,53,54,55,56,57,58,59,60,61,62,63,64,65,66,67,68,69,70,71,72,73,74,75,76,77,78,79,80,81,82,83,84,85,86,87,88,89,90,91,92,93,94,95"
    schedulingWeights "26.542,73.458;0.001,99.999;0.001,99.999"
    levelsQoS 2
    queueSizes "32,32"
  ]
  node [
    id 7
    label "7"
    Country "Australia"
    Longitude 150.5
    Internal 1
    Latitude -23.38333
    type "antenna"
    schedulingPolicy "WFQ"
    tosToQoSqueue "27;25,0,1,2,3,4,5,6,7,8,9,10,11,12,13,14,15,16,17,18,19,20,21,22,23,24,26,28,29,30,31,32,33,34,35,36,37,38,39,40,41,42,43,44,45,46,47,48,49,50,51,52,53,54,55,56,57,58,59,60,61,62,63,64,65,66,67,68,69,70,71,72,73,74,75,76,77,78,79,80,81,82,83,84,85,86,87,88,89,90,91,92,93,94,95"
    schedulingWeights "0.001,99.999;26.542,73.458;0.001,99.999"
    levelsQoS 2
    queueSizes "32,32"
  ]
  node [
    id 8
    label "8"
    Country "Australia"
    Longitude 151.65
    Internal 1
    Latitude -30.51667
    type "inner"
    schedulingPolicy "WFQ"
    tosToQoSqueue "0,1,2,3,4,5,6,7,8,9,10,11,12,13,14,15,16,17,18,19,20,21,22,23,24,25,26,27,28,29,30,31,32,33,34,35,36,37,38,39,40,41,42,43,44,45,46,47,48,49,50,51,52,53,54,55,56,57,58,59,60,61,62,63,64,65,66,67,68,69,70,71,72,73,74,75,76,77,78,79,80,81,82,83,84,85,86,87,88,89,90,91,92,93,94,95"
    schedulingWeights "100"
    levelsQoS 1
    queueSizes "32"
  ]
  node [
    id 9
    label "9"
    Country "Australia"
    Longitude 147.32941
    Internal 1
    Latitude -42.87936
    type "destination_mmtc"
    schedulingPolicy "FIFO"
    levelsQoS "1"
    schedulingWeights "-"
    tosToQoSqueue "0,1,2,3,4,5,6,7,8,9,10,11,12,13,14,15,16,17,18,19,20,21,22,23,24,25,26,27,28,29,30,31,32,33,34,35,36,37,38,39,40,41,42,43,44,45,46,47,48,49,50,51,52,53,54,55,56,57,58,59,60,61,62,63,64,65,66,67,68,69,70,71,72,73,74,75,76,77,78,79,80,81,82,83,84,85,86,87,88,89,90,91,92,93,94,95"
    queueSizes "32"
  ]
  node [
    id 10
    label "10"
    Country "Australia"
    Longitude 149.12807
    Internal 1
    Latitude -35.28346
    type "antenna"
    schedulingPolicy "WFQ"
    tosToQoSqueue "30,36;34;32;31;28,35;39;38;37;49,58;44;40,43,48,50;51,56;41,57;46,55;42,53,54;29,45;47;52;24,27,33;22,25,26,0,1,2,3,4,5,6,7,8,9,10,11,12,13,14,15,16,17,18,19,20,21,23,59,60,61,62,63,64,65,66,67,68,69,70,71,72,73,74,75,76,77,78,79,80,81,82,83,84,85,86,87,88,89,90,91,92,93,94,95"
    schedulingWeights "10.669,4.753,4.623,5.176,7.989,0.001,4.826,4.968,0.281,0.264,1.053,0.245,0.283,0.252,0.259,0.501,0.275,0.304,53.083,0.193;0.001,0.001,0.001,0.001,0.001,4.958,0.001,0.001,0.281,0.001,0.001,0.245,0.283,0.252,0.519,0.001,0.001,0.001,26.542,66.909;0.001,0.001,0.001,0.001,0.001,0.001,0.001,0.001,0.001,0.001,0.001,0.001,0.001,0.001,0.001,0.001,0.001,0.001,0.001,99.981;0.001,0.001,0.001,0.001,0.001,0.001,0.001,0.001,0.001,0.001,0.001,0.001,0.001,0.001,0.001,0.001,0.001,0.001,0.001,99.981;0.001,0.001,0.001,0.001,0.001,0.001,0.001,0.001,0.001,0.001,0.001,0.001,0.001,0.001,0.001,0.001,0.001,0.001,0.001,99.981;0.001,0.001,0.001,0.001,0.001,0.001,0.001,0.001,0.001,0.001,0.001,0.001,0.001,0.001,0.001,0.001,0.001,0.001,0.001,99.981;0.001,0.001,0.001,0.001,0.001,0.001,0.001,0.001,0.001,0.001,0.001,0.001,0.001,0.001,0.001,0.001,0.001,0.001,0.001,99.981;0.001,0.001,0.001,0.001,0.001,0.001,0.001,0.001,0.001,0.001,0.001,0.001,0.001,0.001,0.001,0.001,0.001,0.001,0.001,99.981;0.001,0.001,0.001,0.001,0.001,0.001,0.001,0.001,0.001,0.001,0.001,0.001,0.001,0.001,0.001,0.001,0.001,0.001,0.001,99.981;0.001,0.001,0.001,0.001,0.001,0.001,0.001,0.001,0.001,0.001,0.001,0.001,0.001,0.001,0.001,0.001,0.001,0.001,0.001,99.981;0.001,0.001,0.001,0.001,0.001,0.001,0.001,0.001,0.001,0.001,0.001,0.001,0.001,0.001,0.001,0.001,0.001,0.001,0.001,99.981;0.001,0.001,0.001,0.001,0.001,0.001,0.001,0.001,0.001,0.001,0.001,0.001,0.001,0.001,0.001,0.001,0.001,0.001,0.001,99.981;0.001,0.001,0.001,0.001,0.001,0.001,0.001,0.001,0.001,0.001,0.001,0.001,0.001,0.001,0.001,0.001,0.001,0.001,0.001,99.981;0.001,0.001,0.001,0.001,0.001,0.001,0.001,0.001,0.001,0.001,0.001,0.001,0.001,0.001,0.001,0.001,0.001,0.001,0.001,99.981;0.001,0.001,0.001,0.001,0.001,0.001,0.001,0.001,0.001,0.001,0.001,0.001,0.001,0.001,0.001,0.001,0.001,0.001,0.001,99.981;0.001,0.001,0.001,0.001,0.001,0.001,0.001,0.001,0.001,0.001,0.001,0.001,0.001,0.001,0.001,0.001,0.001,0.001,0.001,99.981;0.001,0.001,0.001,0.001,0.001,0.001,0.001,0.001,0.001,0.001,0.001,0.001,0.001,0.001,0.001,0.001,0.001,0.001,0.001,99.981;0.001,0.001,0.001,0.001,0.001,0.001,0.001,0.001,0.001,0.001,0.001,0.001,0.001,0.001,0.001,0.001,0.001,0.001,0.001,99.981;0.001,0.001,0.001,0.001,0.001,0.001,0.001,0.001,0.001,0.001,0.001,0.001,0.001,0.001,0.001,0.001,0.001,0.001,0.001,99.981;0.001,0.001,0.001,0.001,0.001,0.001,0.001,0.001,0.001,0.001,0.001,0.001,0.001,0.001,0.001,0.001,0.001,0.001,0.001,99.981;0.001,0.001,0.001,0.001,0.001,0.001,0.001,0.001,0.001,0.001,0.001,0.001,0.001,0.001,0.001,0.001,0.001,0.001,0.001,99.981;0.001,0.001,0.001,0.001,0.001,0.001,0.001,0.001,0.001,0.001,0.001,0.001,0.001,0.001,0.001,0.001,0.001,0.001,0.001,99.981;0.001,0.001,0.001,0.001,0.001,0.001,0.001,0.001,0.001,0.001,0.001,0.001,0.001,0.001,0.001,0.001,0.001,0.001,0.001,99.981;0.001,0.001,0.001,0.001,0.001,0.001,0.001,0.001,0.001,0.001,0.001,0.001,0.001,0.001,0.001,0.001,0.001,0.001,0.001,99.981;0.001,0.001,0.001,0.001,0.001,0.001,0.001,0.001,0.001,0.001,0.001,0.001,0.001,0.001,0.001,0.001,0.001,0.001,0.001,99.981;0.001,0.001,0.001,0.001,0.001,0.001,0.001,0.001,0.001,0.001,0.001,0.001,0.001,0.001,0.001,0.001,0.001,0.001,0.001,99.981;0.001,0.001,0.001,0.001,0.001,0.001,0.001,0.001,0.001,0.001,0.001,0.001,0.001,0.001,0.001,0.001,0.001,0.001,0.001,99.981;0.001,0.001,0.001,0.001,0.001,0.001,0.001,0.001,0.001,0.001,0.001,0.001,0.001,0.001,0.001,0.001,0.001,0.001,0.001,99.981;0.001,0.001,0.001,0.001,0.001,0.001,0.001,0.001,0.001,0.001,0.001,0.001,0.001,0.001,0.001,0.001,0.001,0.001,0.001,99.981;0.001,0.001,0.001,0.001,0.001,0.001,0.001,0.001,0.001,0.001,0.001,0.001,0.001,0.001,0.001,0.001,0.001,0.001,0.001,99.981;0.001,0.001,0.001,0.001,0.001,0.001,0.001,0.001,0.001,0.001,0.001,0.001,0.001,0.001,0.001,0.001,0.001,0.001,0.001,99.981;0.001,0.001,0.001,0.001,0.001,0.001,0.001,0.001,0.001,0.001,0.001,0.001,0.001,0.001,0.001,0.001,0.001,0.001,0.001,99.981;0.001,0.001,0.001,0.001,0.001,0.001,0.001,0.001,0.001,0.001,0.001,0.001,0.001,0.001,0.001,0.001,0.001,0.001,0.001,99.981;0.001,0.001,0.001,0.001,0.001,0.001,0.001,0.001,0.001,0.001,0.001,0.001,0.001,0.001,0.001,0.001,0.001,0.001,0.001,99.981"
    levelsQoS 20
    queueSizes "32,32,32,32,32,32,32,32,32,32,32,32,32,32,32,32,32,32,32,32"
  ]
  node [
    id 11
    label "11"
    Country "Australia"
    Longitude 115.83333
    Internal 1
    Latitude -31.93333
    type "inner"
    schedulingPolicy "WFQ"
    tosToQoSqueue "63,74,77;30,36,73;34,60,65,70;32;64;72;31,62;28,35,61,68,76;39;38;37,66,71;67,91;69,95;80;75;94;79,93;86;59,87;23,90,0,1,2,3,4,5,6,7,8,9,10,11,12,13,14,15,16,17,18,19,20,21,22,24,25,26,27,29,33,40,41,42,43,44,45,46,47,48,49,50,51,52,53,54,55,56,57,58,78,81,82,83,84,85,88,89,92"
    schedulingWeights "0.001,10.669,4.753,4.623,0.001,0.001,5.176,7.989,0.001,4.826,4.968,0.264,0.276,0.001,0.001,0.252,0.259,0.001,0.304,55.631;14.277,5.334,14.26,0.001,4.623,5.222,5.176,11.984,4.958,0.001,9.935,0.264,0.276,0.263,0.283,0.001,0.259,0.252,0.304,22.324"
    levelsQoS 20
    queueSizes "32,32,32,32,32,32,32,32,32,32,32,32,32,32,32,32,32,32,32,32"
  ]
  node [
    id 12
    label "12"
    Country "Australia"
    Longitude 115.83333
    Internal 1
    Latitude -31.93333
    type "inner"
    schedulingPolicy "WFQ"
    tosToQoSqueue "63,74,77;30,36,73;34,60,65,70;32;64;72;31,62;28,35,61,68,76;39;38;37,66,71;67,91;69,95;80;75;94;79,93;86;59,87;23,90,0,1,2,3,4,5,6,7,8,9,10,11,12,13,14,15,16,17,18,19,20,21,22,24,25,26,27,29,33,40,41,42,43,44,45,46,47,48,49,50,51,52,53,54,55,56,57,58,78,81,82,83,84,85,88,89,92"
    schedulingWeights "14.277,5.334,14.26,0.001,4.623,5.222,5.176,11.984,4.958,0.001,9.935,0.264,0.276,0.263,0.283,0.001,0.259,0.252,0.304,22.324;0.001,10.669,4.753,4.623,0.001,0.001,5.176,7.989,0.001,4.826,4.968,0.264,0.276,0.001,0.001,0.252,0.259,0.001,0.304,55.631"
    levelsQoS 20
    queueSizes "32,32,32,32,32,32,32,32,32,32,32,32,32,32,32,32,32,32,32,32"
  ]
  node [
    id 13
    label "13"
    Country "Australia"
    Longitude 138.6
    Internal 1
    Latitude -34.93333
    type "inner"
    schedulingPolicy "WFQ"
    tosToQoSqueue "63,74,77;30,36,73;34,60,65,70,78;32;64;72;31,62;28,35,61,68,76;39;38;37,66,71;67,91;69,95;80;75;94;79,93;92;86;59,87;23,90,0,1,2,3,4,5,6,7,8,9,10,11,12,13,14,15,16,17,18,19,20,21,22,24,25,26,27,29,33,40,41,42,43,44,45,46,47,48,49,50,51,52,53,54,55,56,57,58,81,82,83,84,85,88,89"
    schedulingWeights "0.001,10.669,4.753,4.623,0.001,0.001,5.176,7.989,0.001,4.826,4.968,0.264,0.276,0.001,0.001,0.252,0.259,0.001,0.001,0.304,55.63;14.277,5.334,19.014,0.001,4.623,5.222,5.176,11.984,4.958,0.001,9.935,0.001,0.001,0.001,0.001,0.001,0.001,0.001,0.001,0.001,19.464;0.001,0.001,0.001,0.001,0.001,0.001,0.001,0.001,0.001,0.001,0.001,0.001,0.001,0.001,0.001,0.001,0.001,0.001,0.001,0.001,99.98;0.001,0.001,0.001,0.001,0.001,0.001,0.001,0.001,0.001,0.001,0.001,0.264,0.276,0.263,0.283,0.001,0.259,0.25,0.252,0.304,97.836"
    levelsQoS 21
    queueSizes "32,32,32,32,32,32,32,32,32,32,32,32,32,32,32,32,32,32,32,32,32"
  ]
  node [
    id 14
    label "14"
    Country "Australia"
    Longitude 138.6
    Internal 1
    Latitude -34.93333
    type "inner"
    schedulingPolicy "WFQ"
    tosToQoSqueue "63,74,77;30,36,73;34,60,65,70,78;32;64;72;31,62;28,35,61,68,76;39;38;37,66,71;67,91;69,95;80;75;94;79,93;92;86;59,87;23,90,0,1,2,3,4,5,6,7,8,9,10,11,12,13,14,15,16,17,18,19,20,21,22,24,25,26,27,29,33,40,41,42,43,44,45,46,47,48,49,50,51,52,53,54,55,56,57,58,81,82,83,84,85,88,89"
    schedulingWeights "14.277,5.334,14.26,0.001,4.623,5.222,5.176,11.984,4.958,0.001,9.935,0.264,0.276,0.263,0.283,0.001,0.259,0.001,0.252,0.304,22.323;0.001,0.001,4.753,0.001,0.001,0.001,0.001,0.001,0.001,0.001,0.001,0.001,0.001,0.001,0.001,0.001,0.001,0.25,0.001,0.001,94.978;0.001,0.001,0.001,0.001,0.001,0.001,0.001,0.001,0.001,0.001,0.001,0.264,0.276,0.001,0.001,0.252,0.259,0.001,0.001,0.304,98.628;0.001,10.669,4.753,4.623,0.001,0.001,5.176,7.989,0.001,4.826,4.968,0.001,0.001,0.001,0.001,0.001,0.001,0.001,0.001,0.001,56.982"
    levelsQoS 21
    queueSizes "32,32,32,32,32,32,32,32,32,32,32,32,32,32,32,32,32,32,32,32,32"
  ]
  node [
    id 15
    label "15"
    Country "Australia"
    Longitude 144.96332
    Internal 1
    Latitude -37.814
    type "inner"
    schedulingPolicy "WFQ"
    tosToQoSqueue "30,36;34;32;31;28,35;39;38;37;58;67,91;69,95;80;56;57,75;55,94;53,54,79,93;92;86;59,87;24,33;23,90,0,1,2,3,4,5,6,7,8,9,10,11,12,13,14,15,16,17,18,19,20,21,22,25,26,27,29,40,41,42,43,44,45,46,47,48,49,50,51,52,60,61,62,63,64,65,66,68,70,71,72,73,74,76,77,78,81,82,83,84,85,88,89"
    schedulingWeights "0.001,0.001,0.001,0.001,0.001,0.001,0.001,0.001,0.001,0.001,0.001,0.001,0.001,0.001,0.001,0.001,0.001,0.001,0.001,53.083,46.898;0.001,0.001,0.001,0.001,0.001,4.958,0.001,0.001,0.281,0.528,0.553,0.263,0.245,0.566,0.505,1.037,0.25,0.252,0.609,0.001,89.946;10.669,4.753,4.623,5.176,7.989,0.001,4.826,4.968,0.001,0.001,0.001,0.001,0.001,0.001,0.001,0.001,0.001,0.001,0.001,0.001,56.982;0.001,0.001,0.001,0.001,0.001,0.001,0.001,0.001,0.001,0.001,0.001,0.001,0.001,0.001,0.001,0.001,0.001,0.001,0.001,0.001,99.98"
    levelsQoS 21
    queueSizes "32,32,32,32,32,32,32,32,32,32,32,32,32,32,32,32,32,32,32,32,32"
  ]
  node [
    id 16
    label "16"
    Country "Australia"
    Longitude 144.96332
    Internal 1
    Latitude -37.814
    type "inner"
    schedulingPolicy "WFQ"
    tosToQoSqueue "30,36;34;32;31;28,35;39;38;37;49;44,91;95;40,43,48,50;51;41;46,94;42,93;29,45;47;52,87;24,33;90,0,1,2,3,4,5,6,7,8,9,10,11,12,13,14,15,16,17,18,19,20,21,22,23,25,26,27,53,54,55,56,57,58,59,60,61,62,63,64,65,66,67,68,69,70,71,72,73,74,75,76,77,78,79,80,81,82,83,84,85,86,88,89,92"
    schedulingWeights "0.001,0.001,0.001,0.001,0.001,0.001,0.001,0.001,0.001,0.001,0.001,0.001,0.001,0.001,0.001,0.001,0.001,0.001,0.001,0.001,99.98;10.669,4.753,4.623,5.176,7.989,0.001,4.826,4.968,0.281,0.264,0.001,1.053,0.245,0.283,0.252,0.259,0.501,0.275,0.304,53.083,0.192;0.001,0.001,0.001,0.001,0.001,4.958,0.001,0.001,0.001,0.001,0.001,0.001,0.001,0.001,0.001,0.001,0.001,0.001,0.001,0.001,95.023;0.001,0.001,0.001,0.001,0.001,0.001,0.001,0.001,0.001,0.264,0.276,0.001,0.001,0.001,0.252,0.259,0.001,0.001,0.304,0.001,98.628"
    levelsQoS 21
    queueSizes "32,32,32,32,32,32,32,32,32,32,32,32,32,32,32,32,32,32,32,32,32"
  ]
  node [
    id 17
    label "17"
    Country "Australia"
    Longitude 133.88333
    Internal 1
    Latitude -23.7
    type "antenna"
    schedulingPolicy "WFQ"
    tosToQoSqueue "63,74,77,84;30,36,73;34,60,65,70,78;32;64,83;72;31,62,89;28,35,61,68,76,85;81;38;37,66,71,88;82;67,91;69,95;80;75;94;79,93;92;86;59,87;23,90,0,1,2,3,4,5,6,7,8,9,10,11,12,13,14,15,16,17,18,19,20,21,22,24,25,26,27,29,33,39,40,41,42,43,44,45,46,47,48,49,50,51,52,53,54,55,56,57,58"
    schedulingWeights "14.277,5.334,19.014,0.001,4.623,5.222,5.176,11.984,0.001,0.001,9.935,0.001,0.264,0.276,0.263,0.283,0.001,0.259,0.25,0.252,0.304,22.276;4.759,10.669,4.753,4.623,4.623,0.001,10.353,11.984,4.958,4.826,9.935,4.863,0.264,0.276,0.001,0.001,0.252,0.259,0.001,0.001,0.304,22.292;0.001,0.001,0.001,0.001,0.001,0.001,0.001,0.001,0.001,0.001,0.001,0.001,0.001,0.001,0.001,0.001,0.001,0.001,0.001,0.001,0.001,99.979;0.001,0.001,0.001,0.001,0.001,0.001,0.001,0.001,0.001,0.001,0.001,0.001,0.001,0.001,0.001,0.001,0.001,0.001,0.001,0.001,0.001,99.979;0.001,0.001,0.001,0.001,0.001,0.001,0.001,0.001,0.001,0.001,0.001,0.001,0.001,0.001,0.001,0.001,0.001,0.001,0.001,0.001,0.001,99.979;0.001,0.001,0.001,0.001,0.001,0.001,0.001,0.001,0.001,0.001,0.001,0.001,0.001,0.001,0.001,0.001,0.001,0.001,0.001,0.001,0.001,99.979;0.001,0.001,0.001,0.001,0.001,0.001,0.001,0.001,0.001,0.001,0.001,0.001,0.001,0.001,0.001,0.001,0.001,0.001,0.001,0.001,0.001,99.979;0.001,0.001,0.001,0.001,0.001,0.001,0.001,0.001,0.001,0.001,0.001,0.001,0.001,0.001,0.001,0.001,0.001,0.001,0.001,0.001,0.001,99.979;0.001,0.001,0.001,0.001,0.001,0.001,0.001,0.001,0.001,0.001,0.001,0.001,0.001,0.001,0.001,0.001,0.001,0.001,0.001,0.001,0.001,99.979;0.001,0.001,0.001,0.001,0.001,0.001,0.001,0.001,0.001,0.001,0.001,0.001,0.001,0.001,0.001,0.001,0.001,0.001,0.001,0.001,0.001,99.979;0.001,0.001,0.001,0.001,0.001,0.001,0.001,0.001,0.001,0.001,0.001,0.001,0.001,0.001,0.001,0.001,0.001,0.001,0.001,0.001,0.001,99.979;0.001,0.001,0.001,0.001,0.001,0.001,0.001,0.001,0.001,0.001,0.001,0.001,0.001,0.001,0.001,0.001,0.001,0.001,0.001,0.001,0.001,99.979;0.001,0.001,0.001,0.001,0.001,0.001,0.001,0.001,0.001,0.001,0.001,0.001,0.001,0.001,0.001,0.001,0.001,0.001,0.001,0.001,0.001,99.979;0.001,0.001,0.001,0.001,0.001,0.001,0.001,0.001,0.001,0.001,0.001,0.001,0.001,0.001,0.001,0.001,0.001,0.001,0.001,0.001,0.001,99.979;0.001,0.001,0.001,0.001,0.001,0.001,0.001,0.001,0.001,0.001,0.001,0.001,0.001,0.001,0.001,0.001,0.001,0.001,0.001,0.001,0.001,99.979;0.001,0.001,0.001,0.001,0.001,0.001,0.001,0.001,0.001,0.001,0.001,0.001,0.001,0.001,0.001,0.001,0.001,0.001,0.001,0.001,0.001,99.979;0.001,0.001,0.001,0.001,0.001,0.001,0.001,0.001,0.001,0.001,0.001,0.001,0.001,0.001,0.001,0.001,0.001,0.001,0.001,0.001,0.001,99.979;0.001,0.001,0.001,0.001,0.001,0.001,0.001,0.001,0.001,0.001,0.001,0.001,0.001,0.001,0.001,0.001,0.001,0.001,0.001,0.001,0.001,99.979;0.001,0.001,0.001,0.001,0.001,0.001,0.001,0.001,0.001,0.001,0.001,0.001,0.001,0.001,0.001,0.001,0.001,0.001,0.001,0.001,0.001,99.979;0.001,0.001,0.001,0.001,0.001,0.001,0.001,0.001,0.001,0.001,0.001,0.001,0.001,0.001,0.001,0.001,0.001,0.001,0.001,0.001,0.001,99.979;0.001,0.001,0.001,0.001,0.001,0.001,0.001,0.001,0.001,0.001,0.001,0.001,0.001,0.001,0.001,0.001,0.001,0.001,0.001,0.001,0.001,99.979;0.001,0.001,0.001,0.001,0.001,0.001,0.001,0.001,0.001,0.001,0.001,0.001,0.001,0.001,0.001,0.001,0.001,0.001,0.001,0.001,0.001,99.979;0.001,0.001,0.001,0.001,0.001,0.001,0.001,0.001,0.001,0.001,0.001,0.001,0.001,0.001,0.001,0.001,0.001,0.001,0.001,0.001,0.001,99.979;0.001,0.001,0.001,0.001,0.001,0.001,0.001,0.001,0.001,0.001,0.001,0.001,0.001,0.001,0.001,0.001,0.001,0.001,0.001,0.001,0.001,99.979;0.001,0.001,0.001,0.001,0.001,0.001,0.001,0.001,0.001,0.001,0.001,0.001,0.001,0.001,0.001,0.001,0.001,0.001,0.001,0.001,0.001,99.979;0.001,0.001,0.001,0.001,0.001,0.001,0.001,0.001,0.001,0.001,0.001,0.001,0.001,0.001,0.001,0.001,0.001,0.001,0.001,0.001,0.001,99.979;0.001,0.001,0.001,0.001,0.001,0.001,0.001,0.001,0.001,0.001,0.001,0.001,0.001,0.001,0.001,0.001,0.001,0.001,0.001,0.001,0.001,99.979;0.001,0.001,0.001,0.001,0.001,0.001,0.001,0.001,0.001,0.001,0.001,0.001,0.001,0.001,0.001,0.001,0.001,0.001,0.001,0.001,0.001,99.979;0.001,0.001,0.001,0.001,0.001,0.001,0.001,0.001,0.001,0.001,0.001,0.001,0.001,0.001,0.001,0.001,0.001,0.001,0.001,0.001,0.001,99.979;0.001,0.001,0.001,0.001,0.001,0.001,0.001,0.001,0.001,0.001,0.001,0.001,0.001,0.001,0.001,0.001,0.001,0.001,0.001,0.001,0.001,99.979;0.001,0.001,0.001,0.001,0.001,0.001,0.001,0.001,0.001,0.001,0.001,0.001,0.001,0.001,0.001,0.001,0.001,0.001,0.001,0.001,0.001,99.979;0.001,0.001,0.001,0.001,0.001,0.001,0.001,0.001,0.001,0.001,0.001,0.001,0.001,0.001,0.001,0.001,0.001,0.001,0.001,0.001,0.001,99.979;0.001,0.001,0.001,0.001,0.001,0.001,0.001,0.001,0.001,0.001,0.001,0.001,0.001,0.001,0.001,0.001,0.001,0.001,0.001,0.001,0.001,99.979;0.001,0.001,0.001,0.001,0.001,0.001,0.001,0.001,0.001,0.001,0.001,0.001,0.001,0.001,0.001,0.001,0.001,0.001,0.001,0.001,0.001,99.979;0.001,0.001,0.001,0.001,0.001,0.001,0.001,0.001,0.001,0.001,0.001,0.001,0.001,0.001,0.001,0.001,0.001,0.001,0.001,0.001,0.001,99.979;0.001,0.001,0.001,0.001,0.001,0.001,0.001,0.001,0.001,0.001,0.001,0.001,0.001,0.001,0.001,0.001,0.001,0.001,0.001,0.001,0.001,99.979;0.001,0.001,0.001,0.001,0.001,0.001,0.001,0.001,0.001,0.001,0.001,0.001,0.001,0.001,0.001,0.001,0.001,0.001,0.001,0.001,0.001,99.979;0.001,0.001,0.001,0.001,0.001,0.001,0.001,0.001,0.001,0.001,0.001,0.001,0.001,0.001,0.001,0.001,0.001,0.001,0.001,0.001,0.001,99.979;0.001,0.001,0.001,0.001,0.001,0.001,0.001,0.001,0.001,0.001,0.001,0.001,0.001,0.001,0.001,0.001,0.001,0.001,0.001,0.001,0.001,99.979;0.001,0.001,0.001,0.001,0.001,0.001,0.001,0.001,0.001,0.001,0.001,0.001,0.001,0.001,0.001,0.001,0.001,0.001,0.001,0.001,0.001,99.979"
    levelsQoS 22
    queueSizes "32,32,32,32,32,32,32,32,32,32,32,32,32,32,32,32,32,32,32,32,32,32"
  ]
  node [
    id 18
    label "18"
    Country "Australia"
    Longitude 130.84185
    Internal 1
    Latitude -12.46113
    type "destination_urllc"
    schedulingPolicy "FIFO"
    levelsQoS "1"
    schedulingWeights "-"
    tosToQoSqueue "0,1,2,3,4,5,6,7,8,9,10,11,12,13,14,15,16,17,18,19,20,21,22,23,24,25,26,27,28,29,30,31,32,33,34,35,36,37,38,39,40,41,42,43,44,45,46,47,48,49,50,51,52,53,54,55,56,57,58,59,60,61,62,63,64,65,66,67,68,69,70,71,72,73,74,75,76,77,78,79,80,81,82,83,84,85,86,87,88,89,90,91,92,93,94,95"
    queueSizes "32"
  ]
  node [
    id 19
    label "19"
    schedulingPolicy "FIFO"
    levelsQoS "1"
    schedulingWeights "-"
    tosToQoSqueue "0,1,2,3,4,5,6,7,8,9,10,11,12,13,14,15,16,17,18,19,20,21,22,23,24,25,26,27,28,29,30,31,32,33,34,35,36,37,38,39,40,41,42,43,44,45,46,47,48,49,50,51,52,53,54,55,56,57,58,59,60,61,62,63,64,65,66,67,68,69,70,71,72,73,74,75,76,77,78,79,80,81,82,83,84,85,86,87,88,89,90,91,92,93,94,95"
    queueSizes "32"
    type "destination_urllc"
  ]
  node [
    id 20
    label "20"
    schedulingPolicy "FIFO"
    levelsQoS "1"
    schedulingWeights "-"
    tosToQoSqueue "0,1,2,3,4,5,6,7,8,9,10,11,12,13,14,15,16,17,18,19,20,21,22,23,24,25,26,27,28,29,30,31,32,33,34,35,36,37,38,39,40,41,42,43,44,45,46,47,48,49,50,51,52,53,54,55,56,57,58,59,60,61,62,63,64,65,66,67,68,69,70,71,72,73,74,75,76,77,78,79,80,81,82,83,84,85,86,87,88,89,90,91,92,93,94,95"
    queueSizes "32"
    type "destination_mmtc"
  ]
  node [
    id 21
    label "21"
    schedulingPolicy "FIFO"
    levelsQoS "1"
    schedulingWeights "-"
    tosToQoSqueue "0,1,2,3,4,5,6,7,8,9,10,11,12,13,14,15,16,17,18,19,20,21,22,23,24,25,26,27,28,29,30,31,32,33,34,35,36,37,38,39,40,41,42,43,44,45,46,47,48,49,50,51,52,53,54,55,56,57,58,59,60,61,62,63,64,65,66,67,68,69,70,71,72,73,74,75,76,77,78,79,80,81,82,83,84,85,86,87,88,89,90,91,92,93,94,95"
    queueSizes "32"
    type "destination_embb"
  ]
  node [
    id 22
    label "22"
    schedulingPolicy "FIFO"
    levelsQoS "1"
    schedulingWeights "-"
    tosToQoSqueue "0,1,2,3,4,5,6,7,8,9,10,11,12,13,14,15,16,17,18,19,20,21,22,23,24,25,26,27,28,29,30,31,32,33,34,35,36,37,38,39,40,41,42,43,44,45,46,47,48,49,50,51,52,53,54,55,56,57,58,59,60,61,62,63,64,65,66,67,68,69,70,71,72,73,74,75,76,77,78,79,80,81,82,83,84,85,86,87,88,89,90,91,92,93,94,95"
    queueSizes "32"
    type "origin_embb"
    reservation 16704000.0
  ]
  node [
    id 23
    label "23"
    schedulingPolicy "FIFO"
    levelsQoS "1"
    schedulingWeights "-"
    tosToQoSqueue "0,1,2,3,4,5,6,7,8,9,10,11,12,13,14,15,16,17,18,19,20,21,22,23,24,25,26,27,28,29,30,31,32,33,34,35,36,37,38,39,40,41,42,43,44,45,46,47,48,49,50,51,52,53,54,55,56,57,58,59,60,61,62,63,64,65,66,67,68,69,70,71,72,73,74,75,76,77,78,79,80,81,82,83,84,85,86,87,88,89,90,91,92,93,94,95"
    queueSizes "32"
    type "origin_embb"
    reservation 16704000.0
  ]
  node [
    id 24
    label "24"
    schedulingPolicy "FIFO"
    levelsQoS "1"
    schedulingWeights "-"
    tosToQoSqueue "0,1,2,3,4,5,6,7,8,9,10,11,12,13,14,15,16,17,18,19,20,21,22,23,24,25,26,27,28,29,30,31,32,33,34,35,36,37,38,39,40,41,42,43,44,45,46,47,48,49,50,51,52,53,54,55,56,57,58,59,60,61,62,63,64,65,66,67,68,69,70,71,72,73,74,75,76,77,78,79,80,81,82,83,84,85,86,87,88,89,90,91,92,93,94,95"
    queueSizes "32"
    type "origin_embb"
    reservation 19906200.0
  ]
  node [
    id 25
    label "25"
    schedulingPolicy "FIFO"
    levelsQoS "1"
    schedulingWeights "-"
    tosToQoSqueue "0,1,2,3,4,5,6,7,8,9,10,11,12,13,14,15,16,17,18,19,20,21,22,23,24,25,26,27,28,29,30,31,32,33,34,35,36,37,38,39,40,41,42,43,44,45,46,47,48,49,50,51,52,53,54,55,56,57,58,59,60,61,62,63,64,65,66,67,68,69,70,71,72,73,74,75,76,77,78,79,80,81,82,83,84,85,86,87,88,89,90,91,92,93,94,95"
    queueSizes "32"
    type "origin_embb"
    reservation 16704000.0
  ]
  node [
    id 26
    label "26"
    schedulingPolicy "FIFO"
    levelsQoS "1"
    schedulingWeights "-"
    tosToQoSqueue "0,1,2,3,4,5,6,7,8,9,10,11,12,13,14,15,16,17,18,19,20,21,22,23,24,25,26,27,28,29,30,31,32,33,34,35,36,37,38,39,40,41,42,43,44,45,46,47,48,49,50,51,52,53,54,55,56,57,58,59,60,61,62,63,64,65,66,67,68,69,70,71,72,73,74,75,76,77,78,79,80,81,82,83,84,85,86,87,88,89,90,91,92,93,94,95"
    queueSizes "32"
    type "origin_embb"
    reservation 16704000.0
  ]
  node [
    id 27
    label "27"
    schedulingPolicy "FIFO"
    levelsQoS "1"
    schedulingWeights "-"
    tosToQoSqueue "0,1,2,3,4,5,6,7,8,9,10,11,12,13,14,15,16,17,18,19,20,21,22,23,24,25,26,27,28,29,30,31,32,33,34,35,36,37,38,39,40,41,42,43,44,45,46,47,48,49,50,51,52,53,54,55,56,57,58,59,60,61,62,63,64,65,66,67,68,69,70,71,72,73,74,75,76,77,78,79,80,81,82,83,84,85,86,87,88,89,90,91,92,93,94,95"
    queueSizes "32"
    type "origin_embb"
    reservation 19906200.0
  ]
  node [
    id 28
    label "28"
    schedulingPolicy "FIFO"
    levelsQoS "1"
    schedulingWeights "-"
    tosToQoSqueue "0,1,2,3,4,5,6,7,8,9,10,11,12,13,14,15,16,17,18,19,20,21,22,23,24,25,26,27,28,29,30,31,32,33,34,35,36,37,38,39,40,41,42,43,44,45,46,47,48,49,50,51,52,53,54,55,56,57,58,59,60,61,62,63,64,65,66,67,68,69,70,71,72,73,74,75,76,77,78,79,80,81,82,83,84,85,86,87,88,89,90,91,92,93,94,95"
    queueSizes "32"
    type "origin_urllc"
    reservation 2996000.0
  ]
  node [
    id 29
    label "29"
    schedulingPolicy "FIFO"
    levelsQoS "1"
    schedulingWeights "-"
    tosToQoSqueue "0,1,2,3,4,5,6,7,8,9,10,11,12,13,14,15,16,17,18,19,20,21,22,23,24,25,26,27,28,29,30,31,32,33,34,35,36,37,38,39,40,41,42,43,44,45,46,47,48,49,50,51,52,53,54,55,56,57,58,59,60,61,62,63,64,65,66,67,68,69,70,71,72,73,74,75,76,77,78,79,80,81,82,83,84,85,86,87,88,89,90,91,92,93,94,95"
    queueSizes "32"
    type "origin_mmtc"
    reservation 187820.0
  ]
  node [
    id 30
    label "30"
    schedulingPolicy "FIFO"
    levelsQoS "1"
    schedulingWeights "-"
    tosToQoSqueue "0,1,2,3,4,5,6,7,8,9,10,11,12,13,14,15,16,17,18,19,20,21,22,23,24,25,26,27,28,29,30,31,32,33,34,35,36,37,38,39,40,41,42,43,44,45,46,47,48,49,50,51,52,53,54,55,56,57,58,59,60,61,62,63,64,65,66,67,68,69,70,71,72,73,74,75,76,77,78,79,80,81,82,83,84,85,86,87,88,89,90,91,92,93,94,95"
    queueSizes "32"
    type "origin_urllc"
    reservation 4000850.0
  ]
  node [
    id 31
    label "31"
    schedulingPolicy "FIFO"
    levelsQoS "1"
    schedulingWeights "-"
    tosToQoSqueue "0,1,2,3,4,5,6,7,8,9,10,11,12,13,14,15,16,17,18,19,20,21,22,23,24,25,26,27,28,29,30,31,32,33,34,35,36,37,38,39,40,41,42,43,44,45,46,47,48,49,50,51,52,53,54,55,56,57,58,59,60,61,62,63,64,65,66,67,68,69,70,71,72,73,74,75,76,77,78,79,80,81,82,83,84,85,86,87,88,89,90,91,92,93,94,95"
    queueSizes "32"
    type "origin_urllc"
    reservation 3882200.0
  ]
  node [
    id 32
    label "32"
    schedulingPolicy "FIFO"
    levelsQoS "1"
    schedulingWeights "-"
    tosToQoSqueue "0,1,2,3,4,5,6,7,8,9,10,11,12,13,14,15,16,17,18,19,20,21,22,23,24,25,26,27,28,29,30,31,32,33,34,35,36,37,38,39,40,41,42,43,44,45,46,47,48,49,50,51,52,53,54,55,56,57,58,59,60,61,62,63,64,65,66,67,68,69,70,71,72,73,74,75,76,77,78,79,80,81,82,83,84,85,86,87,88,89,90,91,92,93,94,95"
    queueSizes "32"
    type "origin_urllc"
    reservation 3467450.0
  ]
  node [
    id 33
    label "33"
    schedulingPolicy "FIFO"
    levelsQoS "1"
    schedulingWeights "-"
    tosToQoSqueue "0,1,2,3,4,5,6,7,8,9,10,11,12,13,14,15,16,17,18,19,20,21,22,23,24,25,26,27,28,29,30,31,32,33,34,35,36,37,38,39,40,41,42,43,44,45,46,47,48,49,50,51,52,53,54,55,56,57,58,59,60,61,62,63,64,65,66,67,68,69,70,71,72,73,74,75,76,77,78,79,80,81,82,83,84,85,86,87,88,89,90,91,92,93,94,95"
    queueSizes "32"
    type "origin_embb"
    reservation 19906200.0
  ]
  node [
    id 34
    label "34"
    schedulingPolicy "FIFO"
    levelsQoS "1"
    schedulingWeights "-"
    tosToQoSqueue "0,1,2,3,4,5,6,7,8,9,10,11,12,13,14,15,16,17,18,19,20,21,22,23,24,25,26,27,28,29,30,31,32,33,34,35,36,37,38,39,40,41,42,43,44,45,46,47,48,49,50,51,52,53,54,55,56,57,58,59,60,61,62,63,64,65,66,67,68,69,70,71,72,73,74,75,76,77,78,79,80,81,82,83,84,85,86,87,88,89,90,91,92,93,94,95"
    queueSizes "32"
    type "origin_urllc"
    reservation 3565100.0
  ]
  node [
    id 35
    label "35"
    schedulingPolicy "FIFO"
    levelsQoS "1"
    schedulingWeights "-"
    tosToQoSqueue "0,1,2,3,4,5,6,7,8,9,10,11,12,13,14,15,16,17,18,19,20,21,22,23,24,25,26,27,28,29,30,31,32,33,34,35,36,37,38,39,40,41,42,43,44,45,46,47,48,49,50,51,52,53,54,55,56,57,58,59,60,61,62,63,64,65,66,67,68,69,70,71,72,73,74,75,76,77,78,79,80,81,82,83,84,85,86,87,88,89,90,91,92,93,94,95"
    queueSizes "32"
    type "origin_urllc"
    reservation 2996000.0
  ]
  node [
    id 36
    label "36"
    schedulingPolicy "FIFO"
    levelsQoS "1"
    schedulingWeights "-"
    tosToQoSqueue "0,1,2,3,4,5,6,7,8,9,10,11,12,13,14,15,16,17,18,19,20,21,22,23,24,25,26,27,28,29,30,31,32,33,34,35,36,37,38,39,40,41,42,43,44,45,46,47,48,49,50,51,52,53,54,55,56,57,58,59,60,61,62,63,64,65,66,67,68,69,70,71,72,73,74,75,76,77,78,79,80,81,82,83,84,85,86,87,88,89,90,91,92,93,94,95"
    queueSizes "32"
    type "origin_urllc"
    reservation 4000850.0
  ]
  node [
    id 37
    label "37"
    schedulingPolicy "FIFO"
    levelsQoS "1"
    schedulingWeights "-"
    tosToQoSqueue "0,1,2,3,4,5,6,7,8,9,10,11,12,13,14,15,16,17,18,19,20,21,22,23,24,25,26,27,28,29,30,31,32,33,34,35,36,37,38,39,40,41,42,43,44,45,46,47,48,49,50,51,52,53,54,55,56,57,58,59,60,61,62,63,64,65,66,67,68,69,70,71,72,73,74,75,76,77,78,79,80,81,82,83,84,85,86,87,88,89,90,91,92,93,94,95"
    queueSizes "32"
    type "origin_urllc"
    reservation 3725750.0
  ]
  node [
    id 38
    label "38"
    schedulingPolicy "FIFO"
    levelsQoS "1"
    schedulingWeights "-"
    tosToQoSqueue "0,1,2,3,4,5,6,7,8,9,10,11,12,13,14,15,16,17,18,19,20,21,22,23,24,25,26,27,28,29,30,31,32,33,34,35,36,37,38,39,40,41,42,43,44,45,46,47,48,49,50,51,52,53,54,55,56,57,58,59,60,61,62,63,64,65,66,67,68,69,70,71,72,73,74,75,76,77,78,79,80,81,82,83,84,85,86,87,88,89,90,91,92,93,94,95"
    queueSizes "32"
    type "origin_urllc"
    reservation 3619700.0
  ]
  node [
    id 39
    label "39"
    schedulingPolicy "FIFO"
    levelsQoS "1"
    schedulingWeights "-"
    tosToQoSqueue "0,1,2,3,4,5,6,7,8,9,10,11,12,13,14,15,16,17,18,19,20,21,22,23,24,25,26,27,28,29,30,31,32,33,34,35,36,37,38,39,40,41,42,43,44,45,46,47,48,49,50,51,52,53,54,55,56,57,58,59,60,61,62,63,64,65,66,67,68,69,70,71,72,73,74,75,76,77,78,79,80,81,82,83,84,85,86,87,88,89,90,91,92,93,94,95"
    queueSizes "32"
    type "origin_urllc"
    reservation 3718400.0
  ]
  node [
    id 40
    label "40"
    schedulingPolicy "FIFO"
    levelsQoS "1"
    schedulingWeights "-"
    tosToQoSqueue "0,1,2,3,4,5,6,7,8,9,10,11,12,13,14,15,16,17,18,19,20,21,22,23,24,25,26,27,28,29,30,31,32,33,34,35,36,37,38,39,40,41,42,43,44,45,46,47,48,49,50,51,52,53,54,55,56,57,58,59,60,61,62,63,64,65,66,67,68,69,70,71,72,73,74,75,76,77,78,79,80,81,82,83,84,85,86,87,88,89,90,91,92,93,94,95"
    queueSizes "32"
    type "origin_mmtc"
    reservation 197420.0
  ]
  node [
    id 41
    label "41"
    schedulingPolicy "FIFO"
    levelsQoS "1"
    schedulingWeights "-"
    tosToQoSqueue "0,1,2,3,4,5,6,7,8,9,10,11,12,13,14,15,16,17,18,19,20,21,22,23,24,25,26,27,28,29,30,31,32,33,34,35,36,37,38,39,40,41,42,43,44,45,46,47,48,49,50,51,52,53,54,55,56,57,58,59,60,61,62,63,64,65,66,67,68,69,70,71,72,73,74,75,76,77,78,79,80,81,82,83,84,85,86,87,88,89,90,91,92,93,94,95"
    queueSizes "32"
    type "origin_mmtc"
    reservation 212180.0
  ]
  node [
    id 42
    label "42"
    schedulingPolicy "FIFO"
    levelsQoS "1"
    schedulingWeights "-"
    tosToQoSqueue "0,1,2,3,4,5,6,7,8,9,10,11,12,13,14,15,16,17,18,19,20,21,22,23,24,25,26,27,28,29,30,31,32,33,34,35,36,37,38,39,40,41,42,43,44,45,46,47,48,49,50,51,52,53,54,55,56,57,58,59,60,61,62,63,64,65,66,67,68,69,70,71,72,73,74,75,76,77,78,79,80,81,82,83,84,85,86,87,88,89,90,91,92,93,94,95"
    queueSizes "32"
    type "origin_mmtc"
    reservation 194480.0
  ]
  node [
    id 43
    label "43"
    schedulingPolicy "FIFO"
    levelsQoS "1"
    schedulingWeights "-"
    tosToQoSqueue "0,1,2,3,4,5,6,7,8,9,10,11,12,13,14,15,16,17,18,19,20,21,22,23,24,25,26,27,28,29,30,31,32,33,34,35,36,37,38,39,40,41,42,43,44,45,46,47,48,49,50,51,52,53,54,55,56,57,58,59,60,61,62,63,64,65,66,67,68,69,70,71,72,73,74,75,76,77,78,79,80,81,82,83,84,85,86,87,88,89,90,91,92,93,94,95"
    queueSizes "32"
    type "origin_mmtc"
    reservation 197420.0
  ]
  node [
    id 44
    label "44"
    schedulingPolicy "FIFO"
    levelsQoS "1"
    schedulingWeights "-"
    tosToQoSqueue "0,1,2,3,4,5,6,7,8,9,10,11,12,13,14,15,16,17,18,19,20,21,22,23,24,25,26,27,28,29,30,31,32,33,34,35,36,37,38,39,40,41,42,43,44,45,46,47,48,49,50,51,52,53,54,55,56,57,58,59,60,61,62,63,64,65,66,67,68,69,70,71,72,73,74,75,76,77,78,79,80,81,82,83,84,85,86,87,88,89,90,91,92,93,94,95"
    queueSizes "32"
    type "origin_mmtc"
    reservation 198140.0
  ]
  node [
    id 45
    label "45"
    schedulingPolicy "FIFO"
    levelsQoS "1"
    schedulingWeights "-"
    tosToQoSqueue "0,1,2,3,4,5,6,7,8,9,10,11,12,13,14,15,16,17,18,19,20,21,22,23,24,25,26,27,28,29,30,31,32,33,34,35,36,37,38,39,40,41,42,43,44,45,46,47,48,49,50,51,52,53,54,55,56,57,58,59,60,61,62,63,64,65,66,67,68,69,70,71,72,73,74,75,76,77,78,79,80,81,82,83,84,85,86,87,88,89,90,91,92,93,94,95"
    queueSizes "32"
    type "origin_mmtc"
    reservation 187820.0
  ]
  node [
    id 46
    label "46"
    schedulingPolicy "FIFO"
    levelsQoS "1"
    schedulingWeights "-"
    tosToQoSqueue "0,1,2,3,4,5,6,7,8,9,10,11,12,13,14,15,16,17,18,19,20,21,22,23,24,25,26,27,28,29,30,31,32,33,34,35,36,37,38,39,40,41,42,43,44,45,46,47,48,49,50,51,52,53,54,55,56,57,58,59,60,61,62,63,64,65,66,67,68,69,70,71,72,73,74,75,76,77,78,79,80,81,82,83,84,85,86,87,88,89,90,91,92,93,94,95"
    queueSizes "32"
    type "origin_mmtc"
    reservation 189260.0
  ]
  node [
    id 47
    label "47"
    schedulingPolicy "FIFO"
    levelsQoS "1"
    schedulingWeights "-"
    tosToQoSqueue "0,1,2,3,4,5,6,7,8,9,10,11,12,13,14,15,16,17,18,19,20,21,22,23,24,25,26,27,28,29,30,31,32,33,34,35,36,37,38,39,40,41,42,43,44,45,46,47,48,49,50,51,52,53,54,55,56,57,58,59,60,61,62,63,64,65,66,67,68,69,70,71,72,73,74,75,76,77,78,79,80,81,82,83,84,85,86,87,88,89,90,91,92,93,94,95"
    queueSizes "32"
    type "origin_mmtc"
    reservation 206480.0
  ]
  node [
    id 48
    label "48"
    schedulingPolicy "FIFO"
    levelsQoS "1"
    schedulingWeights "-"
    tosToQoSqueue "0,1,2,3,4,5,6,7,8,9,10,11,12,13,14,15,16,17,18,19,20,21,22,23,24,25,26,27,28,29,30,31,32,33,34,35,36,37,38,39,40,41,42,43,44,45,46,47,48,49,50,51,52,53,54,55,56,57,58,59,60,61,62,63,64,65,66,67,68,69,70,71,72,73,74,75,76,77,78,79,80,81,82,83,84,85,86,87,88,89,90,91,92,93,94,95"
    queueSizes "32"
    type "origin_mmtc"
    reservation 197420.0
  ]
  node [
    id 49
    label "49"
    schedulingPolicy "FIFO"
    levelsQoS "1"
    schedulingWeights "-"
    tosToQoSqueue "0,1,2,3,4,5,6,7,8,9,10,11,12,13,14,15,16,17,18,19,20,21,22,23,24,25,26,27,28,29,30,31,32,33,34,35,36,37,38,39,40,41,42,43,44,45,46,47,48,49,50,51,52,53,54,55,56,57,58,59,60,61,62,63,64,65,66,67,68,69,70,71,72,73,74,75,76,77,78,79,80,81,82,83,84,85,86,87,88,89,90,91,92,93,94,95"
    queueSizes "32"
    type "origin_mmtc"
    reservation 210440.0
  ]
  node [
    id 50
    label "50"
    schedulingPolicy "FIFO"
    levelsQoS "1"
    schedulingWeights "-"
    tosToQoSqueue "0,1,2,3,4,5,6,7,8,9,10,11,12,13,14,15,16,17,18,19,20,21,22,23,24,25,26,27,28,29,30,31,32,33,34,35,36,37,38,39,40,41,42,43,44,45,46,47,48,49,50,51,52,53,54,55,56,57,58,59,60,61,62,63,64,65,66,67,68,69,70,71,72,73,74,75,76,77,78,79,80,81,82,83,84,85,86,87,88,89,90,91,92,93,94,95"
    queueSizes "32"
    type "origin_mmtc"
    reservation 197420.0
  ]
  node [
    id 51
    label "51"
    schedulingPolicy "FIFO"
    levelsQoS "1"
    schedulingWeights "-"
    tosToQoSqueue "0,1,2,3,4,5,6,7,8,9,10,11,12,13,14,15,16,17,18,19,20,21,22,23,24,25,26,27,28,29,30,31,32,33,34,35,36,37,38,39,40,41,42,43,44,45,46,47,48,49,50,51,52,53,54,55,56,57,58,59,60,61,62,63,64,65,66,67,68,69,70,71,72,73,74,75,76,77,78,79,80,81,82,83,84,85,86,87,88,89,90,91,92,93,94,95"
    queueSizes "32"
    type "origin_mmtc"
    reservation 183680.0
  ]
  node [
    id 52
    label "52"
    schedulingPolicy "FIFO"
    levelsQoS "1"
    schedulingWeights "-"
    tosToQoSqueue "0,1,2,3,4,5,6,7,8,9,10,11,12,13,14,15,16,17,18,19,20,21,22,23,24,25,26,27,28,29,30,31,32,33,34,35,36,37,38,39,40,41,42,43,44,45,46,47,48,49,50,51,52,53,54,55,56,57,58,59,60,61,62,63,64,65,66,67,68,69,70,71,72,73,74,75,76,77,78,79,80,81,82,83,84,85,86,87,88,89,90,91,92,93,94,95"
    queueSizes "32"
    type "origin_mmtc"
    reservation 228320.0
  ]
  node [
    id 53
    label "53"
    schedulingPolicy "FIFO"
    levelsQoS "1"
    schedulingWeights "-"
    tosToQoSqueue "0,1,2,3,4,5,6,7,8,9,10,11,12,13,14,15,16,17,18,19,20,21,22,23,24,25,26,27,28,29,30,31,32,33,34,35,36,37,38,39,40,41,42,43,44,45,46,47,48,49,50,51,52,53,54,55,56,57,58,59,60,61,62,63,64,65,66,67,68,69,70,71,72,73,74,75,76,77,78,79,80,81,82,83,84,85,86,87,88,89,90,91,92,93,94,95"
    queueSizes "32"
    type "origin_mmtc"
    reservation 194480.0
  ]
  node [
    id 54
    label "54"
    schedulingPolicy "FIFO"
    levelsQoS "1"
    schedulingWeights "-"
    tosToQoSqueue "0,1,2,3,4,5,6,7,8,9,10,11,12,13,14,15,16,17,18,19,20,21,22,23,24,25,26,27,28,29,30,31,32,33,34,35,36,37,38,39,40,41,42,43,44,45,46,47,48,49,50,51,52,53,54,55,56,57,58,59,60,61,62,63,64,65,66,67,68,69,70,71,72,73,74,75,76,77,78,79,80,81,82,83,84,85,86,87,88,89,90,91,92,93,94,95"
    queueSizes "32"
    type "origin_mmtc"
    reservation 194480.0
  ]
  node [
    id 55
    label "55"
    schedulingPolicy "FIFO"
    levelsQoS "1"
    schedulingWeights "-"
    tosToQoSqueue "0,1,2,3,4,5,6,7,8,9,10,11,12,13,14,15,16,17,18,19,20,21,22,23,24,25,26,27,28,29,30,31,32,33,34,35,36,37,38,39,40,41,42,43,44,45,46,47,48,49,50,51,52,53,54,55,56,57,58,59,60,61,62,63,64,65,66,67,68,69,70,71,72,73,74,75,76,77,78,79,80,81,82,83,84,85,86,87,88,89,90,91,92,93,94,95"
    queueSizes "32"
    type "origin_mmtc"
    reservation 189260.0
  ]
  node [
    id 56
    label "56"
    schedulingPolicy "FIFO"
    levelsQoS "1"
    schedulingWeights "-"
    tosToQoSqueue "0,1,2,3,4,5,6,7,8,9,10,11,12,13,14,15,16,17,18,19,20,21,22,23,24,25,26,27,28,29,30,31,32,33,34,35,36,37,38,39,40,41,42,43,44,45,46,47,48,49,50,51,52,53,54,55,56,57,58,59,60,61,62,63,64,65,66,67,68,69,70,71,72,73,74,75,76,77,78,79,80,81,82,83,84,85,86,87,88,89,90,91,92,93,94,95"
    queueSizes "32"
    type "origin_mmtc"
    reservation 183680.0
  ]
  node [
    id 57
    label "57"
    schedulingPolicy "FIFO"
    levelsQoS "1"
    schedulingWeights "-"
    tosToQoSqueue "0,1,2,3,4,5,6,7,8,9,10,11,12,13,14,15,16,17,18,19,20,21,22,23,24,25,26,27,28,29,30,31,32,33,34,35,36,37,38,39,40,41,42,43,44,45,46,47,48,49,50,51,52,53,54,55,56,57,58,59,60,61,62,63,64,65,66,67,68,69,70,71,72,73,74,75,76,77,78,79,80,81,82,83,84,85,86,87,88,89,90,91,92,93,94,95"
    queueSizes "32"
    type "origin_mmtc"
    reservation 212180.0
  ]
  node [
    id 58
    label "58"
    schedulingPolicy "FIFO"
    levelsQoS "1"
    schedulingWeights "-"
    tosToQoSqueue "0,1,2,3,4,5,6,7,8,9,10,11,12,13,14,15,16,17,18,19,20,21,22,23,24,25,26,27,28,29,30,31,32,33,34,35,36,37,38,39,40,41,42,43,44,45,46,47,48,49,50,51,52,53,54,55,56,57,58,59,60,61,62,63,64,65,66,67,68,69,70,71,72,73,74,75,76,77,78,79,80,81,82,83,84,85,86,87,88,89,90,91,92,93,94,95"
    queueSizes "32"
    type "origin_mmtc"
    reservation 210440.0
  ]
  node [
    id 59
    label "59"
    schedulingPolicy "FIFO"
    levelsQoS "1"
    schedulingWeights "-"
    tosToQoSqueue "0,1,2,3,4,5,6,7,8,9,10,11,12,13,14,15,16,17,18,19,20,21,22,23,24,25,26,27,28,29,30,31,32,33,34,35,36,37,38,39,40,41,42,43,44,45,46,47,48,49,50,51,52,53,54,55,56,57,58,59,60,61,62,63,64,65,66,67,68,69,70,71,72,73,74,75,76,77,78,79,80,81,82,83,84,85,86,87,88,89,90,91,92,93,94,95"
    queueSizes "32"
    type "origin_mmtc"
    reservation 228320.0
  ]
  node [
    id 60
    label "60"
    schedulingPolicy "FIFO"
    levelsQoS "1"
    schedulingWeights "-"
    tosToQoSqueue "0,1,2,3,4,5,6,7,8,9,10,11,12,13,14,15,16,17,18,19,20,21,22,23,24,25,26,27,28,29,30,31,32,33,34,35,36,37,38,39,40,41,42,43,44,45,46,47,48,49,50,51,52,53,54,55,56,57,58,59,60,61,62,63,64,65,66,67,68,69,70,71,72,73,74,75,76,77,78,79,80,81,82,83,84,85,86,87,88,89,90,91,92,93,94,95"
    queueSizes "32"
    type "origin_urllc"
    reservation 3565100.0
  ]
  node [
    id 61
    label "61"
    schedulingPolicy "FIFO"
    levelsQoS "1"
    schedulingWeights "-"
    tosToQoSqueue "0,1,2,3,4,5,6,7,8,9,10,11,12,13,14,15,16,17,18,19,20,21,22,23,24,25,26,27,28,29,30,31,32,33,34,35,36,37,38,39,40,41,42,43,44,45,46,47,48,49,50,51,52,53,54,55,56,57,58,59,60,61,62,63,64,65,66,67,68,69,70,71,72,73,74,75,76,77,78,79,80,81,82,83,84,85,86,87,88,89,90,91,92,93,94,95"
    queueSizes "32"
    type "origin_urllc"
    reservation 2996000.0
  ]
  node [
    id 62
    label "62"
    schedulingPolicy "FIFO"
    levelsQoS "1"
    schedulingWeights "-"
    tosToQoSqueue "0,1,2,3,4,5,6,7,8,9,10,11,12,13,14,15,16,17,18,19,20,21,22,23,24,25,26,27,28,29,30,31,32,33,34,35,36,37,38,39,40,41,42,43,44,45,46,47,48,49,50,51,52,53,54,55,56,57,58,59,60,61,62,63,64,65,66,67,68,69,70,71,72,73,74,75,76,77,78,79,80,81,82,83,84,85,86,87,88,89,90,91,92,93,94,95"
    queueSizes "32"
    type "origin_urllc"
    reservation 3882200.0
  ]
  node [
    id 63
    label "63"
    schedulingPolicy "FIFO"
    levelsQoS "1"
    schedulingWeights "-"
    tosToQoSqueue "0,1,2,3,4,5,6,7,8,9,10,11,12,13,14,15,16,17,18,19,20,21,22,23,24,25,26,27,28,29,30,31,32,33,34,35,36,37,38,39,40,41,42,43,44,45,46,47,48,49,50,51,52,53,54,55,56,57,58,59,60,61,62,63,64,65,66,67,68,69,70,71,72,73,74,75,76,77,78,79,80,81,82,83,84,85,86,87,88,89,90,91,92,93,94,95"
    queueSizes "32"
    type "origin_urllc"
    reservation 3569300.0
  ]
  node [
    id 64
    label "64"
    schedulingPolicy "FIFO"
    levelsQoS "1"
    schedulingWeights "-"
    tosToQoSqueue "0,1,2,3,4,5,6,7,8,9,10,11,12,13,14,15,16,17,18,19,20,21,22,23,24,25,26,27,28,29,30,31,32,33,34,35,36,37,38,39,40,41,42,43,44,45,46,47,48,49,50,51,52,53,54,55,56,57,58,59,60,61,62,63,64,65,66,67,68,69,70,71,72,73,74,75,76,77,78,79,80,81,82,83,84,85,86,87,88,89,90,91,92,93,94,95"
    queueSizes "32"
    type "origin_urllc"
    reservation 3467450.0
  ]
  node [
    id 65
    label "65"
    schedulingPolicy "FIFO"
    levelsQoS "1"
    schedulingWeights "-"
    tosToQoSqueue "0,1,2,3,4,5,6,7,8,9,10,11,12,13,14,15,16,17,18,19,20,21,22,23,24,25,26,27,28,29,30,31,32,33,34,35,36,37,38,39,40,41,42,43,44,45,46,47,48,49,50,51,52,53,54,55,56,57,58,59,60,61,62,63,64,65,66,67,68,69,70,71,72,73,74,75,76,77,78,79,80,81,82,83,84,85,86,87,88,89,90,91,92,93,94,95"
    queueSizes "32"
    type "origin_urllc"
    reservation 3565100.0
  ]
  node [
    id 66
    label "66"
    schedulingPolicy "FIFO"
    levelsQoS "1"
    schedulingWeights "-"
    tosToQoSqueue "0,1,2,3,4,5,6,7,8,9,10,11,12,13,14,15,16,17,18,19,20,21,22,23,24,25,26,27,28,29,30,31,32,33,34,35,36,37,38,39,40,41,42,43,44,45,46,47,48,49,50,51,52,53,54,55,56,57,58,59,60,61,62,63,64,65,66,67,68,69,70,71,72,73,74,75,76,77,78,79,80,81,82,83,84,85,86,87,88,89,90,91,92,93,94,95"
    queueSizes "32"
    type "origin_urllc"
    reservation 3725750.0
  ]
  node [
    id 67
    label "67"
    schedulingPolicy "FIFO"
    levelsQoS "1"
    schedulingWeights "-"
    tosToQoSqueue "0,1,2,3,4,5,6,7,8,9,10,11,12,13,14,15,16,17,18,19,20,21,22,23,24,25,26,27,28,29,30,31,32,33,34,35,36,37,38,39,40,41,42,43,44,45,46,47,48,49,50,51,52,53,54,55,56,57,58,59,60,61,62,63,64,65,66,67,68,69,70,71,72,73,74,75,76,77,78,79,80,81,82,83,84,85,86,87,88,89,90,91,92,93,94,95"
    queueSizes "32"
    type "origin_mmtc"
    reservation 198140.0
  ]
  node [
    id 68
    label "68"
    schedulingPolicy "FIFO"
    levelsQoS "1"
    schedulingWeights "-"
    tosToQoSqueue "0,1,2,3,4,5,6,7,8,9,10,11,12,13,14,15,16,17,18,19,20,21,22,23,24,25,26,27,28,29,30,31,32,33,34,35,36,37,38,39,40,41,42,43,44,45,46,47,48,49,50,51,52,53,54,55,56,57,58,59,60,61,62,63,64,65,66,67,68,69,70,71,72,73,74,75,76,77,78,79,80,81,82,83,84,85,86,87,88,89,90,91,92,93,94,95"
    queueSizes "32"
    type "origin_urllc"
    reservation 2996000.0
  ]
  node [
    id 69
    label "69"
    schedulingPolicy "FIFO"
    levelsQoS "1"
    schedulingWeights "-"
    tosToQoSqueue "0,1,2,3,4,5,6,7,8,9,10,11,12,13,14,15,16,17,18,19,20,21,22,23,24,25,26,27,28,29,30,31,32,33,34,35,36,37,38,39,40,41,42,43,44,45,46,47,48,49,50,51,52,53,54,55,56,57,58,59,60,61,62,63,64,65,66,67,68,69,70,71,72,73,74,75,76,77,78,79,80,81,82,83,84,85,86,87,88,89,90,91,92,93,94,95"
    queueSizes "32"
    type "origin_mmtc"
    reservation 207260.0
  ]
  node [
    id 70
    label "70"
    schedulingPolicy "FIFO"
    levelsQoS "1"
    schedulingWeights "-"
    tosToQoSqueue "0,1,2,3,4,5,6,7,8,9,10,11,12,13,14,15,16,17,18,19,20,21,22,23,24,25,26,27,28,29,30,31,32,33,34,35,36,37,38,39,40,41,42,43,44,45,46,47,48,49,50,51,52,53,54,55,56,57,58,59,60,61,62,63,64,65,66,67,68,69,70,71,72,73,74,75,76,77,78,79,80,81,82,83,84,85,86,87,88,89,90,91,92,93,94,95"
    queueSizes "32"
    type "origin_urllc"
    reservation 3565100.0
  ]
  node [
    id 71
    label "71"
    schedulingPolicy "FIFO"
    levelsQoS "1"
    schedulingWeights "-"
    tosToQoSqueue "0,1,2,3,4,5,6,7,8,9,10,11,12,13,14,15,16,17,18,19,20,21,22,23,24,25,26,27,28,29,30,31,32,33,34,35,36,37,38,39,40,41,42,43,44,45,46,47,48,49,50,51,52,53,54,55,56,57,58,59,60,61,62,63,64,65,66,67,68,69,70,71,72,73,74,75,76,77,78,79,80,81,82,83,84,85,86,87,88,89,90,91,92,93,94,95"
    queueSizes "32"
    type "origin_urllc"
    reservation 3725750.0
  ]
  node [
    id 72
    label "72"
    schedulingPolicy "FIFO"
    levelsQoS "1"
    schedulingWeights "-"
    tosToQoSqueue "0,1,2,3,4,5,6,7,8,9,10,11,12,13,14,15,16,17,18,19,20,21,22,23,24,25,26,27,28,29,30,31,32,33,34,35,36,37,38,39,40,41,42,43,44,45,46,47,48,49,50,51,52,53,54,55,56,57,58,59,60,61,62,63,64,65,66,67,68,69,70,71,72,73,74,75,76,77,78,79,80,81,82,83,84,85,86,87,88,89,90,91,92,93,94,95"
    queueSizes "32"
    type "origin_urllc"
    reservation 3916850.0
  ]
  node [
    id 73
    label "73"
    schedulingPolicy "FIFO"
    levelsQoS "1"
    schedulingWeights "-"
    tosToQoSqueue "0,1,2,3,4,5,6,7,8,9,10,11,12,13,14,15,16,17,18,19,20,21,22,23,24,25,26,27,28,29,30,31,32,33,34,35,36,37,38,39,40,41,42,43,44,45,46,47,48,49,50,51,52,53,54,55,56,57,58,59,60,61,62,63,64,65,66,67,68,69,70,71,72,73,74,75,76,77,78,79,80,81,82,83,84,85,86,87,88,89,90,91,92,93,94,95"
    queueSizes "32"
    type "origin_urllc"
    reservation 4000850.0
  ]
  node [
    id 74
    label "74"
    schedulingPolicy "FIFO"
    levelsQoS "1"
    schedulingWeights "-"
    tosToQoSqueue "0,1,2,3,4,5,6,7,8,9,10,11,12,13,14,15,16,17,18,19,20,21,22,23,24,25,26,27,28,29,30,31,32,33,34,35,36,37,38,39,40,41,42,43,44,45,46,47,48,49,50,51,52,53,54,55,56,57,58,59,60,61,62,63,64,65,66,67,68,69,70,71,72,73,74,75,76,77,78,79,80,81,82,83,84,85,86,87,88,89,90,91,92,93,94,95"
    queueSizes "32"
    type "origin_urllc"
    reservation 3569300.0
  ]
  node [
    id 75
    label "75"
    schedulingPolicy "FIFO"
    levelsQoS "1"
    schedulingWeights "-"
    tosToQoSqueue "0,1,2,3,4,5,6,7,8,9,10,11,12,13,14,15,16,17,18,19,20,21,22,23,24,25,26,27,28,29,30,31,32,33,34,35,36,37,38,39,40,41,42,43,44,45,46,47,48,49,50,51,52,53,54,55,56,57,58,59,60,61,62,63,64,65,66,67,68,69,70,71,72,73,74,75,76,77,78,79,80,81,82,83,84,85,86,87,88,89,90,91,92,93,94,95"
    queueSizes "32"
    type "origin_mmtc"
    reservation 212180.0
  ]
  node [
    id 76
    label "76"
    schedulingPolicy "FIFO"
    levelsQoS "1"
    schedulingWeights "-"
    tosToQoSqueue "0,1,2,3,4,5,6,7,8,9,10,11,12,13,14,15,16,17,18,19,20,21,22,23,24,25,26,27,28,29,30,31,32,33,34,35,36,37,38,39,40,41,42,43,44,45,46,47,48,49,50,51,52,53,54,55,56,57,58,59,60,61,62,63,64,65,66,67,68,69,70,71,72,73,74,75,76,77,78,79,80,81,82,83,84,85,86,87,88,89,90,91,92,93,94,95"
    queueSizes "32"
    type "origin_urllc"
    reservation 2996000.0
  ]
  node [
    id 77
    label "77"
    schedulingPolicy "FIFO"
    levelsQoS "1"
    schedulingWeights "-"
    tosToQoSqueue "0,1,2,3,4,5,6,7,8,9,10,11,12,13,14,15,16,17,18,19,20,21,22,23,24,25,26,27,28,29,30,31,32,33,34,35,36,37,38,39,40,41,42,43,44,45,46,47,48,49,50,51,52,53,54,55,56,57,58,59,60,61,62,63,64,65,66,67,68,69,70,71,72,73,74,75,76,77,78,79,80,81,82,83,84,85,86,87,88,89,90,91,92,93,94,95"
    queueSizes "32"
    type "origin_urllc"
    reservation 3569300.0
  ]
  node [
    id 78
    label "78"
    schedulingPolicy "FIFO"
    levelsQoS "1"
    schedulingWeights "-"
    tosToQoSqueue "0,1,2,3,4,5,6,7,8,9,10,11,12,13,14,15,16,17,18,19,20,21,22,23,24,25,26,27,28,29,30,31,32,33,34,35,36,37,38,39,40,41,42,43,44,45,46,47,48,49,50,51,52,53,54,55,56,57,58,59,60,61,62,63,64,65,66,67,68,69,70,71,72,73,74,75,76,77,78,79,80,81,82,83,84,85,86,87,88,89,90,91,92,93,94,95"
    queueSizes "32"
    type "origin_urllc"
    reservation 3565100.0
  ]
  node [
    id 79
    label "79"
    schedulingPolicy "FIFO"
    levelsQoS "1"
    schedulingWeights "-"
    tosToQoSqueue "0,1,2,3,4,5,6,7,8,9,10,11,12,13,14,15,16,17,18,19,20,21,22,23,24,25,26,27,28,29,30,31,32,33,34,35,36,37,38,39,40,41,42,43,44,45,46,47,48,49,50,51,52,53,54,55,56,57,58,59,60,61,62,63,64,65,66,67,68,69,70,71,72,73,74,75,76,77,78,79,80,81,82,83,84,85,86,87,88,89,90,91,92,93,94,95"
    queueSizes "32"
    type "origin_mmtc"
    reservation 194480.0
  ]
  node [
    id 80
    label "80"
    schedulingPolicy "FIFO"
    levelsQoS "1"
    schedulingWeights "-"
    tosToQoSqueue "0,1,2,3,4,5,6,7,8,9,10,11,12,13,14,15,16,17,18,19,20,21,22,23,24,25,26,27,28,29,30,31,32,33,34,35,36,37,38,39,40,41,42,43,44,45,46,47,48,49,50,51,52,53,54,55,56,57,58,59,60,61,62,63,64,65,66,67,68,69,70,71,72,73,74,75,76,77,78,79,80,81,82,83,84,85,86,87,88,89,90,91,92,93,94,95"
    queueSizes "32"
    type "origin_mmtc"
    reservation 197420.0
  ]
  node [
    id 81
    label "81"
    schedulingPolicy "FIFO"
    levelsQoS "1"
    schedulingWeights "-"
    tosToQoSqueue "0,1,2,3,4,5,6,7,8,9,10,11,12,13,14,15,16,17,18,19,20,21,22,23,24,25,26,27,28,29,30,31,32,33,34,35,36,37,38,39,40,41,42,43,44,45,46,47,48,49,50,51,52,53,54,55,56,57,58,59,60,61,62,63,64,65,66,67,68,69,70,71,72,73,74,75,76,77,78,79,80,81,82,83,84,85,86,87,88,89,90,91,92,93,94,95"
    queueSizes "32"
    type "origin_urllc"
    reservation 3718400.0
  ]
  node [
    id 82
    label "82"
    schedulingPolicy "FIFO"
    levelsQoS "1"
    schedulingWeights "-"
    tosToQoSqueue "0,1,2,3,4,5,6,7,8,9,10,11,12,13,14,15,16,17,18,19,20,21,22,23,24,25,26,27,28,29,30,31,32,33,34,35,36,37,38,39,40,41,42,43,44,45,46,47,48,49,50,51,52,53,54,55,56,57,58,59,60,61,62,63,64,65,66,67,68,69,70,71,72,73,74,75,76,77,78,79,80,81,82,83,84,85,86,87,88,89,90,91,92,93,94,95"
    queueSizes "32"
    type "origin_urllc"
    reservation 3647000.0
  ]
  node [
    id 83
    label "83"
    schedulingPolicy "FIFO"
    levelsQoS "1"
    schedulingWeights "-"
    tosToQoSqueue "0,1,2,3,4,5,6,7,8,9,10,11,12,13,14,15,16,17,18,19,20,21,22,23,24,25,26,27,28,29,30,31,32,33,34,35,36,37,38,39,40,41,42,43,44,45,46,47,48,49,50,51,52,53,54,55,56,57,58,59,60,61,62,63,64,65,66,67,68,69,70,71,72,73,74,75,76,77,78,79,80,81,82,83,84,85,86,87,88,89,90,91,92,93,94,95"
    queueSizes "32"
    type "origin_urllc"
    reservation 3467450.0
  ]
  node [
    id 84
    label "84"
    schedulingPolicy "FIFO"
    levelsQoS "1"
    schedulingWeights "-"
    tosToQoSqueue "0,1,2,3,4,5,6,7,8,9,10,11,12,13,14,15,16,17,18,19,20,21,22,23,24,25,26,27,28,29,30,31,32,33,34,35,36,37,38,39,40,41,42,43,44,45,46,47,48,49,50,51,52,53,54,55,56,57,58,59,60,61,62,63,64,65,66,67,68,69,70,71,72,73,74,75,76,77,78,79,80,81,82,83,84,85,86,87,88,89,90,91,92,93,94,95"
    queueSizes "32"
    type "origin_urllc"
    reservation 3569300.0
  ]
  node [
    id 85
    label "85"
    schedulingPolicy "FIFO"
    levelsQoS "1"
    schedulingWeights "-"
    tosToQoSqueue "0,1,2,3,4,5,6,7,8,9,10,11,12,13,14,15,16,17,18,19,20,21,22,23,24,25,26,27,28,29,30,31,32,33,34,35,36,37,38,39,40,41,42,43,44,45,46,47,48,49,50,51,52,53,54,55,56,57,58,59,60,61,62,63,64,65,66,67,68,69,70,71,72,73,74,75,76,77,78,79,80,81,82,83,84,85,86,87,88,89,90,91,92,93,94,95"
    queueSizes "32"
    type "origin_urllc"
    reservation 2996000.0
  ]
  node [
    id 86
    label "86"
    schedulingPolicy "FIFO"
    levelsQoS "1"
    schedulingWeights "-"
    tosToQoSqueue "0,1,2,3,4,5,6,7,8,9,10,11,12,13,14,15,16,17,18,19,20,21,22,23,24,25,26,27,28,29,30,31,32,33,34,35,36,37,38,39,40,41,42,43,44,45,46,47,48,49,50,51,52,53,54,55,56,57,58,59,60,61,62,63,64,65,66,67,68,69,70,71,72,73,74,75,76,77,78,79,80,81,82,83,84,85,86,87,88,89,90,91,92,93,94,95"
    queueSizes "32"
    type "origin_mmtc"
    reservation 188720.0
  ]
  node [
    id 87
    label "87"
    schedulingPolicy "FIFO"
    levelsQoS "1"
    schedulingWeights "-"
    tosToQoSqueue "0,1,2,3,4,5,6,7,8,9,10,11,12,13,14,15,16,17,18,19,20,21,22,23,24,25,26,27,28,29,30,31,32,33,34,35,36,37,38,39,40,41,42,43,44,45,46,47,48,49,50,51,52,53,54,55,56,57,58,59,60,61,62,63,64,65,66,67,68,69,70,71,72,73,74,75,76,77,78,79,80,81,82,83,84,85,86,87,88,89,90,91,92,93,94,95"
    queueSizes "32"
    type "origin_mmtc"
    reservation 228320.0
  ]
  node [
    id 88
    label "88"
    schedulingPolicy "FIFO"
    levelsQoS "1"
    schedulingWeights "-"
    tosToQoSqueue "0,1,2,3,4,5,6,7,8,9,10,11,12,13,14,15,16,17,18,19,20,21,22,23,24,25,26,27,28,29,30,31,32,33,34,35,36,37,38,39,40,41,42,43,44,45,46,47,48,49,50,51,52,53,54,55,56,57,58,59,60,61,62,63,64,65,66,67,68,69,70,71,72,73,74,75,76,77,78,79,80,81,82,83,84,85,86,87,88,89,90,91,92,93,94,95"
    queueSizes "32"
    type "origin_urllc"
    reservation 3725750.0
  ]
  node [
    id 89
    label "89"
    schedulingPolicy "FIFO"
    levelsQoS "1"
    schedulingWeights "-"
    tosToQoSqueue "0,1,2,3,4,5,6,7,8,9,10,11,12,13,14,15,16,17,18,19,20,21,22,23,24,25,26,27,28,29,30,31,32,33,34,35,36,37,38,39,40,41,42,43,44,45,46,47,48,49,50,51,52,53,54,55,56,57,58,59,60,61,62,63,64,65,66,67,68,69,70,71,72,73,74,75,76,77,78,79,80,81,82,83,84,85,86,87,88,89,90,91,92,93,94,95"
    queueSizes "32"
    type "origin_urllc"
    reservation 3882200.0
  ]
  node [
    id 90
    label "90"
    schedulingPolicy "FIFO"
    levelsQoS "1"
    schedulingWeights "-"
    tosToQoSqueue "0,1,2,3,4,5,6,7,8,9,10,11,12,13,14,15,16,17,18,19,20,21,22,23,24,25,26,27,28,29,30,31,32,33,34,35,36,37,38,39,40,41,42,43,44,45,46,47,48,49,50,51,52,53,54,55,56,57,58,59,60,61,62,63,64,65,66,67,68,69,70,71,72,73,74,75,76,77,78,79,80,81,82,83,84,85,86,87,88,89,90,91,92,93,94,95"
    queueSizes "32"
    type "origin_embb"
    reservation 16704000.0
  ]
  node [
    id 91
    label "91"
    schedulingPolicy "FIFO"
    levelsQoS "1"
    schedulingWeights "-"
    tosToQoSqueue "0,1,2,3,4,5,6,7,8,9,10,11,12,13,14,15,16,17,18,19,20,21,22,23,24,25,26,27,28,29,30,31,32,33,34,35,36,37,38,39,40,41,42,43,44,45,46,47,48,49,50,51,52,53,54,55,56,57,58,59,60,61,62,63,64,65,66,67,68,69,70,71,72,73,74,75,76,77,78,79,80,81,82,83,84,85,86,87,88,89,90,91,92,93,94,95"
    queueSizes "32"
    type "origin_mmtc"
    reservation 198140.0
  ]
  node [
    id 92
    label "92"
    schedulingPolicy "FIFO"
    levelsQoS "1"
    schedulingWeights "-"
    tosToQoSqueue "0,1,2,3,4,5,6,7,8,9,10,11,12,13,14,15,16,17,18,19,20,21,22,23,24,25,26,27,28,29,30,31,32,33,34,35,36,37,38,39,40,41,42,43,44,45,46,47,48,49,50,51,52,53,54,55,56,57,58,59,60,61,62,63,64,65,66,67,68,69,70,71,72,73,74,75,76,77,78,79,80,81,82,83,84,85,86,87,88,89,90,91,92,93,94,95"
    queueSizes "32"
    type "origin_mmtc"
    reservation 187820.0
  ]
  node [
    id 93
    label "93"
    schedulingPolicy "FIFO"
    levelsQoS "1"
    schedulingWeights "-"
    tosToQoSqueue "0,1,2,3,4,5,6,7,8,9,10,11,12,13,14,15,16,17,18,19,20,21,22,23,24,25,26,27,28,29,30,31,32,33,34,35,36,37,38,39,40,41,42,43,44,45,46,47,48,49,50,51,52,53,54,55,56,57,58,59,60,61,62,63,64,65,66,67,68,69,70,71,72,73,74,75,76,77,78,79,80,81,82,83,84,85,86,87,88,89,90,91,92,93,94,95"
    queueSizes "32"
    type "origin_mmtc"
    reservation 194480.0
  ]
  node [
    id 94
    label "94"
    schedulingPolicy "FIFO"
    levelsQoS "1"
    schedulingWeights "-"
    tosToQoSqueue "0,1,2,3,4,5,6,7,8,9,10,11,12,13,14,15,16,17,18,19,20,21,22,23,24,25,26,27,28,29,30,31,32,33,34,35,36,37,38,39,40,41,42,43,44,45,46,47,48,49,50,51,52,53,54,55,56,57,58,59,60,61,62,63,64,65,66,67,68,69,70,71,72,73,74,75,76,77,78,79,80,81,82,83,84,85,86,87,88,89,90,91,92,93,94,95"
    queueSizes "32"
    type "origin_mmtc"
    reservation 189260.0
  ]
  node [
    id 95
    label "95"
    schedulingPolicy "FIFO"
    levelsQoS "1"
    schedulingWeights "-"
    tosToQoSqueue "0,1,2,3,4,5,6,7,8,9,10,11,12,13,14,15,16,17,18,19,20,21,22,23,24,25,26,27,28,29,30,31,32,33,34,35,36,37,38,39,40,41,42,43,44,45,46,47,48,49,50,51,52,53,54,55,56,57,58,59,60,61,62,63,64,65,66,67,68,69,70,71,72,73,74,75,76,77,78,79,80,81,82,83,84,85,86,87,88,89,90,91,92,93,94,95"
    queueSizes "32"
    type "origin_mmtc"
    reservation 207260.0
  ]
  edge [
    source 0
    target 10
    key 0
    LinkLabel "< 10 Gbps"
    bandwidth 75000000
    traffic "18000000,18000000,18000000,18000000"
    reservation "16704000.0,16704000.0,16704000.0,19906200.0"
    port 0
  ]
  edge [
    source 0
    target 3
    key 0
    LinkLabel "< 10 Gbps"
    bandwidth 75000000
    traffic "18000000,3500000,200000,3500000,3500000,3500000,18000000,3500000,3500000,3500000,3500000,3500000,200000,200000,200000,200000,200000,200000,200000,200000,200000,200000,200000,200000,200000"
    reservation "19906200.0,2996000.0,187820.0,4000850.0,3882200.0,3467450.0,19906200.0,3565100.0,2996000.0,4000850.0,3725750.0,3619700.0,197420.0,212180.0,194480.0,197420.0,198140.0,187820.0,189260.0,206480.0,197420.0,210440.0,197420.0,183680.0,228320.0"
    port 1
  ]
  edge [
    source 0
    target 6
    key 0
    LinkLabel "< 10 Gbps"
    bandwidth 75000000
    traffic ""
    reservation ""
    port 2
  ]
  edge [
    source 1
    target 3
    key 0
    LinkLabel "< 10 Gbps"
    bandwidth 75000000
    traffic "18000000"
    reservation "16704000.0"
    port 0
  ]
  edge [
    source 1
    target 6
    key 0
    LinkLabel "< 10Gbps"
    bandwidth 75000000
    traffic ""
    reservation ""
    port 1
  ]
  edge [
    source 1
    target 26
    key 0
    port 2
    weight 1
    bandwidth 50000000
    traffic ""
    reservation ""
  ]
  edge [
    source 2
    target 10
    key 0
    LinkLabel "< 10 Gbps"
    bandwidth 75000000
    traffic ""
    reservation ""
    port 0
  ]
  edge [
    source 2
    target 15
    key 0
    LinkLabel "< 10 Gbps"
    bandwidth 75000000
    traffic "3500000,200000,200000,200000,200000,200000,200000"
    reservation "3718400.0,194480.0,194480.0,189260.0,183680.0,212180.0,210440.0"
    port 1
  ]
  edge [
    source 2
    target 21
    key 0
    port 2
    weight 1
    bandwidth 350000000
    traffic "18000000,18000000,18000000,18000000,18000000,18000000,18000000,18000000"
    reservation "16704000.0,16704000.0,19906200.0,16704000.0,16704000.0,19906200.0,19906200.0,16704000.0"
  ]
  edge [
    source 3
    target 0
    key 0
    LinkLabel "< 10 Gbps"
    bandwidth 75000000
    traffic "18000000,18000000"
    reservation "16704000.0,16704000.0"
    port 0
  ]
  edge [
    source 3
    target 1
    key 0
    LinkLabel "< 10 Gbps"
    bandwidth 75000000
    traffic ""
    reservation ""
    port 1
  ]
  edge [
    source 3
    target 8
    key 0
    LinkLabel "< 1 Gbps"
    bandwidth 75000000
    traffic ""
    reservation ""
    port 2
  ]
  edge [
    source 3
    target 16
    key 0
    LinkLabel "< 10 Gbps"
    bandwidth 75000000
    traffic "18000000,3500000,200000,3500000,3500000,3500000,18000000,3500000,3500000,3500000,3500000,3500000,200000,200000,200000,200000,200000,200000,200000,200000,200000,200000,200000,200000,200000"
    reservation "19906200.0,2996000.0,187820.0,4000850.0,3882200.0,3467450.0,19906200.0,3565100.0,2996000.0,4000850.0,3725750.0,3619700.0,197420.0,212180.0,194480.0,197420.0,198140.0,187820.0,189260.0,206480.0,197420.0,210440.0,197420.0,183680.0,228320.0"
    port 3
  ]
  edge [
    source 3
    target 22
    key 0
    port 4
    weight 1
    bandwidth 50000000
    traffic ""
    reservation ""
  ]
  edge [
    source 4
    target 5
    key 0
    LinkLabel "< 2.5 Gbps"
    bandwidth 75000000
    traffic ""
    reservation ""
    port 0
  ]
  edge [
    source 4
    target 7
    key 0
    LinkLabel "< 2.5 Gbps"
    bandwidth 75000000
    traffic "18000000"
    reservation "19906200.0"
    port 1
  ]
  edge [
    source 4
    target 27
    key 0
    port 2
    weight 1
    bandwidth 50000000
    traffic ""
    reservation ""
  ]
  edge [
    source 5
    target 4
    key 0
    LinkLabel "< 2.5 Gbps"
    bandwidth 75000000
    traffic ""
    reservation ""
    port 0
  ]
  edge [
    source 6
    target 0
    key 0
    LinkLabel "< 10 Gbps"
    bandwidth 75000000
    traffic "18000000,18000000"
    reservation "16704000.0,19906200.0"
    port 0
  ]
  edge [
    source 6
    target 1
    key 0
    LinkLabel "< 10Gbps"
    bandwidth 75000000
    traffic ""
    reservation ""
    port 1
  ]
  edge [
    source 6
    target 7
    key 0
    LinkLabel "< 2.5 Gbps"
    bandwidth 75000000
    traffic ""
    reservation ""
    port 2
  ]
  edge [
    source 7
    target 4
    key 0
    LinkLabel "< 2.5 Gbps"
    bandwidth 75000000
    traffic ""
    reservation ""
    port 0
  ]
  edge [
    source 7
    target 6
    key 0
    LinkLabel "< 2.5 Gbps"
    bandwidth 75000000
    traffic "18000000,18000000"
    reservation "16704000.0,19906200.0"
    port 1
  ]
  edge [
    source 7
    target 25
    key 0
    port 2
    weight 1
    bandwidth 50000000
    traffic ""
    reservation ""
  ]
  edge [
    source 8
    target 3
    key 0
    LinkLabel "< 1 Gbps"
    bandwidth 75000000
    traffic ""
    reservation ""
    port 0
  ]
  edge [
    source 9
    target 16
    key 0
    LinkLabel "< 155 Mbps"
    bandwidth 75000000
    traffic "3500000"
    reservation "3718400.0"
    port 0
  ]
  edge [
    source 9
    target 15
    key 0
    LinkLabel "< 155 Mbps"
    bandwidth 75000000
    traffic "18000000,3500000,3500000,3500000,3500000,18000000,3500000,3500000,3500000,3500000,3500000"
    reservation "19906200.0,2996000.0,4000850.0,3882200.0,3467450.0,19906200.0,3565100.0,2996000.0,4000850.0,3725750.0,3619700.0"
    port 1
  ]
  edge [
    source 9
    target 20
    key 0
    port 2
    weight 1
    bandwidth 350000000
    traffic "200000,200000,200000,200000,200000,200000,200000,200000,200000,200000,200000,200000,200000,200000,200000,200000,200000,200000,200000,200000,200000,200000,200000,200000,200000,200000,200000,200000,200000,200000,200000,200000,200000"
    reservation "187820.0,197420.0,212180.0,194480.0,197420.0,198140.0,187820.0,189260.0,206480.0,197420.0,210440.0,197420.0,183680.0,228320.0,194480.0,194480.0,189260.0,183680.0,212180.0,210440.0,228320.0,198140.0,207260.0,212180.0,194480.0,197420.0,188720.0,228320.0,198140.0,187820.0,194480.0,189260.0,207260.0"
  ]
  edge [
    source 10
    target 0
    key 0
    LinkLabel "< 10 Gbps"
    bandwidth 75000000
    traffic "18000000,3500000,200000,3500000,3500000,3500000,18000000,3500000,3500000,3500000,3500000,3500000,200000,200000,200000,200000,200000,200000,200000,200000,200000,200000,200000,200000,200000"
    reservation "19906200.0,2996000.0,187820.0,4000850.0,3882200.0,3467450.0,19906200.0,3565100.0,2996000.0,4000850.0,3725750.0,3619700.0,197420.0,212180.0,194480.0,197420.0,198140.0,187820.0,189260.0,206480.0,197420.0,210440.0,197420.0,183680.0,228320.0"
    port 0
  ]
  edge [
    source 10
    target 2
    key 0
    LinkLabel "< 10 Gbps"
    bandwidth 75000000
    traffic "18000000,18000000,18000000,18000000,3500000,200000,200000,200000,200000,200000,200000"
    reservation "16704000.0,16704000.0,16704000.0,19906200.0,3718400.0,194480.0,194480.0,189260.0,183680.0,212180.0,210440.0"
    port 1
  ]
  edge [
    source 10
    target 24
    key 0
    port 2
    weight 1
    bandwidth 50000000
    traffic ""
    reservation ""
  ]
  edge [
    source 10
    target 28
    key 0
    port 3
    weight 1
    bandwidth 50000000
    traffic ""
    reservation ""
  ]
  edge [
    source 10
    target 29
    key 0
    port 4
    weight 1
    bandwidth 50000000
    traffic ""
    reservation ""
  ]
  edge [
    source 10
    target 30
    key 0
    port 5
    weight 1
    bandwidth 50000000
    traffic ""
    reservation ""
  ]
  edge [
    source 10
    target 31
    key 0
    port 6
    weight 1
    bandwidth 50000000
    traffic ""
    reservation ""
  ]
  edge [
    source 10
    target 32
    key 0
    port 7
    weight 1
    bandwidth 50000000
    traffic ""
    reservation ""
  ]
  edge [
    source 10
    target 33
    key 0
    port 8
    weight 1
    bandwidth 50000000
    traffic ""
    reservation ""
  ]
  edge [
    source 10
    target 34
    key 0
    port 9
    weight 1
    bandwidth 50000000
    traffic ""
    reservation ""
  ]
  edge [
    source 10
    target 35
    key 0
    port 10
    weight 1
    bandwidth 50000000
    traffic ""
    reservation ""
  ]
  edge [
    source 10
    target 36
    key 0
    port 11
    weight 1
    bandwidth 50000000
    traffic ""
    reservation ""
  ]
  edge [
    source 10
    target 37
    key 0
    port 12
    weight 1
    bandwidth 50000000
    traffic ""
    reservation ""
  ]
  edge [
    source 10
    target 38
    key 0
    port 13
    weight 1
    bandwidth 50000000
    traffic ""
    reservation ""
  ]
  edge [
    source 10
    target 39
    key 0
    port 14
    weight 1
    bandwidth 50000000
    traffic ""
    reservation ""
  ]
  edge [
    source 10
    target 40
    key 0
    port 15
    weight 1
    bandwidth 50000000
    traffic ""
    reservation ""
  ]
  edge [
    source 10
    target 41
    key 0
    port 16
    weight 1
    bandwidth 50000000
    traffic ""
    reservation ""
  ]
  edge [
    source 10
    target 42
    key 0
    port 17
    weight 1
    bandwidth 50000000
    traffic ""
    reservation ""
  ]
  edge [
    source 10
    target 43
    key 0
    port 18
    weight 1
    bandwidth 50000000
    traffic ""
    reservation ""
  ]
  edge [
    source 10
    target 44
    key 0
    port 19
    weight 1
    bandwidth 50000000
    traffic ""
    reservation ""
  ]
  edge [
    source 10
    target 45
    key 0
    port 20
    weight 1
    bandwidth 50000000
    traffic ""
    reservation ""
  ]
  edge [
    source 10
    target 46
    key 0
    port 21
    weight 1
    bandwidth 50000000
    traffic ""
    reservation ""
  ]
  edge [
    source 10
    target 47
    key 0
    port 22
    weight 1
    bandwidth 50000000
    traffic ""
    reservation ""
  ]
  edge [
    source 10
    target 48
    key 0
    port 23
    weight 1
    bandwidth 50000000
    traffic ""
    reservation ""
  ]
  edge [
    source 10
    target 49
    key 0
    port 24
    weight 1
    bandwidth 50000000
    traffic ""
    reservation ""
  ]
  edge [
    source 10
    target 50
    key 0
    port 25
    weight 1
    bandwidth 50000000
    traffic ""
    reservation ""
  ]
  edge [
    source 10
    target 51
    key 0
    port 26
    weight 1
    bandwidth 50000000
    traffic ""
    reservation ""
  ]
  edge [
    source 10
    target 52
    key 0
    port 27
    weight 1
    bandwidth 50000000
    traffic ""
    reservation ""
  ]
  edge [
    source 10
    target 53
    key 0
    port 28
    weight 1
    bandwidth 50000000
    traffic ""
    reservation ""
  ]
  edge [
    source 10
    target 54
    key 0
    port 29
    weight 1
    bandwidth 50000000
    traffic ""
    reservation ""
  ]
  edge [
    source 10
    target 55
    key 0
    port 30
    weight 1
    bandwidth 50000000
    traffic ""
    reservation ""
  ]
  edge [
    source 10
    target 56
    key 0
    port 31
    weight 1
    bandwidth 50000000
    traffic ""
    reservation ""
  ]
  edge [
    source 10
    target 57
    key 0
    port 32
    weight 1
    bandwidth 50000000
    traffic ""
    reservation ""
  ]
  edge [
    source 10
    target 58
    key 0
    port 33
    weight 1
    bandwidth 50000000
    traffic ""
    reservation ""
  ]
  edge [
    source 11
    target 12
    key 0
    id "e0"
    bandwidth 75000000
    traffic "3500000,3500000,3500000,3500000,3500000,3500000,3500000,3500000,3500000,200000,18000000,200000,200000,200000,200000"
    reservation "2996000.0,4000850.0,3882200.0,3467450.0,3565100.0,2996000.0,4000850.0,3725750.0,3619700.0,228320.0,16704000.0,198140.0,194480.0,189260.0,207260.0"
    port 0
  ]
  edge [
    source 11
    target 13
    key 0
    LinkLabel "< 10 Gbps"
    bandwidth 75000000
    traffic "18000000,3500000,200000,3500000,3500000,3500000,3500000,3500000,3500000,3500000,200000,3500000,200000,3500000,3500000,3500000,3500000,3500000,200000,3500000,3500000,200000,200000,200000"
    reservation "16704000.0,3718400.0,228320.0,3565100.0,2996000.0,3882200.0,3569300.0,3467450.0,3565100.0,3725750.0,198140.0,2996000.0,207260.0,3565100.0,3725750.0,3916850.0,4000850.0,3569300.0,212180.0,2996000.0,3569300.0,194480.0,197420.0,188720.0"
    port 1
  ]
  edge [
    source 12
    target 11
    key 0
    id "e0"
    bandwidth 75000000
    traffic "18000000,3500000,200000,3500000,3500000,3500000,3500000,3500000,3500000,3500000,200000,3500000,200000,3500000,3500000,3500000,3500000,3500000,200000,3500000,3500000,200000,200000,200000"
    reservation "16704000.0,3718400.0,228320.0,3565100.0,2996000.0,3882200.0,3569300.0,3467450.0,3565100.0,3725750.0,198140.0,2996000.0,207260.0,3565100.0,3725750.0,3916850.0,4000850.0,3569300.0,212180.0,2996000.0,3569300.0,194480.0,197420.0,188720.0"
    port 0
  ]
  edge [
    source 12
    target 14
    key 0
    LinkLabel "< 2.5 Gbps"
    bandwidth 75000000
    traffic "3500000,3500000,3500000,3500000,3500000,3500000,3500000,3500000,3500000,200000,18000000,200000,200000,200000,200000"
    reservation "2996000.0,4000850.0,3882200.0,3467450.0,3565100.0,2996000.0,4000850.0,3725750.0,3619700.0,228320.0,16704000.0,198140.0,194480.0,189260.0,207260.0"
    port 1
  ]
  edge [
    source 13
    target 11
    key 0
    LinkLabel "< 10 Gbps"
    bandwidth 75000000
    traffic "3500000,3500000,3500000,3500000,3500000,3500000,3500000,3500000,3500000,200000,18000000,200000,200000,200000,200000"
    reservation "2996000.0,4000850.0,3882200.0,3467450.0,3565100.0,2996000.0,4000850.0,3725750.0,3619700.0,228320.0,16704000.0,198140.0,194480.0,189260.0,207260.0"
    port 0
  ]
  edge [
    source 13
    target 18
    key 0
    LinkLabel "< 155 Mbps"
    bandwidth 75000000
    traffic "3500000,3500000,3500000,3500000,3500000,3500000,3500000,3500000,3500000,3500000,3500000,3500000,3500000,3500000,3500000,3500000,3500000"
    reservation "3718400.0,3565100.0,2996000.0,3882200.0,3569300.0,3467450.0,3565100.0,3725750.0,2996000.0,3565100.0,3725750.0,3916850.0,4000850.0,3569300.0,2996000.0,3569300.0,3565100.0"
    port 1
  ]
  edge [
    source 13
    target 14
    key 0
    id "e3"
    bandwidth 75000000
    traffic ""
    reservation ""
    port 2
  ]
  edge [
    source 13
    target 15
    key 0
    LinkLabel "< 10 Gbps"
    bandwidth 75000000
    traffic "18000000,200000,200000,200000,200000,200000,200000,200000,200000"
    reservation "16704000.0,228320.0,198140.0,207260.0,212180.0,194480.0,197420.0,188720.0,187820.0"
    port 3
  ]
  edge [
    source 14
    target 12
    key 0
    LinkLabel "< 2.5 Gbps"
    bandwidth 75000000
    traffic "18000000,3500000,200000,3500000,3500000,3500000,3500000,3500000,3500000,3500000,200000,3500000,200000,3500000,3500000,3500000,3500000,3500000,200000,3500000,3500000,200000,200000,200000"
    reservation "16704000.0,3718400.0,228320.0,3565100.0,2996000.0,3882200.0,3569300.0,3467450.0,3565100.0,3725750.0,198140.0,2996000.0,207260.0,3565100.0,3725750.0,3916850.0,4000850.0,3569300.0,212180.0,2996000.0,3569300.0,194480.0,197420.0,188720.0"
    port 0
  ]
  edge [
    source 14
    target 13
    key 0
    id "e3"
    bandwidth 75000000
    traffic "3500000,200000"
    reservation "3565100.0,187820.0"
    port 1
  ]
  edge [
    source 14
    target 16
    key 0
    LinkLabel "< 2.5 Gbps"
    bandwidth 75000000
    traffic "200000,18000000,200000,200000,200000,200000"
    reservation "228320.0,16704000.0,198140.0,194480.0,189260.0,207260.0"
    port 2
  ]
  edge [
    source 14
    target 17
    key 0
    LinkLabel "< 155 Mbps"
    bandwidth 75000000
    traffic "3500000,3500000,3500000,3500000,3500000,3500000,3500000,3500000,3500000"
    reservation "2996000.0,4000850.0,3882200.0,3467450.0,3565100.0,2996000.0,4000850.0,3725750.0,3619700.0"
    port 3
  ]
  edge [
    source 15
    target 2
    key 0
    LinkLabel "< 10 Gbps"
    bandwidth 75000000
    traffic "18000000,18000000,18000000,18000000"
    reservation "16704000.0,19906200.0,19906200.0,16704000.0"
    port 0
  ]
  edge [
    source 15
    target 9
    key 0
    LinkLabel "< 155 Mbps"
    bandwidth 75000000
    traffic "3500000,200000,200000,200000,200000,200000,200000,200000,200000,200000,200000,200000,200000,200000,200000,200000,200000,200000,200000,200000"
    reservation "3718400.0,194480.0,194480.0,189260.0,183680.0,212180.0,210440.0,228320.0,198140.0,207260.0,212180.0,194480.0,197420.0,188720.0,228320.0,198140.0,187820.0,194480.0,189260.0,207260.0"
    port 1
  ]
  edge [
    source 15
    target 13
    key 0
    LinkLabel "< 10 Gbps"
    bandwidth 75000000
    traffic "3500000,3500000,3500000,3500000,3500000,3500000,3500000,3500000,3500000"
    reservation "2996000.0,4000850.0,3882200.0,3467450.0,3565100.0,2996000.0,4000850.0,3725750.0,3619700.0"
    port 2
  ]
  edge [
    source 15
    target 16
    key 0
    LinkLabel "< 10 Gbps"
    bandwidth 75000000
    traffic ""
    reservation ""
    port 3
  ]
  edge [
    source 16
    target 3
    key 0
    LinkLabel "< 10 Gbps"
    bandwidth 75000000
    traffic ""
    reservation ""
    port 0
  ]
  edge [
    source 16
    target 9
    key 0
    LinkLabel "< 155 Mbps"
    bandwidth 75000000
    traffic "18000000,3500000,200000,3500000,3500000,3500000,18000000,3500000,3500000,3500000,3500000,3500000,200000,200000,200000,200000,200000,200000,200000,200000,200000,200000,200000,200000,200000"
    reservation "19906200.0,2996000.0,187820.0,4000850.0,3882200.0,3467450.0,19906200.0,3565100.0,2996000.0,4000850.0,3725750.0,3619700.0,197420.0,212180.0,194480.0,197420.0,198140.0,187820.0,189260.0,206480.0,197420.0,210440.0,197420.0,183680.0,228320.0"
    port 1
  ]
  edge [
    source 16
    target 14
    key 0
    LinkLabel "< 2.5 Gbps"
    bandwidth 75000000
    traffic "3500000"
    reservation "3718400.0"
    port 2
  ]
  edge [
    source 16
    target 15
    key 0
    LinkLabel "< 10 Gbps"
    bandwidth 75000000
    traffic "200000,18000000,200000,200000,200000,200000"
    reservation "228320.0,16704000.0,198140.0,194480.0,189260.0,207260.0"
    port 3
  ]
  edge [
    source 17
    target 14
    key 0
    LinkLabel "< 155 Mbps"
    bandwidth 75000000
    traffic "18000000,200000,3500000,3500000,3500000,3500000,3500000,3500000,3500000,200000,3500000,200000,3500000,3500000,3500000,3500000,3500000,200000,3500000,3500000,3500000,200000,200000,200000,200000"
    reservation "16704000.0,228320.0,3565100.0,2996000.0,3882200.0,3569300.0,3467450.0,3565100.0,3725750.0,198140.0,2996000.0,207260.0,3565100.0,3725750.0,3916850.0,4000850.0,3569300.0,212180.0,2996000.0,3569300.0,3565100.0,194480.0,197420.0,188720.0,187820.0"
    port 0
  ]
  edge [
    source 17
    target 18
    key 0
    LinkLabel "< 155 Mbps"
    bandwidth 75000000
    traffic "3500000,3500000,3500000,3500000,3500000,3500000,3500000,3500000,3500000,3500000,3500000,3500000,3500000,3500000,200000,3500000,3500000,18000000,200000,200000,200000,200000"
    reservation "2996000.0,4000850.0,3882200.0,3467450.0,3565100.0,2996000.0,4000850.0,3725750.0,3619700.0,3718400.0,3647000.0,3467450.0,3569300.0,2996000.0,228320.0,3725750.0,3882200.0,16704000.0,198140.0,194480.0,189260.0,207260.0"
    port 1
  ]
  edge [
    source 17
    target 23
    key 0
    port 2
    weight 1
    bandwidth 50000000
    traffic ""
    reservation ""
  ]
  edge [
    source 17
    target 59
    key 0
    port 3
    weight 1
    bandwidth 50000000
    traffic ""
    reservation ""
  ]
  edge [
    source 17
    target 60
    key 0
    port 4
    weight 1
    bandwidth 50000000
    traffic ""
    reservation ""
  ]
  edge [
    source 17
    target 61
    key 0
    port 5
    weight 1
    bandwidth 50000000
    traffic ""
    reservation ""
  ]
  edge [
    source 17
    target 62
    key 0
    port 6
    weight 1
    bandwidth 50000000
    traffic ""
    reservation ""
  ]
  edge [
    source 17
    target 63
    key 0
    port 7
    weight 1
    bandwidth 50000000
    traffic ""
    reservation ""
  ]
  edge [
    source 17
    target 64
    key 0
    port 8
    weight 1
    bandwidth 50000000
    traffic ""
    reservation ""
  ]
  edge [
    source 17
    target 65
    key 0
    port 9
    weight 1
    bandwidth 50000000
    traffic ""
    reservation ""
  ]
  edge [
    source 17
    target 66
    key 0
    port 10
    weight 1
    bandwidth 50000000
    traffic ""
    reservation ""
  ]
  edge [
    source 17
    target 67
    key 0
    port 11
    weight 1
    bandwidth 50000000
    traffic ""
    reservation ""
  ]
  edge [
    source 17
    target 68
    key 0
    port 12
    weight 1
    bandwidth 50000000
    traffic ""
    reservation ""
  ]
  edge [
    source 17
    target 69
    key 0
    port 13
    weight 1
    bandwidth 50000000
    traffic ""
    reservation ""
  ]
  edge [
    source 17
    target 70
    key 0
    port 14
    weight 1
    bandwidth 50000000
    traffic ""
    reservation ""
  ]
  edge [
    source 17
    target 71
    key 0
    port 15
    weight 1
    bandwidth 50000000
    traffic ""
    reservation ""
  ]
  edge [
    source 17
    target 72
    key 0
    port 16
    weight 1
    bandwidth 50000000
    traffic ""
    reservation ""
  ]
  edge [
    source 17
    target 73
    key 0
    port 17
    weight 1
    bandwidth 50000000
    traffic ""
    reservation ""
  ]
  edge [
    source 17
    target 74
    key 0
    port 18
    weight 1
    bandwidth 50000000
    traffic ""
    reservation ""
  ]
  edge [
    source 17
    target 75
    key 0
    port 19
    weight 1
    bandwidth 50000000
    traffic ""
    reservation ""
  ]
  edge [
    source 17
    target 76
    key 0
    port 20
    weight 1
    bandwidth 50000000
    traffic ""
    reservation ""
  ]
  edge [
    source 17
    target 77
    key 0
    port 21
    weight 1
    bandwidth 50000000
    traffic ""
    reservation ""
  ]
  edge [
    source 17
    target 78
    key 0
    port 22
    weight 1
    bandwidth 50000000
    traffic ""
    reservation ""
  ]
  edge [
    source 17
    target 79
    key 0
    port 23
    weight 1
    bandwidth 50000000
    traffic ""
    reservation ""
  ]
  edge [
    source 17
    target 80
    key 0
    port 24
    weight 1
    bandwidth 50000000
    traffic ""
    reservation ""
  ]
  edge [
    source 17
    target 81
    key 0
    port 25
    weight 1
    bandwidth 50000000
    traffic ""
    reservation ""
  ]
  edge [
    source 17
    target 82
    key 0
    port 26
    weight 1
    bandwidth 50000000
    traffic ""
    reservation ""
  ]
  edge [
    source 17
    target 83
    key 0
    port 27
    weight 1
    bandwidth 50000000
    traffic ""
    reservation ""
  ]
  edge [
    source 17
    target 84
    key 0
    port 28
    weight 1
    bandwidth 50000000
    traffic ""
    reservation ""
  ]
  edge [
    source 17
    target 85
    key 0
    port 29
    weight 1
    bandwidth 50000000
    traffic ""
    reservation ""
  ]
  edge [
    source 17
    target 86
    key 0
    port 30
    weight 1
    bandwidth 50000000
    traffic ""
    reservation ""
  ]
  edge [
    source 17
    target 87
    key 0
    port 31
    weight 1
    bandwidth 50000000
    traffic ""
    reservation ""
  ]
  edge [
    source 17
    target 88
    key 0
    port 32
    weight 1
    bandwidth 50000000
    traffic ""
    reservation ""
  ]
  edge [
    source 17
    target 89
    key 0
    port 33
    weight 1
    bandwidth 50000000
    traffic ""
    reservation ""
  ]
  edge [
    source 17
    target 90
    key 0
    port 34
    weight 1
    bandwidth 50000000
    traffic ""
    reservation ""
  ]
  edge [
    source 17
    target 91
    key 0
    port 35
    weight 1
    bandwidth 50000000
    traffic ""
    reservation ""
  ]
  edge [
    source 17
    target 92
    key 0
    port 36
    weight 1
    bandwidth 50000000
    traffic ""
    reservation ""
  ]
  edge [
    source 17
    target 93
    key 0
    port 37
    weight 1
    bandwidth 50000000
    traffic ""
    reservation ""
  ]
  edge [
    source 17
    target 94
    key 0
    port 38
    weight 1
    bandwidth 50000000
    traffic ""
    reservation ""
  ]
  edge [
    source 17
    target 95
    key 0
    port 39
    weight 1
    bandwidth 50000000
    traffic ""
    reservation ""
  ]
  edge [
    source 18
    target 13
    key 0
    LinkLabel "< 155 Mbps"
    bandwidth 75000000
    traffic "200000,18000000,200000,200000,200000,200000"
    reservation "228320.0,16704000.0,198140.0,194480.0,189260.0,207260.0"
    port 0
  ]
  edge [
    source 18
    target 17
    key 0
    LinkLabel "< 155 Mbps"
    bandwidth 75000000
    traffic ""
    reservation ""
    port 1
  ]
  edge [
    source 18
    target 19
    key 0
    port 2
    weight 1
    bandwidth 350000000
    traffic "3500000,3500000,3500000,3500000,3500000,3500000,3500000,3500000,3500000,3500000,3500000,3500000,3500000,3500000,3500000,3500000,3500000,3500000,3500000,3500000,3500000,3500000,3500000,3500000,3500000,3500000,3500000,3500000,3500000,3500000,3500000,3500000,3500000"
    reservation "2996000.0,4000850.0,3882200.0,3467450.0,3565100.0,2996000.0,4000850.0,3725750.0,3619700.0,3718400.0,3565100.0,2996000.0,3882200.0,3569300.0,3467450.0,3565100.0,3725750.0,2996000.0,3565100.0,3725750.0,3916850.0,4000850.0,3569300.0,2996000.0,3569300.0,3565100.0,3718400.0,3647000.0,3467450.0,3569300.0,2996000.0,3725750.0,3882200.0"
  ]
  edge [
    source 19
    target 18
    key 0
    port 0
    weight 1
    bandwidth 350000000
    traffic ""
    reservation ""
  ]
  edge [
    source 20
    target 9
    key 0
    port 0
    weight 1
    bandwidth 350000000
    traffic ""
    reservation ""
  ]
  edge [
    source 21
    target 2
    key 0
    port 0
    weight 1
    bandwidth 350000000
    traffic ""
    reservation ""
  ]
  edge [
    source 22
    target 3
    key 0
    port 0
    weight 1
    bandwidth 50000000
    traffic "18000000"
    reservation "16704000.0"
  ]
  edge [
    source 23
    target 17
    key 0
    port 0
    weight 1
    bandwidth 50000000
    traffic "18000000"
    reservation "16704000.0"
  ]
  edge [
    source 24
    target 10
    key 0
    port 0
    weight 1
    bandwidth 50000000
    traffic "18000000"
    reservation "19906200.0"
  ]
  edge [
    source 25
    target 7
    key 0
    port 0
    weight 1
    bandwidth 50000000
    traffic "18000000"
    reservation "16704000.0"
  ]
  edge [
    source 26
    target 1
    key 0
    port 0
    weight 1
    bandwidth 50000000
    traffic "18000000"
    reservation "16704000.0"
  ]
  edge [
    source 27
    target 4
    key 0
    port 0
    weight 1
    bandwidth 50000000
    traffic "18000000"
    reservation "19906200.0"
  ]
  edge [
    source 28
    target 10
    key 0
    port 0
    weight 1
    bandwidth 50000000
    traffic "3500000"
    reservation "2996000.0"
  ]
  edge [
    source 29
    target 10
    key 0
    port 0
    weight 1
    bandwidth 50000000
    traffic "200000"
    reservation "187820.0"
  ]
  edge [
    source 30
    target 10
    key 0
    port 0
    weight 1
    bandwidth 50000000
    traffic "3500000"
    reservation "4000850.0"
  ]
  edge [
    source 31
    target 10
    key 0
    port 0
    weight 1
    bandwidth 50000000
    traffic "3500000"
    reservation "3882200.0"
  ]
  edge [
    source 32
    target 10
    key 0
    port 0
    weight 1
    bandwidth 50000000
    traffic "3500000"
    reservation "3467450.0"
  ]
  edge [
    source 33
    target 10
    key 0
    port 0
    weight 1
    bandwidth 50000000
    traffic "18000000"
    reservation "19906200.0"
  ]
  edge [
    source 34
    target 10
    key 0
    port 0
    weight 1
    bandwidth 50000000
    traffic "3500000"
    reservation "3565100.0"
  ]
  edge [
    source 35
    target 10
    key 0
    port 0
    weight 1
    bandwidth 50000000
    traffic "3500000"
    reservation "2996000.0"
  ]
  edge [
    source 36
    target 10
    key 0
    port 0
    weight 1
    bandwidth 50000000
    traffic "3500000"
    reservation "4000850.0"
  ]
  edge [
    source 37
    target 10
    key 0
    port 0
    weight 1
    bandwidth 50000000
    traffic "3500000"
    reservation "3725750.0"
  ]
  edge [
    source 38
    target 10
    key 0
    port 0
    weight 1
    bandwidth 50000000
    traffic "3500000"
    reservation "3619700.0"
  ]
  edge [
    source 39
    target 10
    key 0
    port 0
    weight 1
    bandwidth 50000000
    traffic "3500000"
    reservation "3718400.0"
  ]
  edge [
    source 40
    target 10
    key 0
    port 0
    weight 1
    bandwidth 50000000
    traffic "200000"
    reservation "197420.0"
  ]
  edge [
    source 41
    target 10
    key 0
    port 0
    weight 1
    bandwidth 50000000
    traffic "200000"
    reservation "212180.0"
  ]
  edge [
    source 42
    target 10
    key 0
    port 0
    weight 1
    bandwidth 50000000
    traffic "200000"
    reservation "194480.0"
  ]
  edge [
    source 43
    target 10
    key 0
    port 0
    weight 1
    bandwidth 50000000
    traffic "200000"
    reservation "197420.0"
  ]
  edge [
    source 44
    target 10
    key 0
    port 0
    weight 1
    bandwidth 50000000
    traffic "200000"
    reservation "198140.0"
  ]
  edge [
    source 45
    target 10
    key 0
    port 0
    weight 1
    bandwidth 50000000
    traffic "200000"
    reservation "187820.0"
  ]
  edge [
    source 46
    target 10
    key 0
    port 0
    weight 1
    bandwidth 50000000
    traffic "200000"
    reservation "189260.0"
  ]
  edge [
    source 47
    target 10
    key 0
    port 0
    weight 1
    bandwidth 50000000
    traffic "200000"
    reservation "206480.0"
  ]
  edge [
    source 48
    target 10
    key 0
    port 0
    weight 1
    bandwidth 50000000
    traffic "200000"
    reservation "197420.0"
  ]
  edge [
    source 49
    target 10
    key 0
    port 0
    weight 1
    bandwidth 50000000
    traffic "200000"
    reservation "210440.0"
  ]
  edge [
    source 50
    target 10
    key 0
    port 0
    weight 1
    bandwidth 50000000
    traffic "200000"
    reservation "197420.0"
  ]
  edge [
    source 51
    target 10
    key 0
    port 0
    weight 1
    bandwidth 50000000
    traffic "200000"
    reservation "183680.0"
  ]
  edge [
    source 52
    target 10
    key 0
    port 0
    weight 1
    bandwidth 50000000
    traffic "200000"
    reservation "228320.0"
  ]
  edge [
    source 53
    target 10
    key 0
    port 0
    weight 1
    bandwidth 50000000
    traffic "200000"
    reservation "194480.0"
  ]
  edge [
    source 54
    target 10
    key 0
    port 0
    weight 1
    bandwidth 50000000
    traffic "200000"
    reservation "194480.0"
  ]
  edge [
    source 55
    target 10
    key 0
    port 0
    weight 1
    bandwidth 50000000
    traffic "200000"
    reservation "189260.0"
  ]
  edge [
    source 56
    target 10
    key 0
    port 0
    weight 1
    bandwidth 50000000
    traffic "200000"
    reservation "183680.0"
  ]
  edge [
    source 57
    target 10
    key 0
    port 0
    weight 1
    bandwidth 50000000
    traffic "200000"
    reservation "212180.0"
  ]
  edge [
    source 58
    target 10
    key 0
    port 0
    weight 1
    bandwidth 50000000
    traffic "200000"
    reservation "210440.0"
  ]
  edge [
    source 59
    target 17
    key 0
    port 0
    weight 1
    bandwidth 50000000
    traffic "200000"
    reservation "228320.0"
  ]
  edge [
    source 60
    target 17
    key 0
    port 0
    weight 1
    bandwidth 50000000
    traffic "3500000"
    reservation "3565100.0"
  ]
  edge [
    source 61
    target 17
    key 0
    port 0
    weight 1
    bandwidth 50000000
    traffic "3500000"
    reservation "2996000.0"
  ]
  edge [
    source 62
    target 17
    key 0
    port 0
    weight 1
    bandwidth 50000000
    traffic "3500000"
    reservation "3882200.0"
  ]
  edge [
    source 63
    target 17
    key 0
    port 0
    weight 1
    bandwidth 50000000
    traffic "3500000"
    reservation "3569300.0"
  ]
  edge [
    source 64
    target 17
    key 0
    port 0
    weight 1
    bandwidth 50000000
    traffic "3500000"
    reservation "3467450.0"
  ]
  edge [
    source 65
    target 17
    key 0
    port 0
    weight 1
    bandwidth 50000000
    traffic "3500000"
    reservation "3565100.0"
  ]
  edge [
    source 66
    target 17
    key 0
    port 0
    weight 1
    bandwidth 50000000
    traffic "3500000"
    reservation "3725750.0"
  ]
  edge [
    source 67
    target 17
    key 0
    port 0
    weight 1
    bandwidth 50000000
    traffic "200000"
    reservation "198140.0"
  ]
  edge [
    source 68
    target 17
    key 0
    port 0
    weight 1
    bandwidth 50000000
    traffic "3500000"
    reservation "2996000.0"
  ]
  edge [
    source 69
    target 17
    key 0
    port 0
    weight 1
    bandwidth 50000000
    traffic "200000"
    reservation "207260.0"
  ]
  edge [
    source 70
    target 17
    key 0
    port 0
    weight 1
    bandwidth 50000000
    traffic "3500000"
    reservation "3565100.0"
  ]
  edge [
    source 71
    target 17
    key 0
    port 0
    weight 1
    bandwidth 50000000
    traffic "3500000"
    reservation "3725750.0"
  ]
  edge [
    source 72
    target 17
    key 0
    port 0
    weight 1
    bandwidth 50000000
    traffic "3500000"
    reservation "3916850.0"
  ]
  edge [
    source 73
    target 17
    key 0
    port 0
    weight 1
    bandwidth 50000000
    traffic "3500000"
    reservation "4000850.0"
  ]
  edge [
    source 74
    target 17
    key 0
    port 0
    weight 1
    bandwidth 50000000
    traffic "3500000"
    reservation "3569300.0"
  ]
  edge [
    source 75
    target 17
    key 0
    port 0
    weight 1
    bandwidth 50000000
    traffic "200000"
    reservation "212180.0"
  ]
  edge [
    source 76
    target 17
    key 0
    port 0
    weight 1
    bandwidth 50000000
    traffic "3500000"
    reservation "2996000.0"
  ]
  edge [
    source 77
    target 17
    key 0
    port 0
    weight 1
    bandwidth 50000000
    traffic "3500000"
    reservation "3569300.0"
  ]
  edge [
    source 78
    target 17
    key 0
    port 0
    weight 1
    bandwidth 50000000
    traffic "3500000"
    reservation "3565100.0"
  ]
  edge [
    source 79
    target 17
    key 0
    port 0
    weight 1
    bandwidth 50000000
    traffic "200000"
    reservation "194480.0"
  ]
  edge [
    source 80
    target 17
    key 0
    port 0
    weight 1
    bandwidth 50000000
    traffic "200000"
    reservation "197420.0"
  ]
  edge [
    source 81
    target 17
    key 0
    port 0
    weight 1
    bandwidth 50000000
    traffic "3500000"
    reservation "3718400.0"
  ]
  edge [
    source 82
    target 17
    key 0
    port 0
    weight 1
    bandwidth 50000000
    traffic "3500000"
    reservation "3647000.0"
  ]
  edge [
    source 83
    target 17
    key 0
    port 0
    weight 1
    bandwidth 50000000
    traffic "3500000"
    reservation "3467450.0"
  ]
  edge [
    source 84
    target 17
    key 0
    port 0
    weight 1
    bandwidth 50000000
    traffic "3500000"
    reservation "3569300.0"
  ]
  edge [
    source 85
    target 17
    key 0
    port 0
    weight 1
    bandwidth 50000000
    traffic "3500000"
    reservation "2996000.0"
  ]
  edge [
    source 86
    target 17
    key 0
    port 0
    weight 1
    bandwidth 50000000
    traffic "200000"
    reservation "188720.0"
  ]
  edge [
    source 87
    target 17
    key 0
    port 0
    weight 1
    bandwidth 50000000
    traffic "200000"
    reservation "228320.0"
  ]
  edge [
    source 88
    target 17
    key 0
    port 0
    weight 1
    bandwidth 50000000
    traffic "3500000"
    reservation "3725750.0"
  ]
  edge [
    source 89
    target 17
    key 0
    port 0
    weight 1
    bandwidth 50000000
    traffic "3500000"
    reservation "3882200.0"
  ]
  edge [
    source 90
    target 17
    key 0
    port 0
    weight 1
    bandwidth 50000000
    traffic "18000000"
    reservation "16704000.0"
  ]
  edge [
    source 91
    target 17
    key 0
    port 0
    weight 1
    bandwidth 50000000
    traffic "200000"
    reservation "198140.0"
  ]
  edge [
    source 92
    target 17
    key 0
    port 0
    weight 1
    bandwidth 50000000
    traffic "200000"
    reservation "187820.0"
  ]
  edge [
    source 93
    target 17
    key 0
    port 0
    weight 1
    bandwidth 50000000
    traffic "200000"
    reservation "194480.0"
  ]
  edge [
    source 94
    target 17
    key 0
    port 0
    weight 1
    bandwidth 50000000
    traffic "200000"
    reservation "189260.0"
  ]
  edge [
    source 95
    target 17
    key 0
    port 0
    weight 1
    bandwidth 50000000
    traffic "200000"
    reservation "207260.0"
  ]
]
