graph [
  directed 1
  multigraph 1
  GeoLocation "USA"
  GeoExtent "Country"
  Network "Compuserve"
  Provenance "Secondary"
  Note "Compuserve is very complicated and was never much beyond an ISP until WorldCom purchase. Post WorldCom, 'WC did the network, AOL did the ISP and the accountants did the taxes'"
  Source "http://www.nthelp.com/images/compuserve.jpg"
  Version "1.0"
  Type "COM"
  DateType "Current"
  Backbone 0
  Commercial 0
  label "Compuserve"
  ToolsetVersion "0.3.34dev-20120328"
  Customer 1
  IX 0
  SourceGitVersion "e278b1b"
  DateModifier "="
  DateMonth "01"
  LastAccess "14/01/11"
  Access 0
  Layer "IP"
  Creator "Topology Zoo Toolset"
  Developed 1
  Transit 0
  NetworkDate "2011_01"
  DateYear "2011"
  LastProcessed "2011_09_01"
  Testbed 0
  levelsToS 103
  node [
    id 0
    label "0"
    Internal 0
    type "inner"
    schedulingPolicy "WFQ"
    tosToQoSqueue "0,1,2,3,4,5,6,7,8,9,10,11,12,13,14,15,16,17,18,19,20,21,22,23,24,25,26,27,28,29,30,31,32,33,34,35,36,37,38,39,40,41,42,43,44,45,46,47,48,49,50,51,52,53,54,55,56,57,58,59,60,61,62,63,64,65,66,67,68,69,70,71,72,73,74,75,76,77,78,79,80,81,82,83,84,85,86,87,88,89,90,91,92,93,94,95,96,97,98,99,100,101,102"
    schedulingWeights "100"
    levelsQoS 1
    queueSizes "32"
  ]
  node [
    id 1
    label "1"
    Internal 0
    type "inner"
    schedulingPolicy "WFQ"
    tosToQoSqueue "0,1,2,3,4,5,6,7,8,9,10,11,12,13,14,15,16,17,18,19,20,21,22,23,24,25,26,27,28,29,30,31,32,33,34,35,36,37,38,39,40,41,42,43,44,45,46,47,48,49,50,51,52,53,54,55,56,57,58,59,60,61,62,63,64,65,66,67,68,69,70,71,72,73,74,75,76,77,78,79,80,81,82,83,84,85,86,87,88,89,90,91,92,93,94,95,96,97,98,99,100,101,102"
    schedulingWeights "100"
    levelsQoS 1
    queueSizes "32"
  ]
  node [
    id 2
    label "2"
    Country "United States"
    Longitude -77.03637
    Internal 1
    Latitude 38.89511
    type "inner"
    schedulingPolicy "WFQ"
    tosToQoSqueue "22;21,29,52;26,27,43;25,45;23,37,38;36,40;35,39,0,1,2,3,4,5,6,7,8,9,10,11,12,13,14,15,16,17,18,19,20,24,28,30,31,32,33,34,41,42,44,46,47,48,49,50,51,53,54,55,56,57,58,59,60,61,62,63,64,65,66,67,68,69,70,71,72,73,74,75,76,77,78,79,80,81,82,83,84,85,86,87,88,89,90,91,92,93,94,95,96,97,98,99,100,101,102"
    schedulingWeights "0.001,0.001,0.001,0.001,0.001,0.001,99.994;13.479,12.526,14.718,14.328,15.382,1.637,27.93;0.001,25.052,29.436,14.328,30.764,0.001,0.419"
    levelsQoS 7
    queueSizes "32,32,32,32,32,32,32"
  ]
  node [
    id 3
    label "3"
    Internal 0
    type "inner"
    schedulingPolicy "WFQ"
    tosToQoSqueue "0,1,2,3,4,5,6,7,8,9,10,11,12,13,14,15,16,17,18,19,20,21,22,23,24,25,26,27,28,29,30,31,32,33,34,35,36,37,38,39,40,41,42,43,44,45,46,47,48,49,50,51,52,53,54,55,56,57,58,59,60,61,62,63,64,65,66,67,68,69,70,71,72,73,74,75,76,77,78,79,80,81,82,83,84,85,86,87,88,89,90,91,92,93,94,95,96,97,98,99,100,101,102"
    schedulingWeights "100"
    levelsQoS 1
    queueSizes "32"
  ]
  node [
    id 4
    label "4"
    Country "United States"
    Longitude -71.05977
    Internal 1
    Latitude 42.35843
    type "destination_urllc"
    schedulingPolicy "FIFO"
    levelsQoS "1"
    schedulingWeights "-"
    tosToQoSqueue "0,1,2,3,4,5,6,7,8,9,10,11,12,13,14,15,16,17,18,19,20,21,22,23,24,25,26,27,28,29,30,31,32,33,34,35,36,37,38,39,40,41,42,43,44,45,46,47,48,49,50,51,52,53,54,55,56,57,58,59,60,61,62,63,64,65,66,67,68,69,70,71,72,73,74,75,76,77,78,79,80,81,82,83,84,85,86,87,88,89,90,91,92,93,94,95,96,97,98,99,100,101,102"
    queueSizes "32"
  ]
  node [
    id 5
    label "5"
    Country "United States"
    Longitude -74.00597
    Internal 1
    Latitude 40.71427
    type "inner"
    schedulingPolicy "WFQ"
    tosToQoSqueue "29,52;27,43;45;37,38;40;39,0,1,2,3,4,5,6,7,8,9,10,11,12,13,14,15,16,17,18,19,20,21,22,23,24,25,26,28,30,31,32,33,34,35,36,41,42,44,46,47,48,49,50,51,53,54,55,56,57,58,59,60,61,62,63,64,65,66,67,68,69,70,71,72,73,74,75,76,77,78,79,80,81,82,83,84,85,86,87,88,89,90,91,92,93,94,95,96,97,98,99,100,101,102"
    schedulingWeights "0.001,0.001,0.001,0.001,0.819,99.177;25.052,29.436,14.328,30.764,0.001,0.42"
    levelsQoS 6
    queueSizes "32,32,32,32,32,32"
  ]
  node [
    id 6
    label "6"
    Country "United States"
    Longitude -122.33207
    Internal 1
    Latitude 47.60621
    type "destination_embb"
    schedulingPolicy "FIFO"
    levelsQoS "1"
    schedulingWeights "-"
    tosToQoSqueue "0,1,2,3,4,5,6,7,8,9,10,11,12,13,14,15,16,17,18,19,20,21,22,23,24,25,26,27,28,29,30,31,32,33,34,35,36,37,38,39,40,41,42,43,44,45,46,47,48,49,50,51,52,53,54,55,56,57,58,59,60,61,62,63,64,65,66,67,68,69,70,71,72,73,74,75,76,77,78,79,80,81,82,83,84,85,86,87,88,89,90,91,92,93,94,95,96,97,98,99,100,101,102"
    queueSizes "32"
  ]
  node [
    id 7
    label "7"
    Country "United States"
    Longitude -122.41942
    Internal 1
    Latitude 37.77493
    type "inner"
    schedulingPolicy "WFQ"
    tosToQoSqueue "19;20;37;36,40,41,44,47,48,51,53,54,55,56,57,58,60,61,65,66,69,71,73,75,78,79,81,83,84,85,89,90,91,92,94,97,99,101,102;35,39,42,46,49,50,59,62,63,64,67,68,70,72,74,76,77,80,82,86,87,88,93,95,96,98,100;17,0,1,2,3,4,5,6,7,8,9,10,11,12,13,14,15,16,18,21,22,23,24,25,26,27,28,29,30,31,32,33,34,38,43,45,52"
    schedulingWeights "13.479,14.328,0.001,0.001,0.001,72.19;0.001,0.001,15.382,29.474,19.734,35.409;0.001,0.001,0.001,0.001,0.001,99.995"
    levelsQoS 6
    queueSizes "32,32,32,32,32,32"
  ]
  node [
    id 8
    label "8"
    Country "United States"
    Longitude -118.24368
    Internal 1
    Latitude 34.05223
    type "destination_mmtc"
    schedulingPolicy "FIFO"
    levelsQoS "1"
    schedulingWeights "-"
    tosToQoSqueue "0,1,2,3,4,5,6,7,8,9,10,11,12,13,14,15,16,17,18,19,20,21,22,23,24,25,26,27,28,29,30,31,32,33,34,35,36,37,38,39,40,41,42,43,44,45,46,47,48,49,50,51,52,53,54,55,56,57,58,59,60,61,62,63,64,65,66,67,68,69,70,71,72,73,74,75,76,77,78,79,80,81,82,83,84,85,86,87,88,89,90,91,92,93,94,95,96,97,98,99,100,101,102"
    queueSizes "32"
  ]
  node [
    id 9
    label "9"
    Country "United States"
    Longitude -96.80667
    Internal 1
    Latitude 32.78306
    type "inner"
    schedulingPolicy "WFQ"
    tosToQoSqueue "19;20;37;28,31,32,33;24,30,34;17,0,1,2,3,4,5,6,7,8,9,10,11,12,13,14,15,16,18,21,22,23,25,26,27,29,35,36,38,39,40,41,42,43,44,45,46,47,48,49,50,51,52,53,54,55,56,57,58,59,60,61,62,63,64,65,66,67,68,69,70,71,72,73,74,75,76,77,78,79,80,81,82,83,84,85,86,87,88,89,90,91,92,93,94,95,96,97,98,99,100,101,102"
    schedulingWeights "13.479,14.328,0.001,3.275,2.193,66.725;0.001,0.001,0.001,0.001,0.001,99.995;0.001,0.001,15.382,0.001,0.001,84.614"
    levelsQoS 6
    queueSizes "32,32,32,32,32,32"
  ]
  node [
    id 10
    label "10"
    Country "United States"
    Longitude -95.36327
    Internal 1
    Latitude 29.76328
    type "antenna"
    schedulingPolicy "WFQ"
    tosToQoSqueue "19,22;21,29;26,27;20,25;23;28,31,32,33,36;24,30,34,35;17,0,1,2,3,4,5,6,7,8,9,10,11,12,13,14,15,16,18,37,38,39,40,41,42,43,44,45,46,47,48,49,50,51,52,53,54,55,56,57,58,59,60,61,62,63,64,65,66,67,68,69,70,71,72,73,74,75,76,77,78,79,80,81,82,83,84,85,86,87,88,89,90,91,92,93,94,95,96,97,98,99,100,101,102"
    schedulingWeights "13.479,0.001,0.001,14.328,0.001,3.275,2.193,66.723;13.479,25.052,29.436,14.328,15.382,0.819,0.731,0.774;0.001,0.001,0.001,0.001,0.001,0.001,0.001,99.993;0.001,0.001,0.001,0.001,0.001,0.001,0.001,99.993;0.001,0.001,0.001,0.001,0.001,0.001,0.001,99.993;0.001,0.001,0.001,0.001,0.001,0.001,0.001,99.993;0.001,0.001,0.001,0.001,0.001,0.001,0.001,99.993;0.001,0.001,0.001,0.001,0.001,0.001,0.001,99.993;0.001,0.001,0.001,0.001,0.001,0.001,0.001,99.993;0.001,0.001,0.001,0.001,0.001,0.001,0.001,99.993;0.001,0.001,0.001,0.001,0.001,0.001,0.001,99.993;0.001,0.001,0.001,0.001,0.001,0.001,0.001,99.993;0.001,0.001,0.001,0.001,0.001,0.001,0.001,99.993;0.001,0.001,0.001,0.001,0.001,0.001,0.001,99.993;0.001,0.001,0.001,0.001,0.001,0.001,0.001,99.993;0.001,0.001,0.001,0.001,0.001,0.001,0.001,99.993;0.001,0.001,0.001,0.001,0.001,0.001,0.001,99.993;0.001,0.001,0.001,0.001,0.001,0.001,0.001,99.993;0.001,0.001,0.001,0.001,0.001,0.001,0.001,99.993;0.001,0.001,0.001,0.001,0.001,0.001,0.001,99.993;0.001,0.001,0.001,0.001,0.001,0.001,0.001,99.993"
    levelsQoS 8
    queueSizes "32,32,32,32,32,32,32,32"
  ]
  node [
    id 11
    label "11"
    Country "United States"
    Longitude -84.38798
    Internal 1
    Latitude 33.749
    type "inner"
    schedulingPolicy "WFQ"
    tosToQoSqueue "22;21,29;26,27;25;23;36;35,0,1,2,3,4,5,6,7,8,9,10,11,12,13,14,15,16,17,18,19,20,24,28,30,31,32,33,34,37,38,39,40,41,42,43,44,45,46,47,48,49,50,51,52,53,54,55,56,57,58,59,60,61,62,63,64,65,66,67,68,69,70,71,72,73,74,75,76,77,78,79,80,81,82,83,84,85,86,87,88,89,90,91,92,93,94,95,96,97,98,99,100,101,102"
    schedulingWeights "13.479,25.052,29.436,14.328,15.382,0.819,1.505;0.001,0.001,0.001,0.001,0.001,0.001,99.994"
    levelsQoS 7
    queueSizes "32,32,32,32,32,32,32"
  ]
  node [
    id 12
    label "12"
    Country "United States"
    Longitude -82.99879
    Internal 1
    Latitude 39.96118
    type "inner"
    schedulingPolicy "WFQ"
    tosToQoSqueue "22;21,52;26,43;25,45;23,37,38;36,40,47,48,51,53,54,55,56,57,58,60,61,65,66,69,71,73,75,78,79,81,83,84,85,89,90,91,92,94,97,99,101,102;35,39,49,50,59,62,63,64,67,68,70,72,74,76,77,80,82,86,87,88,93,95,96,98,100,0,1,2,3,4,5,6,7,8,9,10,11,12,13,14,15,16,17,18,19,20,24,27,28,29,30,31,32,33,34,41,42,44,46"
    schedulingWeights "0.001,0.001,0.001,0.001,0.001,0.001,99.994;0.001,0.001,0.001,0.001,0.001,0.001,99.994;0.001,12.526,14.718,14.328,30.764,0.001,27.663;0.001,0.001,0.001,0.001,0.001,0.001,99.994;0.001,0.001,0.001,0.001,0.001,27.836,72.159;0.001,0.001,0.001,0.001,0.001,0.001,99.994;13.479,12.526,14.718,14.328,15.382,0.001,29.566"
    levelsQoS 7
    queueSizes "32,32,32,32,32,32,32"
  ]
  node [
    id 13
    label "13"
    Country "United States"
    Longitude -87.65005
    Internal 1
    Latitude 41.85003
    type "antenna"
    schedulingPolicy "WFQ"
    tosToQoSqueue "19,22;21,52;26,43;20,25,45;23,37,38;40,41,44,47,48,51,53,54,55,56,57,58,60,61,65,66,69,71,73,75,78,79,81,83,84,85,89,90,91,92,94,97,99,101,102;39,42,46,49,50,59,62,63,64,67,68,70,72,74,76,77,80,82,86,87,88,93,95,96,98,100;18,0,1,2,3,4,5,6,7,8,9,10,11,12,13,14,15,16,17,24,27,28,29,30,31,32,33,34,35,36"
    schedulingWeights "26.958,12.526,14.718,28.655,15.382,0.819,0.731,0.211;0.001,0.001,0.001,0.001,15.382,1.637,1.462,81.515;0.001,12.526,14.718,14.328,15.382,26.199,16.81,0.036;0.001,0.001,0.001,0.001,0.001,0.001,0.001,99.993;0.001,0.001,0.001,0.001,0.001,0.001,0.001,99.993;0.001,0.001,0.001,0.001,0.001,0.001,0.001,99.993;0.001,0.001,0.001,0.001,0.001,0.001,0.001,99.993;0.001,0.001,0.001,0.001,0.001,0.001,0.001,99.993;0.001,0.001,0.001,0.001,0.001,0.001,0.001,99.993;0.001,0.001,0.001,0.001,0.001,0.001,0.001,99.993;0.001,0.001,0.001,0.001,0.001,0.001,0.001,99.993;0.001,0.001,0.001,0.001,0.001,0.001,0.001,99.993;0.001,0.001,0.001,0.001,0.001,0.001,0.001,99.993;0.001,0.001,0.001,0.001,0.001,0.001,0.001,99.993;0.001,0.001,0.001,0.001,0.001,0.001,0.001,99.993;0.001,0.001,0.001,0.001,0.001,0.001,0.001,99.993;0.001,0.001,0.001,0.001,0.001,0.001,0.001,99.993;0.001,0.001,0.001,0.001,0.001,0.001,0.001,99.993;0.001,0.001,0.001,0.001,0.001,0.001,0.001,99.993;0.001,0.001,0.001,0.001,0.001,0.001,0.001,99.993;0.001,0.001,0.001,0.001,0.001,0.001,0.001,99.993;0.001,0.001,0.001,0.001,0.001,0.001,0.001,99.993;0.001,0.001,0.001,0.001,0.001,0.001,0.001,99.993;0.001,0.001,0.001,0.001,0.001,0.001,0.001,99.993;0.001,0.001,0.001,0.001,0.001,0.001,0.001,99.993;0.001,0.001,0.001,0.001,0.001,0.001,0.001,99.993;0.001,0.001,0.001,0.001,0.001,0.001,0.001,99.993;0.001,0.001,0.001,0.001,0.001,0.001,0.001,99.993;0.001,0.001,0.001,0.001,0.001,0.001,0.001,99.993;0.001,0.001,0.001,0.001,0.001,0.001,0.001,99.993;0.001,0.001,0.001,0.001,0.001,0.001,0.001,99.993;0.001,0.001,0.001,0.001,0.001,0.001,0.001,99.993;0.001,0.001,0.001,0.001,0.001,0.001,0.001,99.993;0.001,0.001,0.001,0.001,0.001,0.001,0.001,99.993;0.001,0.001,0.001,0.001,0.001,0.001,0.001,99.993;0.001,0.001,0.001,0.001,0.001,0.001,0.001,99.993;0.001,0.001,0.001,0.001,0.001,0.001,0.001,99.993;0.001,0.001,0.001,0.001,0.001,0.001,0.001,99.993;0.001,0.001,0.001,0.001,0.001,0.001,0.001,99.993;0.001,0.001,0.001,0.001,0.001,0.001,0.001,99.993;0.001,0.001,0.001,0.001,0.001,0.001,0.001,99.993;0.001,0.001,0.001,0.001,0.001,0.001,0.001,99.993;0.001,0.001,0.001,0.001,0.001,0.001,0.001,99.993;0.001,0.001,0.001,0.001,0.001,0.001,0.001,99.993;0.001,0.001,0.001,0.001,0.001,0.001,0.001,99.993;0.001,0.001,0.001,0.001,0.001,0.001,0.001,99.993;0.001,0.001,0.001,0.001,0.001,0.001,0.001,99.993;0.001,0.001,0.001,0.001,0.001,0.001,0.001,99.993;0.001,0.001,0.001,0.001,0.001,0.001,0.001,99.993;0.001,0.001,0.001,0.001,0.001,0.001,0.001,99.993;0.001,0.001,0.001,0.001,0.001,0.001,0.001,99.993;0.001,0.001,0.001,0.001,0.001,0.001,0.001,99.993;0.001,0.001,0.001,0.001,0.001,0.001,0.001,99.993;0.001,0.001,0.001,0.001,0.001,0.001,0.001,99.993;0.001,0.001,0.001,0.001,0.001,0.001,0.001,99.993;0.001,0.001,0.001,0.001,0.001,0.001,0.001,99.993;0.001,0.001,0.001,0.001,0.001,0.001,0.001,99.993;0.001,0.001,0.001,0.001,0.001,0.001,0.001,99.993;0.001,0.001,0.001,0.001,0.001,0.001,0.001,99.993;0.001,0.001,0.001,0.001,0.001,0.001,0.001,99.993;0.001,0.001,0.001,0.001,0.001,0.001,0.001,99.993;0.001,0.001,0.001,0.001,0.001,0.001,0.001,99.993;0.001,0.001,0.001,0.001,0.001,0.001,0.001,99.993;0.001,0.001,0.001,0.001,0.001,0.001,0.001,99.993;0.001,0.001,0.001,0.001,0.001,0.001,0.001,99.993;0.001,0.001,0.001,0.001,0.001,0.001,0.001,99.993;0.001,0.001,0.001,0.001,0.001,0.001,0.001,99.993;0.001,0.001,0.001,0.001,0.001,0.001,0.001,99.993;0.001,0.001,0.001,0.001,0.001,0.001,0.001,99.993;0.001,0.001,0.001,0.001,0.001,0.001,0.001,99.993"
    levelsQoS 8
    queueSizes "32,32,32,32,32,32,32,32"
  ]
  node [
    id 14
    label "14"
    schedulingPolicy "FIFO"
    levelsQoS "1"
    schedulingWeights "-"
    tosToQoSqueue "0,1,2,3,4,5,6,7,8,9,10,11,12,13,14,15,16,17,18,19,20,21,22,23,24,25,26,27,28,29,30,31,32,33,34,35,36,37,38,39,40,41,42,43,44,45,46,47,48,49,50,51,52,53,54,55,56,57,58,59,60,61,62,63,64,65,66,67,68,69,70,71,72,73,74,75,76,77,78,79,80,81,82,83,84,85,86,87,88,89,90,91,92,93,94,95,96,97,98,99,100,101,102"
    queueSizes "32"
    type "destination_urllc"
  ]
  node [
    id 15
    label "15"
    schedulingPolicy "FIFO"
    levelsQoS "1"
    schedulingWeights "-"
    tosToQoSqueue "0,1,2,3,4,5,6,7,8,9,10,11,12,13,14,15,16,17,18,19,20,21,22,23,24,25,26,27,28,29,30,31,32,33,34,35,36,37,38,39,40,41,42,43,44,45,46,47,48,49,50,51,52,53,54,55,56,57,58,59,60,61,62,63,64,65,66,67,68,69,70,71,72,73,74,75,76,77,78,79,80,81,82,83,84,85,86,87,88,89,90,91,92,93,94,95,96,97,98,99,100,101,102"
    queueSizes "32"
    type "destination_mmtc"
  ]
  node [
    id 16
    label "16"
    schedulingPolicy "FIFO"
    levelsQoS "1"
    schedulingWeights "-"
    tosToQoSqueue "0,1,2,3,4,5,6,7,8,9,10,11,12,13,14,15,16,17,18,19,20,21,22,23,24,25,26,27,28,29,30,31,32,33,34,35,36,37,38,39,40,41,42,43,44,45,46,47,48,49,50,51,52,53,54,55,56,57,58,59,60,61,62,63,64,65,66,67,68,69,70,71,72,73,74,75,76,77,78,79,80,81,82,83,84,85,86,87,88,89,90,91,92,93,94,95,96,97,98,99,100,101,102"
    queueSizes "32"
    type "destination_embb"
  ]
  node [
    id 17
    label "17"
    schedulingPolicy "FIFO"
    levelsQoS "1"
    schedulingWeights "-"
    tosToQoSqueue "0,1,2,3,4,5,6,7,8,9,10,11,12,13,14,15,16,17,18,19,20,21,22,23,24,25,26,27,28,29,30,31,32,33,34,35,36,37,38,39,40,41,42,43,44,45,46,47,48,49,50,51,52,53,54,55,56,57,58,59,60,61,62,63,64,65,66,67,68,69,70,71,72,73,74,75,76,77,78,79,80,81,82,83,84,85,86,87,88,89,90,91,92,93,94,95,96,97,98,99,100,101,102"
    queueSizes "32"
    type "origin_embb"
    reservation 16585200.0
  ]
  node [
    id 18
    label "18"
    schedulingPolicy "FIFO"
    levelsQoS "1"
    schedulingWeights "-"
    tosToQoSqueue "0,1,2,3,4,5,6,7,8,9,10,11,12,13,14,15,16,17,18,19,20,21,22,23,24,25,26,27,28,29,30,31,32,33,34,35,36,37,38,39,40,41,42,43,44,45,46,47,48,49,50,51,52,53,54,55,56,57,58,59,60,61,62,63,64,65,66,67,68,69,70,71,72,73,74,75,76,77,78,79,80,81,82,83,84,85,86,87,88,89,90,91,92,93,94,95,96,97,98,99,100,101,102"
    queueSizes "32"
    type "origin_embb"
    reservation 20365200.0
  ]
  node [
    id 19
    label "19"
    schedulingPolicy "FIFO"
    levelsQoS "1"
    schedulingWeights "-"
    tosToQoSqueue "0,1,2,3,4,5,6,7,8,9,10,11,12,13,14,15,16,17,18,19,20,21,22,23,24,25,26,27,28,29,30,31,32,33,34,35,36,37,38,39,40,41,42,43,44,45,46,47,48,49,50,51,52,53,54,55,56,57,58,59,60,61,62,63,64,65,66,67,68,69,70,71,72,73,74,75,76,77,78,79,80,81,82,83,84,85,86,87,88,89,90,91,92,93,94,95,96,97,98,99,100,101,102"
    queueSizes "32"
    type "origin_urllc"
    reservation 3369800.0
  ]
  node [
    id 20
    label "20"
    schedulingPolicy "FIFO"
    levelsQoS "1"
    schedulingWeights "-"
    tosToQoSqueue "0,1,2,3,4,5,6,7,8,9,10,11,12,13,14,15,16,17,18,19,20,21,22,23,24,25,26,27,28,29,30,31,32,33,34,35,36,37,38,39,40,41,42,43,44,45,46,47,48,49,50,51,52,53,54,55,56,57,58,59,60,61,62,63,64,65,66,67,68,69,70,71,72,73,74,75,76,77,78,79,80,81,82,83,84,85,86,87,88,89,90,91,92,93,94,95,96,97,98,99,100,101,102"
    queueSizes "32"
    type "origin_urllc"
    reservation 3581900.0
  ]
  node [
    id 21
    label "21"
    schedulingPolicy "FIFO"
    levelsQoS "1"
    schedulingWeights "-"
    tosToQoSqueue "0,1,2,3,4,5,6,7,8,9,10,11,12,13,14,15,16,17,18,19,20,21,22,23,24,25,26,27,28,29,30,31,32,33,34,35,36,37,38,39,40,41,42,43,44,45,46,47,48,49,50,51,52,53,54,55,56,57,58,59,60,61,62,63,64,65,66,67,68,69,70,71,72,73,74,75,76,77,78,79,80,81,82,83,84,85,86,87,88,89,90,91,92,93,94,95,96,97,98,99,100,101,102"
    queueSizes "32"
    type "origin_urllc"
    reservation 3131450.0
  ]
  node [
    id 22
    label "22"
    schedulingPolicy "FIFO"
    levelsQoS "1"
    schedulingWeights "-"
    tosToQoSqueue "0,1,2,3,4,5,6,7,8,9,10,11,12,13,14,15,16,17,18,19,20,21,22,23,24,25,26,27,28,29,30,31,32,33,34,35,36,37,38,39,40,41,42,43,44,45,46,47,48,49,50,51,52,53,54,55,56,57,58,59,60,61,62,63,64,65,66,67,68,69,70,71,72,73,74,75,76,77,78,79,80,81,82,83,84,85,86,87,88,89,90,91,92,93,94,95,96,97,98,99,100,101,102"
    queueSizes "32"
    type "origin_urllc"
    reservation 3369800.0
  ]
  node [
    id 23
    label "23"
    schedulingPolicy "FIFO"
    levelsQoS "1"
    schedulingWeights "-"
    tosToQoSqueue "0,1,2,3,4,5,6,7,8,9,10,11,12,13,14,15,16,17,18,19,20,21,22,23,24,25,26,27,28,29,30,31,32,33,34,35,36,37,38,39,40,41,42,43,44,45,46,47,48,49,50,51,52,53,54,55,56,57,58,59,60,61,62,63,64,65,66,67,68,69,70,71,72,73,74,75,76,77,78,79,80,81,82,83,84,85,86,87,88,89,90,91,92,93,94,95,96,97,98,99,100,101,102"
    queueSizes "32"
    type "origin_urllc"
    reservation 3845450.0
  ]
  node [
    id 24
    label "24"
    schedulingPolicy "FIFO"
    levelsQoS "1"
    schedulingWeights "-"
    tosToQoSqueue "0,1,2,3,4,5,6,7,8,9,10,11,12,13,14,15,16,17,18,19,20,21,22,23,24,25,26,27,28,29,30,31,32,33,34,35,36,37,38,39,40,41,42,43,44,45,46,47,48,49,50,51,52,53,54,55,56,57,58,59,60,61,62,63,64,65,66,67,68,69,70,71,72,73,74,75,76,77,78,79,80,81,82,83,84,85,86,87,88,89,90,91,92,93,94,95,96,97,98,99,100,101,102"
    queueSizes "32"
    type "origin_mmtc"
    reservation 182720.0
  ]
  node [
    id 25
    label "25"
    schedulingPolicy "FIFO"
    levelsQoS "1"
    schedulingWeights "-"
    tosToQoSqueue "0,1,2,3,4,5,6,7,8,9,10,11,12,13,14,15,16,17,18,19,20,21,22,23,24,25,26,27,28,29,30,31,32,33,34,35,36,37,38,39,40,41,42,43,44,45,46,47,48,49,50,51,52,53,54,55,56,57,58,59,60,61,62,63,64,65,66,67,68,69,70,71,72,73,74,75,76,77,78,79,80,81,82,83,84,85,86,87,88,89,90,91,92,93,94,95,96,97,98,99,100,101,102"
    queueSizes "32"
    type "origin_urllc"
    reservation 3581900.0
  ]
  node [
    id 26
    label "26"
    schedulingPolicy "FIFO"
    levelsQoS "1"
    schedulingWeights "-"
    tosToQoSqueue "0,1,2,3,4,5,6,7,8,9,10,11,12,13,14,15,16,17,18,19,20,21,22,23,24,25,26,27,28,29,30,31,32,33,34,35,36,37,38,39,40,41,42,43,44,45,46,47,48,49,50,51,52,53,54,55,56,57,58,59,60,61,62,63,64,65,66,67,68,69,70,71,72,73,74,75,76,77,78,79,80,81,82,83,84,85,86,87,88,89,90,91,92,93,94,95,96,97,98,99,100,101,102"
    queueSizes "32"
    type "origin_urllc"
    reservation 3679550.0
  ]
  node [
    id 27
    label "27"
    schedulingPolicy "FIFO"
    levelsQoS "1"
    schedulingWeights "-"
    tosToQoSqueue "0,1,2,3,4,5,6,7,8,9,10,11,12,13,14,15,16,17,18,19,20,21,22,23,24,25,26,27,28,29,30,31,32,33,34,35,36,37,38,39,40,41,42,43,44,45,46,47,48,49,50,51,52,53,54,55,56,57,58,59,60,61,62,63,64,65,66,67,68,69,70,71,72,73,74,75,76,77,78,79,80,81,82,83,84,85,86,87,88,89,90,91,92,93,94,95,96,97,98,99,100,101,102"
    queueSizes "32"
    type "origin_urllc"
    reservation 3679550.0
  ]
  node [
    id 28
    label "28"
    schedulingPolicy "FIFO"
    levelsQoS "1"
    schedulingWeights "-"
    tosToQoSqueue "0,1,2,3,4,5,6,7,8,9,10,11,12,13,14,15,16,17,18,19,20,21,22,23,24,25,26,27,28,29,30,31,32,33,34,35,36,37,38,39,40,41,42,43,44,45,46,47,48,49,50,51,52,53,54,55,56,57,58,59,60,61,62,63,64,65,66,67,68,69,70,71,72,73,74,75,76,77,78,79,80,81,82,83,84,85,86,87,88,89,90,91,92,93,94,95,96,97,98,99,100,101,102"
    queueSizes "32"
    type "origin_mmtc"
    reservation 204680.0
  ]
  node [
    id 29
    label "29"
    schedulingPolicy "FIFO"
    levelsQoS "1"
    schedulingWeights "-"
    tosToQoSqueue "0,1,2,3,4,5,6,7,8,9,10,11,12,13,14,15,16,17,18,19,20,21,22,23,24,25,26,27,28,29,30,31,32,33,34,35,36,37,38,39,40,41,42,43,44,45,46,47,48,49,50,51,52,53,54,55,56,57,58,59,60,61,62,63,64,65,66,67,68,69,70,71,72,73,74,75,76,77,78,79,80,81,82,83,84,85,86,87,88,89,90,91,92,93,94,95,96,97,98,99,100,101,102"
    queueSizes "32"
    type "origin_urllc"
    reservation 3131450.0
  ]
  node [
    id 30
    label "30"
    schedulingPolicy "FIFO"
    levelsQoS "1"
    schedulingWeights "-"
    tosToQoSqueue "0,1,2,3,4,5,6,7,8,9,10,11,12,13,14,15,16,17,18,19,20,21,22,23,24,25,26,27,28,29,30,31,32,33,34,35,36,37,38,39,40,41,42,43,44,45,46,47,48,49,50,51,52,53,54,55,56,57,58,59,60,61,62,63,64,65,66,67,68,69,70,71,72,73,74,75,76,77,78,79,80,81,82,83,84,85,86,87,88,89,90,91,92,93,94,95,96,97,98,99,100,101,102"
    queueSizes "32"
    type "origin_mmtc"
    reservation 182720.0
  ]
  node [
    id 31
    label "31"
    schedulingPolicy "FIFO"
    levelsQoS "1"
    schedulingWeights "-"
    tosToQoSqueue "0,1,2,3,4,5,6,7,8,9,10,11,12,13,14,15,16,17,18,19,20,21,22,23,24,25,26,27,28,29,30,31,32,33,34,35,36,37,38,39,40,41,42,43,44,45,46,47,48,49,50,51,52,53,54,55,56,57,58,59,60,61,62,63,64,65,66,67,68,69,70,71,72,73,74,75,76,77,78,79,80,81,82,83,84,85,86,87,88,89,90,91,92,93,94,95,96,97,98,99,100,101,102"
    queueSizes "32"
    type "origin_mmtc"
    reservation 204680.0
  ]
  node [
    id 32
    label "32"
    schedulingPolicy "FIFO"
    levelsQoS "1"
    schedulingWeights "-"
    tosToQoSqueue "0,1,2,3,4,5,6,7,8,9,10,11,12,13,14,15,16,17,18,19,20,21,22,23,24,25,26,27,28,29,30,31,32,33,34,35,36,37,38,39,40,41,42,43,44,45,46,47,48,49,50,51,52,53,54,55,56,57,58,59,60,61,62,63,64,65,66,67,68,69,70,71,72,73,74,75,76,77,78,79,80,81,82,83,84,85,86,87,88,89,90,91,92,93,94,95,96,97,98,99,100,101,102"
    queueSizes "32"
    type "origin_mmtc"
    reservation 204680.0
  ]
  node [
    id 33
    label "33"
    schedulingPolicy "FIFO"
    levelsQoS "1"
    schedulingWeights "-"
    tosToQoSqueue "0,1,2,3,4,5,6,7,8,9,10,11,12,13,14,15,16,17,18,19,20,21,22,23,24,25,26,27,28,29,30,31,32,33,34,35,36,37,38,39,40,41,42,43,44,45,46,47,48,49,50,51,52,53,54,55,56,57,58,59,60,61,62,63,64,65,66,67,68,69,70,71,72,73,74,75,76,77,78,79,80,81,82,83,84,85,86,87,88,89,90,91,92,93,94,95,96,97,98,99,100,101,102"
    queueSizes "32"
    type "origin_mmtc"
    reservation 204680.0
  ]
  node [
    id 34
    label "34"
    schedulingPolicy "FIFO"
    levelsQoS "1"
    schedulingWeights "-"
    tosToQoSqueue "0,1,2,3,4,5,6,7,8,9,10,11,12,13,14,15,16,17,18,19,20,21,22,23,24,25,26,27,28,29,30,31,32,33,34,35,36,37,38,39,40,41,42,43,44,45,46,47,48,49,50,51,52,53,54,55,56,57,58,59,60,61,62,63,64,65,66,67,68,69,70,71,72,73,74,75,76,77,78,79,80,81,82,83,84,85,86,87,88,89,90,91,92,93,94,95,96,97,98,99,100,101,102"
    queueSizes "32"
    type "origin_mmtc"
    reservation 182720.0
  ]
  node [
    id 35
    label "35"
    schedulingPolicy "FIFO"
    levelsQoS "1"
    schedulingWeights "-"
    tosToQoSqueue "0,1,2,3,4,5,6,7,8,9,10,11,12,13,14,15,16,17,18,19,20,21,22,23,24,25,26,27,28,29,30,31,32,33,34,35,36,37,38,39,40,41,42,43,44,45,46,47,48,49,50,51,52,53,54,55,56,57,58,59,60,61,62,63,64,65,66,67,68,69,70,71,72,73,74,75,76,77,78,79,80,81,82,83,84,85,86,87,88,89,90,91,92,93,94,95,96,97,98,99,100,101,102"
    queueSizes "32"
    type "origin_mmtc"
    reservation 182720.0
  ]
  node [
    id 36
    label "36"
    schedulingPolicy "FIFO"
    levelsQoS "1"
    schedulingWeights "-"
    tosToQoSqueue "0,1,2,3,4,5,6,7,8,9,10,11,12,13,14,15,16,17,18,19,20,21,22,23,24,25,26,27,28,29,30,31,32,33,34,35,36,37,38,39,40,41,42,43,44,45,46,47,48,49,50,51,52,53,54,55,56,57,58,59,60,61,62,63,64,65,66,67,68,69,70,71,72,73,74,75,76,77,78,79,80,81,82,83,84,85,86,87,88,89,90,91,92,93,94,95,96,97,98,99,100,101,102"
    queueSizes "32"
    type "origin_mmtc"
    reservation 204680.0
  ]
  node [
    id 37
    label "37"
    schedulingPolicy "FIFO"
    levelsQoS "1"
    schedulingWeights "-"
    tosToQoSqueue "0,1,2,3,4,5,6,7,8,9,10,11,12,13,14,15,16,17,18,19,20,21,22,23,24,25,26,27,28,29,30,31,32,33,34,35,36,37,38,39,40,41,42,43,44,45,46,47,48,49,50,51,52,53,54,55,56,57,58,59,60,61,62,63,64,65,66,67,68,69,70,71,72,73,74,75,76,77,78,79,80,81,82,83,84,85,86,87,88,89,90,91,92,93,94,95,96,97,98,99,100,101,102"
    queueSizes "32"
    type "origin_urllc"
    reservation 3845450.0
  ]
  node [
    id 38
    label "38"
    schedulingPolicy "FIFO"
    levelsQoS "1"
    schedulingWeights "-"
    tosToQoSqueue "0,1,2,3,4,5,6,7,8,9,10,11,12,13,14,15,16,17,18,19,20,21,22,23,24,25,26,27,28,29,30,31,32,33,34,35,36,37,38,39,40,41,42,43,44,45,46,47,48,49,50,51,52,53,54,55,56,57,58,59,60,61,62,63,64,65,66,67,68,69,70,71,72,73,74,75,76,77,78,79,80,81,82,83,84,85,86,87,88,89,90,91,92,93,94,95,96,97,98,99,100,101,102"
    queueSizes "32"
    type "origin_urllc"
    reservation 3845450.0
  ]
  node [
    id 39
    label "39"
    schedulingPolicy "FIFO"
    levelsQoS "1"
    schedulingWeights "-"
    tosToQoSqueue "0,1,2,3,4,5,6,7,8,9,10,11,12,13,14,15,16,17,18,19,20,21,22,23,24,25,26,27,28,29,30,31,32,33,34,35,36,37,38,39,40,41,42,43,44,45,46,47,48,49,50,51,52,53,54,55,56,57,58,59,60,61,62,63,64,65,66,67,68,69,70,71,72,73,74,75,76,77,78,79,80,81,82,83,84,85,86,87,88,89,90,91,92,93,94,95,96,97,98,99,100,101,102"
    queueSizes "32"
    type "origin_mmtc"
    reservation 182720.0
  ]
  node [
    id 40
    label "40"
    schedulingPolicy "FIFO"
    levelsQoS "1"
    schedulingWeights "-"
    tosToQoSqueue "0,1,2,3,4,5,6,7,8,9,10,11,12,13,14,15,16,17,18,19,20,21,22,23,24,25,26,27,28,29,30,31,32,33,34,35,36,37,38,39,40,41,42,43,44,45,46,47,48,49,50,51,52,53,54,55,56,57,58,59,60,61,62,63,64,65,66,67,68,69,70,71,72,73,74,75,76,77,78,79,80,81,82,83,84,85,86,87,88,89,90,91,92,93,94,95,96,97,98,99,100,101,102"
    queueSizes "32"
    type "origin_mmtc"
    reservation 204680.0
  ]
  node [
    id 41
    label "41"
    schedulingPolicy "FIFO"
    levelsQoS "1"
    schedulingWeights "-"
    tosToQoSqueue "0,1,2,3,4,5,6,7,8,9,10,11,12,13,14,15,16,17,18,19,20,21,22,23,24,25,26,27,28,29,30,31,32,33,34,35,36,37,38,39,40,41,42,43,44,45,46,47,48,49,50,51,52,53,54,55,56,57,58,59,60,61,62,63,64,65,66,67,68,69,70,71,72,73,74,75,76,77,78,79,80,81,82,83,84,85,86,87,88,89,90,91,92,93,94,95,96,97,98,99,100,101,102"
    queueSizes "32"
    type "origin_mmtc"
    reservation 204680.0
  ]
  node [
    id 42
    label "42"
    schedulingPolicy "FIFO"
    levelsQoS "1"
    schedulingWeights "-"
    tosToQoSqueue "0,1,2,3,4,5,6,7,8,9,10,11,12,13,14,15,16,17,18,19,20,21,22,23,24,25,26,27,28,29,30,31,32,33,34,35,36,37,38,39,40,41,42,43,44,45,46,47,48,49,50,51,52,53,54,55,56,57,58,59,60,61,62,63,64,65,66,67,68,69,70,71,72,73,74,75,76,77,78,79,80,81,82,83,84,85,86,87,88,89,90,91,92,93,94,95,96,97,98,99,100,101,102"
    queueSizes "32"
    type "origin_mmtc"
    reservation 182720.0
  ]
  node [
    id 43
    label "43"
    schedulingPolicy "FIFO"
    levelsQoS "1"
    schedulingWeights "-"
    tosToQoSqueue "0,1,2,3,4,5,6,7,8,9,10,11,12,13,14,15,16,17,18,19,20,21,22,23,24,25,26,27,28,29,30,31,32,33,34,35,36,37,38,39,40,41,42,43,44,45,46,47,48,49,50,51,52,53,54,55,56,57,58,59,60,61,62,63,64,65,66,67,68,69,70,71,72,73,74,75,76,77,78,79,80,81,82,83,84,85,86,87,88,89,90,91,92,93,94,95,96,97,98,99,100,101,102"
    queueSizes "32"
    type "origin_urllc"
    reservation 3679550.0
  ]
  node [
    id 44
    label "44"
    schedulingPolicy "FIFO"
    levelsQoS "1"
    schedulingWeights "-"
    tosToQoSqueue "0,1,2,3,4,5,6,7,8,9,10,11,12,13,14,15,16,17,18,19,20,21,22,23,24,25,26,27,28,29,30,31,32,33,34,35,36,37,38,39,40,41,42,43,44,45,46,47,48,49,50,51,52,53,54,55,56,57,58,59,60,61,62,63,64,65,66,67,68,69,70,71,72,73,74,75,76,77,78,79,80,81,82,83,84,85,86,87,88,89,90,91,92,93,94,95,96,97,98,99,100,101,102"
    queueSizes "32"
    type "origin_mmtc"
    reservation 204680.0
  ]
  node [
    id 45
    label "45"
    schedulingPolicy "FIFO"
    levelsQoS "1"
    schedulingWeights "-"
    tosToQoSqueue "0,1,2,3,4,5,6,7,8,9,10,11,12,13,14,15,16,17,18,19,20,21,22,23,24,25,26,27,28,29,30,31,32,33,34,35,36,37,38,39,40,41,42,43,44,45,46,47,48,49,50,51,52,53,54,55,56,57,58,59,60,61,62,63,64,65,66,67,68,69,70,71,72,73,74,75,76,77,78,79,80,81,82,83,84,85,86,87,88,89,90,91,92,93,94,95,96,97,98,99,100,101,102"
    queueSizes "32"
    type "origin_urllc"
    reservation 3581900.0
  ]
  node [
    id 46
    label "46"
    schedulingPolicy "FIFO"
    levelsQoS "1"
    schedulingWeights "-"
    tosToQoSqueue "0,1,2,3,4,5,6,7,8,9,10,11,12,13,14,15,16,17,18,19,20,21,22,23,24,25,26,27,28,29,30,31,32,33,34,35,36,37,38,39,40,41,42,43,44,45,46,47,48,49,50,51,52,53,54,55,56,57,58,59,60,61,62,63,64,65,66,67,68,69,70,71,72,73,74,75,76,77,78,79,80,81,82,83,84,85,86,87,88,89,90,91,92,93,94,95,96,97,98,99,100,101,102"
    queueSizes "32"
    type "origin_mmtc"
    reservation 182720.0
  ]
  node [
    id 47
    label "47"
    schedulingPolicy "FIFO"
    levelsQoS "1"
    schedulingWeights "-"
    tosToQoSqueue "0,1,2,3,4,5,6,7,8,9,10,11,12,13,14,15,16,17,18,19,20,21,22,23,24,25,26,27,28,29,30,31,32,33,34,35,36,37,38,39,40,41,42,43,44,45,46,47,48,49,50,51,52,53,54,55,56,57,58,59,60,61,62,63,64,65,66,67,68,69,70,71,72,73,74,75,76,77,78,79,80,81,82,83,84,85,86,87,88,89,90,91,92,93,94,95,96,97,98,99,100,101,102"
    queueSizes "32"
    type "origin_mmtc"
    reservation 204680.0
  ]
  node [
    id 48
    label "48"
    schedulingPolicy "FIFO"
    levelsQoS "1"
    schedulingWeights "-"
    tosToQoSqueue "0,1,2,3,4,5,6,7,8,9,10,11,12,13,14,15,16,17,18,19,20,21,22,23,24,25,26,27,28,29,30,31,32,33,34,35,36,37,38,39,40,41,42,43,44,45,46,47,48,49,50,51,52,53,54,55,56,57,58,59,60,61,62,63,64,65,66,67,68,69,70,71,72,73,74,75,76,77,78,79,80,81,82,83,84,85,86,87,88,89,90,91,92,93,94,95,96,97,98,99,100,101,102"
    queueSizes "32"
    type "origin_mmtc"
    reservation 204680.0
  ]
  node [
    id 49
    label "49"
    schedulingPolicy "FIFO"
    levelsQoS "1"
    schedulingWeights "-"
    tosToQoSqueue "0,1,2,3,4,5,6,7,8,9,10,11,12,13,14,15,16,17,18,19,20,21,22,23,24,25,26,27,28,29,30,31,32,33,34,35,36,37,38,39,40,41,42,43,44,45,46,47,48,49,50,51,52,53,54,55,56,57,58,59,60,61,62,63,64,65,66,67,68,69,70,71,72,73,74,75,76,77,78,79,80,81,82,83,84,85,86,87,88,89,90,91,92,93,94,95,96,97,98,99,100,101,102"
    queueSizes "32"
    type "origin_mmtc"
    reservation 182720.0
  ]
  node [
    id 50
    label "50"
    schedulingPolicy "FIFO"
    levelsQoS "1"
    schedulingWeights "-"
    tosToQoSqueue "0,1,2,3,4,5,6,7,8,9,10,11,12,13,14,15,16,17,18,19,20,21,22,23,24,25,26,27,28,29,30,31,32,33,34,35,36,37,38,39,40,41,42,43,44,45,46,47,48,49,50,51,52,53,54,55,56,57,58,59,60,61,62,63,64,65,66,67,68,69,70,71,72,73,74,75,76,77,78,79,80,81,82,83,84,85,86,87,88,89,90,91,92,93,94,95,96,97,98,99,100,101,102"
    queueSizes "32"
    type "origin_mmtc"
    reservation 182720.0
  ]
  node [
    id 51
    label "51"
    schedulingPolicy "FIFO"
    levelsQoS "1"
    schedulingWeights "-"
    tosToQoSqueue "0,1,2,3,4,5,6,7,8,9,10,11,12,13,14,15,16,17,18,19,20,21,22,23,24,25,26,27,28,29,30,31,32,33,34,35,36,37,38,39,40,41,42,43,44,45,46,47,48,49,50,51,52,53,54,55,56,57,58,59,60,61,62,63,64,65,66,67,68,69,70,71,72,73,74,75,76,77,78,79,80,81,82,83,84,85,86,87,88,89,90,91,92,93,94,95,96,97,98,99,100,101,102"
    queueSizes "32"
    type "origin_mmtc"
    reservation 204680.0
  ]
  node [
    id 52
    label "52"
    schedulingPolicy "FIFO"
    levelsQoS "1"
    schedulingWeights "-"
    tosToQoSqueue "0,1,2,3,4,5,6,7,8,9,10,11,12,13,14,15,16,17,18,19,20,21,22,23,24,25,26,27,28,29,30,31,32,33,34,35,36,37,38,39,40,41,42,43,44,45,46,47,48,49,50,51,52,53,54,55,56,57,58,59,60,61,62,63,64,65,66,67,68,69,70,71,72,73,74,75,76,77,78,79,80,81,82,83,84,85,86,87,88,89,90,91,92,93,94,95,96,97,98,99,100,101,102"
    queueSizes "32"
    type "origin_urllc"
    reservation 3131450.0
  ]
  node [
    id 53
    label "53"
    schedulingPolicy "FIFO"
    levelsQoS "1"
    schedulingWeights "-"
    tosToQoSqueue "0,1,2,3,4,5,6,7,8,9,10,11,12,13,14,15,16,17,18,19,20,21,22,23,24,25,26,27,28,29,30,31,32,33,34,35,36,37,38,39,40,41,42,43,44,45,46,47,48,49,50,51,52,53,54,55,56,57,58,59,60,61,62,63,64,65,66,67,68,69,70,71,72,73,74,75,76,77,78,79,80,81,82,83,84,85,86,87,88,89,90,91,92,93,94,95,96,97,98,99,100,101,102"
    queueSizes "32"
    type "origin_mmtc"
    reservation 204680.0
  ]
  node [
    id 54
    label "54"
    schedulingPolicy "FIFO"
    levelsQoS "1"
    schedulingWeights "-"
    tosToQoSqueue "0,1,2,3,4,5,6,7,8,9,10,11,12,13,14,15,16,17,18,19,20,21,22,23,24,25,26,27,28,29,30,31,32,33,34,35,36,37,38,39,40,41,42,43,44,45,46,47,48,49,50,51,52,53,54,55,56,57,58,59,60,61,62,63,64,65,66,67,68,69,70,71,72,73,74,75,76,77,78,79,80,81,82,83,84,85,86,87,88,89,90,91,92,93,94,95,96,97,98,99,100,101,102"
    queueSizes "32"
    type "origin_mmtc"
    reservation 204680.0
  ]
  node [
    id 55
    label "55"
    schedulingPolicy "FIFO"
    levelsQoS "1"
    schedulingWeights "-"
    tosToQoSqueue "0,1,2,3,4,5,6,7,8,9,10,11,12,13,14,15,16,17,18,19,20,21,22,23,24,25,26,27,28,29,30,31,32,33,34,35,36,37,38,39,40,41,42,43,44,45,46,47,48,49,50,51,52,53,54,55,56,57,58,59,60,61,62,63,64,65,66,67,68,69,70,71,72,73,74,75,76,77,78,79,80,81,82,83,84,85,86,87,88,89,90,91,92,93,94,95,96,97,98,99,100,101,102"
    queueSizes "32"
    type "origin_mmtc"
    reservation 204680.0
  ]
  node [
    id 56
    label "56"
    schedulingPolicy "FIFO"
    levelsQoS "1"
    schedulingWeights "-"
    tosToQoSqueue "0,1,2,3,4,5,6,7,8,9,10,11,12,13,14,15,16,17,18,19,20,21,22,23,24,25,26,27,28,29,30,31,32,33,34,35,36,37,38,39,40,41,42,43,44,45,46,47,48,49,50,51,52,53,54,55,56,57,58,59,60,61,62,63,64,65,66,67,68,69,70,71,72,73,74,75,76,77,78,79,80,81,82,83,84,85,86,87,88,89,90,91,92,93,94,95,96,97,98,99,100,101,102"
    queueSizes "32"
    type "origin_mmtc"
    reservation 204680.0
  ]
  node [
    id 57
    label "57"
    schedulingPolicy "FIFO"
    levelsQoS "1"
    schedulingWeights "-"
    tosToQoSqueue "0,1,2,3,4,5,6,7,8,9,10,11,12,13,14,15,16,17,18,19,20,21,22,23,24,25,26,27,28,29,30,31,32,33,34,35,36,37,38,39,40,41,42,43,44,45,46,47,48,49,50,51,52,53,54,55,56,57,58,59,60,61,62,63,64,65,66,67,68,69,70,71,72,73,74,75,76,77,78,79,80,81,82,83,84,85,86,87,88,89,90,91,92,93,94,95,96,97,98,99,100,101,102"
    queueSizes "32"
    type "origin_mmtc"
    reservation 204680.0
  ]
  node [
    id 58
    label "58"
    schedulingPolicy "FIFO"
    levelsQoS "1"
    schedulingWeights "-"
    tosToQoSqueue "0,1,2,3,4,5,6,7,8,9,10,11,12,13,14,15,16,17,18,19,20,21,22,23,24,25,26,27,28,29,30,31,32,33,34,35,36,37,38,39,40,41,42,43,44,45,46,47,48,49,50,51,52,53,54,55,56,57,58,59,60,61,62,63,64,65,66,67,68,69,70,71,72,73,74,75,76,77,78,79,80,81,82,83,84,85,86,87,88,89,90,91,92,93,94,95,96,97,98,99,100,101,102"
    queueSizes "32"
    type "origin_mmtc"
    reservation 204680.0
  ]
  node [
    id 59
    label "59"
    schedulingPolicy "FIFO"
    levelsQoS "1"
    schedulingWeights "-"
    tosToQoSqueue "0,1,2,3,4,5,6,7,8,9,10,11,12,13,14,15,16,17,18,19,20,21,22,23,24,25,26,27,28,29,30,31,32,33,34,35,36,37,38,39,40,41,42,43,44,45,46,47,48,49,50,51,52,53,54,55,56,57,58,59,60,61,62,63,64,65,66,67,68,69,70,71,72,73,74,75,76,77,78,79,80,81,82,83,84,85,86,87,88,89,90,91,92,93,94,95,96,97,98,99,100,101,102"
    queueSizes "32"
    type "origin_mmtc"
    reservation 182720.0
  ]
  node [
    id 60
    label "60"
    schedulingPolicy "FIFO"
    levelsQoS "1"
    schedulingWeights "-"
    tosToQoSqueue "0,1,2,3,4,5,6,7,8,9,10,11,12,13,14,15,16,17,18,19,20,21,22,23,24,25,26,27,28,29,30,31,32,33,34,35,36,37,38,39,40,41,42,43,44,45,46,47,48,49,50,51,52,53,54,55,56,57,58,59,60,61,62,63,64,65,66,67,68,69,70,71,72,73,74,75,76,77,78,79,80,81,82,83,84,85,86,87,88,89,90,91,92,93,94,95,96,97,98,99,100,101,102"
    queueSizes "32"
    type "origin_mmtc"
    reservation 204680.0
  ]
  node [
    id 61
    label "61"
    schedulingPolicy "FIFO"
    levelsQoS "1"
    schedulingWeights "-"
    tosToQoSqueue "0,1,2,3,4,5,6,7,8,9,10,11,12,13,14,15,16,17,18,19,20,21,22,23,24,25,26,27,28,29,30,31,32,33,34,35,36,37,38,39,40,41,42,43,44,45,46,47,48,49,50,51,52,53,54,55,56,57,58,59,60,61,62,63,64,65,66,67,68,69,70,71,72,73,74,75,76,77,78,79,80,81,82,83,84,85,86,87,88,89,90,91,92,93,94,95,96,97,98,99,100,101,102"
    queueSizes "32"
    type "origin_mmtc"
    reservation 204680.0
  ]
  node [
    id 62
    label "62"
    schedulingPolicy "FIFO"
    levelsQoS "1"
    schedulingWeights "-"
    tosToQoSqueue "0,1,2,3,4,5,6,7,8,9,10,11,12,13,14,15,16,17,18,19,20,21,22,23,24,25,26,27,28,29,30,31,32,33,34,35,36,37,38,39,40,41,42,43,44,45,46,47,48,49,50,51,52,53,54,55,56,57,58,59,60,61,62,63,64,65,66,67,68,69,70,71,72,73,74,75,76,77,78,79,80,81,82,83,84,85,86,87,88,89,90,91,92,93,94,95,96,97,98,99,100,101,102"
    queueSizes "32"
    type "origin_mmtc"
    reservation 182720.0
  ]
  node [
    id 63
    label "63"
    schedulingPolicy "FIFO"
    levelsQoS "1"
    schedulingWeights "-"
    tosToQoSqueue "0,1,2,3,4,5,6,7,8,9,10,11,12,13,14,15,16,17,18,19,20,21,22,23,24,25,26,27,28,29,30,31,32,33,34,35,36,37,38,39,40,41,42,43,44,45,46,47,48,49,50,51,52,53,54,55,56,57,58,59,60,61,62,63,64,65,66,67,68,69,70,71,72,73,74,75,76,77,78,79,80,81,82,83,84,85,86,87,88,89,90,91,92,93,94,95,96,97,98,99,100,101,102"
    queueSizes "32"
    type "origin_mmtc"
    reservation 182720.0
  ]
  node [
    id 64
    label "64"
    schedulingPolicy "FIFO"
    levelsQoS "1"
    schedulingWeights "-"
    tosToQoSqueue "0,1,2,3,4,5,6,7,8,9,10,11,12,13,14,15,16,17,18,19,20,21,22,23,24,25,26,27,28,29,30,31,32,33,34,35,36,37,38,39,40,41,42,43,44,45,46,47,48,49,50,51,52,53,54,55,56,57,58,59,60,61,62,63,64,65,66,67,68,69,70,71,72,73,74,75,76,77,78,79,80,81,82,83,84,85,86,87,88,89,90,91,92,93,94,95,96,97,98,99,100,101,102"
    queueSizes "32"
    type "origin_mmtc"
    reservation 182720.0
  ]
  node [
    id 65
    label "65"
    schedulingPolicy "FIFO"
    levelsQoS "1"
    schedulingWeights "-"
    tosToQoSqueue "0,1,2,3,4,5,6,7,8,9,10,11,12,13,14,15,16,17,18,19,20,21,22,23,24,25,26,27,28,29,30,31,32,33,34,35,36,37,38,39,40,41,42,43,44,45,46,47,48,49,50,51,52,53,54,55,56,57,58,59,60,61,62,63,64,65,66,67,68,69,70,71,72,73,74,75,76,77,78,79,80,81,82,83,84,85,86,87,88,89,90,91,92,93,94,95,96,97,98,99,100,101,102"
    queueSizes "32"
    type "origin_mmtc"
    reservation 204680.0
  ]
  node [
    id 66
    label "66"
    schedulingPolicy "FIFO"
    levelsQoS "1"
    schedulingWeights "-"
    tosToQoSqueue "0,1,2,3,4,5,6,7,8,9,10,11,12,13,14,15,16,17,18,19,20,21,22,23,24,25,26,27,28,29,30,31,32,33,34,35,36,37,38,39,40,41,42,43,44,45,46,47,48,49,50,51,52,53,54,55,56,57,58,59,60,61,62,63,64,65,66,67,68,69,70,71,72,73,74,75,76,77,78,79,80,81,82,83,84,85,86,87,88,89,90,91,92,93,94,95,96,97,98,99,100,101,102"
    queueSizes "32"
    type "origin_mmtc"
    reservation 204680.0
  ]
  node [
    id 67
    label "67"
    schedulingPolicy "FIFO"
    levelsQoS "1"
    schedulingWeights "-"
    tosToQoSqueue "0,1,2,3,4,5,6,7,8,9,10,11,12,13,14,15,16,17,18,19,20,21,22,23,24,25,26,27,28,29,30,31,32,33,34,35,36,37,38,39,40,41,42,43,44,45,46,47,48,49,50,51,52,53,54,55,56,57,58,59,60,61,62,63,64,65,66,67,68,69,70,71,72,73,74,75,76,77,78,79,80,81,82,83,84,85,86,87,88,89,90,91,92,93,94,95,96,97,98,99,100,101,102"
    queueSizes "32"
    type "origin_mmtc"
    reservation 182720.0
  ]
  node [
    id 68
    label "68"
    schedulingPolicy "FIFO"
    levelsQoS "1"
    schedulingWeights "-"
    tosToQoSqueue "0,1,2,3,4,5,6,7,8,9,10,11,12,13,14,15,16,17,18,19,20,21,22,23,24,25,26,27,28,29,30,31,32,33,34,35,36,37,38,39,40,41,42,43,44,45,46,47,48,49,50,51,52,53,54,55,56,57,58,59,60,61,62,63,64,65,66,67,68,69,70,71,72,73,74,75,76,77,78,79,80,81,82,83,84,85,86,87,88,89,90,91,92,93,94,95,96,97,98,99,100,101,102"
    queueSizes "32"
    type "origin_mmtc"
    reservation 182720.0
  ]
  node [
    id 69
    label "69"
    schedulingPolicy "FIFO"
    levelsQoS "1"
    schedulingWeights "-"
    tosToQoSqueue "0,1,2,3,4,5,6,7,8,9,10,11,12,13,14,15,16,17,18,19,20,21,22,23,24,25,26,27,28,29,30,31,32,33,34,35,36,37,38,39,40,41,42,43,44,45,46,47,48,49,50,51,52,53,54,55,56,57,58,59,60,61,62,63,64,65,66,67,68,69,70,71,72,73,74,75,76,77,78,79,80,81,82,83,84,85,86,87,88,89,90,91,92,93,94,95,96,97,98,99,100,101,102"
    queueSizes "32"
    type "origin_mmtc"
    reservation 204680.0
  ]
  node [
    id 70
    label "70"
    schedulingPolicy "FIFO"
    levelsQoS "1"
    schedulingWeights "-"
    tosToQoSqueue "0,1,2,3,4,5,6,7,8,9,10,11,12,13,14,15,16,17,18,19,20,21,22,23,24,25,26,27,28,29,30,31,32,33,34,35,36,37,38,39,40,41,42,43,44,45,46,47,48,49,50,51,52,53,54,55,56,57,58,59,60,61,62,63,64,65,66,67,68,69,70,71,72,73,74,75,76,77,78,79,80,81,82,83,84,85,86,87,88,89,90,91,92,93,94,95,96,97,98,99,100,101,102"
    queueSizes "32"
    type "origin_mmtc"
    reservation 182720.0
  ]
  node [
    id 71
    label "71"
    schedulingPolicy "FIFO"
    levelsQoS "1"
    schedulingWeights "-"
    tosToQoSqueue "0,1,2,3,4,5,6,7,8,9,10,11,12,13,14,15,16,17,18,19,20,21,22,23,24,25,26,27,28,29,30,31,32,33,34,35,36,37,38,39,40,41,42,43,44,45,46,47,48,49,50,51,52,53,54,55,56,57,58,59,60,61,62,63,64,65,66,67,68,69,70,71,72,73,74,75,76,77,78,79,80,81,82,83,84,85,86,87,88,89,90,91,92,93,94,95,96,97,98,99,100,101,102"
    queueSizes "32"
    type "origin_mmtc"
    reservation 204680.0
  ]
  node [
    id 72
    label "72"
    schedulingPolicy "FIFO"
    levelsQoS "1"
    schedulingWeights "-"
    tosToQoSqueue "0,1,2,3,4,5,6,7,8,9,10,11,12,13,14,15,16,17,18,19,20,21,22,23,24,25,26,27,28,29,30,31,32,33,34,35,36,37,38,39,40,41,42,43,44,45,46,47,48,49,50,51,52,53,54,55,56,57,58,59,60,61,62,63,64,65,66,67,68,69,70,71,72,73,74,75,76,77,78,79,80,81,82,83,84,85,86,87,88,89,90,91,92,93,94,95,96,97,98,99,100,101,102"
    queueSizes "32"
    type "origin_mmtc"
    reservation 182720.0
  ]
  node [
    id 73
    label "73"
    schedulingPolicy "FIFO"
    levelsQoS "1"
    schedulingWeights "-"
    tosToQoSqueue "0,1,2,3,4,5,6,7,8,9,10,11,12,13,14,15,16,17,18,19,20,21,22,23,24,25,26,27,28,29,30,31,32,33,34,35,36,37,38,39,40,41,42,43,44,45,46,47,48,49,50,51,52,53,54,55,56,57,58,59,60,61,62,63,64,65,66,67,68,69,70,71,72,73,74,75,76,77,78,79,80,81,82,83,84,85,86,87,88,89,90,91,92,93,94,95,96,97,98,99,100,101,102"
    queueSizes "32"
    type "origin_mmtc"
    reservation 204680.0
  ]
  node [
    id 74
    label "74"
    schedulingPolicy "FIFO"
    levelsQoS "1"
    schedulingWeights "-"
    tosToQoSqueue "0,1,2,3,4,5,6,7,8,9,10,11,12,13,14,15,16,17,18,19,20,21,22,23,24,25,26,27,28,29,30,31,32,33,34,35,36,37,38,39,40,41,42,43,44,45,46,47,48,49,50,51,52,53,54,55,56,57,58,59,60,61,62,63,64,65,66,67,68,69,70,71,72,73,74,75,76,77,78,79,80,81,82,83,84,85,86,87,88,89,90,91,92,93,94,95,96,97,98,99,100,101,102"
    queueSizes "32"
    type "origin_mmtc"
    reservation 182720.0
  ]
  node [
    id 75
    label "75"
    schedulingPolicy "FIFO"
    levelsQoS "1"
    schedulingWeights "-"
    tosToQoSqueue "0,1,2,3,4,5,6,7,8,9,10,11,12,13,14,15,16,17,18,19,20,21,22,23,24,25,26,27,28,29,30,31,32,33,34,35,36,37,38,39,40,41,42,43,44,45,46,47,48,49,50,51,52,53,54,55,56,57,58,59,60,61,62,63,64,65,66,67,68,69,70,71,72,73,74,75,76,77,78,79,80,81,82,83,84,85,86,87,88,89,90,91,92,93,94,95,96,97,98,99,100,101,102"
    queueSizes "32"
    type "origin_mmtc"
    reservation 204680.0
  ]
  node [
    id 76
    label "76"
    schedulingPolicy "FIFO"
    levelsQoS "1"
    schedulingWeights "-"
    tosToQoSqueue "0,1,2,3,4,5,6,7,8,9,10,11,12,13,14,15,16,17,18,19,20,21,22,23,24,25,26,27,28,29,30,31,32,33,34,35,36,37,38,39,40,41,42,43,44,45,46,47,48,49,50,51,52,53,54,55,56,57,58,59,60,61,62,63,64,65,66,67,68,69,70,71,72,73,74,75,76,77,78,79,80,81,82,83,84,85,86,87,88,89,90,91,92,93,94,95,96,97,98,99,100,101,102"
    queueSizes "32"
    type "origin_mmtc"
    reservation 182720.0
  ]
  node [
    id 77
    label "77"
    schedulingPolicy "FIFO"
    levelsQoS "1"
    schedulingWeights "-"
    tosToQoSqueue "0,1,2,3,4,5,6,7,8,9,10,11,12,13,14,15,16,17,18,19,20,21,22,23,24,25,26,27,28,29,30,31,32,33,34,35,36,37,38,39,40,41,42,43,44,45,46,47,48,49,50,51,52,53,54,55,56,57,58,59,60,61,62,63,64,65,66,67,68,69,70,71,72,73,74,75,76,77,78,79,80,81,82,83,84,85,86,87,88,89,90,91,92,93,94,95,96,97,98,99,100,101,102"
    queueSizes "32"
    type "origin_mmtc"
    reservation 182720.0
  ]
  node [
    id 78
    label "78"
    schedulingPolicy "FIFO"
    levelsQoS "1"
    schedulingWeights "-"
    tosToQoSqueue "0,1,2,3,4,5,6,7,8,9,10,11,12,13,14,15,16,17,18,19,20,21,22,23,24,25,26,27,28,29,30,31,32,33,34,35,36,37,38,39,40,41,42,43,44,45,46,47,48,49,50,51,52,53,54,55,56,57,58,59,60,61,62,63,64,65,66,67,68,69,70,71,72,73,74,75,76,77,78,79,80,81,82,83,84,85,86,87,88,89,90,91,92,93,94,95,96,97,98,99,100,101,102"
    queueSizes "32"
    type "origin_mmtc"
    reservation 204680.0
  ]
  node [
    id 79
    label "79"
    schedulingPolicy "FIFO"
    levelsQoS "1"
    schedulingWeights "-"
    tosToQoSqueue "0,1,2,3,4,5,6,7,8,9,10,11,12,13,14,15,16,17,18,19,20,21,22,23,24,25,26,27,28,29,30,31,32,33,34,35,36,37,38,39,40,41,42,43,44,45,46,47,48,49,50,51,52,53,54,55,56,57,58,59,60,61,62,63,64,65,66,67,68,69,70,71,72,73,74,75,76,77,78,79,80,81,82,83,84,85,86,87,88,89,90,91,92,93,94,95,96,97,98,99,100,101,102"
    queueSizes "32"
    type "origin_mmtc"
    reservation 204680.0
  ]
  node [
    id 80
    label "80"
    schedulingPolicy "FIFO"
    levelsQoS "1"
    schedulingWeights "-"
    tosToQoSqueue "0,1,2,3,4,5,6,7,8,9,10,11,12,13,14,15,16,17,18,19,20,21,22,23,24,25,26,27,28,29,30,31,32,33,34,35,36,37,38,39,40,41,42,43,44,45,46,47,48,49,50,51,52,53,54,55,56,57,58,59,60,61,62,63,64,65,66,67,68,69,70,71,72,73,74,75,76,77,78,79,80,81,82,83,84,85,86,87,88,89,90,91,92,93,94,95,96,97,98,99,100,101,102"
    queueSizes "32"
    type "origin_mmtc"
    reservation 182720.0
  ]
  node [
    id 81
    label "81"
    schedulingPolicy "FIFO"
    levelsQoS "1"
    schedulingWeights "-"
    tosToQoSqueue "0,1,2,3,4,5,6,7,8,9,10,11,12,13,14,15,16,17,18,19,20,21,22,23,24,25,26,27,28,29,30,31,32,33,34,35,36,37,38,39,40,41,42,43,44,45,46,47,48,49,50,51,52,53,54,55,56,57,58,59,60,61,62,63,64,65,66,67,68,69,70,71,72,73,74,75,76,77,78,79,80,81,82,83,84,85,86,87,88,89,90,91,92,93,94,95,96,97,98,99,100,101,102"
    queueSizes "32"
    type "origin_mmtc"
    reservation 204680.0
  ]
  node [
    id 82
    label "82"
    schedulingPolicy "FIFO"
    levelsQoS "1"
    schedulingWeights "-"
    tosToQoSqueue "0,1,2,3,4,5,6,7,8,9,10,11,12,13,14,15,16,17,18,19,20,21,22,23,24,25,26,27,28,29,30,31,32,33,34,35,36,37,38,39,40,41,42,43,44,45,46,47,48,49,50,51,52,53,54,55,56,57,58,59,60,61,62,63,64,65,66,67,68,69,70,71,72,73,74,75,76,77,78,79,80,81,82,83,84,85,86,87,88,89,90,91,92,93,94,95,96,97,98,99,100,101,102"
    queueSizes "32"
    type "origin_mmtc"
    reservation 182720.0
  ]
  node [
    id 83
    label "83"
    schedulingPolicy "FIFO"
    levelsQoS "1"
    schedulingWeights "-"
    tosToQoSqueue "0,1,2,3,4,5,6,7,8,9,10,11,12,13,14,15,16,17,18,19,20,21,22,23,24,25,26,27,28,29,30,31,32,33,34,35,36,37,38,39,40,41,42,43,44,45,46,47,48,49,50,51,52,53,54,55,56,57,58,59,60,61,62,63,64,65,66,67,68,69,70,71,72,73,74,75,76,77,78,79,80,81,82,83,84,85,86,87,88,89,90,91,92,93,94,95,96,97,98,99,100,101,102"
    queueSizes "32"
    type "origin_mmtc"
    reservation 204680.0
  ]
  node [
    id 84
    label "84"
    schedulingPolicy "FIFO"
    levelsQoS "1"
    schedulingWeights "-"
    tosToQoSqueue "0,1,2,3,4,5,6,7,8,9,10,11,12,13,14,15,16,17,18,19,20,21,22,23,24,25,26,27,28,29,30,31,32,33,34,35,36,37,38,39,40,41,42,43,44,45,46,47,48,49,50,51,52,53,54,55,56,57,58,59,60,61,62,63,64,65,66,67,68,69,70,71,72,73,74,75,76,77,78,79,80,81,82,83,84,85,86,87,88,89,90,91,92,93,94,95,96,97,98,99,100,101,102"
    queueSizes "32"
    type "origin_mmtc"
    reservation 204680.0
  ]
  node [
    id 85
    label "85"
    schedulingPolicy "FIFO"
    levelsQoS "1"
    schedulingWeights "-"
    tosToQoSqueue "0,1,2,3,4,5,6,7,8,9,10,11,12,13,14,15,16,17,18,19,20,21,22,23,24,25,26,27,28,29,30,31,32,33,34,35,36,37,38,39,40,41,42,43,44,45,46,47,48,49,50,51,52,53,54,55,56,57,58,59,60,61,62,63,64,65,66,67,68,69,70,71,72,73,74,75,76,77,78,79,80,81,82,83,84,85,86,87,88,89,90,91,92,93,94,95,96,97,98,99,100,101,102"
    queueSizes "32"
    type "origin_mmtc"
    reservation 204680.0
  ]
  node [
    id 86
    label "86"
    schedulingPolicy "FIFO"
    levelsQoS "1"
    schedulingWeights "-"
    tosToQoSqueue "0,1,2,3,4,5,6,7,8,9,10,11,12,13,14,15,16,17,18,19,20,21,22,23,24,25,26,27,28,29,30,31,32,33,34,35,36,37,38,39,40,41,42,43,44,45,46,47,48,49,50,51,52,53,54,55,56,57,58,59,60,61,62,63,64,65,66,67,68,69,70,71,72,73,74,75,76,77,78,79,80,81,82,83,84,85,86,87,88,89,90,91,92,93,94,95,96,97,98,99,100,101,102"
    queueSizes "32"
    type "origin_mmtc"
    reservation 182720.0
  ]
  node [
    id 87
    label "87"
    schedulingPolicy "FIFO"
    levelsQoS "1"
    schedulingWeights "-"
    tosToQoSqueue "0,1,2,3,4,5,6,7,8,9,10,11,12,13,14,15,16,17,18,19,20,21,22,23,24,25,26,27,28,29,30,31,32,33,34,35,36,37,38,39,40,41,42,43,44,45,46,47,48,49,50,51,52,53,54,55,56,57,58,59,60,61,62,63,64,65,66,67,68,69,70,71,72,73,74,75,76,77,78,79,80,81,82,83,84,85,86,87,88,89,90,91,92,93,94,95,96,97,98,99,100,101,102"
    queueSizes "32"
    type "origin_mmtc"
    reservation 182720.0
  ]
  node [
    id 88
    label "88"
    schedulingPolicy "FIFO"
    levelsQoS "1"
    schedulingWeights "-"
    tosToQoSqueue "0,1,2,3,4,5,6,7,8,9,10,11,12,13,14,15,16,17,18,19,20,21,22,23,24,25,26,27,28,29,30,31,32,33,34,35,36,37,38,39,40,41,42,43,44,45,46,47,48,49,50,51,52,53,54,55,56,57,58,59,60,61,62,63,64,65,66,67,68,69,70,71,72,73,74,75,76,77,78,79,80,81,82,83,84,85,86,87,88,89,90,91,92,93,94,95,96,97,98,99,100,101,102"
    queueSizes "32"
    type "origin_mmtc"
    reservation 182720.0
  ]
  node [
    id 89
    label "89"
    schedulingPolicy "FIFO"
    levelsQoS "1"
    schedulingWeights "-"
    tosToQoSqueue "0,1,2,3,4,5,6,7,8,9,10,11,12,13,14,15,16,17,18,19,20,21,22,23,24,25,26,27,28,29,30,31,32,33,34,35,36,37,38,39,40,41,42,43,44,45,46,47,48,49,50,51,52,53,54,55,56,57,58,59,60,61,62,63,64,65,66,67,68,69,70,71,72,73,74,75,76,77,78,79,80,81,82,83,84,85,86,87,88,89,90,91,92,93,94,95,96,97,98,99,100,101,102"
    queueSizes "32"
    type "origin_mmtc"
    reservation 204680.0
  ]
  node [
    id 90
    label "90"
    schedulingPolicy "FIFO"
    levelsQoS "1"
    schedulingWeights "-"
    tosToQoSqueue "0,1,2,3,4,5,6,7,8,9,10,11,12,13,14,15,16,17,18,19,20,21,22,23,24,25,26,27,28,29,30,31,32,33,34,35,36,37,38,39,40,41,42,43,44,45,46,47,48,49,50,51,52,53,54,55,56,57,58,59,60,61,62,63,64,65,66,67,68,69,70,71,72,73,74,75,76,77,78,79,80,81,82,83,84,85,86,87,88,89,90,91,92,93,94,95,96,97,98,99,100,101,102"
    queueSizes "32"
    type "origin_mmtc"
    reservation 204680.0
  ]
  node [
    id 91
    label "91"
    schedulingPolicy "FIFO"
    levelsQoS "1"
    schedulingWeights "-"
    tosToQoSqueue "0,1,2,3,4,5,6,7,8,9,10,11,12,13,14,15,16,17,18,19,20,21,22,23,24,25,26,27,28,29,30,31,32,33,34,35,36,37,38,39,40,41,42,43,44,45,46,47,48,49,50,51,52,53,54,55,56,57,58,59,60,61,62,63,64,65,66,67,68,69,70,71,72,73,74,75,76,77,78,79,80,81,82,83,84,85,86,87,88,89,90,91,92,93,94,95,96,97,98,99,100,101,102"
    queueSizes "32"
    type "origin_mmtc"
    reservation 204680.0
  ]
  node [
    id 92
    label "92"
    schedulingPolicy "FIFO"
    levelsQoS "1"
    schedulingWeights "-"
    tosToQoSqueue "0,1,2,3,4,5,6,7,8,9,10,11,12,13,14,15,16,17,18,19,20,21,22,23,24,25,26,27,28,29,30,31,32,33,34,35,36,37,38,39,40,41,42,43,44,45,46,47,48,49,50,51,52,53,54,55,56,57,58,59,60,61,62,63,64,65,66,67,68,69,70,71,72,73,74,75,76,77,78,79,80,81,82,83,84,85,86,87,88,89,90,91,92,93,94,95,96,97,98,99,100,101,102"
    queueSizes "32"
    type "origin_mmtc"
    reservation 204680.0
  ]
  node [
    id 93
    label "93"
    schedulingPolicy "FIFO"
    levelsQoS "1"
    schedulingWeights "-"
    tosToQoSqueue "0,1,2,3,4,5,6,7,8,9,10,11,12,13,14,15,16,17,18,19,20,21,22,23,24,25,26,27,28,29,30,31,32,33,34,35,36,37,38,39,40,41,42,43,44,45,46,47,48,49,50,51,52,53,54,55,56,57,58,59,60,61,62,63,64,65,66,67,68,69,70,71,72,73,74,75,76,77,78,79,80,81,82,83,84,85,86,87,88,89,90,91,92,93,94,95,96,97,98,99,100,101,102"
    queueSizes "32"
    type "origin_mmtc"
    reservation 182720.0
  ]
  node [
    id 94
    label "94"
    schedulingPolicy "FIFO"
    levelsQoS "1"
    schedulingWeights "-"
    tosToQoSqueue "0,1,2,3,4,5,6,7,8,9,10,11,12,13,14,15,16,17,18,19,20,21,22,23,24,25,26,27,28,29,30,31,32,33,34,35,36,37,38,39,40,41,42,43,44,45,46,47,48,49,50,51,52,53,54,55,56,57,58,59,60,61,62,63,64,65,66,67,68,69,70,71,72,73,74,75,76,77,78,79,80,81,82,83,84,85,86,87,88,89,90,91,92,93,94,95,96,97,98,99,100,101,102"
    queueSizes "32"
    type "origin_mmtc"
    reservation 204680.0
  ]
  node [
    id 95
    label "95"
    schedulingPolicy "FIFO"
    levelsQoS "1"
    schedulingWeights "-"
    tosToQoSqueue "0,1,2,3,4,5,6,7,8,9,10,11,12,13,14,15,16,17,18,19,20,21,22,23,24,25,26,27,28,29,30,31,32,33,34,35,36,37,38,39,40,41,42,43,44,45,46,47,48,49,50,51,52,53,54,55,56,57,58,59,60,61,62,63,64,65,66,67,68,69,70,71,72,73,74,75,76,77,78,79,80,81,82,83,84,85,86,87,88,89,90,91,92,93,94,95,96,97,98,99,100,101,102"
    queueSizes "32"
    type "origin_mmtc"
    reservation 182720.0
  ]
  node [
    id 96
    label "96"
    schedulingPolicy "FIFO"
    levelsQoS "1"
    schedulingWeights "-"
    tosToQoSqueue "0,1,2,3,4,5,6,7,8,9,10,11,12,13,14,15,16,17,18,19,20,21,22,23,24,25,26,27,28,29,30,31,32,33,34,35,36,37,38,39,40,41,42,43,44,45,46,47,48,49,50,51,52,53,54,55,56,57,58,59,60,61,62,63,64,65,66,67,68,69,70,71,72,73,74,75,76,77,78,79,80,81,82,83,84,85,86,87,88,89,90,91,92,93,94,95,96,97,98,99,100,101,102"
    queueSizes "32"
    type "origin_mmtc"
    reservation 182720.0
  ]
  node [
    id 97
    label "97"
    schedulingPolicy "FIFO"
    levelsQoS "1"
    schedulingWeights "-"
    tosToQoSqueue "0,1,2,3,4,5,6,7,8,9,10,11,12,13,14,15,16,17,18,19,20,21,22,23,24,25,26,27,28,29,30,31,32,33,34,35,36,37,38,39,40,41,42,43,44,45,46,47,48,49,50,51,52,53,54,55,56,57,58,59,60,61,62,63,64,65,66,67,68,69,70,71,72,73,74,75,76,77,78,79,80,81,82,83,84,85,86,87,88,89,90,91,92,93,94,95,96,97,98,99,100,101,102"
    queueSizes "32"
    type "origin_mmtc"
    reservation 204680.0
  ]
  node [
    id 98
    label "98"
    schedulingPolicy "FIFO"
    levelsQoS "1"
    schedulingWeights "-"
    tosToQoSqueue "0,1,2,3,4,5,6,7,8,9,10,11,12,13,14,15,16,17,18,19,20,21,22,23,24,25,26,27,28,29,30,31,32,33,34,35,36,37,38,39,40,41,42,43,44,45,46,47,48,49,50,51,52,53,54,55,56,57,58,59,60,61,62,63,64,65,66,67,68,69,70,71,72,73,74,75,76,77,78,79,80,81,82,83,84,85,86,87,88,89,90,91,92,93,94,95,96,97,98,99,100,101,102"
    queueSizes "32"
    type "origin_mmtc"
    reservation 182720.0
  ]
  node [
    id 99
    label "99"
    schedulingPolicy "FIFO"
    levelsQoS "1"
    schedulingWeights "-"
    tosToQoSqueue "0,1,2,3,4,5,6,7,8,9,10,11,12,13,14,15,16,17,18,19,20,21,22,23,24,25,26,27,28,29,30,31,32,33,34,35,36,37,38,39,40,41,42,43,44,45,46,47,48,49,50,51,52,53,54,55,56,57,58,59,60,61,62,63,64,65,66,67,68,69,70,71,72,73,74,75,76,77,78,79,80,81,82,83,84,85,86,87,88,89,90,91,92,93,94,95,96,97,98,99,100,101,102"
    queueSizes "32"
    type "origin_mmtc"
    reservation 204680.0
  ]
  node [
    id 100
    label "100"
    schedulingPolicy "FIFO"
    levelsQoS "1"
    schedulingWeights "-"
    tosToQoSqueue "0,1,2,3,4,5,6,7,8,9,10,11,12,13,14,15,16,17,18,19,20,21,22,23,24,25,26,27,28,29,30,31,32,33,34,35,36,37,38,39,40,41,42,43,44,45,46,47,48,49,50,51,52,53,54,55,56,57,58,59,60,61,62,63,64,65,66,67,68,69,70,71,72,73,74,75,76,77,78,79,80,81,82,83,84,85,86,87,88,89,90,91,92,93,94,95,96,97,98,99,100,101,102"
    queueSizes "32"
    type "origin_mmtc"
    reservation 182720.0
  ]
  node [
    id 101
    label "101"
    schedulingPolicy "FIFO"
    levelsQoS "1"
    schedulingWeights "-"
    tosToQoSqueue "0,1,2,3,4,5,6,7,8,9,10,11,12,13,14,15,16,17,18,19,20,21,22,23,24,25,26,27,28,29,30,31,32,33,34,35,36,37,38,39,40,41,42,43,44,45,46,47,48,49,50,51,52,53,54,55,56,57,58,59,60,61,62,63,64,65,66,67,68,69,70,71,72,73,74,75,76,77,78,79,80,81,82,83,84,85,86,87,88,89,90,91,92,93,94,95,96,97,98,99,100,101,102"
    queueSizes "32"
    type "origin_mmtc"
    reservation 204680.0
  ]
  node [
    id 102
    label "102"
    schedulingPolicy "FIFO"
    levelsQoS "1"
    schedulingWeights "-"
    tosToQoSqueue "0,1,2,3,4,5,6,7,8,9,10,11,12,13,14,15,16,17,18,19,20,21,22,23,24,25,26,27,28,29,30,31,32,33,34,35,36,37,38,39,40,41,42,43,44,45,46,47,48,49,50,51,52,53,54,55,56,57,58,59,60,61,62,63,64,65,66,67,68,69,70,71,72,73,74,75,76,77,78,79,80,81,82,83,84,85,86,87,88,89,90,91,92,93,94,95,96,97,98,99,100,101,102"
    queueSizes "32"
    type "origin_mmtc"
    reservation 204680.0
  ]
  edge [
    source 0
    target 12
    key 0
    id "e12"
    bandwidth 25000000
    traffic ""
    reservation ""
    port 0
  ]
  edge [
    source 1
    target 12
    key 0
    id "e13"
    bandwidth 25000000
    traffic ""
    reservation ""
    port 0
  ]
  edge [
    source 2
    target 11
    key 0
    LinkType "DS-3"
    LinkLabel "45 Mbps DS-3"
    LinkNote "45 Mbps "
    bandwidth 25000000
    traffic ""
    reservation ""
    port 0
  ]
  edge [
    source 2
    target 12
    key 0
    LinkType "DS-3"
    LinkLabel "45 Mbps DS-3"
    LinkNote "45 Mbps "
    bandwidth 25000000
    traffic "3500000,3500000,3500000,3500000,3500000,200000,200000,200000,200000"
    reservation "3131450.0,3369800.0,3845450.0,3581900.0,3679550.0,182720.0,204680.0,182720.0,204680.0"
    port 1
  ]
  edge [
    source 2
    target 5
    key 0
    LinkType "DS-3"
    LinkLabel "45 Mbps DS-3"
    LinkNote "45 Mbps "
    bandwidth 25000000
    traffic "3500000,3500000,3500000,3500000,3500000,3500000,3500000"
    reservation "3679550.0,3131450.0,3845450.0,3845450.0,3679550.0,3581900.0,3131450.0"
    port 2
  ]
  edge [
    source 3
    target 12
    key 0
    id "e11"
    bandwidth 25000000
    traffic ""
    reservation ""
    port 0
  ]
  edge [
    source 4
    target 5
    key 0
    LinkType "DS-3"
    LinkLabel "45 Mbps DS-3"
    LinkNote "45 Mbps "
    bandwidth 25000000
    traffic "200000,200000"
    reservation "182720.0,204680.0"
    port 0
  ]
  edge [
    source 4
    target 13
    key 0
    LinkType "DS-3"
    LinkLabel "45 Mbps DS-3"
    LinkNote "45 Mbps "
    bandwidth 25000000
    traffic ""
    reservation ""
    port 1
  ]
  edge [
    source 4
    target 14
    key 0
    port 2
    weight 1
    bandwidth 350000000
    traffic "3500000,3500000,3500000,3500000,3500000,3500000,3500000,3500000,3500000,3500000,3500000,3500000,3500000,3500000"
    reservation "3369800.0,3581900.0,3131450.0,3369800.0,3845450.0,3581900.0,3679550.0,3679550.0,3131450.0,3845450.0,3845450.0,3679550.0,3581900.0,3131450.0"
  ]
  edge [
    source 5
    target 2
    key 0
    LinkType "DS-3"
    LinkLabel "45 Mbps DS-3"
    LinkNote "45 Mbps "
    bandwidth 25000000
    traffic "200000,200000"
    reservation "182720.0,204680.0"
    port 0
  ]
  edge [
    source 5
    target 4
    key 0
    LinkType "DS-3"
    LinkLabel "45 Mbps DS-3"
    LinkNote "45 Mbps "
    bandwidth 25000000
    traffic "3500000,3500000,3500000,3500000,3500000,3500000,3500000"
    reservation "3679550.0,3131450.0,3845450.0,3845450.0,3679550.0,3581900.0,3131450.0"
    port 1
  ]
  edge [
    source 6
    target 13
    key 0
    LinkType "DS-3"
    LinkLabel "45 Mbps DS-3"
    LinkNote "45 Mbps "
    bandwidth 25000000
    traffic "3500000,3500000"
    reservation "3369800.0,3581900.0"
    port 0
  ]
  edge [
    source 6
    target 7
    key 0
    LinkType "DS-3"
    LinkLabel "45 Mbps DS-3"
    LinkNote "45 Mbps "
    bandwidth 25000000
    traffic "3500000,200000,200000,200000,200000"
    reservation "3845450.0,204680.0,182720.0,204680.0,182720.0"
    port 1
  ]
  edge [
    source 6
    target 16
    key 0
    port 2
    weight 1
    bandwidth 350000000
    traffic "18000000,18000000"
    reservation "16585200.0,20365200.0"
  ]
  edge [
    source 7
    target 6
    key 0
    LinkType "DS-3"
    LinkLabel "45 Mbps DS-3"
    LinkNote "45 Mbps "
    bandwidth 25000000
    traffic "18000000,3500000,3500000"
    reservation "16585200.0,3369800.0,3581900.0"
    port 0
  ]
  edge [
    source 7
    target 8
    key 0
    LinkType "DS-3"
    LinkLabel "45 Mbps DS-3"
    LinkNote "45 Mbps "
    bandwidth 25000000
    traffic "200000,200000,3500000,200000,200000,200000,200000,200000,200000,200000,200000,200000,200000,200000,200000,200000,200000,200000,200000,200000,200000,200000,200000,200000,200000,200000,200000,200000,200000,200000,200000,200000,200000,200000,200000,200000,200000,200000,200000,200000,200000,200000,200000,200000,200000,200000,200000,200000,200000,200000,200000,200000,200000,200000,200000,200000,200000,200000,200000,200000,200000,200000,200000,200000"
    reservation "182720.0,204680.0,3845450.0,182720.0,204680.0,204680.0,182720.0,204680.0,182720.0,204680.0,204680.0,182720.0,182720.0,204680.0,204680.0,204680.0,204680.0,204680.0,204680.0,204680.0,182720.0,204680.0,204680.0,182720.0,182720.0,182720.0,204680.0,204680.0,182720.0,182720.0,204680.0,182720.0,204680.0,182720.0,204680.0,182720.0,204680.0,182720.0,182720.0,204680.0,204680.0,182720.0,204680.0,182720.0,204680.0,204680.0,204680.0,182720.0,182720.0,182720.0,204680.0,204680.0,204680.0,204680.0,182720.0,204680.0,182720.0,182720.0,204680.0,182720.0,204680.0,182720.0,204680.0,204680.0"
    port 1
  ]
  edge [
    source 7
    target 12
    key 0
    LinkType "DS-3"
    LinkLabel "45 Mbps DS-3"
    LinkNote "45 Mbps "
    bandwidth 25000000
    traffic ""
    reservation ""
    port 2
  ]
  edge [
    source 8
    target 7
    key 0
    LinkType "DS-3"
    LinkLabel "45 Mbps DS-3"
    LinkNote "45 Mbps "
    bandwidth 25000000
    traffic "18000000,3500000,3500000"
    reservation "16585200.0,3369800.0,3581900.0"
    port 0
  ]
  edge [
    source 8
    target 9
    key 0
    LinkType "DS-3"
    LinkLabel "45 Mbps DS-3"
    LinkNote "45 Mbps "
    bandwidth 25000000
    traffic "3500000"
    reservation "3845450.0"
    port 1
  ]
  edge [
    source 8
    target 15
    key 0
    port 2
    weight 1
    bandwidth 350000000
    traffic "200000,200000,200000,200000,200000,200000,200000,200000,200000,200000,200000,200000,200000,200000,200000,200000,200000,200000,200000,200000,200000,200000,200000,200000,200000,200000,200000,200000,200000,200000,200000,200000,200000,200000,200000,200000,200000,200000,200000,200000,200000,200000,200000,200000,200000,200000,200000,200000,200000,200000,200000,200000,200000,200000,200000,200000,200000,200000,200000,200000,200000,200000,200000,200000,200000,200000,200000,200000,200000,200000"
    reservation "182720.0,204680.0,182720.0,204680.0,204680.0,204680.0,182720.0,182720.0,204680.0,182720.0,204680.0,204680.0,182720.0,204680.0,182720.0,204680.0,204680.0,182720.0,182720.0,204680.0,204680.0,204680.0,204680.0,204680.0,204680.0,204680.0,182720.0,204680.0,204680.0,182720.0,182720.0,182720.0,204680.0,204680.0,182720.0,182720.0,204680.0,182720.0,204680.0,182720.0,204680.0,182720.0,204680.0,182720.0,182720.0,204680.0,204680.0,182720.0,204680.0,182720.0,204680.0,204680.0,204680.0,182720.0,182720.0,182720.0,204680.0,204680.0,204680.0,204680.0,182720.0,204680.0,182720.0,182720.0,204680.0,182720.0,204680.0,182720.0,204680.0,204680.0"
  ]
  edge [
    source 9
    target 8
    key 0
    LinkType "DS-3"
    LinkLabel "45 Mbps DS-3"
    LinkNote "45 Mbps "
    bandwidth 25000000
    traffic "18000000,3500000,3500000,200000,200000,200000,200000,200000,200000,200000"
    reservation "16585200.0,3369800.0,3581900.0,182720.0,204680.0,182720.0,204680.0,204680.0,204680.0,182720.0"
    port 0
  ]
  edge [
    source 9
    target 10
    key 0
    LinkType "DS-3"
    LinkLabel "45 Mbps DS-3"
    LinkNote "45 Mbps "
    bandwidth 25000000
    traffic ""
    reservation ""
    port 1
  ]
  edge [
    source 9
    target 12
    key 0
    LinkType "DS-3"
    LinkLabel "45 Mbps DS-3"
    LinkNote "45 Mbps "
    bandwidth 25000000
    traffic "3500000"
    reservation "3845450.0"
    port 2
  ]
  edge [
    source 10
    target 9
    key 0
    LinkType "DS-3"
    LinkLabel "45 Mbps DS-3"
    LinkNote "45 Mbps "
    bandwidth 25000000
    traffic "18000000,3500000,3500000,200000,200000,200000,200000,200000,200000,200000"
    reservation "16585200.0,3369800.0,3581900.0,182720.0,204680.0,182720.0,204680.0,204680.0,204680.0,182720.0"
    port 0
  ]
  edge [
    source 10
    target 11
    key 0
    LinkType "DS-3"
    LinkLabel "45 Mbps DS-3"
    LinkNote "45 Mbps "
    bandwidth 25000000
    traffic "3500000,3500000,3500000,3500000,3500000,3500000,3500000,200000,200000"
    reservation "3131450.0,3369800.0,3845450.0,3581900.0,3679550.0,3679550.0,3131450.0,182720.0,204680.0"
    port 1
  ]
  edge [
    source 10
    target 17
    key 0
    port 2
    weight 1
    bandwidth 50000000
    traffic ""
    reservation ""
  ]
  edge [
    source 10
    target 19
    key 0
    port 3
    weight 1
    bandwidth 50000000
    traffic ""
    reservation ""
  ]
  edge [
    source 10
    target 20
    key 0
    port 4
    weight 1
    bandwidth 50000000
    traffic ""
    reservation ""
  ]
  edge [
    source 10
    target 21
    key 0
    port 5
    weight 1
    bandwidth 50000000
    traffic ""
    reservation ""
  ]
  edge [
    source 10
    target 22
    key 0
    port 6
    weight 1
    bandwidth 50000000
    traffic ""
    reservation ""
  ]
  edge [
    source 10
    target 23
    key 0
    port 7
    weight 1
    bandwidth 50000000
    traffic ""
    reservation ""
  ]
  edge [
    source 10
    target 24
    key 0
    port 8
    weight 1
    bandwidth 50000000
    traffic ""
    reservation ""
  ]
  edge [
    source 10
    target 25
    key 0
    port 9
    weight 1
    bandwidth 50000000
    traffic ""
    reservation ""
  ]
  edge [
    source 10
    target 26
    key 0
    port 10
    weight 1
    bandwidth 50000000
    traffic ""
    reservation ""
  ]
  edge [
    source 10
    target 27
    key 0
    port 11
    weight 1
    bandwidth 50000000
    traffic ""
    reservation ""
  ]
  edge [
    source 10
    target 28
    key 0
    port 12
    weight 1
    bandwidth 50000000
    traffic ""
    reservation ""
  ]
  edge [
    source 10
    target 29
    key 0
    port 13
    weight 1
    bandwidth 50000000
    traffic ""
    reservation ""
  ]
  edge [
    source 10
    target 30
    key 0
    port 14
    weight 1
    bandwidth 50000000
    traffic ""
    reservation ""
  ]
  edge [
    source 10
    target 31
    key 0
    port 15
    weight 1
    bandwidth 50000000
    traffic ""
    reservation ""
  ]
  edge [
    source 10
    target 32
    key 0
    port 16
    weight 1
    bandwidth 50000000
    traffic ""
    reservation ""
  ]
  edge [
    source 10
    target 33
    key 0
    port 17
    weight 1
    bandwidth 50000000
    traffic ""
    reservation ""
  ]
  edge [
    source 10
    target 34
    key 0
    port 18
    weight 1
    bandwidth 50000000
    traffic ""
    reservation ""
  ]
  edge [
    source 10
    target 35
    key 0
    port 19
    weight 1
    bandwidth 50000000
    traffic ""
    reservation ""
  ]
  edge [
    source 10
    target 36
    key 0
    port 20
    weight 1
    bandwidth 50000000
    traffic ""
    reservation ""
  ]
  edge [
    source 11
    target 2
    key 0
    LinkType "DS-3"
    LinkLabel "45 Mbps DS-3"
    LinkNote "45 Mbps "
    bandwidth 25000000
    traffic "3500000,3500000,3500000,3500000,3500000,3500000,3500000,200000,200000"
    reservation "3131450.0,3369800.0,3845450.0,3581900.0,3679550.0,3679550.0,3131450.0,182720.0,204680.0"
    port 0
  ]
  edge [
    source 11
    target 10
    key 0
    LinkType "DS-3"
    LinkLabel "45 Mbps DS-3"
    LinkNote "45 Mbps "
    bandwidth 25000000
    traffic ""
    reservation ""
    port 1
  ]
  edge [
    source 12
    target 0
    key 0
    id "e12"
    bandwidth 25000000
    traffic ""
    reservation ""
    port 0
  ]
  edge [
    source 12
    target 1
    key 0
    id "e13"
    bandwidth 25000000
    traffic ""
    reservation ""
    port 1
  ]
  edge [
    source 12
    target 2
    key 0
    LinkType "DS-3"
    LinkLabel "45 Mbps DS-3"
    LinkNote "45 Mbps "
    bandwidth 25000000
    traffic "3500000,3500000,3500000,3500000,3500000"
    reservation "3845450.0,3845450.0,3679550.0,3581900.0,3131450.0"
    port 2
  ]
  edge [
    source 12
    target 3
    key 0
    id "e11"
    bandwidth 25000000
    traffic ""
    reservation ""
    port 3
  ]
  edge [
    source 12
    target 7
    key 0
    LinkType "DS-3"
    LinkLabel "45 Mbps DS-3"
    LinkNote "45 Mbps "
    bandwidth 25000000
    traffic "200000,200000,200000,200000,200000,200000,200000,200000,200000,200000,200000,200000,200000,200000,200000,200000,200000,200000,200000,200000,200000,200000,200000,200000,200000,200000,200000,200000,200000,200000,200000,200000,200000,200000,200000,200000,200000,200000,200000,200000,200000,200000,200000,200000,200000,200000,200000,200000,200000,200000,200000,200000,200000,200000,200000,200000,200000,200000,200000"
    reservation "182720.0,204680.0,182720.0,204680.0,204680.0,204680.0,182720.0,182720.0,204680.0,204680.0,204680.0,204680.0,204680.0,204680.0,204680.0,182720.0,204680.0,204680.0,182720.0,182720.0,182720.0,204680.0,204680.0,182720.0,182720.0,204680.0,182720.0,204680.0,182720.0,204680.0,182720.0,204680.0,182720.0,182720.0,204680.0,204680.0,182720.0,204680.0,182720.0,204680.0,204680.0,204680.0,182720.0,182720.0,182720.0,204680.0,204680.0,204680.0,204680.0,182720.0,204680.0,182720.0,182720.0,204680.0,182720.0,204680.0,182720.0,204680.0,204680.0"
    port 4
  ]
  edge [
    source 12
    target 9
    key 0
    LinkType "DS-3"
    LinkLabel "45 Mbps DS-3"
    LinkNote "45 Mbps "
    bandwidth 25000000
    traffic ""
    reservation ""
    port 5
  ]
  edge [
    source 12
    target 13
    key 0
    LinkType "DS-3"
    LinkLabel "45 Mbps DS-3"
    LinkNote "45 Mbps "
    bandwidth 25000000
    traffic "3500000,3500000,3500000,3500000,3500000"
    reservation "3131450.0,3369800.0,3845450.0,3581900.0,3679550.0"
    port 6
  ]
  edge [
    source 13
    target 4
    key 0
    LinkType "DS-3"
    LinkLabel "45 Mbps DS-3"
    LinkNote "45 Mbps "
    bandwidth 25000000
    traffic "3500000,3500000,3500000,3500000,3500000,3500000,3500000,200000,200000"
    reservation "3369800.0,3581900.0,3131450.0,3369800.0,3845450.0,3581900.0,3679550.0,182720.0,204680.0"
    port 0
  ]
  edge [
    source 13
    target 6
    key 0
    LinkType "DS-3"
    LinkLabel "45 Mbps DS-3"
    LinkNote "45 Mbps "
    bandwidth 25000000
    traffic "18000000,3500000,200000,200000,200000,200000"
    reservation "20365200.0,3845450.0,204680.0,182720.0,204680.0,182720.0"
    port 1
  ]
  edge [
    source 13
    target 12
    key 0
    LinkType "DS-3"
    LinkLabel "45 Mbps DS-3"
    LinkNote "45 Mbps "
    bandwidth 25000000
    traffic "3500000,3500000,3500000,200000,200000,200000,200000,200000,3500000,200000,200000,200000,200000,200000,200000,200000,200000,200000,200000,200000,200000,200000,200000,200000,200000,200000,200000,200000,200000,200000,200000,200000,200000,200000,200000,200000,200000,200000,200000,200000,200000,200000,200000,200000,200000,200000,200000,200000,200000,200000,200000,200000,200000,200000,200000,200000,200000,200000,200000"
    reservation "3845450.0,3679550.0,3581900.0,204680.0,204680.0,182720.0,182720.0,204680.0,3131450.0,204680.0,204680.0,204680.0,204680.0,204680.0,204680.0,182720.0,204680.0,204680.0,182720.0,182720.0,182720.0,204680.0,204680.0,182720.0,182720.0,204680.0,182720.0,204680.0,182720.0,204680.0,182720.0,204680.0,182720.0,182720.0,204680.0,204680.0,182720.0,204680.0,182720.0,204680.0,204680.0,204680.0,182720.0,182720.0,182720.0,204680.0,204680.0,204680.0,204680.0,182720.0,204680.0,182720.0,182720.0,204680.0,182720.0,204680.0,182720.0,204680.0,204680.0"
    port 2
  ]
  edge [
    source 13
    target 18
    key 0
    port 3
    weight 1
    bandwidth 50000000
    traffic ""
    reservation ""
  ]
  edge [
    source 13
    target 37
    key 0
    port 4
    weight 1
    bandwidth 50000000
    traffic ""
    reservation ""
  ]
  edge [
    source 13
    target 38
    key 0
    port 5
    weight 1
    bandwidth 50000000
    traffic ""
    reservation ""
  ]
  edge [
    source 13
    target 39
    key 0
    port 6
    weight 1
    bandwidth 50000000
    traffic ""
    reservation ""
  ]
  edge [
    source 13
    target 40
    key 0
    port 7
    weight 1
    bandwidth 50000000
    traffic ""
    reservation ""
  ]
  edge [
    source 13
    target 41
    key 0
    port 8
    weight 1
    bandwidth 50000000
    traffic ""
    reservation ""
  ]
  edge [
    source 13
    target 42
    key 0
    port 9
    weight 1
    bandwidth 50000000
    traffic ""
    reservation ""
  ]
  edge [
    source 13
    target 43
    key 0
    port 10
    weight 1
    bandwidth 50000000
    traffic ""
    reservation ""
  ]
  edge [
    source 13
    target 44
    key 0
    port 11
    weight 1
    bandwidth 50000000
    traffic ""
    reservation ""
  ]
  edge [
    source 13
    target 45
    key 0
    port 12
    weight 1
    bandwidth 50000000
    traffic ""
    reservation ""
  ]
  edge [
    source 13
    target 46
    key 0
    port 13
    weight 1
    bandwidth 50000000
    traffic ""
    reservation ""
  ]
  edge [
    source 13
    target 47
    key 0
    port 14
    weight 1
    bandwidth 50000000
    traffic ""
    reservation ""
  ]
  edge [
    source 13
    target 48
    key 0
    port 15
    weight 1
    bandwidth 50000000
    traffic ""
    reservation ""
  ]
  edge [
    source 13
    target 49
    key 0
    port 16
    weight 1
    bandwidth 50000000
    traffic ""
    reservation ""
  ]
  edge [
    source 13
    target 50
    key 0
    port 17
    weight 1
    bandwidth 50000000
    traffic ""
    reservation ""
  ]
  edge [
    source 13
    target 51
    key 0
    port 18
    weight 1
    bandwidth 50000000
    traffic ""
    reservation ""
  ]
  edge [
    source 13
    target 52
    key 0
    port 19
    weight 1
    bandwidth 50000000
    traffic ""
    reservation ""
  ]
  edge [
    source 13
    target 53
    key 0
    port 20
    weight 1
    bandwidth 50000000
    traffic ""
    reservation ""
  ]
  edge [
    source 13
    target 54
    key 0
    port 21
    weight 1
    bandwidth 50000000
    traffic ""
    reservation ""
  ]
  edge [
    source 13
    target 55
    key 0
    port 22
    weight 1
    bandwidth 50000000
    traffic ""
    reservation ""
  ]
  edge [
    source 13
    target 56
    key 0
    port 23
    weight 1
    bandwidth 50000000
    traffic ""
    reservation ""
  ]
  edge [
    source 13
    target 57
    key 0
    port 24
    weight 1
    bandwidth 50000000
    traffic ""
    reservation ""
  ]
  edge [
    source 13
    target 58
    key 0
    port 25
    weight 1
    bandwidth 50000000
    traffic ""
    reservation ""
  ]
  edge [
    source 13
    target 59
    key 0
    port 26
    weight 1
    bandwidth 50000000
    traffic ""
    reservation ""
  ]
  edge [
    source 13
    target 60
    key 0
    port 27
    weight 1
    bandwidth 50000000
    traffic ""
    reservation ""
  ]
  edge [
    source 13
    target 61
    key 0
    port 28
    weight 1
    bandwidth 50000000
    traffic ""
    reservation ""
  ]
  edge [
    source 13
    target 62
    key 0
    port 29
    weight 1
    bandwidth 50000000
    traffic ""
    reservation ""
  ]
  edge [
    source 13
    target 63
    key 0
    port 30
    weight 1
    bandwidth 50000000
    traffic ""
    reservation ""
  ]
  edge [
    source 13
    target 64
    key 0
    port 31
    weight 1
    bandwidth 50000000
    traffic ""
    reservation ""
  ]
  edge [
    source 13
    target 65
    key 0
    port 32
    weight 1
    bandwidth 50000000
    traffic ""
    reservation ""
  ]
  edge [
    source 13
    target 66
    key 0
    port 33
    weight 1
    bandwidth 50000000
    traffic ""
    reservation ""
  ]
  edge [
    source 13
    target 67
    key 0
    port 34
    weight 1
    bandwidth 50000000
    traffic ""
    reservation ""
  ]
  edge [
    source 13
    target 68
    key 0
    port 35
    weight 1
    bandwidth 50000000
    traffic ""
    reservation ""
  ]
  edge [
    source 13
    target 69
    key 0
    port 36
    weight 1
    bandwidth 50000000
    traffic ""
    reservation ""
  ]
  edge [
    source 13
    target 70
    key 0
    port 37
    weight 1
    bandwidth 50000000
    traffic ""
    reservation ""
  ]
  edge [
    source 13
    target 71
    key 0
    port 38
    weight 1
    bandwidth 50000000
    traffic ""
    reservation ""
  ]
  edge [
    source 13
    target 72
    key 0
    port 39
    weight 1
    bandwidth 50000000
    traffic ""
    reservation ""
  ]
  edge [
    source 13
    target 73
    key 0
    port 40
    weight 1
    bandwidth 50000000
    traffic ""
    reservation ""
  ]
  edge [
    source 13
    target 74
    key 0
    port 41
    weight 1
    bandwidth 50000000
    traffic ""
    reservation ""
  ]
  edge [
    source 13
    target 75
    key 0
    port 42
    weight 1
    bandwidth 50000000
    traffic ""
    reservation ""
  ]
  edge [
    source 13
    target 76
    key 0
    port 43
    weight 1
    bandwidth 50000000
    traffic ""
    reservation ""
  ]
  edge [
    source 13
    target 77
    key 0
    port 44
    weight 1
    bandwidth 50000000
    traffic ""
    reservation ""
  ]
  edge [
    source 13
    target 78
    key 0
    port 45
    weight 1
    bandwidth 50000000
    traffic ""
    reservation ""
  ]
  edge [
    source 13
    target 79
    key 0
    port 46
    weight 1
    bandwidth 50000000
    traffic ""
    reservation ""
  ]
  edge [
    source 13
    target 80
    key 0
    port 47
    weight 1
    bandwidth 50000000
    traffic ""
    reservation ""
  ]
  edge [
    source 13
    target 81
    key 0
    port 48
    weight 1
    bandwidth 50000000
    traffic ""
    reservation ""
  ]
  edge [
    source 13
    target 82
    key 0
    port 49
    weight 1
    bandwidth 50000000
    traffic ""
    reservation ""
  ]
  edge [
    source 13
    target 83
    key 0
    port 50
    weight 1
    bandwidth 50000000
    traffic ""
    reservation ""
  ]
  edge [
    source 13
    target 84
    key 0
    port 51
    weight 1
    bandwidth 50000000
    traffic ""
    reservation ""
  ]
  edge [
    source 13
    target 85
    key 0
    port 52
    weight 1
    bandwidth 50000000
    traffic ""
    reservation ""
  ]
  edge [
    source 13
    target 86
    key 0
    port 53
    weight 1
    bandwidth 50000000
    traffic ""
    reservation ""
  ]
  edge [
    source 13
    target 87
    key 0
    port 54
    weight 1
    bandwidth 50000000
    traffic ""
    reservation ""
  ]
  edge [
    source 13
    target 88
    key 0
    port 55
    weight 1
    bandwidth 50000000
    traffic ""
    reservation ""
  ]
  edge [
    source 13
    target 89
    key 0
    port 56
    weight 1
    bandwidth 50000000
    traffic ""
    reservation ""
  ]
  edge [
    source 13
    target 90
    key 0
    port 57
    weight 1
    bandwidth 50000000
    traffic ""
    reservation ""
  ]
  edge [
    source 13
    target 91
    key 0
    port 58
    weight 1
    bandwidth 50000000
    traffic ""
    reservation ""
  ]
  edge [
    source 13
    target 92
    key 0
    port 59
    weight 1
    bandwidth 50000000
    traffic ""
    reservation ""
  ]
  edge [
    source 13
    target 93
    key 0
    port 60
    weight 1
    bandwidth 50000000
    traffic ""
    reservation ""
  ]
  edge [
    source 13
    target 94
    key 0
    port 61
    weight 1
    bandwidth 50000000
    traffic ""
    reservation ""
  ]
  edge [
    source 13
    target 95
    key 0
    port 62
    weight 1
    bandwidth 50000000
    traffic ""
    reservation ""
  ]
  edge [
    source 13
    target 96
    key 0
    port 63
    weight 1
    bandwidth 50000000
    traffic ""
    reservation ""
  ]
  edge [
    source 13
    target 97
    key 0
    port 64
    weight 1
    bandwidth 50000000
    traffic ""
    reservation ""
  ]
  edge [
    source 13
    target 98
    key 0
    port 65
    weight 1
    bandwidth 50000000
    traffic ""
    reservation ""
  ]
  edge [
    source 13
    target 99
    key 0
    port 66
    weight 1
    bandwidth 50000000
    traffic ""
    reservation ""
  ]
  edge [
    source 13
    target 100
    key 0
    port 67
    weight 1
    bandwidth 50000000
    traffic ""
    reservation ""
  ]
  edge [
    source 13
    target 101
    key 0
    port 68
    weight 1
    bandwidth 50000000
    traffic ""
    reservation ""
  ]
  edge [
    source 13
    target 102
    key 0
    port 69
    weight 1
    bandwidth 50000000
    traffic ""
    reservation ""
  ]
  edge [
    source 14
    target 4
    key 0
    port 0
    weight 1
    bandwidth 350000000
    traffic ""
    reservation ""
  ]
  edge [
    source 15
    target 8
    key 0
    port 0
    weight 1
    bandwidth 350000000
    traffic ""
    reservation ""
  ]
  edge [
    source 16
    target 6
    key 0
    port 0
    weight 1
    bandwidth 350000000
    traffic ""
    reservation ""
  ]
  edge [
    source 17
    target 10
    key 0
    port 0
    weight 1
    bandwidth 50000000
    traffic "18000000"
    reservation "16585200.0"
  ]
  edge [
    source 18
    target 13
    key 0
    port 0
    weight 1
    bandwidth 50000000
    traffic "18000000"
    reservation "20365200.0"
  ]
  edge [
    source 19
    target 10
    key 0
    port 0
    weight 1
    bandwidth 50000000
    traffic "3500000"
    reservation "3369800.0"
  ]
  edge [
    source 20
    target 10
    key 0
    port 0
    weight 1
    bandwidth 50000000
    traffic "3500000"
    reservation "3581900.0"
  ]
  edge [
    source 21
    target 10
    key 0
    port 0
    weight 1
    bandwidth 50000000
    traffic "3500000"
    reservation "3131450.0"
  ]
  edge [
    source 22
    target 10
    key 0
    port 0
    weight 1
    bandwidth 50000000
    traffic "3500000"
    reservation "3369800.0"
  ]
  edge [
    source 23
    target 10
    key 0
    port 0
    weight 1
    bandwidth 50000000
    traffic "3500000"
    reservation "3845450.0"
  ]
  edge [
    source 24
    target 10
    key 0
    port 0
    weight 1
    bandwidth 50000000
    traffic "200000"
    reservation "182720.0"
  ]
  edge [
    source 25
    target 10
    key 0
    port 0
    weight 1
    bandwidth 50000000
    traffic "3500000"
    reservation "3581900.0"
  ]
  edge [
    source 26
    target 10
    key 0
    port 0
    weight 1
    bandwidth 50000000
    traffic "3500000"
    reservation "3679550.0"
  ]
  edge [
    source 27
    target 10
    key 0
    port 0
    weight 1
    bandwidth 50000000
    traffic "3500000"
    reservation "3679550.0"
  ]
  edge [
    source 28
    target 10
    key 0
    port 0
    weight 1
    bandwidth 50000000
    traffic "200000"
    reservation "204680.0"
  ]
  edge [
    source 29
    target 10
    key 0
    port 0
    weight 1
    bandwidth 50000000
    traffic "3500000"
    reservation "3131450.0"
  ]
  edge [
    source 30
    target 10
    key 0
    port 0
    weight 1
    bandwidth 50000000
    traffic "200000"
    reservation "182720.0"
  ]
  edge [
    source 31
    target 10
    key 0
    port 0
    weight 1
    bandwidth 50000000
    traffic "200000"
    reservation "204680.0"
  ]
  edge [
    source 32
    target 10
    key 0
    port 0
    weight 1
    bandwidth 50000000
    traffic "200000"
    reservation "204680.0"
  ]
  edge [
    source 33
    target 10
    key 0
    port 0
    weight 1
    bandwidth 50000000
    traffic "200000"
    reservation "204680.0"
  ]
  edge [
    source 34
    target 10
    key 0
    port 0
    weight 1
    bandwidth 50000000
    traffic "200000"
    reservation "182720.0"
  ]
  edge [
    source 35
    target 10
    key 0
    port 0
    weight 1
    bandwidth 50000000
    traffic "200000"
    reservation "182720.0"
  ]
  edge [
    source 36
    target 10
    key 0
    port 0
    weight 1
    bandwidth 50000000
    traffic "200000"
    reservation "204680.0"
  ]
  edge [
    source 37
    target 13
    key 0
    port 0
    weight 1
    bandwidth 50000000
    traffic "3500000"
    reservation "3845450.0"
  ]
  edge [
    source 38
    target 13
    key 0
    port 0
    weight 1
    bandwidth 50000000
    traffic "3500000"
    reservation "3845450.0"
  ]
  edge [
    source 39
    target 13
    key 0
    port 0
    weight 1
    bandwidth 50000000
    traffic "200000"
    reservation "182720.0"
  ]
  edge [
    source 40
    target 13
    key 0
    port 0
    weight 1
    bandwidth 50000000
    traffic "200000"
    reservation "204680.0"
  ]
  edge [
    source 41
    target 13
    key 0
    port 0
    weight 1
    bandwidth 50000000
    traffic "200000"
    reservation "204680.0"
  ]
  edge [
    source 42
    target 13
    key 0
    port 0
    weight 1
    bandwidth 50000000
    traffic "200000"
    reservation "182720.0"
  ]
  edge [
    source 43
    target 13
    key 0
    port 0
    weight 1
    bandwidth 50000000
    traffic "3500000"
    reservation "3679550.0"
  ]
  edge [
    source 44
    target 13
    key 0
    port 0
    weight 1
    bandwidth 50000000
    traffic "200000"
    reservation "204680.0"
  ]
  edge [
    source 45
    target 13
    key 0
    port 0
    weight 1
    bandwidth 50000000
    traffic "3500000"
    reservation "3581900.0"
  ]
  edge [
    source 46
    target 13
    key 0
    port 0
    weight 1
    bandwidth 50000000
    traffic "200000"
    reservation "182720.0"
  ]
  edge [
    source 47
    target 13
    key 0
    port 0
    weight 1
    bandwidth 50000000
    traffic "200000"
    reservation "204680.0"
  ]
  edge [
    source 48
    target 13
    key 0
    port 0
    weight 1
    bandwidth 50000000
    traffic "200000"
    reservation "204680.0"
  ]
  edge [
    source 49
    target 13
    key 0
    port 0
    weight 1
    bandwidth 50000000
    traffic "200000"
    reservation "182720.0"
  ]
  edge [
    source 50
    target 13
    key 0
    port 0
    weight 1
    bandwidth 50000000
    traffic "200000"
    reservation "182720.0"
  ]
  edge [
    source 51
    target 13
    key 0
    port 0
    weight 1
    bandwidth 50000000
    traffic "200000"
    reservation "204680.0"
  ]
  edge [
    source 52
    target 13
    key 0
    port 0
    weight 1
    bandwidth 50000000
    traffic "3500000"
    reservation "3131450.0"
  ]
  edge [
    source 53
    target 13
    key 0
    port 0
    weight 1
    bandwidth 50000000
    traffic "200000"
    reservation "204680.0"
  ]
  edge [
    source 54
    target 13
    key 0
    port 0
    weight 1
    bandwidth 50000000
    traffic "200000"
    reservation "204680.0"
  ]
  edge [
    source 55
    target 13
    key 0
    port 0
    weight 1
    bandwidth 50000000
    traffic "200000"
    reservation "204680.0"
  ]
  edge [
    source 56
    target 13
    key 0
    port 0
    weight 1
    bandwidth 50000000
    traffic "200000"
    reservation "204680.0"
  ]
  edge [
    source 57
    target 13
    key 0
    port 0
    weight 1
    bandwidth 50000000
    traffic "200000"
    reservation "204680.0"
  ]
  edge [
    source 58
    target 13
    key 0
    port 0
    weight 1
    bandwidth 50000000
    traffic "200000"
    reservation "204680.0"
  ]
  edge [
    source 59
    target 13
    key 0
    port 0
    weight 1
    bandwidth 50000000
    traffic "200000"
    reservation "182720.0"
  ]
  edge [
    source 60
    target 13
    key 0
    port 0
    weight 1
    bandwidth 50000000
    traffic "200000"
    reservation "204680.0"
  ]
  edge [
    source 61
    target 13
    key 0
    port 0
    weight 1
    bandwidth 50000000
    traffic "200000"
    reservation "204680.0"
  ]
  edge [
    source 62
    target 13
    key 0
    port 0
    weight 1
    bandwidth 50000000
    traffic "200000"
    reservation "182720.0"
  ]
  edge [
    source 63
    target 13
    key 0
    port 0
    weight 1
    bandwidth 50000000
    traffic "200000"
    reservation "182720.0"
  ]
  edge [
    source 64
    target 13
    key 0
    port 0
    weight 1
    bandwidth 50000000
    traffic "200000"
    reservation "182720.0"
  ]
  edge [
    source 65
    target 13
    key 0
    port 0
    weight 1
    bandwidth 50000000
    traffic "200000"
    reservation "204680.0"
  ]
  edge [
    source 66
    target 13
    key 0
    port 0
    weight 1
    bandwidth 50000000
    traffic "200000"
    reservation "204680.0"
  ]
  edge [
    source 67
    target 13
    key 0
    port 0
    weight 1
    bandwidth 50000000
    traffic "200000"
    reservation "182720.0"
  ]
  edge [
    source 68
    target 13
    key 0
    port 0
    weight 1
    bandwidth 50000000
    traffic "200000"
    reservation "182720.0"
  ]
  edge [
    source 69
    target 13
    key 0
    port 0
    weight 1
    bandwidth 50000000
    traffic "200000"
    reservation "204680.0"
  ]
  edge [
    source 70
    target 13
    key 0
    port 0
    weight 1
    bandwidth 50000000
    traffic "200000"
    reservation "182720.0"
  ]
  edge [
    source 71
    target 13
    key 0
    port 0
    weight 1
    bandwidth 50000000
    traffic "200000"
    reservation "204680.0"
  ]
  edge [
    source 72
    target 13
    key 0
    port 0
    weight 1
    bandwidth 50000000
    traffic "200000"
    reservation "182720.0"
  ]
  edge [
    source 73
    target 13
    key 0
    port 0
    weight 1
    bandwidth 50000000
    traffic "200000"
    reservation "204680.0"
  ]
  edge [
    source 74
    target 13
    key 0
    port 0
    weight 1
    bandwidth 50000000
    traffic "200000"
    reservation "182720.0"
  ]
  edge [
    source 75
    target 13
    key 0
    port 0
    weight 1
    bandwidth 50000000
    traffic "200000"
    reservation "204680.0"
  ]
  edge [
    source 76
    target 13
    key 0
    port 0
    weight 1
    bandwidth 50000000
    traffic "200000"
    reservation "182720.0"
  ]
  edge [
    source 77
    target 13
    key 0
    port 0
    weight 1
    bandwidth 50000000
    traffic "200000"
    reservation "182720.0"
  ]
  edge [
    source 78
    target 13
    key 0
    port 0
    weight 1
    bandwidth 50000000
    traffic "200000"
    reservation "204680.0"
  ]
  edge [
    source 79
    target 13
    key 0
    port 0
    weight 1
    bandwidth 50000000
    traffic "200000"
    reservation "204680.0"
  ]
  edge [
    source 80
    target 13
    key 0
    port 0
    weight 1
    bandwidth 50000000
    traffic "200000"
    reservation "182720.0"
  ]
  edge [
    source 81
    target 13
    key 0
    port 0
    weight 1
    bandwidth 50000000
    traffic "200000"
    reservation "204680.0"
  ]
  edge [
    source 82
    target 13
    key 0
    port 0
    weight 1
    bandwidth 50000000
    traffic "200000"
    reservation "182720.0"
  ]
  edge [
    source 83
    target 13
    key 0
    port 0
    weight 1
    bandwidth 50000000
    traffic "200000"
    reservation "204680.0"
  ]
  edge [
    source 84
    target 13
    key 0
    port 0
    weight 1
    bandwidth 50000000
    traffic "200000"
    reservation "204680.0"
  ]
  edge [
    source 85
    target 13
    key 0
    port 0
    weight 1
    bandwidth 50000000
    traffic "200000"
    reservation "204680.0"
  ]
  edge [
    source 86
    target 13
    key 0
    port 0
    weight 1
    bandwidth 50000000
    traffic "200000"
    reservation "182720.0"
  ]
  edge [
    source 87
    target 13
    key 0
    port 0
    weight 1
    bandwidth 50000000
    traffic "200000"
    reservation "182720.0"
  ]
  edge [
    source 88
    target 13
    key 0
    port 0
    weight 1
    bandwidth 50000000
    traffic "200000"
    reservation "182720.0"
  ]
  edge [
    source 89
    target 13
    key 0
    port 0
    weight 1
    bandwidth 50000000
    traffic "200000"
    reservation "204680.0"
  ]
  edge [
    source 90
    target 13
    key 0
    port 0
    weight 1
    bandwidth 50000000
    traffic "200000"
    reservation "204680.0"
  ]
  edge [
    source 91
    target 13
    key 0
    port 0
    weight 1
    bandwidth 50000000
    traffic "200000"
    reservation "204680.0"
  ]
  edge [
    source 92
    target 13
    key 0
    port 0
    weight 1
    bandwidth 50000000
    traffic "200000"
    reservation "204680.0"
  ]
  edge [
    source 93
    target 13
    key 0
    port 0
    weight 1
    bandwidth 50000000
    traffic "200000"
    reservation "182720.0"
  ]
  edge [
    source 94
    target 13
    key 0
    port 0
    weight 1
    bandwidth 50000000
    traffic "200000"
    reservation "204680.0"
  ]
  edge [
    source 95
    target 13
    key 0
    port 0
    weight 1
    bandwidth 50000000
    traffic "200000"
    reservation "182720.0"
  ]
  edge [
    source 96
    target 13
    key 0
    port 0
    weight 1
    bandwidth 50000000
    traffic "200000"
    reservation "182720.0"
  ]
  edge [
    source 97
    target 13
    key 0
    port 0
    weight 1
    bandwidth 50000000
    traffic "200000"
    reservation "204680.0"
  ]
  edge [
    source 98
    target 13
    key 0
    port 0
    weight 1
    bandwidth 50000000
    traffic "200000"
    reservation "182720.0"
  ]
  edge [
    source 99
    target 13
    key 0
    port 0
    weight 1
    bandwidth 50000000
    traffic "200000"
    reservation "204680.0"
  ]
  edge [
    source 100
    target 13
    key 0
    port 0
    weight 1
    bandwidth 50000000
    traffic "200000"
    reservation "182720.0"
  ]
  edge [
    source 101
    target 13
    key 0
    port 0
    weight 1
    bandwidth 50000000
    traffic "200000"
    reservation "204680.0"
  ]
  edge [
    source 102
    target 13
    key 0
    port 0
    weight 1
    bandwidth 50000000
    traffic "200000"
    reservation "204680.0"
  ]
]
