graph [
  directed 1
  multigraph 1
  GeoLocation "Italy"
  GeoExtent "Country"
  Network "GARR"
  Provenance "Primary"
  Note "Names from http://www.noc.garr.it/mappe/"
  Source "http://www.garr.it/index.php/rete/infrastruttura-di-rete/mappa-della-rete/48"
  Version "1.0"
  Type "REN"
  DateType "Historic"
  Backbone 1
  Commercial 0
  label "Garr199901"
  ToolsetVersion "0.3.34dev-20120328"
  Customer 0
  IX 0
  SourceGitVersion "e278b1b"
  DateModifier "="
  DateMonth "01"
  LastAccess "21/10/10"
  Access 0
  Layer "IP"
  Creator "Topology Zoo Toolset"
  Developed 1
  Transit 1
  NetworkDate "1999_01"
  DateYear "1999"
  LastProcessed "2011_09_01"
  Testbed 0
  levelsToS 87
  node [
    id 0
    label "0"
    Country "Italy"
    Longitude 11.25
    Internal 1
    Latitude 43.76667
    type "inner"
    schedulingPolicy "WFQ"
    tosToQoSqueue "0,1,2,3,4,5,6,7,8,9,10,11,12,13,14,15,16,17,18,19,20,21,22,23,24,25,26,27,28,29,30,31,32,33,34,35,36,37,38,39,40,41,42,43,44,45,46,47,48,49,50,51,52,53,54,55,56,57,58,59,60,61,62,63,64,65,66,67,68,69,70,71,72,73,74,75,76,77,78,79,80,81,82,83,84,85,86"
    schedulingWeights "100"
    levelsQoS 1
    queueSizes "32"
  ]
  node [
    id 1
    label "1"
    Country "Italy"
    Longitude 11.33875
    Internal 1
    Latitude 44.49381
    type "inner"
    schedulingPolicy "WFQ"
    tosToQoSqueue "25,26;23,24,27,58;28,59;22,30;55,56,57;54;53;20;63;21,0,1,2,3,4,5,6,7,8,9,10,11,12,13,14,15,16,17,18,19,29,31,32,33,34,35,36,37,38,39,40,41,42,43,44,45,46,47,48,49,50,51,52,60,61,62,64,65,66,67,68,69,70,71,72,73,74,75,76,77,78,79,80,81,82,83,84,85,86"
    schedulingWeights "0.001,0.001,0.001,0.001,0.001,0.001,0.001,0.001,0.001,99.991;0.001,0.001,0.001,0.001,1.326,0.369,0.352,0.001,0.001,97.947;0.001,0.001,0.001,0.001,0.001,0.001,0.001,0.001,0.001,99.991;0.001,15.084,0.001,6.567,0.001,0.001,0.001,36.508,0.001,41.835;0.001,0.001,0.001,0.001,0.001,0.001,0.001,0.001,0.001,99.991;12.202,15.084,15.919,6.567,0.001,0.001,0.001,0.001,33.786,16.437"
    levelsQoS 10
    queueSizes "32,32,32,32,32,32,32,32,32,32"
  ]
  node [
    id 2
    label "2"
    Country "Italy"
    Longitude 7.68682
    Internal 1
    Latitude 45.07049
    type "inner"
    schedulingPolicy "WFQ"
    tosToQoSqueue "0,1,2,3,4,5,6,7,8,9,10,11,12,13,14,15,16,17,18,19,20,21,22,23,24,25,26,27,28,29,30,31,32,33,34,35,36,37,38,39,40,41,42,43,44,45,46,47,48,49,50,51,52,53,54,55,56,57,58,59,60,61,62,63,64,65,66,67,68,69,70,71,72,73,74,75,76,77,78,79,80,81,82,83,84,85,86"
    schedulingWeights "100"
    levelsQoS 1
    queueSizes "32"
  ]
  node [
    id 3
    label "3"
    Country "Italy"
    Longitude 8.93386
    Internal 1
    Latitude 44.40632
    type "inner"
    schedulingPolicy "WFQ"
    tosToQoSqueue "0,1,2,3,4,5,6,7,8,9,10,11,12,13,14,15,16,17,18,19,20,21,22,23,24,25,26,27,28,29,30,31,32,33,34,35,36,37,38,39,40,41,42,43,44,45,46,47,48,49,50,51,52,53,54,55,56,57,58,59,60,61,62,63,64,65,66,67,68,69,70,71,72,73,74,75,76,77,78,79,80,81,82,83,84,85,86"
    schedulingWeights "100"
    levelsQoS 1
    queueSizes "32"
  ]
  node [
    id 4
    label "4"
    Country "Italy"
    Longitude 14.25
    Internal 1
    Latitude 40.83333
    type "inner"
    schedulingPolicy "WFQ"
    tosToQoSqueue "25,26;23,24,27,58;28,59;22,30;38,55,56,57,69,78;29,33,39,42,65,70,73,76,80;40,41,54,66,68,74,79,85;36,45,60,67,71,77,83,86;32,44,46,75,84;31,34,35,37,43,47,53,61,62,64,72,81,82;20;63;21,0,1,2,3,4,5,6,7,8,9,10,11,12,13,14,15,16,17,18,19,48,49,50,51,52"
    schedulingWeights "0.001,15.084,0.001,6.567,0.001,0.001,0.001,0.001,0.001,0.001,36.508,0.001,41.832;12.202,15.084,15.919,6.567,0.001,0.001,0.001,0.001,0.001,0.001,0.001,33.786,16.434;0.001,0.001,0.001,0.001,0.001,0.001,0.001,0.001,0.001,0.001,0.001,0.001,99.988;0.001,0.001,0.001,0.001,0.001,0.001,0.001,0.001,0.001,0.001,0.001,0.001,99.988;0.001,0.001,0.001,0.001,2.653,3.975,2.95,3.579,2.005,4.57,0.001,0.001,80.262;0.001,0.001,0.001,0.001,0.001,0.001,0.001,0.001,0.001,0.001,0.001,0.001,99.988"
    levelsQoS 13
    queueSizes "32,32,32,32,32,32,32,32,32,32,32,32,32"
  ]
  node [
    id 5
    label "5"
    Country "Italy"
    Longitude 9.16145
    Internal 1
    Latitude 45.18446
    type "inner"
    schedulingPolicy "WFQ"
    tosToQoSqueue "0,1,2,3,4,5,6,7,8,9,10,11,12,13,14,15,16,17,18,19,20,21,22,23,24,25,26,27,28,29,30,31,32,33,34,35,36,37,38,39,40,41,42,43,44,45,46,47,48,49,50,51,52,53,54,55,56,57,58,59,60,61,62,63,64,65,66,67,68,69,70,71,72,73,74,75,76,77,78,79,80,81,82,83,84,85,86"
    schedulingWeights "100"
    levelsQoS 1
    queueSizes "32"
  ]
  node [
    id 6
    label "6"
    Country "Italy"
    Longitude 11.88181
    Internal 1
    Latitude 45.41519
    type "inner"
    schedulingPolicy "WFQ"
    tosToQoSqueue "0,1,2,3,4,5,6,7,8,9,10,11,12,13,14,15,16,17,18,19,20,21,22,23,24,25,26,27,28,29,30,31,32,33,34,35,36,37,38,39,40,41,42,43,44,45,46,47,48,49,50,51,52,53,54,55,56,57,58,59,60,61,62,63,64,65,66,67,68,69,70,71,72,73,74,75,76,77,78,79,80,81,82,83,84,85,86"
    schedulingWeights "100"
    levelsQoS 1
    queueSizes "32"
  ]
  node [
    id 7
    label "7"
    Country "Italy"
    Longitude 9.18951
    Internal 1
    Latitude 45.46427
    type "inner"
    schedulingPolicy "WFQ"
    tosToQoSqueue "25,26;23,24,27,58;28,59;22,30;20;63;21,0,1,2,3,4,5,6,7,8,9,10,11,12,13,14,15,16,17,18,19,29,31,32,33,34,35,36,37,38,39,40,41,42,43,44,45,46,47,48,49,50,51,52,53,54,55,56,57,60,61,62,64,65,66,67,68,69,70,71,72,73,74,75,76,77,78,79,80,81,82,83,84,85,86"
    schedulingWeights "12.202,15.084,15.919,6.567,0.001,33.786,16.44;0.001,0.001,0.001,0.001,0.001,0.001,99.994;0.001,0.001,0.001,0.001,0.001,0.001,99.994;0.001,0.001,0.001,0.001,0.001,0.001,99.994;0.001,0.001,0.001,0.001,0.001,0.001,99.994;0.001,15.084,0.001,6.567,36.508,0.001,41.838;0.001,0.001,0.001,0.001,0.001,0.001,99.994"
    levelsQoS 7
    queueSizes "32,32,32,32,32,32,32"
  ]
  node [
    id 8
    label "8"
    Country "Italy"
    Longitude 10.39659
    Internal 1
    Latitude 43.71553
    type "inner"
    schedulingPolicy "WFQ"
    tosToQoSqueue "0,1,2,3,4,5,6,7,8,9,10,11,12,13,14,15,16,17,18,19,20,21,22,23,24,25,26,27,28,29,30,31,32,33,34,35,36,37,38,39,40,41,42,43,44,45,46,47,48,49,50,51,52,53,54,55,56,57,58,59,60,61,62,63,64,65,66,67,68,69,70,71,72,73,74,75,76,77,78,79,80,81,82,83,84,85,86"
    schedulingWeights "100"
    levelsQoS 1
    queueSizes "32"
  ]
  node [
    id 9
    label "9"
    Country "Italy"
    Longitude 9.13462
    Internal 1
    Latitude 39.20738
    type "antenna"
    schedulingPolicy "WFQ"
    tosToQoSqueue "51;49;52;50;55,56,57;54;53;19,48,0,1,2,3,4,5,6,7,8,9,10,11,12,13,14,15,16,17,18,20,21,22,23,24,25,26,27,28,29,30,31,32,33,34,35,36,37,38,39,40,41,42,43,44,45,46,47,58,59,60,61,62,63,64,65,66,67,68,69,70,71,72,73,74,75,76,77,78,79,80,81,82,83,84,85,86"
    schedulingWeights "6.101,7.96,6.611,6.567,1.326,0.369,0.352,70.714;0.001,0.001,0.001,0.001,0.001,0.001,0.001,99.993;0.001,0.001,0.001,0.001,0.001,0.001,0.001,99.993;0.001,0.001,0.001,0.001,0.001,0.001,0.001,99.993;0.001,0.001,0.001,0.001,0.001,0.001,0.001,99.993;0.001,0.001,0.001,0.001,0.001,0.001,0.001,99.993;0.001,0.001,0.001,0.001,0.001,0.001,0.001,99.993;0.001,0.001,0.001,0.001,0.001,0.001,0.001,99.993;0.001,0.001,0.001,0.001,0.001,0.001,0.001,99.993;0.001,0.001,0.001,0.001,0.001,0.001,0.001,99.993;0.001,0.001,0.001,0.001,0.001,0.001,0.001,99.993;0.001,0.001,0.001,0.001,0.001,0.001,0.001,99.993"
    levelsQoS 8
    queueSizes "32,32,32,32,32,32,32,32"
  ]
  node [
    id 10
    label "10"
    Country "Italy"
    Longitude 12.4839
    Internal 1
    Latitude 41.89474
    type "destination_embb"
    schedulingPolicy "FIFO"
    levelsQoS "1"
    schedulingWeights "-"
    tosToQoSqueue "0,1,2,3,4,5,6,7,8,9,10,11,12,13,14,15,16,17,18,19,20,21,22,23,24,25,26,27,28,29,30,31,32,33,34,35,36,37,38,39,40,41,42,43,44,45,46,47,48,49,50,51,52,53,54,55,56,57,58,59,60,61,62,63,64,65,66,67,68,69,70,71,72,73,74,75,76,77,78,79,80,81,82,83,84,85,86"
    queueSizes "32"
  ]
  node [
    id 11
    label "11"
    Country "Italy"
    Longitude 13.39954
    Internal 1
    Latitude 42.35055
    type "destination_urllc"
    schedulingPolicy "FIFO"
    levelsQoS "1"
    schedulingWeights "-"
    tosToQoSqueue "0,1,2,3,4,5,6,7,8,9,10,11,12,13,14,15,16,17,18,19,20,21,22,23,24,25,26,27,28,29,30,31,32,33,34,35,36,37,38,39,40,41,42,43,44,45,46,47,48,49,50,51,52,53,54,55,56,57,58,59,60,61,62,63,64,65,66,67,68,69,70,71,72,73,74,75,76,77,78,79,80,81,82,83,84,85,86"
    queueSizes "32"
  ]
  node [
    id 12
    label "12"
    Country "Italy"
    Longitude 16.85118
    Internal 1
    Latitude 41.11773
    type "antenna"
    schedulingPolicy "WFQ"
    tosToQoSqueue "58;59;69,78;65,70,73,76,80;66,68,74,79,85;60,67,71,77,83,86;75,84;61,62,64,72,81,82;63;21,0,1,2,3,4,5,6,7,8,9,10,11,12,13,14,15,16,17,18,19,20,22,23,24,25,26,27,28,29,30,31,32,33,34,35,36,37,38,39,40,41,42,43,44,45,46,47,48,49,50,51,52,53,54,55,56,57"
    schedulingWeights "7.542,7.96,0.884,2.208,1.844,2.684,0.802,2.109,33.786,40.18;0.001,0.001,0.001,0.001,0.001,0.001,0.001,0.001,0.001,99.991;0.001,0.001,0.001,0.001,0.001,0.001,0.001,0.001,0.001,99.991;0.001,0.001,0.001,0.001,0.001,0.001,0.001,0.001,0.001,99.991;0.001,0.001,0.001,0.001,0.001,0.001,0.001,0.001,0.001,99.991;0.001,0.001,0.001,0.001,0.001,0.001,0.001,0.001,0.001,99.991;0.001,0.001,0.001,0.001,0.001,0.001,0.001,0.001,0.001,99.991;0.001,0.001,0.001,0.001,0.001,0.001,0.001,0.001,0.001,99.991;0.001,0.001,0.001,0.001,0.001,0.001,0.001,0.001,0.001,99.991;0.001,0.001,0.001,0.001,0.001,0.001,0.001,0.001,0.001,99.991;0.001,0.001,0.001,0.001,0.001,0.001,0.001,0.001,0.001,99.991;0.001,0.001,0.001,0.001,0.001,0.001,0.001,0.001,0.001,99.991;0.001,0.001,0.001,0.001,0.001,0.001,0.001,0.001,0.001,99.991;0.001,0.001,0.001,0.001,0.001,0.001,0.001,0.001,0.001,99.991;0.001,0.001,0.001,0.001,0.001,0.001,0.001,0.001,0.001,99.991;0.001,0.001,0.001,0.001,0.001,0.001,0.001,0.001,0.001,99.991;0.001,0.001,0.001,0.001,0.001,0.001,0.001,0.001,0.001,99.991;0.001,0.001,0.001,0.001,0.001,0.001,0.001,0.001,0.001,99.991;0.001,0.001,0.001,0.001,0.001,0.001,0.001,0.001,0.001,99.991;0.001,0.001,0.001,0.001,0.001,0.001,0.001,0.001,0.001,99.991;0.001,0.001,0.001,0.001,0.001,0.001,0.001,0.001,0.001,99.991;0.001,0.001,0.001,0.001,0.001,0.001,0.001,0.001,0.001,99.991;0.001,0.001,0.001,0.001,0.001,0.001,0.001,0.001,0.001,99.991;0.001,0.001,0.001,0.001,0.001,0.001,0.001,0.001,0.001,99.991;0.001,0.001,0.001,0.001,0.001,0.001,0.001,0.001,0.001,99.991;0.001,0.001,0.001,0.001,0.001,0.001,0.001,0.001,0.001,99.991;0.001,0.001,0.001,0.001,0.001,0.001,0.001,0.001,0.001,99.991;0.001,0.001,0.001,0.001,0.001,0.001,0.001,0.001,0.001,99.991;0.001,0.001,0.001,0.001,0.001,0.001,0.001,0.001,0.001,99.991;0.001,0.001,0.001,0.001,0.001,0.001,0.001,0.001,0.001,99.991;0.001,0.001,0.001,0.001,0.001,0.001,0.001,0.001,0.001,99.991"
    levelsQoS 10
    queueSizes "32,32,32,32,32,32,32,32,32,32"
  ]
  node [
    id 13
    label "13"
    Country "Italy"
    Longitude 15.08719
    Internal 1
    Latitude 37.50213
    type "destination_mmtc"
    schedulingPolicy "FIFO"
    levelsQoS "1"
    schedulingWeights "-"
    tosToQoSqueue "0,1,2,3,4,5,6,7,8,9,10,11,12,13,14,15,16,17,18,19,20,21,22,23,24,25,26,27,28,29,30,31,32,33,34,35,36,37,38,39,40,41,42,43,44,45,46,47,48,49,50,51,52,53,54,55,56,57,58,59,60,61,62,63,64,65,66,67,68,69,70,71,72,73,74,75,76,77,78,79,80,81,82,83,84,85,86"
    queueSizes "32"
  ]
  node [
    id 14
    label "14"
    Country "Italy"
    Longitude 13.35976
    Internal 1
    Latitude 38.11582
    type "antenna"
    schedulingPolicy "WFQ"
    tosToQoSqueue "25,26;23,24,27;28;22,30;38;29,33,39,42;40,41;36,45;32,44,46;31,34,35,37,43,47;20,0,1,2,3,4,5,6,7,8,9,10,11,12,13,14,15,16,17,18,19,21,48,49,50,51,52,53,54,55,56,57,58,59,60,61,62,63,64,65,66,67,68,69,70,71,72,73,74,75,76,77,78,79,80,81,82,83,84,85,86"
    schedulingWeights "12.202,22.625,7.96,13.135,0.442,1.767,0.738,0.895,1.203,2.109,36.924;0.001,0.001,0.001,0.001,0.001,0.001,0.001,0.001,0.001,0.001,99.99;0.001,0.001,0.001,0.001,0.001,0.001,0.001,0.001,0.001,0.001,99.99;0.001,0.001,0.001,0.001,0.001,0.001,0.001,0.001,0.001,0.001,99.99;0.001,0.001,0.001,0.001,0.001,0.001,0.001,0.001,0.001,0.001,99.99;0.001,0.001,0.001,0.001,0.001,0.001,0.001,0.001,0.001,0.001,99.99;0.001,0.001,0.001,0.001,0.001,0.001,0.001,0.001,0.001,0.001,99.99;0.001,0.001,0.001,0.001,0.001,0.001,0.001,0.001,0.001,0.001,99.99;0.001,0.001,0.001,0.001,0.001,0.001,0.001,0.001,0.001,0.001,99.99;0.001,0.001,0.001,0.001,0.001,0.001,0.001,0.001,0.001,0.001,99.99;0.001,0.001,0.001,0.001,0.001,0.001,0.001,0.001,0.001,0.001,99.99;0.001,0.001,0.001,0.001,0.001,0.001,0.001,0.001,0.001,0.001,99.99;0.001,0.001,0.001,0.001,0.001,0.001,0.001,0.001,0.001,0.001,99.99;0.001,0.001,0.001,0.001,0.001,0.001,0.001,0.001,0.001,0.001,99.99;0.001,0.001,0.001,0.001,0.001,0.001,0.001,0.001,0.001,0.001,99.99;0.001,0.001,0.001,0.001,0.001,0.001,0.001,0.001,0.001,0.001,99.99;0.001,0.001,0.001,0.001,0.001,0.001,0.001,0.001,0.001,0.001,99.99;0.001,0.001,0.001,0.001,0.001,0.001,0.001,0.001,0.001,0.001,99.99;0.001,0.001,0.001,0.001,0.001,0.001,0.001,0.001,0.001,0.001,99.99;0.001,0.001,0.001,0.001,0.001,0.001,0.001,0.001,0.001,0.001,99.99;0.001,0.001,0.001,0.001,0.001,0.001,0.001,0.001,0.001,0.001,99.99;0.001,0.001,0.001,0.001,0.001,0.001,0.001,0.001,0.001,0.001,99.99;0.001,0.001,0.001,0.001,0.001,0.001,0.001,0.001,0.001,0.001,99.99;0.001,0.001,0.001,0.001,0.001,0.001,0.001,0.001,0.001,0.001,99.99;0.001,0.001,0.001,0.001,0.001,0.001,0.001,0.001,0.001,0.001,99.99;0.001,0.001,0.001,0.001,0.001,0.001,0.001,0.001,0.001,0.001,99.99;0.001,0.001,0.001,0.001,0.001,0.001,0.001,0.001,0.001,0.001,99.99;0.001,0.001,0.001,0.001,0.001,0.001,0.001,0.001,0.001,0.001,99.99"
    levelsQoS 11
    queueSizes "32,32,32,32,32,32,32,32,32,32,32"
  ]
  node [
    id 15
    label "15"
    Country "Italy"
    Longitude 13.78
    Internal 1
    Latitude 45.64861
    type "inner"
    schedulingPolicy "WFQ"
    tosToQoSqueue "0,1,2,3,4,5,6,7,8,9,10,11,12,13,14,15,16,17,18,19,20,21,22,23,24,25,26,27,28,29,30,31,32,33,34,35,36,37,38,39,40,41,42,43,44,45,46,47,48,49,50,51,52,53,54,55,56,57,58,59,60,61,62,63,64,65,66,67,68,69,70,71,72,73,74,75,76,77,78,79,80,81,82,83,84,85,86"
    schedulingWeights "100"
    levelsQoS 1
    queueSizes "32"
  ]
  node [
    id 16
    label "16"
    schedulingPolicy "FIFO"
    levelsQoS "1"
    schedulingWeights "-"
    tosToQoSqueue "0,1,2,3,4,5,6,7,8,9,10,11,12,13,14,15,16,17,18,19,20,21,22,23,24,25,26,27,28,29,30,31,32,33,34,35,36,37,38,39,40,41,42,43,44,45,46,47,48,49,50,51,52,53,54,55,56,57,58,59,60,61,62,63,64,65,66,67,68,69,70,71,72,73,74,75,76,77,78,79,80,81,82,83,84,85,86"
    queueSizes "32"
    type "destination_urllc"
  ]
  node [
    id 17
    label "17"
    schedulingPolicy "FIFO"
    levelsQoS "1"
    schedulingWeights "-"
    tosToQoSqueue "0,1,2,3,4,5,6,7,8,9,10,11,12,13,14,15,16,17,18,19,20,21,22,23,24,25,26,27,28,29,30,31,32,33,34,35,36,37,38,39,40,41,42,43,44,45,46,47,48,49,50,51,52,53,54,55,56,57,58,59,60,61,62,63,64,65,66,67,68,69,70,71,72,73,74,75,76,77,78,79,80,81,82,83,84,85,86"
    queueSizes "32"
    type "destination_mmtc"
  ]
  node [
    id 18
    label "18"
    schedulingPolicy "FIFO"
    levelsQoS "1"
    schedulingWeights "-"
    tosToQoSqueue "0,1,2,3,4,5,6,7,8,9,10,11,12,13,14,15,16,17,18,19,20,21,22,23,24,25,26,27,28,29,30,31,32,33,34,35,36,37,38,39,40,41,42,43,44,45,46,47,48,49,50,51,52,53,54,55,56,57,58,59,60,61,62,63,64,65,66,67,68,69,70,71,72,73,74,75,76,77,78,79,80,81,82,83,84,85,86"
    queueSizes "32"
    type "destination_embb"
  ]
  node [
    id 19
    label "19"
    schedulingPolicy "FIFO"
    levelsQoS "1"
    schedulingWeights "-"
    tosToQoSqueue "0,1,2,3,4,5,6,7,8,9,10,11,12,13,14,15,16,17,18,19,20,21,22,23,24,25,26,27,28,29,30,31,32,33,34,35,36,37,38,39,40,41,42,43,44,45,46,47,48,49,50,51,52,53,54,55,56,57,58,59,60,61,62,63,64,65,66,67,68,69,70,71,72,73,74,75,76,77,78,79,80,81,82,83,84,85,86"
    queueSizes "32"
    type "origin_embb"
    reservation 17670600.0
  ]
  node [
    id 20
    label "20"
    schedulingPolicy "FIFO"
    levelsQoS "1"
    schedulingWeights "-"
    tosToQoSqueue "0,1,2,3,4,5,6,7,8,9,10,11,12,13,14,15,16,17,18,19,20,21,22,23,24,25,26,27,28,29,30,31,32,33,34,35,36,37,38,39,40,41,42,43,44,45,46,47,48,49,50,51,52,53,54,55,56,57,58,59,60,61,62,63,64,65,66,67,68,69,70,71,72,73,74,75,76,77,78,79,80,81,82,83,84,85,86"
    queueSizes "32"
    type "origin_embb"
    reservation 18253800.0
  ]
  node [
    id 21
    label "21"
    schedulingPolicy "FIFO"
    levelsQoS "1"
    schedulingWeights "-"
    tosToQoSqueue "0,1,2,3,4,5,6,7,8,9,10,11,12,13,14,15,16,17,18,19,20,21,22,23,24,25,26,27,28,29,30,31,32,33,34,35,36,37,38,39,40,41,42,43,44,45,46,47,48,49,50,51,52,53,54,55,56,57,58,59,60,61,62,63,64,65,66,67,68,69,70,71,72,73,74,75,76,77,78,79,80,81,82,83,84,85,86"
    queueSizes "32"
    type "origin_embb"
    reservation 19884600.0
  ]
  node [
    id 22
    label "22"
    schedulingPolicy "FIFO"
    levelsQoS "1"
    schedulingWeights "-"
    tosToQoSqueue "0,1,2,3,4,5,6,7,8,9,10,11,12,13,14,15,16,17,18,19,20,21,22,23,24,25,26,27,28,29,30,31,32,33,34,35,36,37,38,39,40,41,42,43,44,45,46,47,48,49,50,51,52,53,54,55,56,57,58,59,60,61,62,63,64,65,66,67,68,69,70,71,72,73,74,75,76,77,78,79,80,81,82,83,84,85,86"
    queueSizes "32"
    type "origin_urllc"
    reservation 3283700.0
  ]
  node [
    id 23
    label "23"
    schedulingPolicy "FIFO"
    levelsQoS "1"
    schedulingWeights "-"
    tosToQoSqueue "0,1,2,3,4,5,6,7,8,9,10,11,12,13,14,15,16,17,18,19,20,21,22,23,24,25,26,27,28,29,30,31,32,33,34,35,36,37,38,39,40,41,42,43,44,45,46,47,48,49,50,51,52,53,54,55,56,57,58,59,60,61,62,63,64,65,66,67,68,69,70,71,72,73,74,75,76,77,78,79,80,81,82,83,84,85,86"
    queueSizes "32"
    type "origin_urllc"
    reservation 3770900.0
  ]
  node [
    id 24
    label "24"
    schedulingPolicy "FIFO"
    levelsQoS "1"
    schedulingWeights "-"
    tosToQoSqueue "0,1,2,3,4,5,6,7,8,9,10,11,12,13,14,15,16,17,18,19,20,21,22,23,24,25,26,27,28,29,30,31,32,33,34,35,36,37,38,39,40,41,42,43,44,45,46,47,48,49,50,51,52,53,54,55,56,57,58,59,60,61,62,63,64,65,66,67,68,69,70,71,72,73,74,75,76,77,78,79,80,81,82,83,84,85,86"
    queueSizes "32"
    type "origin_urllc"
    reservation 3770900.0
  ]
  node [
    id 25
    label "25"
    schedulingPolicy "FIFO"
    levelsQoS "1"
    schedulingWeights "-"
    tosToQoSqueue "0,1,2,3,4,5,6,7,8,9,10,11,12,13,14,15,16,17,18,19,20,21,22,23,24,25,26,27,28,29,30,31,32,33,34,35,36,37,38,39,40,41,42,43,44,45,46,47,48,49,50,51,52,53,54,55,56,57,58,59,60,61,62,63,64,65,66,67,68,69,70,71,72,73,74,75,76,77,78,79,80,81,82,83,84,85,86"
    queueSizes "32"
    type "origin_urllc"
    reservation 3050600.0
  ]
  node [
    id 26
    label "26"
    schedulingPolicy "FIFO"
    levelsQoS "1"
    schedulingWeights "-"
    tosToQoSqueue "0,1,2,3,4,5,6,7,8,9,10,11,12,13,14,15,16,17,18,19,20,21,22,23,24,25,26,27,28,29,30,31,32,33,34,35,36,37,38,39,40,41,42,43,44,45,46,47,48,49,50,51,52,53,54,55,56,57,58,59,60,61,62,63,64,65,66,67,68,69,70,71,72,73,74,75,76,77,78,79,80,81,82,83,84,85,86"
    queueSizes "32"
    type "origin_urllc"
    reservation 3050600.0
  ]
  node [
    id 27
    label "27"
    schedulingPolicy "FIFO"
    levelsQoS "1"
    schedulingWeights "-"
    tosToQoSqueue "0,1,2,3,4,5,6,7,8,9,10,11,12,13,14,15,16,17,18,19,20,21,22,23,24,25,26,27,28,29,30,31,32,33,34,35,36,37,38,39,40,41,42,43,44,45,46,47,48,49,50,51,52,53,54,55,56,57,58,59,60,61,62,63,64,65,66,67,68,69,70,71,72,73,74,75,76,77,78,79,80,81,82,83,84,85,86"
    queueSizes "32"
    type "origin_urllc"
    reservation 3770900.0
  ]
  node [
    id 28
    label "28"
    schedulingPolicy "FIFO"
    levelsQoS "1"
    schedulingWeights "-"
    tosToQoSqueue "0,1,2,3,4,5,6,7,8,9,10,11,12,13,14,15,16,17,18,19,20,21,22,23,24,25,26,27,28,29,30,31,32,33,34,35,36,37,38,39,40,41,42,43,44,45,46,47,48,49,50,51,52,53,54,55,56,57,58,59,60,61,62,63,64,65,66,67,68,69,70,71,72,73,74,75,76,77,78,79,80,81,82,83,84,85,86"
    queueSizes "32"
    type "origin_urllc"
    reservation 3979850.0
  ]
  node [
    id 29
    label "29"
    schedulingPolicy "FIFO"
    levelsQoS "1"
    schedulingWeights "-"
    tosToQoSqueue "0,1,2,3,4,5,6,7,8,9,10,11,12,13,14,15,16,17,18,19,20,21,22,23,24,25,26,27,28,29,30,31,32,33,34,35,36,37,38,39,40,41,42,43,44,45,46,47,48,49,50,51,52,53,54,55,56,57,58,59,60,61,62,63,64,65,66,67,68,69,70,71,72,73,74,75,76,77,78,79,80,81,82,83,84,85,86"
    queueSizes "32"
    type "origin_mmtc"
    reservation 220820.0
  ]
  node [
    id 30
    label "30"
    schedulingPolicy "FIFO"
    levelsQoS "1"
    schedulingWeights "-"
    tosToQoSqueue "0,1,2,3,4,5,6,7,8,9,10,11,12,13,14,15,16,17,18,19,20,21,22,23,24,25,26,27,28,29,30,31,32,33,34,35,36,37,38,39,40,41,42,43,44,45,46,47,48,49,50,51,52,53,54,55,56,57,58,59,60,61,62,63,64,65,66,67,68,69,70,71,72,73,74,75,76,77,78,79,80,81,82,83,84,85,86"
    queueSizes "32"
    type "origin_urllc"
    reservation 3283700.0
  ]
  node [
    id 31
    label "31"
    schedulingPolicy "FIFO"
    levelsQoS "1"
    schedulingWeights "-"
    tosToQoSqueue "0,1,2,3,4,5,6,7,8,9,10,11,12,13,14,15,16,17,18,19,20,21,22,23,24,25,26,27,28,29,30,31,32,33,34,35,36,37,38,39,40,41,42,43,44,45,46,47,48,49,50,51,52,53,54,55,56,57,58,59,60,61,62,63,64,65,66,67,68,69,70,71,72,73,74,75,76,77,78,79,80,81,82,83,84,85,86"
    queueSizes "32"
    type "origin_mmtc"
    reservation 175760.0
  ]
  node [
    id 32
    label "32"
    schedulingPolicy "FIFO"
    levelsQoS "1"
    schedulingWeights "-"
    tosToQoSqueue "0,1,2,3,4,5,6,7,8,9,10,11,12,13,14,15,16,17,18,19,20,21,22,23,24,25,26,27,28,29,30,31,32,33,34,35,36,37,38,39,40,41,42,43,44,45,46,47,48,49,50,51,52,53,54,55,56,57,58,59,60,61,62,63,64,65,66,67,68,69,70,71,72,73,74,75,76,77,78,79,80,81,82,83,84,85,86"
    queueSizes "32"
    type "origin_mmtc"
    reservation 200540.0
  ]
  node [
    id 33
    label "33"
    schedulingPolicy "FIFO"
    levelsQoS "1"
    schedulingWeights "-"
    tosToQoSqueue "0,1,2,3,4,5,6,7,8,9,10,11,12,13,14,15,16,17,18,19,20,21,22,23,24,25,26,27,28,29,30,31,32,33,34,35,36,37,38,39,40,41,42,43,44,45,46,47,48,49,50,51,52,53,54,55,56,57,58,59,60,61,62,63,64,65,66,67,68,69,70,71,72,73,74,75,76,77,78,79,80,81,82,83,84,85,86"
    queueSizes "32"
    type "origin_mmtc"
    reservation 220820.0
  ]
  node [
    id 34
    label "34"
    schedulingPolicy "FIFO"
    levelsQoS "1"
    schedulingWeights "-"
    tosToQoSqueue "0,1,2,3,4,5,6,7,8,9,10,11,12,13,14,15,16,17,18,19,20,21,22,23,24,25,26,27,28,29,30,31,32,33,34,35,36,37,38,39,40,41,42,43,44,45,46,47,48,49,50,51,52,53,54,55,56,57,58,59,60,61,62,63,64,65,66,67,68,69,70,71,72,73,74,75,76,77,78,79,80,81,82,83,84,85,86"
    queueSizes "32"
    type "origin_mmtc"
    reservation 175760.0
  ]
  node [
    id 35
    label "35"
    schedulingPolicy "FIFO"
    levelsQoS "1"
    schedulingWeights "-"
    tosToQoSqueue "0,1,2,3,4,5,6,7,8,9,10,11,12,13,14,15,16,17,18,19,20,21,22,23,24,25,26,27,28,29,30,31,32,33,34,35,36,37,38,39,40,41,42,43,44,45,46,47,48,49,50,51,52,53,54,55,56,57,58,59,60,61,62,63,64,65,66,67,68,69,70,71,72,73,74,75,76,77,78,79,80,81,82,83,84,85,86"
    queueSizes "32"
    type "origin_mmtc"
    reservation 175760.0
  ]
  node [
    id 36
    label "36"
    schedulingPolicy "FIFO"
    levelsQoS "1"
    schedulingWeights "-"
    tosToQoSqueue "0,1,2,3,4,5,6,7,8,9,10,11,12,13,14,15,16,17,18,19,20,21,22,23,24,25,26,27,28,29,30,31,32,33,34,35,36,37,38,39,40,41,42,43,44,45,46,47,48,49,50,51,52,53,54,55,56,57,58,59,60,61,62,63,64,65,66,67,68,69,70,71,72,73,74,75,76,77,78,79,80,81,82,83,84,85,86"
    queueSizes "32"
    type "origin_mmtc"
    reservation 223700.0
  ]
  node [
    id 37
    label "37"
    schedulingPolicy "FIFO"
    levelsQoS "1"
    schedulingWeights "-"
    tosToQoSqueue "0,1,2,3,4,5,6,7,8,9,10,11,12,13,14,15,16,17,18,19,20,21,22,23,24,25,26,27,28,29,30,31,32,33,34,35,36,37,38,39,40,41,42,43,44,45,46,47,48,49,50,51,52,53,54,55,56,57,58,59,60,61,62,63,64,65,66,67,68,69,70,71,72,73,74,75,76,77,78,79,80,81,82,83,84,85,86"
    queueSizes "32"
    type "origin_mmtc"
    reservation 175760.0
  ]
  node [
    id 38
    label "38"
    schedulingPolicy "FIFO"
    levelsQoS "1"
    schedulingWeights "-"
    tosToQoSqueue "0,1,2,3,4,5,6,7,8,9,10,11,12,13,14,15,16,17,18,19,20,21,22,23,24,25,26,27,28,29,30,31,32,33,34,35,36,37,38,39,40,41,42,43,44,45,46,47,48,49,50,51,52,53,54,55,56,57,58,59,60,61,62,63,64,65,66,67,68,69,70,71,72,73,74,75,76,77,78,79,80,81,82,83,84,85,86"
    queueSizes "32"
    type "origin_mmtc"
    reservation 221060.0
  ]
  node [
    id 39
    label "39"
    schedulingPolicy "FIFO"
    levelsQoS "1"
    schedulingWeights "-"
    tosToQoSqueue "0,1,2,3,4,5,6,7,8,9,10,11,12,13,14,15,16,17,18,19,20,21,22,23,24,25,26,27,28,29,30,31,32,33,34,35,36,37,38,39,40,41,42,43,44,45,46,47,48,49,50,51,52,53,54,55,56,57,58,59,60,61,62,63,64,65,66,67,68,69,70,71,72,73,74,75,76,77,78,79,80,81,82,83,84,85,86"
    queueSizes "32"
    type "origin_mmtc"
    reservation 220820.0
  ]
  node [
    id 40
    label "40"
    schedulingPolicy "FIFO"
    levelsQoS "1"
    schedulingWeights "-"
    tosToQoSqueue "0,1,2,3,4,5,6,7,8,9,10,11,12,13,14,15,16,17,18,19,20,21,22,23,24,25,26,27,28,29,30,31,32,33,34,35,36,37,38,39,40,41,42,43,44,45,46,47,48,49,50,51,52,53,54,55,56,57,58,59,60,61,62,63,64,65,66,67,68,69,70,71,72,73,74,75,76,77,78,79,80,81,82,83,84,85,86"
    queueSizes "32"
    type "origin_mmtc"
    reservation 184400.0
  ]
  node [
    id 41
    label "41"
    schedulingPolicy "FIFO"
    levelsQoS "1"
    schedulingWeights "-"
    tosToQoSqueue "0,1,2,3,4,5,6,7,8,9,10,11,12,13,14,15,16,17,18,19,20,21,22,23,24,25,26,27,28,29,30,31,32,33,34,35,36,37,38,39,40,41,42,43,44,45,46,47,48,49,50,51,52,53,54,55,56,57,58,59,60,61,62,63,64,65,66,67,68,69,70,71,72,73,74,75,76,77,78,79,80,81,82,83,84,85,86"
    queueSizes "32"
    type "origin_mmtc"
    reservation 184400.0
  ]
  node [
    id 42
    label "42"
    schedulingPolicy "FIFO"
    levelsQoS "1"
    schedulingWeights "-"
    tosToQoSqueue "0,1,2,3,4,5,6,7,8,9,10,11,12,13,14,15,16,17,18,19,20,21,22,23,24,25,26,27,28,29,30,31,32,33,34,35,36,37,38,39,40,41,42,43,44,45,46,47,48,49,50,51,52,53,54,55,56,57,58,59,60,61,62,63,64,65,66,67,68,69,70,71,72,73,74,75,76,77,78,79,80,81,82,83,84,85,86"
    queueSizes "32"
    type "origin_mmtc"
    reservation 220820.0
  ]
  node [
    id 43
    label "43"
    schedulingPolicy "FIFO"
    levelsQoS "1"
    schedulingWeights "-"
    tosToQoSqueue "0,1,2,3,4,5,6,7,8,9,10,11,12,13,14,15,16,17,18,19,20,21,22,23,24,25,26,27,28,29,30,31,32,33,34,35,36,37,38,39,40,41,42,43,44,45,46,47,48,49,50,51,52,53,54,55,56,57,58,59,60,61,62,63,64,65,66,67,68,69,70,71,72,73,74,75,76,77,78,79,80,81,82,83,84,85,86"
    queueSizes "32"
    type "origin_mmtc"
    reservation 175760.0
  ]
  node [
    id 44
    label "44"
    schedulingPolicy "FIFO"
    levelsQoS "1"
    schedulingWeights "-"
    tosToQoSqueue "0,1,2,3,4,5,6,7,8,9,10,11,12,13,14,15,16,17,18,19,20,21,22,23,24,25,26,27,28,29,30,31,32,33,34,35,36,37,38,39,40,41,42,43,44,45,46,47,48,49,50,51,52,53,54,55,56,57,58,59,60,61,62,63,64,65,66,67,68,69,70,71,72,73,74,75,76,77,78,79,80,81,82,83,84,85,86"
    queueSizes "32"
    type "origin_mmtc"
    reservation 200540.0
  ]
  node [
    id 45
    label "45"
    schedulingPolicy "FIFO"
    levelsQoS "1"
    schedulingWeights "-"
    tosToQoSqueue "0,1,2,3,4,5,6,7,8,9,10,11,12,13,14,15,16,17,18,19,20,21,22,23,24,25,26,27,28,29,30,31,32,33,34,35,36,37,38,39,40,41,42,43,44,45,46,47,48,49,50,51,52,53,54,55,56,57,58,59,60,61,62,63,64,65,66,67,68,69,70,71,72,73,74,75,76,77,78,79,80,81,82,83,84,85,86"
    queueSizes "32"
    type "origin_mmtc"
    reservation 223700.0
  ]
  node [
    id 46
    label "46"
    schedulingPolicy "FIFO"
    levelsQoS "1"
    schedulingWeights "-"
    tosToQoSqueue "0,1,2,3,4,5,6,7,8,9,10,11,12,13,14,15,16,17,18,19,20,21,22,23,24,25,26,27,28,29,30,31,32,33,34,35,36,37,38,39,40,41,42,43,44,45,46,47,48,49,50,51,52,53,54,55,56,57,58,59,60,61,62,63,64,65,66,67,68,69,70,71,72,73,74,75,76,77,78,79,80,81,82,83,84,85,86"
    queueSizes "32"
    type "origin_mmtc"
    reservation 200540.0
  ]
  node [
    id 47
    label "47"
    schedulingPolicy "FIFO"
    levelsQoS "1"
    schedulingWeights "-"
    tosToQoSqueue "0,1,2,3,4,5,6,7,8,9,10,11,12,13,14,15,16,17,18,19,20,21,22,23,24,25,26,27,28,29,30,31,32,33,34,35,36,37,38,39,40,41,42,43,44,45,46,47,48,49,50,51,52,53,54,55,56,57,58,59,60,61,62,63,64,65,66,67,68,69,70,71,72,73,74,75,76,77,78,79,80,81,82,83,84,85,86"
    queueSizes "32"
    type "origin_mmtc"
    reservation 175760.0
  ]
  node [
    id 48
    label "48"
    schedulingPolicy "FIFO"
    levelsQoS "1"
    schedulingWeights "-"
    tosToQoSqueue "0,1,2,3,4,5,6,7,8,9,10,11,12,13,14,15,16,17,18,19,20,21,22,23,24,25,26,27,28,29,30,31,32,33,34,35,36,37,38,39,40,41,42,43,44,45,46,47,48,49,50,51,52,53,54,55,56,57,58,59,60,61,62,63,64,65,66,67,68,69,70,71,72,73,74,75,76,77,78,79,80,81,82,83,84,85,86"
    queueSizes "32"
    type "origin_embb"
    reservation 17670600.0
  ]
  node [
    id 49
    label "49"
    schedulingPolicy "FIFO"
    levelsQoS "1"
    schedulingWeights "-"
    tosToQoSqueue "0,1,2,3,4,5,6,7,8,9,10,11,12,13,14,15,16,17,18,19,20,21,22,23,24,25,26,27,28,29,30,31,32,33,34,35,36,37,38,39,40,41,42,43,44,45,46,47,48,49,50,51,52,53,54,55,56,57,58,59,60,61,62,63,64,65,66,67,68,69,70,71,72,73,74,75,76,77,78,79,80,81,82,83,84,85,86"
    queueSizes "32"
    type "origin_urllc"
    reservation 3979850.0
  ]
  node [
    id 50
    label "50"
    schedulingPolicy "FIFO"
    levelsQoS "1"
    schedulingWeights "-"
    tosToQoSqueue "0,1,2,3,4,5,6,7,8,9,10,11,12,13,14,15,16,17,18,19,20,21,22,23,24,25,26,27,28,29,30,31,32,33,34,35,36,37,38,39,40,41,42,43,44,45,46,47,48,49,50,51,52,53,54,55,56,57,58,59,60,61,62,63,64,65,66,67,68,69,70,71,72,73,74,75,76,77,78,79,80,81,82,83,84,85,86"
    queueSizes "32"
    type "origin_urllc"
    reservation 3283700.0
  ]
  node [
    id 51
    label "51"
    schedulingPolicy "FIFO"
    levelsQoS "1"
    schedulingWeights "-"
    tosToQoSqueue "0,1,2,3,4,5,6,7,8,9,10,11,12,13,14,15,16,17,18,19,20,21,22,23,24,25,26,27,28,29,30,31,32,33,34,35,36,37,38,39,40,41,42,43,44,45,46,47,48,49,50,51,52,53,54,55,56,57,58,59,60,61,62,63,64,65,66,67,68,69,70,71,72,73,74,75,76,77,78,79,80,81,82,83,84,85,86"
    queueSizes "32"
    type "origin_urllc"
    reservation 3050600.0
  ]
  node [
    id 52
    label "52"
    schedulingPolicy "FIFO"
    levelsQoS "1"
    schedulingWeights "-"
    tosToQoSqueue "0,1,2,3,4,5,6,7,8,9,10,11,12,13,14,15,16,17,18,19,20,21,22,23,24,25,26,27,28,29,30,31,32,33,34,35,36,37,38,39,40,41,42,43,44,45,46,47,48,49,50,51,52,53,54,55,56,57,58,59,60,61,62,63,64,65,66,67,68,69,70,71,72,73,74,75,76,77,78,79,80,81,82,83,84,85,86"
    queueSizes "32"
    type "origin_urllc"
    reservation 3305750.0
  ]
  node [
    id 53
    label "53"
    schedulingPolicy "FIFO"
    levelsQoS "1"
    schedulingWeights "-"
    tosToQoSqueue "0,1,2,3,4,5,6,7,8,9,10,11,12,13,14,15,16,17,18,19,20,21,22,23,24,25,26,27,28,29,30,31,32,33,34,35,36,37,38,39,40,41,42,43,44,45,46,47,48,49,50,51,52,53,54,55,56,57,58,59,60,61,62,63,64,65,66,67,68,69,70,71,72,73,74,75,76,77,78,79,80,81,82,83,84,85,86"
    queueSizes "32"
    type "origin_mmtc"
    reservation 175760.0
  ]
  node [
    id 54
    label "54"
    schedulingPolicy "FIFO"
    levelsQoS "1"
    schedulingWeights "-"
    tosToQoSqueue "0,1,2,3,4,5,6,7,8,9,10,11,12,13,14,15,16,17,18,19,20,21,22,23,24,25,26,27,28,29,30,31,32,33,34,35,36,37,38,39,40,41,42,43,44,45,46,47,48,49,50,51,52,53,54,55,56,57,58,59,60,61,62,63,64,65,66,67,68,69,70,71,72,73,74,75,76,77,78,79,80,81,82,83,84,85,86"
    queueSizes "32"
    type "origin_mmtc"
    reservation 184400.0
  ]
  node [
    id 55
    label "55"
    schedulingPolicy "FIFO"
    levelsQoS "1"
    schedulingWeights "-"
    tosToQoSqueue "0,1,2,3,4,5,6,7,8,9,10,11,12,13,14,15,16,17,18,19,20,21,22,23,24,25,26,27,28,29,30,31,32,33,34,35,36,37,38,39,40,41,42,43,44,45,46,47,48,49,50,51,52,53,54,55,56,57,58,59,60,61,62,63,64,65,66,67,68,69,70,71,72,73,74,75,76,77,78,79,80,81,82,83,84,85,86"
    queueSizes "32"
    type "origin_mmtc"
    reservation 221060.0
  ]
  node [
    id 56
    label "56"
    schedulingPolicy "FIFO"
    levelsQoS "1"
    schedulingWeights "-"
    tosToQoSqueue "0,1,2,3,4,5,6,7,8,9,10,11,12,13,14,15,16,17,18,19,20,21,22,23,24,25,26,27,28,29,30,31,32,33,34,35,36,37,38,39,40,41,42,43,44,45,46,47,48,49,50,51,52,53,54,55,56,57,58,59,60,61,62,63,64,65,66,67,68,69,70,71,72,73,74,75,76,77,78,79,80,81,82,83,84,85,86"
    queueSizes "32"
    type "origin_mmtc"
    reservation 221060.0
  ]
  node [
    id 57
    label "57"
    schedulingPolicy "FIFO"
    levelsQoS "1"
    schedulingWeights "-"
    tosToQoSqueue "0,1,2,3,4,5,6,7,8,9,10,11,12,13,14,15,16,17,18,19,20,21,22,23,24,25,26,27,28,29,30,31,32,33,34,35,36,37,38,39,40,41,42,43,44,45,46,47,48,49,50,51,52,53,54,55,56,57,58,59,60,61,62,63,64,65,66,67,68,69,70,71,72,73,74,75,76,77,78,79,80,81,82,83,84,85,86"
    queueSizes "32"
    type "origin_mmtc"
    reservation 221060.0
  ]
  node [
    id 58
    label "58"
    schedulingPolicy "FIFO"
    levelsQoS "1"
    schedulingWeights "-"
    tosToQoSqueue "0,1,2,3,4,5,6,7,8,9,10,11,12,13,14,15,16,17,18,19,20,21,22,23,24,25,26,27,28,29,30,31,32,33,34,35,36,37,38,39,40,41,42,43,44,45,46,47,48,49,50,51,52,53,54,55,56,57,58,59,60,61,62,63,64,65,66,67,68,69,70,71,72,73,74,75,76,77,78,79,80,81,82,83,84,85,86"
    queueSizes "32"
    type "origin_urllc"
    reservation 3770900.0
  ]
  node [
    id 59
    label "59"
    schedulingPolicy "FIFO"
    levelsQoS "1"
    schedulingWeights "-"
    tosToQoSqueue "0,1,2,3,4,5,6,7,8,9,10,11,12,13,14,15,16,17,18,19,20,21,22,23,24,25,26,27,28,29,30,31,32,33,34,35,36,37,38,39,40,41,42,43,44,45,46,47,48,49,50,51,52,53,54,55,56,57,58,59,60,61,62,63,64,65,66,67,68,69,70,71,72,73,74,75,76,77,78,79,80,81,82,83,84,85,86"
    queueSizes "32"
    type "origin_urllc"
    reservation 3979850.0
  ]
  node [
    id 60
    label "60"
    schedulingPolicy "FIFO"
    levelsQoS "1"
    schedulingWeights "-"
    tosToQoSqueue "0,1,2,3,4,5,6,7,8,9,10,11,12,13,14,15,16,17,18,19,20,21,22,23,24,25,26,27,28,29,30,31,32,33,34,35,36,37,38,39,40,41,42,43,44,45,46,47,48,49,50,51,52,53,54,55,56,57,58,59,60,61,62,63,64,65,66,67,68,69,70,71,72,73,74,75,76,77,78,79,80,81,82,83,84,85,86"
    queueSizes "32"
    type "origin_mmtc"
    reservation 223700.0
  ]
  node [
    id 61
    label "61"
    schedulingPolicy "FIFO"
    levelsQoS "1"
    schedulingWeights "-"
    tosToQoSqueue "0,1,2,3,4,5,6,7,8,9,10,11,12,13,14,15,16,17,18,19,20,21,22,23,24,25,26,27,28,29,30,31,32,33,34,35,36,37,38,39,40,41,42,43,44,45,46,47,48,49,50,51,52,53,54,55,56,57,58,59,60,61,62,63,64,65,66,67,68,69,70,71,72,73,74,75,76,77,78,79,80,81,82,83,84,85,86"
    queueSizes "32"
    type "origin_mmtc"
    reservation 175760.0
  ]
  node [
    id 62
    label "62"
    schedulingPolicy "FIFO"
    levelsQoS "1"
    schedulingWeights "-"
    tosToQoSqueue "0,1,2,3,4,5,6,7,8,9,10,11,12,13,14,15,16,17,18,19,20,21,22,23,24,25,26,27,28,29,30,31,32,33,34,35,36,37,38,39,40,41,42,43,44,45,46,47,48,49,50,51,52,53,54,55,56,57,58,59,60,61,62,63,64,65,66,67,68,69,70,71,72,73,74,75,76,77,78,79,80,81,82,83,84,85,86"
    queueSizes "32"
    type "origin_mmtc"
    reservation 175760.0
  ]
  node [
    id 63
    label "63"
    schedulingPolicy "FIFO"
    levelsQoS "1"
    schedulingWeights "-"
    tosToQoSqueue "0,1,2,3,4,5,6,7,8,9,10,11,12,13,14,15,16,17,18,19,20,21,22,23,24,25,26,27,28,29,30,31,32,33,34,35,36,37,38,39,40,41,42,43,44,45,46,47,48,49,50,51,52,53,54,55,56,57,58,59,60,61,62,63,64,65,66,67,68,69,70,71,72,73,74,75,76,77,78,79,80,81,82,83,84,85,86"
    queueSizes "32"
    type "origin_embb"
    reservation 16893000.0
  ]
  node [
    id 64
    label "64"
    schedulingPolicy "FIFO"
    levelsQoS "1"
    schedulingWeights "-"
    tosToQoSqueue "0,1,2,3,4,5,6,7,8,9,10,11,12,13,14,15,16,17,18,19,20,21,22,23,24,25,26,27,28,29,30,31,32,33,34,35,36,37,38,39,40,41,42,43,44,45,46,47,48,49,50,51,52,53,54,55,56,57,58,59,60,61,62,63,64,65,66,67,68,69,70,71,72,73,74,75,76,77,78,79,80,81,82,83,84,85,86"
    queueSizes "32"
    type "origin_mmtc"
    reservation 175760.0
  ]
  node [
    id 65
    label "65"
    schedulingPolicy "FIFO"
    levelsQoS "1"
    schedulingWeights "-"
    tosToQoSqueue "0,1,2,3,4,5,6,7,8,9,10,11,12,13,14,15,16,17,18,19,20,21,22,23,24,25,26,27,28,29,30,31,32,33,34,35,36,37,38,39,40,41,42,43,44,45,46,47,48,49,50,51,52,53,54,55,56,57,58,59,60,61,62,63,64,65,66,67,68,69,70,71,72,73,74,75,76,77,78,79,80,81,82,83,84,85,86"
    queueSizes "32"
    type "origin_mmtc"
    reservation 220820.0
  ]
  node [
    id 66
    label "66"
    schedulingPolicy "FIFO"
    levelsQoS "1"
    schedulingWeights "-"
    tosToQoSqueue "0,1,2,3,4,5,6,7,8,9,10,11,12,13,14,15,16,17,18,19,20,21,22,23,24,25,26,27,28,29,30,31,32,33,34,35,36,37,38,39,40,41,42,43,44,45,46,47,48,49,50,51,52,53,54,55,56,57,58,59,60,61,62,63,64,65,66,67,68,69,70,71,72,73,74,75,76,77,78,79,80,81,82,83,84,85,86"
    queueSizes "32"
    type "origin_mmtc"
    reservation 184400.0
  ]
  node [
    id 67
    label "67"
    schedulingPolicy "FIFO"
    levelsQoS "1"
    schedulingWeights "-"
    tosToQoSqueue "0,1,2,3,4,5,6,7,8,9,10,11,12,13,14,15,16,17,18,19,20,21,22,23,24,25,26,27,28,29,30,31,32,33,34,35,36,37,38,39,40,41,42,43,44,45,46,47,48,49,50,51,52,53,54,55,56,57,58,59,60,61,62,63,64,65,66,67,68,69,70,71,72,73,74,75,76,77,78,79,80,81,82,83,84,85,86"
    queueSizes "32"
    type "origin_mmtc"
    reservation 223700.0
  ]
  node [
    id 68
    label "68"
    schedulingPolicy "FIFO"
    levelsQoS "1"
    schedulingWeights "-"
    tosToQoSqueue "0,1,2,3,4,5,6,7,8,9,10,11,12,13,14,15,16,17,18,19,20,21,22,23,24,25,26,27,28,29,30,31,32,33,34,35,36,37,38,39,40,41,42,43,44,45,46,47,48,49,50,51,52,53,54,55,56,57,58,59,60,61,62,63,64,65,66,67,68,69,70,71,72,73,74,75,76,77,78,79,80,81,82,83,84,85,86"
    queueSizes "32"
    type "origin_mmtc"
    reservation 184400.0
  ]
  node [
    id 69
    label "69"
    schedulingPolicy "FIFO"
    levelsQoS "1"
    schedulingWeights "-"
    tosToQoSqueue "0,1,2,3,4,5,6,7,8,9,10,11,12,13,14,15,16,17,18,19,20,21,22,23,24,25,26,27,28,29,30,31,32,33,34,35,36,37,38,39,40,41,42,43,44,45,46,47,48,49,50,51,52,53,54,55,56,57,58,59,60,61,62,63,64,65,66,67,68,69,70,71,72,73,74,75,76,77,78,79,80,81,82,83,84,85,86"
    queueSizes "32"
    type "origin_mmtc"
    reservation 221060.0
  ]
  node [
    id 70
    label "70"
    schedulingPolicy "FIFO"
    levelsQoS "1"
    schedulingWeights "-"
    tosToQoSqueue "0,1,2,3,4,5,6,7,8,9,10,11,12,13,14,15,16,17,18,19,20,21,22,23,24,25,26,27,28,29,30,31,32,33,34,35,36,37,38,39,40,41,42,43,44,45,46,47,48,49,50,51,52,53,54,55,56,57,58,59,60,61,62,63,64,65,66,67,68,69,70,71,72,73,74,75,76,77,78,79,80,81,82,83,84,85,86"
    queueSizes "32"
    type "origin_mmtc"
    reservation 220820.0
  ]
  node [
    id 71
    label "71"
    schedulingPolicy "FIFO"
    levelsQoS "1"
    schedulingWeights "-"
    tosToQoSqueue "0,1,2,3,4,5,6,7,8,9,10,11,12,13,14,15,16,17,18,19,20,21,22,23,24,25,26,27,28,29,30,31,32,33,34,35,36,37,38,39,40,41,42,43,44,45,46,47,48,49,50,51,52,53,54,55,56,57,58,59,60,61,62,63,64,65,66,67,68,69,70,71,72,73,74,75,76,77,78,79,80,81,82,83,84,85,86"
    queueSizes "32"
    type "origin_mmtc"
    reservation 223700.0
  ]
  node [
    id 72
    label "72"
    schedulingPolicy "FIFO"
    levelsQoS "1"
    schedulingWeights "-"
    tosToQoSqueue "0,1,2,3,4,5,6,7,8,9,10,11,12,13,14,15,16,17,18,19,20,21,22,23,24,25,26,27,28,29,30,31,32,33,34,35,36,37,38,39,40,41,42,43,44,45,46,47,48,49,50,51,52,53,54,55,56,57,58,59,60,61,62,63,64,65,66,67,68,69,70,71,72,73,74,75,76,77,78,79,80,81,82,83,84,85,86"
    queueSizes "32"
    type "origin_mmtc"
    reservation 175760.0
  ]
  node [
    id 73
    label "73"
    schedulingPolicy "FIFO"
    levelsQoS "1"
    schedulingWeights "-"
    tosToQoSqueue "0,1,2,3,4,5,6,7,8,9,10,11,12,13,14,15,16,17,18,19,20,21,22,23,24,25,26,27,28,29,30,31,32,33,34,35,36,37,38,39,40,41,42,43,44,45,46,47,48,49,50,51,52,53,54,55,56,57,58,59,60,61,62,63,64,65,66,67,68,69,70,71,72,73,74,75,76,77,78,79,80,81,82,83,84,85,86"
    queueSizes "32"
    type "origin_mmtc"
    reservation 220820.0
  ]
  node [
    id 74
    label "74"
    schedulingPolicy "FIFO"
    levelsQoS "1"
    schedulingWeights "-"
    tosToQoSqueue "0,1,2,3,4,5,6,7,8,9,10,11,12,13,14,15,16,17,18,19,20,21,22,23,24,25,26,27,28,29,30,31,32,33,34,35,36,37,38,39,40,41,42,43,44,45,46,47,48,49,50,51,52,53,54,55,56,57,58,59,60,61,62,63,64,65,66,67,68,69,70,71,72,73,74,75,76,77,78,79,80,81,82,83,84,85,86"
    queueSizes "32"
    type "origin_mmtc"
    reservation 184400.0
  ]
  node [
    id 75
    label "75"
    schedulingPolicy "FIFO"
    levelsQoS "1"
    schedulingWeights "-"
    tosToQoSqueue "0,1,2,3,4,5,6,7,8,9,10,11,12,13,14,15,16,17,18,19,20,21,22,23,24,25,26,27,28,29,30,31,32,33,34,35,36,37,38,39,40,41,42,43,44,45,46,47,48,49,50,51,52,53,54,55,56,57,58,59,60,61,62,63,64,65,66,67,68,69,70,71,72,73,74,75,76,77,78,79,80,81,82,83,84,85,86"
    queueSizes "32"
    type "origin_mmtc"
    reservation 200540.0
  ]
  node [
    id 76
    label "76"
    schedulingPolicy "FIFO"
    levelsQoS "1"
    schedulingWeights "-"
    tosToQoSqueue "0,1,2,3,4,5,6,7,8,9,10,11,12,13,14,15,16,17,18,19,20,21,22,23,24,25,26,27,28,29,30,31,32,33,34,35,36,37,38,39,40,41,42,43,44,45,46,47,48,49,50,51,52,53,54,55,56,57,58,59,60,61,62,63,64,65,66,67,68,69,70,71,72,73,74,75,76,77,78,79,80,81,82,83,84,85,86"
    queueSizes "32"
    type "origin_mmtc"
    reservation 220820.0
  ]
  node [
    id 77
    label "77"
    schedulingPolicy "FIFO"
    levelsQoS "1"
    schedulingWeights "-"
    tosToQoSqueue "0,1,2,3,4,5,6,7,8,9,10,11,12,13,14,15,16,17,18,19,20,21,22,23,24,25,26,27,28,29,30,31,32,33,34,35,36,37,38,39,40,41,42,43,44,45,46,47,48,49,50,51,52,53,54,55,56,57,58,59,60,61,62,63,64,65,66,67,68,69,70,71,72,73,74,75,76,77,78,79,80,81,82,83,84,85,86"
    queueSizes "32"
    type "origin_mmtc"
    reservation 223700.0
  ]
  node [
    id 78
    label "78"
    schedulingPolicy "FIFO"
    levelsQoS "1"
    schedulingWeights "-"
    tosToQoSqueue "0,1,2,3,4,5,6,7,8,9,10,11,12,13,14,15,16,17,18,19,20,21,22,23,24,25,26,27,28,29,30,31,32,33,34,35,36,37,38,39,40,41,42,43,44,45,46,47,48,49,50,51,52,53,54,55,56,57,58,59,60,61,62,63,64,65,66,67,68,69,70,71,72,73,74,75,76,77,78,79,80,81,82,83,84,85,86"
    queueSizes "32"
    type "origin_mmtc"
    reservation 221060.0
  ]
  node [
    id 79
    label "79"
    schedulingPolicy "FIFO"
    levelsQoS "1"
    schedulingWeights "-"
    tosToQoSqueue "0,1,2,3,4,5,6,7,8,9,10,11,12,13,14,15,16,17,18,19,20,21,22,23,24,25,26,27,28,29,30,31,32,33,34,35,36,37,38,39,40,41,42,43,44,45,46,47,48,49,50,51,52,53,54,55,56,57,58,59,60,61,62,63,64,65,66,67,68,69,70,71,72,73,74,75,76,77,78,79,80,81,82,83,84,85,86"
    queueSizes "32"
    type "origin_mmtc"
    reservation 184400.0
  ]
  node [
    id 80
    label "80"
    schedulingPolicy "FIFO"
    levelsQoS "1"
    schedulingWeights "-"
    tosToQoSqueue "0,1,2,3,4,5,6,7,8,9,10,11,12,13,14,15,16,17,18,19,20,21,22,23,24,25,26,27,28,29,30,31,32,33,34,35,36,37,38,39,40,41,42,43,44,45,46,47,48,49,50,51,52,53,54,55,56,57,58,59,60,61,62,63,64,65,66,67,68,69,70,71,72,73,74,75,76,77,78,79,80,81,82,83,84,85,86"
    queueSizes "32"
    type "origin_mmtc"
    reservation 220820.0
  ]
  node [
    id 81
    label "81"
    schedulingPolicy "FIFO"
    levelsQoS "1"
    schedulingWeights "-"
    tosToQoSqueue "0,1,2,3,4,5,6,7,8,9,10,11,12,13,14,15,16,17,18,19,20,21,22,23,24,25,26,27,28,29,30,31,32,33,34,35,36,37,38,39,40,41,42,43,44,45,46,47,48,49,50,51,52,53,54,55,56,57,58,59,60,61,62,63,64,65,66,67,68,69,70,71,72,73,74,75,76,77,78,79,80,81,82,83,84,85,86"
    queueSizes "32"
    type "origin_mmtc"
    reservation 175760.0
  ]
  node [
    id 82
    label "82"
    schedulingPolicy "FIFO"
    levelsQoS "1"
    schedulingWeights "-"
    tosToQoSqueue "0,1,2,3,4,5,6,7,8,9,10,11,12,13,14,15,16,17,18,19,20,21,22,23,24,25,26,27,28,29,30,31,32,33,34,35,36,37,38,39,40,41,42,43,44,45,46,47,48,49,50,51,52,53,54,55,56,57,58,59,60,61,62,63,64,65,66,67,68,69,70,71,72,73,74,75,76,77,78,79,80,81,82,83,84,85,86"
    queueSizes "32"
    type "origin_mmtc"
    reservation 175760.0
  ]
  node [
    id 83
    label "83"
    schedulingPolicy "FIFO"
    levelsQoS "1"
    schedulingWeights "-"
    tosToQoSqueue "0,1,2,3,4,5,6,7,8,9,10,11,12,13,14,15,16,17,18,19,20,21,22,23,24,25,26,27,28,29,30,31,32,33,34,35,36,37,38,39,40,41,42,43,44,45,46,47,48,49,50,51,52,53,54,55,56,57,58,59,60,61,62,63,64,65,66,67,68,69,70,71,72,73,74,75,76,77,78,79,80,81,82,83,84,85,86"
    queueSizes "32"
    type "origin_mmtc"
    reservation 223700.0
  ]
  node [
    id 84
    label "84"
    schedulingPolicy "FIFO"
    levelsQoS "1"
    schedulingWeights "-"
    tosToQoSqueue "0,1,2,3,4,5,6,7,8,9,10,11,12,13,14,15,16,17,18,19,20,21,22,23,24,25,26,27,28,29,30,31,32,33,34,35,36,37,38,39,40,41,42,43,44,45,46,47,48,49,50,51,52,53,54,55,56,57,58,59,60,61,62,63,64,65,66,67,68,69,70,71,72,73,74,75,76,77,78,79,80,81,82,83,84,85,86"
    queueSizes "32"
    type "origin_mmtc"
    reservation 200540.0
  ]
  node [
    id 85
    label "85"
    schedulingPolicy "FIFO"
    levelsQoS "1"
    schedulingWeights "-"
    tosToQoSqueue "0,1,2,3,4,5,6,7,8,9,10,11,12,13,14,15,16,17,18,19,20,21,22,23,24,25,26,27,28,29,30,31,32,33,34,35,36,37,38,39,40,41,42,43,44,45,46,47,48,49,50,51,52,53,54,55,56,57,58,59,60,61,62,63,64,65,66,67,68,69,70,71,72,73,74,75,76,77,78,79,80,81,82,83,84,85,86"
    queueSizes "32"
    type "origin_mmtc"
    reservation 184400.0
  ]
  node [
    id 86
    label "86"
    schedulingPolicy "FIFO"
    levelsQoS "1"
    schedulingWeights "-"
    tosToQoSqueue "0,1,2,3,4,5,6,7,8,9,10,11,12,13,14,15,16,17,18,19,20,21,22,23,24,25,26,27,28,29,30,31,32,33,34,35,36,37,38,39,40,41,42,43,44,45,46,47,48,49,50,51,52,53,54,55,56,57,58,59,60,61,62,63,64,65,66,67,68,69,70,71,72,73,74,75,76,77,78,79,80,81,82,83,84,85,86"
    queueSizes "32"
    type "origin_mmtc"
    reservation 223700.0
  ]
  edge [
    source 0
    target 1
    key 0
    LinkLabel "Dark Blue"
    bandwidth 50000000
    traffic ""
    reservation ""
    port 0
  ]
  edge [
    source 1
    target 0
    key 0
    LinkLabel "Dark Blue"
    bandwidth 50000000
    traffic ""
    reservation ""
    port 0
  ]
  edge [
    source 1
    target 4
    key 0
    LinkLabel "Black"
    bandwidth 50000000
    traffic "200000,200000,200000,200000,200000"
    reservation "175760.0,184400.0,221060.0,221060.0,221060.0"
    port 1
  ]
  edge [
    source 1
    target 6
    key 0
    LinkLabel "Dark Blue"
    bandwidth 50000000
    traffic ""
    reservation ""
    port 2
  ]
  edge [
    source 1
    target 7
    key 0
    LinkLabel "Black"
    bandwidth 50000000
    traffic "18000000,18000000,3500000,3500000,3500000"
    reservation "18253800.0,19884600.0,3283700.0,3770900.0,3770900.0"
    port 3
  ]
  edge [
    source 1
    target 8
    key 0
    LinkLabel "Dark Blue"
    bandwidth 50000000
    traffic ""
    reservation ""
    port 4
  ]
  edge [
    source 1
    target 10
    key 0
    LinkLabel "Black"
    bandwidth 50000000
    traffic "3500000,3500000,3500000,3500000,3500000,3500000,3500000,18000000"
    reservation "3050600.0,3050600.0,3770900.0,3979850.0,3283700.0,3770900.0,3979850.0,16893000.0"
    port 5
  ]
  edge [
    source 2
    target 7
    key 0
    LinkLabel "Dark Blue"
    bandwidth 50000000
    traffic ""
    reservation ""
    port 0
  ]
  edge [
    source 3
    target 7
    key 0
    LinkLabel "Dark Blue"
    bandwidth 50000000
    traffic ""
    reservation ""
    port 0
  ]
  edge [
    source 4
    target 1
    key 0
    LinkLabel "Black"
    bandwidth 50000000
    traffic "18000000,18000000,3500000,3500000,3500000"
    reservation "18253800.0,19884600.0,3283700.0,3770900.0,3770900.0"
    port 0
  ]
  edge [
    source 4
    target 7
    key 0
    LinkLabel "Black"
    bandwidth 50000000
    traffic "3500000,3500000,3500000,3500000,3500000,3500000,3500000,18000000"
    reservation "3050600.0,3050600.0,3770900.0,3979850.0,3283700.0,3770900.0,3979850.0,16893000.0"
    port 1
  ]
  edge [
    source 4
    target 10
    key 0
    LinkLabel "Black"
    bandwidth 50000000
    traffic ""
    reservation ""
    port 2
  ]
  edge [
    source 4
    target 12
    key 0
    LinkLabel "Dark Blue"
    bandwidth 50000000
    traffic ""
    reservation ""
    port 3
  ]
  edge [
    source 4
    target 13
    key 0
    LinkLabel "Dark Blue"
    bandwidth 50000000
    traffic "200000,200000,200000,200000,200000,200000,200000,200000,200000,200000,200000,200000,200000,200000,200000,200000,200000,200000,200000,200000,200000,200000,200000,200000,200000,200000,200000,200000,200000,200000,200000,200000,200000,200000,200000,200000,200000,200000,200000,200000,200000,200000,200000,200000,200000,200000,200000,200000,200000"
    reservation "220820.0,175760.0,200540.0,220820.0,175760.0,175760.0,223700.0,175760.0,221060.0,220820.0,184400.0,184400.0,220820.0,175760.0,200540.0,223700.0,200540.0,175760.0,175760.0,184400.0,221060.0,221060.0,221060.0,223700.0,175760.0,175760.0,175760.0,220820.0,184400.0,223700.0,184400.0,221060.0,220820.0,223700.0,175760.0,220820.0,184400.0,200540.0,220820.0,223700.0,221060.0,184400.0,220820.0,175760.0,175760.0,223700.0,200540.0,184400.0,223700.0"
    port 4
  ]
  edge [
    source 4
    target 14
    key 0
    LinkLabel "Dark Blue"
    bandwidth 50000000
    traffic ""
    reservation ""
    port 5
  ]
  edge [
    source 5
    target 7
    key 0
    LinkLabel "Dark Blue"
    bandwidth 50000000
    traffic ""
    reservation ""
    port 0
  ]
  edge [
    source 6
    target 1
    key 0
    LinkLabel "Dark Blue"
    bandwidth 50000000
    traffic ""
    reservation ""
    port 0
  ]
  edge [
    source 7
    target 1
    key 0
    LinkLabel "Black"
    bandwidth 50000000
    traffic "3500000,3500000,3500000,3500000,3500000,3500000,3500000,18000000"
    reservation "3050600.0,3050600.0,3770900.0,3979850.0,3283700.0,3770900.0,3979850.0,16893000.0"
    port 0
  ]
  edge [
    source 7
    target 2
    key 0
    LinkLabel "Dark Blue"
    bandwidth 50000000
    traffic ""
    reservation ""
    port 1
  ]
  edge [
    source 7
    target 3
    key 0
    LinkLabel "Dark Blue"
    bandwidth 50000000
    traffic ""
    reservation ""
    port 2
  ]
  edge [
    source 7
    target 4
    key 0
    LinkLabel "Black"
    bandwidth 50000000
    traffic ""
    reservation ""
    port 3
  ]
  edge [
    source 7
    target 5
    key 0
    LinkLabel "Dark Blue"
    bandwidth 50000000
    traffic ""
    reservation ""
    port 4
  ]
  edge [
    source 7
    target 10
    key 0
    LinkLabel "Black"
    bandwidth 50000000
    traffic "18000000,18000000,3500000,3500000,3500000"
    reservation "18253800.0,19884600.0,3283700.0,3770900.0,3770900.0"
    port 5
  ]
  edge [
    source 7
    target 15
    key 0
    LinkLabel "Dark Blue"
    bandwidth 50000000
    traffic ""
    reservation ""
    port 6
  ]
  edge [
    source 8
    target 1
    key 0
    LinkLabel "Dark Blue"
    bandwidth 50000000
    traffic ""
    reservation ""
    port 0
  ]
  edge [
    source 9
    target 10
    key 0
    LinkLabel "Dark Blue"
    bandwidth 50000000
    traffic "18000000,18000000,3500000,3500000,3500000,3500000,200000,200000,200000,200000,200000"
    reservation "17670600.0,17670600.0,3979850.0,3283700.0,3050600.0,3305750.0,175760.0,184400.0,221060.0,221060.0,221060.0"
    port 0
  ]
  edge [
    source 9
    target 19
    key 0
    port 1
    weight 1
    bandwidth 50000000
    traffic ""
    reservation ""
  ]
  edge [
    source 9
    target 48
    key 0
    port 2
    weight 1
    bandwidth 50000000
    traffic ""
    reservation ""
  ]
  edge [
    source 9
    target 49
    key 0
    port 3
    weight 1
    bandwidth 50000000
    traffic ""
    reservation ""
  ]
  edge [
    source 9
    target 50
    key 0
    port 4
    weight 1
    bandwidth 50000000
    traffic ""
    reservation ""
  ]
  edge [
    source 9
    target 51
    key 0
    port 5
    weight 1
    bandwidth 50000000
    traffic ""
    reservation ""
  ]
  edge [
    source 9
    target 52
    key 0
    port 6
    weight 1
    bandwidth 50000000
    traffic ""
    reservation ""
  ]
  edge [
    source 9
    target 53
    key 0
    port 7
    weight 1
    bandwidth 50000000
    traffic ""
    reservation ""
  ]
  edge [
    source 9
    target 54
    key 0
    port 8
    weight 1
    bandwidth 50000000
    traffic ""
    reservation ""
  ]
  edge [
    source 9
    target 55
    key 0
    port 9
    weight 1
    bandwidth 50000000
    traffic ""
    reservation ""
  ]
  edge [
    source 9
    target 56
    key 0
    port 10
    weight 1
    bandwidth 50000000
    traffic ""
    reservation ""
  ]
  edge [
    source 9
    target 57
    key 0
    port 11
    weight 1
    bandwidth 50000000
    traffic ""
    reservation ""
  ]
  edge [
    source 10
    target 1
    key 0
    LinkLabel "Black"
    bandwidth 50000000
    traffic "200000,200000,200000,200000,200000"
    reservation "175760.0,184400.0,221060.0,221060.0,221060.0"
    port 0
  ]
  edge [
    source 10
    target 4
    key 0
    LinkLabel "Black"
    bandwidth 50000000
    traffic ""
    reservation ""
    port 1
  ]
  edge [
    source 10
    target 7
    key 0
    LinkLabel "Black"
    bandwidth 50000000
    traffic ""
    reservation ""
    port 2
  ]
  edge [
    source 10
    target 9
    key 0
    LinkLabel "Dark Blue"
    bandwidth 50000000
    traffic ""
    reservation ""
    port 3
  ]
  edge [
    source 10
    target 11
    key 0
    LinkLabel "Dark Blue"
    bandwidth 50000000
    traffic "3500000,3500000,3500000,3500000,3500000,3500000,3500000,3500000,3500000,3500000,3500000,3500000,3500000,3500000"
    reservation "3283700.0,3770900.0,3770900.0,3050600.0,3050600.0,3770900.0,3979850.0,3283700.0,3979850.0,3283700.0,3050600.0,3305750.0,3770900.0,3979850.0"
    port 4
  ]
  edge [
    source 10
    target 18
    key 0
    port 5
    weight 1
    bandwidth 350000000
    traffic "18000000,18000000,18000000,18000000,18000000"
    reservation "17670600.0,18253800.0,19884600.0,17670600.0,16893000.0"
  ]
  edge [
    source 11
    target 10
    key 0
    LinkLabel "Dark Blue"
    bandwidth 50000000
    traffic ""
    reservation ""
    port 0
  ]
  edge [
    source 11
    target 16
    key 0
    port 1
    weight 1
    bandwidth 350000000
    traffic "3500000,3500000,3500000,3500000,3500000,3500000,3500000,3500000,3500000,3500000,3500000,3500000,3500000,3500000"
    reservation "3283700.0,3770900.0,3770900.0,3050600.0,3050600.0,3770900.0,3979850.0,3283700.0,3979850.0,3283700.0,3050600.0,3305750.0,3770900.0,3979850.0"
  ]
  edge [
    source 12
    target 4
    key 0
    LinkLabel "Dark Blue"
    bandwidth 50000000
    traffic "18000000,3500000,3500000,200000,200000,200000,18000000,200000,200000,200000,200000,200000,200000,200000,200000,200000,200000,200000,200000,200000,200000,200000,200000,200000,200000,200000,200000,200000,200000,200000"
    reservation "19884600.0,3770900.0,3979850.0,223700.0,175760.0,175760.0,16893000.0,175760.0,220820.0,184400.0,223700.0,184400.0,221060.0,220820.0,223700.0,175760.0,220820.0,184400.0,200540.0,220820.0,223700.0,221060.0,184400.0,220820.0,175760.0,175760.0,223700.0,200540.0,184400.0,223700.0"
    port 0
  ]
  edge [
    source 12
    target 21
    key 0
    port 1
    weight 1
    bandwidth 50000000
    traffic ""
    reservation ""
  ]
  edge [
    source 12
    target 58
    key 0
    port 2
    weight 1
    bandwidth 50000000
    traffic ""
    reservation ""
  ]
  edge [
    source 12
    target 59
    key 0
    port 3
    weight 1
    bandwidth 50000000
    traffic ""
    reservation ""
  ]
  edge [
    source 12
    target 60
    key 0
    port 4
    weight 1
    bandwidth 50000000
    traffic ""
    reservation ""
  ]
  edge [
    source 12
    target 61
    key 0
    port 5
    weight 1
    bandwidth 50000000
    traffic ""
    reservation ""
  ]
  edge [
    source 12
    target 62
    key 0
    port 6
    weight 1
    bandwidth 50000000
    traffic ""
    reservation ""
  ]
  edge [
    source 12
    target 63
    key 0
    port 7
    weight 1
    bandwidth 50000000
    traffic ""
    reservation ""
  ]
  edge [
    source 12
    target 64
    key 0
    port 8
    weight 1
    bandwidth 50000000
    traffic ""
    reservation ""
  ]
  edge [
    source 12
    target 65
    key 0
    port 9
    weight 1
    bandwidth 50000000
    traffic ""
    reservation ""
  ]
  edge [
    source 12
    target 66
    key 0
    port 10
    weight 1
    bandwidth 50000000
    traffic ""
    reservation ""
  ]
  edge [
    source 12
    target 67
    key 0
    port 11
    weight 1
    bandwidth 50000000
    traffic ""
    reservation ""
  ]
  edge [
    source 12
    target 68
    key 0
    port 12
    weight 1
    bandwidth 50000000
    traffic ""
    reservation ""
  ]
  edge [
    source 12
    target 69
    key 0
    port 13
    weight 1
    bandwidth 50000000
    traffic ""
    reservation ""
  ]
  edge [
    source 12
    target 70
    key 0
    port 14
    weight 1
    bandwidth 50000000
    traffic ""
    reservation ""
  ]
  edge [
    source 12
    target 71
    key 0
    port 15
    weight 1
    bandwidth 50000000
    traffic ""
    reservation ""
  ]
  edge [
    source 12
    target 72
    key 0
    port 16
    weight 1
    bandwidth 50000000
    traffic ""
    reservation ""
  ]
  edge [
    source 12
    target 73
    key 0
    port 17
    weight 1
    bandwidth 50000000
    traffic ""
    reservation ""
  ]
  edge [
    source 12
    target 74
    key 0
    port 18
    weight 1
    bandwidth 50000000
    traffic ""
    reservation ""
  ]
  edge [
    source 12
    target 75
    key 0
    port 19
    weight 1
    bandwidth 50000000
    traffic ""
    reservation ""
  ]
  edge [
    source 12
    target 76
    key 0
    port 20
    weight 1
    bandwidth 50000000
    traffic ""
    reservation ""
  ]
  edge [
    source 12
    target 77
    key 0
    port 21
    weight 1
    bandwidth 50000000
    traffic ""
    reservation ""
  ]
  edge [
    source 12
    target 78
    key 0
    port 22
    weight 1
    bandwidth 50000000
    traffic ""
    reservation ""
  ]
  edge [
    source 12
    target 79
    key 0
    port 23
    weight 1
    bandwidth 50000000
    traffic ""
    reservation ""
  ]
  edge [
    source 12
    target 80
    key 0
    port 24
    weight 1
    bandwidth 50000000
    traffic ""
    reservation ""
  ]
  edge [
    source 12
    target 81
    key 0
    port 25
    weight 1
    bandwidth 50000000
    traffic ""
    reservation ""
  ]
  edge [
    source 12
    target 82
    key 0
    port 26
    weight 1
    bandwidth 50000000
    traffic ""
    reservation ""
  ]
  edge [
    source 12
    target 83
    key 0
    port 27
    weight 1
    bandwidth 50000000
    traffic ""
    reservation ""
  ]
  edge [
    source 12
    target 84
    key 0
    port 28
    weight 1
    bandwidth 50000000
    traffic ""
    reservation ""
  ]
  edge [
    source 12
    target 85
    key 0
    port 29
    weight 1
    bandwidth 50000000
    traffic ""
    reservation ""
  ]
  edge [
    source 12
    target 86
    key 0
    port 30
    weight 1
    bandwidth 50000000
    traffic ""
    reservation ""
  ]
  edge [
    source 13
    target 4
    key 0
    LinkLabel "Dark Blue"
    bandwidth 50000000
    traffic ""
    reservation ""
    port 0
  ]
  edge [
    source 13
    target 17
    key 0
    port 1
    weight 1
    bandwidth 350000000
    traffic "200000,200000,200000,200000,200000,200000,200000,200000,200000,200000,200000,200000,200000,200000,200000,200000,200000,200000,200000,200000,200000,200000,200000,200000,200000,200000,200000,200000,200000,200000,200000,200000,200000,200000,200000,200000,200000,200000,200000,200000,200000,200000,200000,200000,200000,200000,200000,200000,200000"
    reservation "220820.0,175760.0,200540.0,220820.0,175760.0,175760.0,223700.0,175760.0,221060.0,220820.0,184400.0,184400.0,220820.0,175760.0,200540.0,223700.0,200540.0,175760.0,175760.0,184400.0,221060.0,221060.0,221060.0,223700.0,175760.0,175760.0,175760.0,220820.0,184400.0,223700.0,184400.0,221060.0,220820.0,223700.0,175760.0,220820.0,184400.0,200540.0,220820.0,223700.0,221060.0,184400.0,220820.0,175760.0,175760.0,223700.0,200540.0,184400.0,223700.0"
  ]
  edge [
    source 14
    target 4
    key 0
    LinkLabel "Dark Blue"
    bandwidth 50000000
    traffic "18000000,3500000,3500000,3500000,3500000,3500000,3500000,3500000,200000,3500000,200000,200000,200000,200000,200000,200000,200000,200000,200000,200000,200000,200000,200000,200000,200000,200000,200000"
    reservation "18253800.0,3283700.0,3770900.0,3770900.0,3050600.0,3050600.0,3770900.0,3979850.0,220820.0,3283700.0,175760.0,200540.0,220820.0,175760.0,175760.0,223700.0,175760.0,221060.0,220820.0,184400.0,184400.0,220820.0,175760.0,200540.0,223700.0,200540.0,175760.0"
    port 0
  ]
  edge [
    source 14
    target 20
    key 0
    port 1
    weight 1
    bandwidth 50000000
    traffic ""
    reservation ""
  ]
  edge [
    source 14
    target 22
    key 0
    port 2
    weight 1
    bandwidth 50000000
    traffic ""
    reservation ""
  ]
  edge [
    source 14
    target 23
    key 0
    port 3
    weight 1
    bandwidth 50000000
    traffic ""
    reservation ""
  ]
  edge [
    source 14
    target 24
    key 0
    port 4
    weight 1
    bandwidth 50000000
    traffic ""
    reservation ""
  ]
  edge [
    source 14
    target 25
    key 0
    port 5
    weight 1
    bandwidth 50000000
    traffic ""
    reservation ""
  ]
  edge [
    source 14
    target 26
    key 0
    port 6
    weight 1
    bandwidth 50000000
    traffic ""
    reservation ""
  ]
  edge [
    source 14
    target 27
    key 0
    port 7
    weight 1
    bandwidth 50000000
    traffic ""
    reservation ""
  ]
  edge [
    source 14
    target 28
    key 0
    port 8
    weight 1
    bandwidth 50000000
    traffic ""
    reservation ""
  ]
  edge [
    source 14
    target 29
    key 0
    port 9
    weight 1
    bandwidth 50000000
    traffic ""
    reservation ""
  ]
  edge [
    source 14
    target 30
    key 0
    port 10
    weight 1
    bandwidth 50000000
    traffic ""
    reservation ""
  ]
  edge [
    source 14
    target 31
    key 0
    port 11
    weight 1
    bandwidth 50000000
    traffic ""
    reservation ""
  ]
  edge [
    source 14
    target 32
    key 0
    port 12
    weight 1
    bandwidth 50000000
    traffic ""
    reservation ""
  ]
  edge [
    source 14
    target 33
    key 0
    port 13
    weight 1
    bandwidth 50000000
    traffic ""
    reservation ""
  ]
  edge [
    source 14
    target 34
    key 0
    port 14
    weight 1
    bandwidth 50000000
    traffic ""
    reservation ""
  ]
  edge [
    source 14
    target 35
    key 0
    port 15
    weight 1
    bandwidth 50000000
    traffic ""
    reservation ""
  ]
  edge [
    source 14
    target 36
    key 0
    port 16
    weight 1
    bandwidth 50000000
    traffic ""
    reservation ""
  ]
  edge [
    source 14
    target 37
    key 0
    port 17
    weight 1
    bandwidth 50000000
    traffic ""
    reservation ""
  ]
  edge [
    source 14
    target 38
    key 0
    port 18
    weight 1
    bandwidth 50000000
    traffic ""
    reservation ""
  ]
  edge [
    source 14
    target 39
    key 0
    port 19
    weight 1
    bandwidth 50000000
    traffic ""
    reservation ""
  ]
  edge [
    source 14
    target 40
    key 0
    port 20
    weight 1
    bandwidth 50000000
    traffic ""
    reservation ""
  ]
  edge [
    source 14
    target 41
    key 0
    port 21
    weight 1
    bandwidth 50000000
    traffic ""
    reservation ""
  ]
  edge [
    source 14
    target 42
    key 0
    port 22
    weight 1
    bandwidth 50000000
    traffic ""
    reservation ""
  ]
  edge [
    source 14
    target 43
    key 0
    port 23
    weight 1
    bandwidth 50000000
    traffic ""
    reservation ""
  ]
  edge [
    source 14
    target 44
    key 0
    port 24
    weight 1
    bandwidth 50000000
    traffic ""
    reservation ""
  ]
  edge [
    source 14
    target 45
    key 0
    port 25
    weight 1
    bandwidth 50000000
    traffic ""
    reservation ""
  ]
  edge [
    source 14
    target 46
    key 0
    port 26
    weight 1
    bandwidth 50000000
    traffic ""
    reservation ""
  ]
  edge [
    source 14
    target 47
    key 0
    port 27
    weight 1
    bandwidth 50000000
    traffic ""
    reservation ""
  ]
  edge [
    source 15
    target 7
    key 0
    LinkLabel "Dark Blue"
    bandwidth 50000000
    traffic ""
    reservation ""
    port 0
  ]
  edge [
    source 16
    target 11
    key 0
    port 0
    weight 1
    bandwidth 350000000
    traffic ""
    reservation ""
  ]
  edge [
    source 17
    target 13
    key 0
    port 0
    weight 1
    bandwidth 350000000
    traffic ""
    reservation ""
  ]
  edge [
    source 18
    target 10
    key 0
    port 0
    weight 1
    bandwidth 350000000
    traffic ""
    reservation ""
  ]
  edge [
    source 19
    target 9
    key 0
    port 0
    weight 1
    bandwidth 50000000
    traffic "18000000"
    reservation "17670600.0"
  ]
  edge [
    source 20
    target 14
    key 0
    port 0
    weight 1
    bandwidth 50000000
    traffic "18000000"
    reservation "18253800.0"
  ]
  edge [
    source 21
    target 12
    key 0
    port 0
    weight 1
    bandwidth 50000000
    traffic "18000000"
    reservation "19884600.0"
  ]
  edge [
    source 22
    target 14
    key 0
    port 0
    weight 1
    bandwidth 50000000
    traffic "3500000"
    reservation "3283700.0"
  ]
  edge [
    source 23
    target 14
    key 0
    port 0
    weight 1
    bandwidth 50000000
    traffic "3500000"
    reservation "3770900.0"
  ]
  edge [
    source 24
    target 14
    key 0
    port 0
    weight 1
    bandwidth 50000000
    traffic "3500000"
    reservation "3770900.0"
  ]
  edge [
    source 25
    target 14
    key 0
    port 0
    weight 1
    bandwidth 50000000
    traffic "3500000"
    reservation "3050600.0"
  ]
  edge [
    source 26
    target 14
    key 0
    port 0
    weight 1
    bandwidth 50000000
    traffic "3500000"
    reservation "3050600.0"
  ]
  edge [
    source 27
    target 14
    key 0
    port 0
    weight 1
    bandwidth 50000000
    traffic "3500000"
    reservation "3770900.0"
  ]
  edge [
    source 28
    target 14
    key 0
    port 0
    weight 1
    bandwidth 50000000
    traffic "3500000"
    reservation "3979850.0"
  ]
  edge [
    source 29
    target 14
    key 0
    port 0
    weight 1
    bandwidth 50000000
    traffic "200000"
    reservation "220820.0"
  ]
  edge [
    source 30
    target 14
    key 0
    port 0
    weight 1
    bandwidth 50000000
    traffic "3500000"
    reservation "3283700.0"
  ]
  edge [
    source 31
    target 14
    key 0
    port 0
    weight 1
    bandwidth 50000000
    traffic "200000"
    reservation "175760.0"
  ]
  edge [
    source 32
    target 14
    key 0
    port 0
    weight 1
    bandwidth 50000000
    traffic "200000"
    reservation "200540.0"
  ]
  edge [
    source 33
    target 14
    key 0
    port 0
    weight 1
    bandwidth 50000000
    traffic "200000"
    reservation "220820.0"
  ]
  edge [
    source 34
    target 14
    key 0
    port 0
    weight 1
    bandwidth 50000000
    traffic "200000"
    reservation "175760.0"
  ]
  edge [
    source 35
    target 14
    key 0
    port 0
    weight 1
    bandwidth 50000000
    traffic "200000"
    reservation "175760.0"
  ]
  edge [
    source 36
    target 14
    key 0
    port 0
    weight 1
    bandwidth 50000000
    traffic "200000"
    reservation "223700.0"
  ]
  edge [
    source 37
    target 14
    key 0
    port 0
    weight 1
    bandwidth 50000000
    traffic "200000"
    reservation "175760.0"
  ]
  edge [
    source 38
    target 14
    key 0
    port 0
    weight 1
    bandwidth 50000000
    traffic "200000"
    reservation "221060.0"
  ]
  edge [
    source 39
    target 14
    key 0
    port 0
    weight 1
    bandwidth 50000000
    traffic "200000"
    reservation "220820.0"
  ]
  edge [
    source 40
    target 14
    key 0
    port 0
    weight 1
    bandwidth 50000000
    traffic "200000"
    reservation "184400.0"
  ]
  edge [
    source 41
    target 14
    key 0
    port 0
    weight 1
    bandwidth 50000000
    traffic "200000"
    reservation "184400.0"
  ]
  edge [
    source 42
    target 14
    key 0
    port 0
    weight 1
    bandwidth 50000000
    traffic "200000"
    reservation "220820.0"
  ]
  edge [
    source 43
    target 14
    key 0
    port 0
    weight 1
    bandwidth 50000000
    traffic "200000"
    reservation "175760.0"
  ]
  edge [
    source 44
    target 14
    key 0
    port 0
    weight 1
    bandwidth 50000000
    traffic "200000"
    reservation "200540.0"
  ]
  edge [
    source 45
    target 14
    key 0
    port 0
    weight 1
    bandwidth 50000000
    traffic "200000"
    reservation "223700.0"
  ]
  edge [
    source 46
    target 14
    key 0
    port 0
    weight 1
    bandwidth 50000000
    traffic "200000"
    reservation "200540.0"
  ]
  edge [
    source 47
    target 14
    key 0
    port 0
    weight 1
    bandwidth 50000000
    traffic "200000"
    reservation "175760.0"
  ]
  edge [
    source 48
    target 9
    key 0
    port 0
    weight 1
    bandwidth 50000000
    traffic "18000000"
    reservation "17670600.0"
  ]
  edge [
    source 49
    target 9
    key 0
    port 0
    weight 1
    bandwidth 50000000
    traffic "3500000"
    reservation "3979850.0"
  ]
  edge [
    source 50
    target 9
    key 0
    port 0
    weight 1
    bandwidth 50000000
    traffic "3500000"
    reservation "3283700.0"
  ]
  edge [
    source 51
    target 9
    key 0
    port 0
    weight 1
    bandwidth 50000000
    traffic "3500000"
    reservation "3050600.0"
  ]
  edge [
    source 52
    target 9
    key 0
    port 0
    weight 1
    bandwidth 50000000
    traffic "3500000"
    reservation "3305750.0"
  ]
  edge [
    source 53
    target 9
    key 0
    port 0
    weight 1
    bandwidth 50000000
    traffic "200000"
    reservation "175760.0"
  ]
  edge [
    source 54
    target 9
    key 0
    port 0
    weight 1
    bandwidth 50000000
    traffic "200000"
    reservation "184400.0"
  ]
  edge [
    source 55
    target 9
    key 0
    port 0
    weight 1
    bandwidth 50000000
    traffic "200000"
    reservation "221060.0"
  ]
  edge [
    source 56
    target 9
    key 0
    port 0
    weight 1
    bandwidth 50000000
    traffic "200000"
    reservation "221060.0"
  ]
  edge [
    source 57
    target 9
    key 0
    port 0
    weight 1
    bandwidth 50000000
    traffic "200000"
    reservation "221060.0"
  ]
  edge [
    source 58
    target 12
    key 0
    port 0
    weight 1
    bandwidth 50000000
    traffic "3500000"
    reservation "3770900.0"
  ]
  edge [
    source 59
    target 12
    key 0
    port 0
    weight 1
    bandwidth 50000000
    traffic "3500000"
    reservation "3979850.0"
  ]
  edge [
    source 60
    target 12
    key 0
    port 0
    weight 1
    bandwidth 50000000
    traffic "200000"
    reservation "223700.0"
  ]
  edge [
    source 61
    target 12
    key 0
    port 0
    weight 1
    bandwidth 50000000
    traffic "200000"
    reservation "175760.0"
  ]
  edge [
    source 62
    target 12
    key 0
    port 0
    weight 1
    bandwidth 50000000
    traffic "200000"
    reservation "175760.0"
  ]
  edge [
    source 63
    target 12
    key 0
    port 0
    weight 1
    bandwidth 50000000
    traffic "18000000"
    reservation "16893000.0"
  ]
  edge [
    source 64
    target 12
    key 0
    port 0
    weight 1
    bandwidth 50000000
    traffic "200000"
    reservation "175760.0"
  ]
  edge [
    source 65
    target 12
    key 0
    port 0
    weight 1
    bandwidth 50000000
    traffic "200000"
    reservation "220820.0"
  ]
  edge [
    source 66
    target 12
    key 0
    port 0
    weight 1
    bandwidth 50000000
    traffic "200000"
    reservation "184400.0"
  ]
  edge [
    source 67
    target 12
    key 0
    port 0
    weight 1
    bandwidth 50000000
    traffic "200000"
    reservation "223700.0"
  ]
  edge [
    source 68
    target 12
    key 0
    port 0
    weight 1
    bandwidth 50000000
    traffic "200000"
    reservation "184400.0"
  ]
  edge [
    source 69
    target 12
    key 0
    port 0
    weight 1
    bandwidth 50000000
    traffic "200000"
    reservation "221060.0"
  ]
  edge [
    source 70
    target 12
    key 0
    port 0
    weight 1
    bandwidth 50000000
    traffic "200000"
    reservation "220820.0"
  ]
  edge [
    source 71
    target 12
    key 0
    port 0
    weight 1
    bandwidth 50000000
    traffic "200000"
    reservation "223700.0"
  ]
  edge [
    source 72
    target 12
    key 0
    port 0
    weight 1
    bandwidth 50000000
    traffic "200000"
    reservation "175760.0"
  ]
  edge [
    source 73
    target 12
    key 0
    port 0
    weight 1
    bandwidth 50000000
    traffic "200000"
    reservation "220820.0"
  ]
  edge [
    source 74
    target 12
    key 0
    port 0
    weight 1
    bandwidth 50000000
    traffic "200000"
    reservation "184400.0"
  ]
  edge [
    source 75
    target 12
    key 0
    port 0
    weight 1
    bandwidth 50000000
    traffic "200000"
    reservation "200540.0"
  ]
  edge [
    source 76
    target 12
    key 0
    port 0
    weight 1
    bandwidth 50000000
    traffic "200000"
    reservation "220820.0"
  ]
  edge [
    source 77
    target 12
    key 0
    port 0
    weight 1
    bandwidth 50000000
    traffic "200000"
    reservation "223700.0"
  ]
  edge [
    source 78
    target 12
    key 0
    port 0
    weight 1
    bandwidth 50000000
    traffic "200000"
    reservation "221060.0"
  ]
  edge [
    source 79
    target 12
    key 0
    port 0
    weight 1
    bandwidth 50000000
    traffic "200000"
    reservation "184400.0"
  ]
  edge [
    source 80
    target 12
    key 0
    port 0
    weight 1
    bandwidth 50000000
    traffic "200000"
    reservation "220820.0"
  ]
  edge [
    source 81
    target 12
    key 0
    port 0
    weight 1
    bandwidth 50000000
    traffic "200000"
    reservation "175760.0"
  ]
  edge [
    source 82
    target 12
    key 0
    port 0
    weight 1
    bandwidth 50000000
    traffic "200000"
    reservation "175760.0"
  ]
  edge [
    source 83
    target 12
    key 0
    port 0
    weight 1
    bandwidth 50000000
    traffic "200000"
    reservation "223700.0"
  ]
  edge [
    source 84
    target 12
    key 0
    port 0
    weight 1
    bandwidth 50000000
    traffic "200000"
    reservation "200540.0"
  ]
  edge [
    source 85
    target 12
    key 0
    port 0
    weight 1
    bandwidth 50000000
    traffic "200000"
    reservation "184400.0"
  ]
  edge [
    source 86
    target 12
    key 0
    port 0
    weight 1
    bandwidth 50000000
    traffic "200000"
    reservation "223700.0"
  ]
]
