graph [
  directed 1
  multigraph 1
  GeoLocation "Washington State, USA"
  GeoExtent "Region"
  Network "Noel Communications "
  Provenance "Primary"
  Access 0
  Source "http://noelcommunications.com/network.html"
  Version "1.0"
  Type "COM"
  DateType "Dynamic"
  Backbone 1
  Commercial 0
  label "Noel"
  ToolsetVersion "0.3.34dev-20120328"
  Customer 0
  IX 0
  SourceGitVersion "e278b1b"
  DateModifier "="
  DateMonth "08"
  LastAccess "3/08/10"
  Layer "IP"
  Creator "Topology Zoo Toolset"
  Developed 1
  Transit 0
  NetworkDate "2010_08"
  DateYear "2010"
  LastProcessed "2011_09_01"
  Testbed 0
  levelsToS 89
  node [
    id 0
    label "0"
    Country "United States"
    Longitude -117.42605
    Internal 1
    Latitude 47.65878
    type "destination_mmtc"
    schedulingPolicy "FIFO"
    levelsQoS "1"
    schedulingWeights "-"
    tosToQoSqueue "0,1,2,3,4,5,6,7,8,9,10,11,12,13,14,15,16,17,18,19,20,21,22,23,24,25,26,27,28,29,30,31,32,33,34,35,36,37,38,39,40,41,42,43,44,45,46,47,48,49,50,51,52,53,54,55,56,57,58,59,60,61,62,63,64,65,66,67,68,69,70,71,72,73,74,75,76,77,78,79,80,81,82,83,84,85,86,87,88"
    queueSizes "32"
  ]
  node [
    id 1
    label "1"
    Country "United States"
    Longitude -116.78047
    Internal 1
    Latitude 47.67768
    type "inner"
    schedulingPolicy "WFQ"
    tosToQoSqueue "0,1,2,3,4,5,6,7,8,9,10,11,12,13,14,15,16,17,18,19,20,21,22,23,24,25,26,27,28,29,30,31,32,33,34,35,36,37,38,39,40,41,42,43,44,45,46,47,48,49,50,51,52,53,54,55,56,57,58,59,60,61,62,63,64,65,66,67,68,69,70,71,72,73,74,75,76,77,78,79,80,81,82,83,84,85,86,87,88"
    schedulingWeights "100"
    levelsQoS 1
    queueSizes "32"
  ]
  node [
    id 2
    label "2"
    Country "United States"
    Longitude -120.31035
    Internal 1
    Latitude 47.42346
    type "inner"
    schedulingPolicy "WFQ"
    tosToQoSqueue "48,57;49,56;42;33,35,44,83,85,87;31,82;29,30,38,86;28,32,45,84;36,37,40,41,43;34,39;22;23,0,1,2,3,4,5,6,7,8,9,10,11,12,13,14,15,16,17,18,19,20,21,24,25,26,27,46,47,50,51,52,53,54,55,58,59,60,61,62,63,64,65,66,67,68,69,70,71,72,73,74,75,76,77,78,79,80,81,88"
    schedulingWeights "0.001,0.001,0.835,4.293,1.835,3.582,3.023,4.524,1.537,0.001,80.367;13.152,15.415,0.001,0.001,0.001,0.001,0.001,0.001,0.001,64.375,7.051;13.152,15.415,0.001,0.001,0.001,0.001,0.001,0.001,0.001,0.001,71.425"
    levelsQoS 11
    queueSizes "32,32,32,32,32,32,32,32,32,32,32"
  ]
  node [
    id 3
    label "3"
    Country "United States"
    Longitude -119.17529
    Internal 1
    Latitude 46.82597
    type "inner"
    schedulingPolicy "WFQ"
    tosToQoSqueue "77,88;72,75;68,74;64,67,70,76,80;79;71,73,81;69,78;65,66;23,0,1,2,3,4,5,6,7,8,9,10,11,12,13,14,15,16,17,18,19,20,21,22,24,25,26,27,28,29,30,31,32,33,34,35,36,37,38,39,40,41,42,43,44,45,46,47,48,49,50,51,52,53,54,55,56,57,58,59,60,61,62,63,82,83,84,85,86,87"
    schedulingWeights "1.67,1.431,1.835,4.478,0.756,2.715,1.578,1.537,84.001;0.001,0.001,0.001,0.001,0.001,0.001,0.001,0.001,99.992"
    levelsQoS 9
    queueSizes "32,32,32,32,32,32,32,32,32"
  ]
  node [
    id 4
    label "4"
    Country "United States"
    Longitude -118.34302
    Internal 1
    Latitude 46.06458
    type "inner"
    schedulingPolicy "WFQ"
    tosToQoSqueue "48;49,56;68;64,67,70;71;69;65,66;24,0,1,2,3,4,5,6,7,8,9,10,11,12,13,14,15,16,17,18,19,20,21,22,23,25,26,27,28,29,30,31,32,33,34,35,36,37,38,39,40,41,42,43,44,45,46,47,50,51,52,53,54,55,57,58,59,60,61,62,63,72,73,74,75,76,77,78,79,80,81,82,83,84,85,86,87,88"
    schedulingWeights "13.152,15.415,0.001,0.001,0.001,0.001,0.001,71.428;0.001,15.415,0.918,2.687,0.905,0.789,1.537,77.749"
    levelsQoS 8
    queueSizes "32,32,32,32,32,32,32,32"
  ]
  node [
    id 5
    label "5"
    Country "United States"
    Longitude -119.10057
    Internal 1
    Latitude 46.23958
    type "inner"
    schedulingPolicy "WFQ"
    tosToQoSqueue "48;49,56;68;64,67,70;71;69;65,66;24,0,1,2,3,4,5,6,7,8,9,10,11,12,13,14,15,16,17,18,19,20,21,22,23,25,26,27,28,29,30,31,32,33,34,35,36,37,38,39,40,41,42,43,44,45,46,47,50,51,52,53,54,55,57,58,59,60,61,62,63,72,73,74,75,76,77,78,79,80,81,82,83,84,85,86,87,88"
    schedulingWeights "13.152,15.415,0.001,0.001,0.001,0.001,0.001,71.428;0.001,0.001,0.001,0.001,0.001,0.001,0.001,99.993;0.001,15.415,0.918,2.687,0.905,0.789,1.537,77.749"
    levelsQoS 8
    queueSizes "32,32,32,32,32,32,32,32"
  ]
  node [
    id 6
    label "6"
    Country "United States"
    Longitude -117.17962
    Internal 1
    Latitude 46.73127
    type "antenna"
    schedulingPolicy "WFQ"
    tosToQoSqueue "48;49;51,55;46;50,52;47;53,54;22,0,1,2,3,4,5,6,7,8,9,10,11,12,13,14,15,16,17,18,19,20,21,23,24,25,26,27,28,29,30,31,32,33,34,35,36,37,38,39,40,41,42,43,44,45,56,57,58,59,60,61,62,63,64,65,66,67,68,69,70,71,72,73,74,75,76,77,78,79,80,81,82,83,84,85,86,87,88"
    schedulingWeights "13.152,15.415,1.67,0.716,1.835,0.896,1.512,64.805;0.001,0.001,0.001,0.001,0.001,0.001,0.001,99.993;0.001,0.001,0.001,0.001,0.001,0.001,0.001,99.993;0.001,0.001,0.001,0.001,0.001,0.001,0.001,99.993;0.001,0.001,0.001,0.001,0.001,0.001,0.001,99.993;0.001,0.001,0.001,0.001,0.001,0.001,0.001,99.993;0.001,0.001,0.001,0.001,0.001,0.001,0.001,99.993;0.001,0.001,0.001,0.001,0.001,0.001,0.001,99.993;0.001,0.001,0.001,0.001,0.001,0.001,0.001,99.993;0.001,0.001,0.001,0.001,0.001,0.001,0.001,99.993;0.001,0.001,0.001,0.001,0.001,0.001,0.001,99.993;0.001,0.001,0.001,0.001,0.001,0.001,0.001,99.993;0.001,0.001,0.001,0.001,0.001,0.001,0.001,99.993"
    levelsQoS 8
    queueSizes "32,32,32,32,32,32,32,32"
  ]
  node [
    id 7
    label "7"
    Country "United States"
    Longitude -117.01766
    Internal 1
    Latitude 46.41655
    type "inner"
    schedulingPolicy "WFQ"
    tosToQoSqueue "0,1,2,3,4,5,6,7,8,9,10,11,12,13,14,15,16,17,18,19,20,21,22,23,24,25,26,27,28,29,30,31,32,33,34,35,36,37,38,39,40,41,42,43,44,45,46,47,48,49,50,51,52,53,54,55,56,57,58,59,60,61,62,63,64,65,66,67,68,69,70,71,72,73,74,75,76,77,78,79,80,81,82,83,84,85,86,87,88"
    schedulingWeights "100"
    levelsQoS 1
    queueSizes "32"
  ]
  node [
    id 8
    label "8"
    Country "United States"
    Longitude -119.13723
    Internal 1
    Latitude 46.21125
    type "antenna"
    schedulingPolicy "WFQ"
    tosToQoSqueue "48,57;49,56,59;60,61,62,63;77,88;72,75,83,85,87;68,74,82;64,67,70,76,80,86;79,84;71,73,81;69,78;65,66;58;24,0,1,2,3,4,5,6,7,8,9,10,11,12,13,14,15,16,17,18,19,20,21,22,23,25,26,27,28,29,30,31,32,33,34,35,36,37,38,39,40,41,42,43,44,45,46,47,50,51,52,53,54,55"
    schedulingWeights "0.001,15.415,0.001,0.001,0.001,0.918,2.687,0.001,0.905,0.789,1.537,0.001,77.744;0.001,0.001,0.001,0.001,0.001,0.001,0.001,0.001,0.001,0.001,0.001,0.001,99.988;13.152,0.001,0.001,0.835,1.431,0.918,1.791,0.756,1.81,0.789,0.001,78.091,0.425;13.152,30.831,49.986,0.835,2.147,0.918,0.896,0.756,0.001,0.001,0.001,0.001,0.477;0.001,0.001,0.001,0.001,0.001,0.001,0.001,0.001,0.001,0.001,0.001,0.001,99.988;0.001,0.001,0.001,0.001,0.001,0.001,0.001,0.001,0.001,0.001,0.001,0.001,99.988;0.001,0.001,0.001,0.001,0.001,0.001,0.001,0.001,0.001,0.001,0.001,0.001,99.988;0.001,0.001,0.001,0.001,0.001,0.001,0.001,0.001,0.001,0.001,0.001,0.001,99.988;0.001,0.001,0.001,0.001,0.001,0.001,0.001,0.001,0.001,0.001,0.001,0.001,99.988;0.001,0.001,0.001,0.001,0.001,0.001,0.001,0.001,0.001,0.001,0.001,0.001,99.988;0.001,0.001,0.001,0.001,0.001,0.001,0.001,0.001,0.001,0.001,0.001,0.001,99.988;0.001,0.001,0.001,0.001,0.001,0.001,0.001,0.001,0.001,0.001,0.001,0.001,99.988;0.001,0.001,0.001,0.001,0.001,0.001,0.001,0.001,0.001,0.001,0.001,0.001,99.988;0.001,0.001,0.001,0.001,0.001,0.001,0.001,0.001,0.001,0.001,0.001,0.001,99.988;0.001,0.001,0.001,0.001,0.001,0.001,0.001,0.001,0.001,0.001,0.001,0.001,99.988;0.001,0.001,0.001,0.001,0.001,0.001,0.001,0.001,0.001,0.001,0.001,0.001,99.988;0.001,0.001,0.001,0.001,0.001,0.001,0.001,0.001,0.001,0.001,0.001,0.001,99.988;0.001,0.001,0.001,0.001,0.001,0.001,0.001,0.001,0.001,0.001,0.001,0.001,99.988;0.001,0.001,0.001,0.001,0.001,0.001,0.001,0.001,0.001,0.001,0.001,0.001,99.988;0.001,0.001,0.001,0.001,0.001,0.001,0.001,0.001,0.001,0.001,0.001,0.001,99.988;0.001,0.001,0.001,0.001,0.001,0.001,0.001,0.001,0.001,0.001,0.001,0.001,99.988;0.001,0.001,0.001,0.001,0.001,0.001,0.001,0.001,0.001,0.001,0.001,0.001,99.988;0.001,0.001,0.001,0.001,0.001,0.001,0.001,0.001,0.001,0.001,0.001,0.001,99.988;0.001,0.001,0.001,0.001,0.001,0.001,0.001,0.001,0.001,0.001,0.001,0.001,99.988;0.001,0.001,0.001,0.001,0.001,0.001,0.001,0.001,0.001,0.001,0.001,0.001,99.988;0.001,0.001,0.001,0.001,0.001,0.001,0.001,0.001,0.001,0.001,0.001,0.001,99.988;0.001,0.001,0.001,0.001,0.001,0.001,0.001,0.001,0.001,0.001,0.001,0.001,99.988;0.001,0.001,0.001,0.001,0.001,0.001,0.001,0.001,0.001,0.001,0.001,0.001,99.988;0.001,0.001,0.001,0.001,0.001,0.001,0.001,0.001,0.001,0.001,0.001,0.001,99.988;0.001,0.001,0.001,0.001,0.001,0.001,0.001,0.001,0.001,0.001,0.001,0.001,99.988;0.001,0.001,0.001,0.001,0.001,0.001,0.001,0.001,0.001,0.001,0.001,0.001,99.988;0.001,0.001,0.001,0.001,0.001,0.001,0.001,0.001,0.001,0.001,0.001,0.001,99.988;0.001,0.001,0.001,0.001,0.001,0.001,0.001,0.001,0.001,0.001,0.001,0.001,99.988;0.001,0.001,0.001,0.001,0.001,0.001,0.001,0.001,0.001,0.001,0.001,0.001,99.988;0.001,0.001,0.001,0.001,0.001,0.001,0.001,0.001,0.001,0.001,0.001,0.001,99.988;0.001,0.001,0.001,0.001,0.001,0.001,0.001,0.001,0.001,0.001,0.001,0.001,99.988;0.001,0.001,0.001,0.001,0.001,0.001,0.001,0.001,0.001,0.001,0.001,0.001,99.988;0.001,0.001,0.001,0.001,0.001,0.001,0.001,0.001,0.001,0.001,0.001,0.001,99.988"
    levelsQoS 13
    queueSizes "32,32,32,32,32,32,32,32,32,32,32,32,32"
  ]
  node [
    id 9
    label "9"
    Country "United States"
    Longitude -120.5059
    Internal 1
    Latitude 46.60207
    type "destination_embb"
    schedulingPolicy "FIFO"
    levelsQoS "1"
    schedulingWeights "-"
    tosToQoSqueue "0,1,2,3,4,5,6,7,8,9,10,11,12,13,14,15,16,17,18,19,20,21,22,23,24,25,26,27,28,29,30,31,32,33,34,35,36,37,38,39,40,41,42,43,44,45,46,47,48,49,50,51,52,53,54,55,56,57,58,59,60,61,62,63,64,65,66,67,68,69,70,71,72,73,74,75,76,77,78,79,80,81,82,83,84,85,86,87,88"
    queueSizes "32"
  ]
  node [
    id 10
    label "10"
    Country "United States"
    Longitude -120.54785
    Internal 1
    Latitude 46.99651
    type "inner"
    schedulingPolicy "WFQ"
    tosToQoSqueue "48,57;49,56;22,0,1,2,3,4,5,6,7,8,9,10,11,12,13,14,15,16,17,18,19,20,21,23,24,25,26,27,28,29,30,31,32,33,34,35,36,37,38,39,40,41,42,43,44,45,46,47,50,51,52,53,54,55,58,59,60,61,62,63,64,65,66,67,68,69,70,71,72,73,74,75,76,77,78,79,80,81,82,83,84,85,86,87,88"
    schedulingWeights "13.152,15.415,71.433;13.152,15.415,71.433"
    levelsQoS 3
    queueSizes "32,32,32"
  ]
  node [
    id 11
    label "11"
    Country "Canada"
    Longitude -123.11934
    Internal 1
    Latitude 49.24966
    type "inner"
    schedulingPolicy "WFQ"
    tosToQoSqueue "26;31;29,30;28,32;23,0,1,2,3,4,5,6,7,8,9,10,11,12,13,14,15,16,17,18,19,20,21,22,24,25,27,33,34,35,36,37,38,39,40,41,42,43,44,45,46,47,48,49,50,51,52,53,54,55,56,57,58,59,60,61,62,63,64,65,66,67,68,69,70,71,72,73,74,75,76,77,78,79,80,81,82,83,84,85,86,87,88"
    schedulingWeights "0.001,0.001,0.001,0.001,99.996;15.415,0.918,1.791,1.512,80.364"
    levelsQoS 5
    queueSizes "32,32,32,32,32"
  ]
  node [
    id 12
    label "12"
    Country "United States"
    Longitude -122.48822
    Internal 1
    Latitude 48.75955
    type "inner"
    schedulingPolicy "WFQ"
    tosToQoSqueue "26;31;29,30;28,32;23,0,1,2,3,4,5,6,7,8,9,10,11,12,13,14,15,16,17,18,19,20,21,22,24,25,27,33,34,35,36,37,38,39,40,41,42,43,44,45,46,47,48,49,50,51,52,53,54,55,56,57,58,59,60,61,62,63,64,65,66,67,68,69,70,71,72,73,74,75,76,77,78,79,80,81,82,83,84,85,86,87,88"
    schedulingWeights "15.415,0.918,1.791,1.512,80.364;0.001,0.001,0.001,0.001,99.996"
    levelsQoS 5
    queueSizes "32,32,32,32,32"
  ]
  node [
    id 13
    label "13"
    Country "United States"
    Longitude -122.33405
    Internal 1
    Latitude 48.42122
    type "inner"
    schedulingPolicy "WFQ"
    tosToQoSqueue "26;31;29,30;28,32;23,0,1,2,3,4,5,6,7,8,9,10,11,12,13,14,15,16,17,18,19,20,21,22,24,25,27,33,34,35,36,37,38,39,40,41,42,43,44,45,46,47,48,49,50,51,52,53,54,55,56,57,58,59,60,61,62,63,64,65,66,67,68,69,70,71,72,73,74,75,76,77,78,79,80,81,82,83,84,85,86,87,88"
    schedulingWeights "15.415,0.918,1.791,1.512,80.364;0.001,0.001,0.001,0.001,99.996"
    levelsQoS 5
    queueSizes "32,32,32,32,32"
  ]
  node [
    id 14
    label "14"
    Country "United States"
    Longitude -122.20208
    Internal 1
    Latitude 47.97898
    type "antenna"
    schedulingPolicy "WFQ"
    tosToQoSqueue "26,27;42;33,35,44;31;29,30,38;28,32,45;36,37,40,41,43;34,39;23;25,0,1,2,3,4,5,6,7,8,9,10,11,12,13,14,15,16,17,18,19,20,21,22,24,46,47,48,49,50,51,52,53,54,55,56,57,58,59,60,61,62,63,64,65,66,67,68,69,70,71,72,73,74,75,76,77,78,79,80,81,82,83,84,85,86,87,88"
    schedulingWeights "15.415,0.001,0.001,0.918,1.791,1.512,0.001,0.001,80.316,0.044;15.415,0.835,2.147,0.001,0.896,0.756,4.524,1.537,0.001,73.889;0.001,0.001,0.001,0.001,0.001,0.001,0.001,0.001,0.001,99.991;0.001,0.001,0.001,0.001,0.001,0.001,0.001,0.001,0.001,99.991;0.001,0.001,0.001,0.001,0.001,0.001,0.001,0.001,0.001,99.991;0.001,0.001,0.001,0.001,0.001,0.001,0.001,0.001,0.001,99.991;0.001,0.001,0.001,0.001,0.001,0.001,0.001,0.001,0.001,99.991;0.001,0.001,0.001,0.001,0.001,0.001,0.001,0.001,0.001,99.991;0.001,0.001,0.001,0.001,0.001,0.001,0.001,0.001,0.001,99.991;0.001,0.001,0.001,0.001,0.001,0.001,0.001,0.001,0.001,99.991;0.001,0.001,0.001,0.001,0.001,0.001,0.001,0.001,0.001,99.991;0.001,0.001,0.001,0.001,0.001,0.001,0.001,0.001,0.001,99.991;0.001,0.001,0.001,0.001,0.001,0.001,0.001,0.001,0.001,99.991;0.001,0.001,0.001,0.001,0.001,0.001,0.001,0.001,0.001,99.991;0.001,0.001,0.001,0.001,0.001,0.001,0.001,0.001,0.001,99.991;0.001,0.001,0.001,0.001,0.001,0.001,0.001,0.001,0.001,99.991;0.001,0.001,0.001,0.001,0.001,0.001,0.001,0.001,0.001,99.991;0.001,0.001,0.001,0.001,0.001,0.001,0.001,0.001,0.001,99.991;0.001,0.001,0.001,0.001,0.001,0.001,0.001,0.001,0.001,99.991;0.001,0.001,0.001,0.001,0.001,0.001,0.001,0.001,0.001,99.991;0.001,0.001,0.001,0.001,0.001,0.001,0.001,0.001,0.001,99.991;0.001,0.001,0.001,0.001,0.001,0.001,0.001,0.001,0.001,99.991;0.001,0.001,0.001,0.001,0.001,0.001,0.001,0.001,0.001,99.991;0.001,0.001,0.001,0.001,0.001,0.001,0.001,0.001,0.001,99.991"
    levelsQoS 10
    queueSizes "32,32,32,32,32,32,32,32,32,32"
  ]
  node [
    id 15
    label "15"
    Country "United States"
    Longitude -122.3377
    Internal 1
    Latitude 47.6129
    type "destination_urllc"
    schedulingPolicy "FIFO"
    levelsQoS "1"
    schedulingWeights "-"
    tosToQoSqueue "0,1,2,3,4,5,6,7,8,9,10,11,12,13,14,15,16,17,18,19,20,21,22,23,24,25,26,27,28,29,30,31,32,33,34,35,36,37,38,39,40,41,42,43,44,45,46,47,48,49,50,51,52,53,54,55,56,57,58,59,60,61,62,63,64,65,66,67,68,69,70,71,72,73,74,75,76,77,78,79,80,81,82,83,84,85,86,87,88"
    queueSizes "32"
  ]
  node [
    id 16
    label "16"
    Country "United States"
    Longitude -122.44429
    Internal 1
    Latitude 47.25288
    type "inner"
    schedulingPolicy "WFQ"
    tosToQoSqueue "0,1,2,3,4,5,6,7,8,9,10,11,12,13,14,15,16,17,18,19,20,21,22,23,24,25,26,27,28,29,30,31,32,33,34,35,36,37,38,39,40,41,42,43,44,45,46,47,48,49,50,51,52,53,54,55,56,57,58,59,60,61,62,63,64,65,66,67,68,69,70,71,72,73,74,75,76,77,78,79,80,81,82,83,84,85,86,87,88"
    schedulingWeights "100;100"
    levelsQoS 1
    queueSizes "32"
  ]
  node [
    id 17
    label "17"
    Country "United States"
    Longitude -122.9007
    Internal 1
    Latitude 47.03787
    type "inner"
    schedulingPolicy "WFQ"
    tosToQoSqueue "0,1,2,3,4,5,6,7,8,9,10,11,12,13,14,15,16,17,18,19,20,21,22,23,24,25,26,27,28,29,30,31,32,33,34,35,36,37,38,39,40,41,42,43,44,45,46,47,48,49,50,51,52,53,54,55,56,57,58,59,60,61,62,63,64,65,66,67,68,69,70,71,72,73,74,75,76,77,78,79,80,81,82,83,84,85,86,87,88"
    schedulingWeights "100;100"
    levelsQoS 1
    queueSizes "32"
  ]
  node [
    id 18
    label "18"
    Country "United States"
    Longitude -122.67621
    Internal 1
    Latitude 45.52345
    type "inner"
    schedulingPolicy "WFQ"
    tosToQoSqueue "48;49,59;60,61,62,63;88;83,85,87;82;86;84,0,1,2,3,4,5,6,7,8,9,10,11,12,13,14,15,16,17,18,19,20,21,22,23,24,25,26,27,28,29,30,31,32,33,34,35,36,37,38,39,40,41,42,43,44,45,46,47,50,51,52,53,54,55,56,57,58,64,65,66,67,68,69,70,71,72,73,74,75,76,77,78,79,80,81"
    schedulingWeights "0.001,0.001,0.001,0.001,0.001,0.001,0.001,99.993;13.152,30.831,49.986,0.835,2.147,0.918,0.896,1.237;0.001,0.001,0.001,0.001,0.001,0.001,0.001,99.993"
    levelsQoS 8
    queueSizes "32,32,32,32,32,32,32,32"
  ]
  node [
    id 19
    label "19"
    schedulingPolicy "FIFO"
    levelsQoS "1"
    schedulingWeights "-"
    tosToQoSqueue "0,1,2,3,4,5,6,7,8,9,10,11,12,13,14,15,16,17,18,19,20,21,22,23,24,25,26,27,28,29,30,31,32,33,34,35,36,37,38,39,40,41,42,43,44,45,46,47,48,49,50,51,52,53,54,55,56,57,58,59,60,61,62,63,64,65,66,67,68,69,70,71,72,73,74,75,76,77,78,79,80,81,82,83,84,85,86,87,88"
    queueSizes "32"
    type "destination_urllc"
  ]
  node [
    id 20
    label "20"
    schedulingPolicy "FIFO"
    levelsQoS "1"
    schedulingWeights "-"
    tosToQoSqueue "0,1,2,3,4,5,6,7,8,9,10,11,12,13,14,15,16,17,18,19,20,21,22,23,24,25,26,27,28,29,30,31,32,33,34,35,36,37,38,39,40,41,42,43,44,45,46,47,48,49,50,51,52,53,54,55,56,57,58,59,60,61,62,63,64,65,66,67,68,69,70,71,72,73,74,75,76,77,78,79,80,81,82,83,84,85,86,87,88"
    queueSizes "32"
    type "destination_mmtc"
  ]
  node [
    id 21
    label "21"
    schedulingPolicy "FIFO"
    levelsQoS "1"
    schedulingWeights "-"
    tosToQoSqueue "0,1,2,3,4,5,6,7,8,9,10,11,12,13,14,15,16,17,18,19,20,21,22,23,24,25,26,27,28,29,30,31,32,33,34,35,36,37,38,39,40,41,42,43,44,45,46,47,48,49,50,51,52,53,54,55,56,57,58,59,60,61,62,63,64,65,66,67,68,69,70,71,72,73,74,75,76,77,78,79,80,81,82,83,84,85,86,87,88"
    queueSizes "32"
    type "destination_embb"
  ]
  node [
    id 22
    label "22"
    schedulingPolicy "FIFO"
    levelsQoS "1"
    schedulingWeights "-"
    tosToQoSqueue "0,1,2,3,4,5,6,7,8,9,10,11,12,13,14,15,16,17,18,19,20,21,22,23,24,25,26,27,28,29,30,31,32,33,34,35,36,37,38,39,40,41,42,43,44,45,46,47,48,49,50,51,52,53,54,55,56,57,58,59,60,61,62,63,64,65,66,67,68,69,70,71,72,73,74,75,76,77,78,79,80,81,82,83,84,85,86,87,88"
    queueSizes "32"
    type "origin_embb"
    reservation 16093800.0
  ]
  node [
    id 23
    label "23"
    schedulingPolicy "FIFO"
    levelsQoS "1"
    schedulingWeights "-"
    tosToQoSqueue "0,1,2,3,4,5,6,7,8,9,10,11,12,13,14,15,16,17,18,19,20,21,22,23,24,25,26,27,28,29,30,31,32,33,34,35,36,37,38,39,40,41,42,43,44,45,46,47,48,49,50,51,52,53,54,55,56,57,58,59,60,61,62,63,64,65,66,67,68,69,70,71,72,73,74,75,76,77,78,79,80,81,82,83,84,85,86,87,88"
    queueSizes "32"
    type "origin_embb"
    reservation 20079000.0
  ]
  node [
    id 24
    label "24"
    schedulingPolicy "FIFO"
    levelsQoS "1"
    schedulingWeights "-"
    tosToQoSqueue "0,1,2,3,4,5,6,7,8,9,10,11,12,13,14,15,16,17,18,19,20,21,22,23,24,25,26,27,28,29,30,31,32,33,34,35,36,37,38,39,40,41,42,43,44,45,46,47,48,49,50,51,52,53,54,55,56,57,58,59,60,61,62,63,64,65,66,67,68,69,70,71,72,73,74,75,76,77,78,79,80,81,82,83,84,85,86,87,88"
    queueSizes "32"
    type "origin_embb"
    reservation 19290600.0
  ]
  node [
    id 25
    label "25"
    schedulingPolicy "FIFO"
    levelsQoS "1"
    schedulingWeights "-"
    tosToQoSqueue "0,1,2,3,4,5,6,7,8,9,10,11,12,13,14,15,16,17,18,19,20,21,22,23,24,25,26,27,28,29,30,31,32,33,34,35,36,37,38,39,40,41,42,43,44,45,46,47,48,49,50,51,52,53,54,55,56,57,58,59,60,61,62,63,64,65,66,67,68,69,70,71,72,73,74,75,76,77,78,79,80,81,82,83,84,85,86,87,88"
    queueSizes "32"
    type "origin_embb"
    reservation 18394200.0
  ]
  node [
    id 26
    label "26"
    schedulingPolicy "FIFO"
    levelsQoS "1"
    schedulingWeights "-"
    tosToQoSqueue "0,1,2,3,4,5,6,7,8,9,10,11,12,13,14,15,16,17,18,19,20,21,22,23,24,25,26,27,28,29,30,31,32,33,34,35,36,37,38,39,40,41,42,43,44,45,46,47,48,49,50,51,52,53,54,55,56,57,58,59,60,61,62,63,64,65,66,67,68,69,70,71,72,73,74,75,76,77,78,79,80,81,82,83,84,85,86,87,88"
    queueSizes "32"
    type "origin_urllc"
    reservation 3853850.0
  ]
  node [
    id 27
    label "27"
    schedulingPolicy "FIFO"
    levelsQoS "1"
    schedulingWeights "-"
    tosToQoSqueue "0,1,2,3,4,5,6,7,8,9,10,11,12,13,14,15,16,17,18,19,20,21,22,23,24,25,26,27,28,29,30,31,32,33,34,35,36,37,38,39,40,41,42,43,44,45,46,47,48,49,50,51,52,53,54,55,56,57,58,59,60,61,62,63,64,65,66,67,68,69,70,71,72,73,74,75,76,77,78,79,80,81,82,83,84,85,86,87,88"
    queueSizes "32"
    type "origin_urllc"
    reservation 3853850.0
  ]
  node [
    id 28
    label "28"
    schedulingPolicy "FIFO"
    levelsQoS "1"
    schedulingWeights "-"
    tosToQoSqueue "0,1,2,3,4,5,6,7,8,9,10,11,12,13,14,15,16,17,18,19,20,21,22,23,24,25,26,27,28,29,30,31,32,33,34,35,36,37,38,39,40,41,42,43,44,45,46,47,48,49,50,51,52,53,54,55,56,57,58,59,60,61,62,63,64,65,66,67,68,69,70,71,72,73,74,75,76,77,78,79,80,81,82,83,84,85,86,87,88"
    queueSizes "32"
    type "origin_mmtc"
    reservation 188960.0
  ]
  node [
    id 29
    label "29"
    schedulingPolicy "FIFO"
    levelsQoS "1"
    schedulingWeights "-"
    tosToQoSqueue "0,1,2,3,4,5,6,7,8,9,10,11,12,13,14,15,16,17,18,19,20,21,22,23,24,25,26,27,28,29,30,31,32,33,34,35,36,37,38,39,40,41,42,43,44,45,46,47,48,49,50,51,52,53,54,55,56,57,58,59,60,61,62,63,64,65,66,67,68,69,70,71,72,73,74,75,76,77,78,79,80,81,82,83,84,85,86,87,88"
    queueSizes "32"
    type "origin_mmtc"
    reservation 223880.0
  ]
  node [
    id 30
    label "30"
    schedulingPolicy "FIFO"
    levelsQoS "1"
    schedulingWeights "-"
    tosToQoSqueue "0,1,2,3,4,5,6,7,8,9,10,11,12,13,14,15,16,17,18,19,20,21,22,23,24,25,26,27,28,29,30,31,32,33,34,35,36,37,38,39,40,41,42,43,44,45,46,47,48,49,50,51,52,53,54,55,56,57,58,59,60,61,62,63,64,65,66,67,68,69,70,71,72,73,74,75,76,77,78,79,80,81,82,83,84,85,86,87,88"
    queueSizes "32"
    type "origin_mmtc"
    reservation 223880.0
  ]
  node [
    id 31
    label "31"
    schedulingPolicy "FIFO"
    levelsQoS "1"
    schedulingWeights "-"
    tosToQoSqueue "0,1,2,3,4,5,6,7,8,9,10,11,12,13,14,15,16,17,18,19,20,21,22,23,24,25,26,27,28,29,30,31,32,33,34,35,36,37,38,39,40,41,42,43,44,45,46,47,48,49,50,51,52,53,54,55,56,57,58,59,60,61,62,63,64,65,66,67,68,69,70,71,72,73,74,75,76,77,78,79,80,81,82,83,84,85,86,87,88"
    queueSizes "32"
    type "origin_mmtc"
    reservation 229400.0
  ]
  node [
    id 32
    label "32"
    schedulingPolicy "FIFO"
    levelsQoS "1"
    schedulingWeights "-"
    tosToQoSqueue "0,1,2,3,4,5,6,7,8,9,10,11,12,13,14,15,16,17,18,19,20,21,22,23,24,25,26,27,28,29,30,31,32,33,34,35,36,37,38,39,40,41,42,43,44,45,46,47,48,49,50,51,52,53,54,55,56,57,58,59,60,61,62,63,64,65,66,67,68,69,70,71,72,73,74,75,76,77,78,79,80,81,82,83,84,85,86,87,88"
    queueSizes "32"
    type "origin_mmtc"
    reservation 188960.0
  ]
  node [
    id 33
    label "33"
    schedulingPolicy "FIFO"
    levelsQoS "1"
    schedulingWeights "-"
    tosToQoSqueue "0,1,2,3,4,5,6,7,8,9,10,11,12,13,14,15,16,17,18,19,20,21,22,23,24,25,26,27,28,29,30,31,32,33,34,35,36,37,38,39,40,41,42,43,44,45,46,47,48,49,50,51,52,53,54,55,56,57,58,59,60,61,62,63,64,65,66,67,68,69,70,71,72,73,74,75,76,77,78,79,80,81,82,83,84,85,86,87,88"
    queueSizes "32"
    type "origin_mmtc"
    reservation 178880.0
  ]
  node [
    id 34
    label "34"
    schedulingPolicy "FIFO"
    levelsQoS "1"
    schedulingWeights "-"
    tosToQoSqueue "0,1,2,3,4,5,6,7,8,9,10,11,12,13,14,15,16,17,18,19,20,21,22,23,24,25,26,27,28,29,30,31,32,33,34,35,36,37,38,39,40,41,42,43,44,45,46,47,48,49,50,51,52,53,54,55,56,57,58,59,60,61,62,63,64,65,66,67,68,69,70,71,72,73,74,75,76,77,78,79,80,81,82,83,84,85,86,87,88"
    queueSizes "32"
    type "origin_mmtc"
    reservation 192080.0
  ]
  node [
    id 35
    label "35"
    schedulingPolicy "FIFO"
    levelsQoS "1"
    schedulingWeights "-"
    tosToQoSqueue "0,1,2,3,4,5,6,7,8,9,10,11,12,13,14,15,16,17,18,19,20,21,22,23,24,25,26,27,28,29,30,31,32,33,34,35,36,37,38,39,40,41,42,43,44,45,46,47,48,49,50,51,52,53,54,55,56,57,58,59,60,61,62,63,64,65,66,67,68,69,70,71,72,73,74,75,76,77,78,79,80,81,82,83,84,85,86,87,88"
    queueSizes "32"
    type "origin_mmtc"
    reservation 178880.0
  ]
  node [
    id 36
    label "36"
    schedulingPolicy "FIFO"
    levelsQoS "1"
    schedulingWeights "-"
    tosToQoSqueue "0,1,2,3,4,5,6,7,8,9,10,11,12,13,14,15,16,17,18,19,20,21,22,23,24,25,26,27,28,29,30,31,32,33,34,35,36,37,38,39,40,41,42,43,44,45,46,47,48,49,50,51,52,53,54,55,56,57,58,59,60,61,62,63,64,65,66,67,68,69,70,71,72,73,74,75,76,77,78,79,80,81,82,83,84,85,86,87,88"
    queueSizes "32"
    type "origin_mmtc"
    reservation 226220.0
  ]
  node [
    id 37
    label "37"
    schedulingPolicy "FIFO"
    levelsQoS "1"
    schedulingWeights "-"
    tosToQoSqueue "0,1,2,3,4,5,6,7,8,9,10,11,12,13,14,15,16,17,18,19,20,21,22,23,24,25,26,27,28,29,30,31,32,33,34,35,36,37,38,39,40,41,42,43,44,45,46,47,48,49,50,51,52,53,54,55,56,57,58,59,60,61,62,63,64,65,66,67,68,69,70,71,72,73,74,75,76,77,78,79,80,81,82,83,84,85,86,87,88"
    queueSizes "32"
    type "origin_mmtc"
    reservation 226220.0
  ]
  node [
    id 38
    label "38"
    schedulingPolicy "FIFO"
    levelsQoS "1"
    schedulingWeights "-"
    tosToQoSqueue "0,1,2,3,4,5,6,7,8,9,10,11,12,13,14,15,16,17,18,19,20,21,22,23,24,25,26,27,28,29,30,31,32,33,34,35,36,37,38,39,40,41,42,43,44,45,46,47,48,49,50,51,52,53,54,55,56,57,58,59,60,61,62,63,64,65,66,67,68,69,70,71,72,73,74,75,76,77,78,79,80,81,82,83,84,85,86,87,88"
    queueSizes "32"
    type "origin_mmtc"
    reservation 223880.0
  ]
  node [
    id 39
    label "39"
    schedulingPolicy "FIFO"
    levelsQoS "1"
    schedulingWeights "-"
    tosToQoSqueue "0,1,2,3,4,5,6,7,8,9,10,11,12,13,14,15,16,17,18,19,20,21,22,23,24,25,26,27,28,29,30,31,32,33,34,35,36,37,38,39,40,41,42,43,44,45,46,47,48,49,50,51,52,53,54,55,56,57,58,59,60,61,62,63,64,65,66,67,68,69,70,71,72,73,74,75,76,77,78,79,80,81,82,83,84,85,86,87,88"
    queueSizes "32"
    type "origin_mmtc"
    reservation 192080.0
  ]
  node [
    id 40
    label "40"
    schedulingPolicy "FIFO"
    levelsQoS "1"
    schedulingWeights "-"
    tosToQoSqueue "0,1,2,3,4,5,6,7,8,9,10,11,12,13,14,15,16,17,18,19,20,21,22,23,24,25,26,27,28,29,30,31,32,33,34,35,36,37,38,39,40,41,42,43,44,45,46,47,48,49,50,51,52,53,54,55,56,57,58,59,60,61,62,63,64,65,66,67,68,69,70,71,72,73,74,75,76,77,78,79,80,81,82,83,84,85,86,87,88"
    queueSizes "32"
    type "origin_mmtc"
    reservation 226220.0
  ]
  node [
    id 41
    label "41"
    schedulingPolicy "FIFO"
    levelsQoS "1"
    schedulingWeights "-"
    tosToQoSqueue "0,1,2,3,4,5,6,7,8,9,10,11,12,13,14,15,16,17,18,19,20,21,22,23,24,25,26,27,28,29,30,31,32,33,34,35,36,37,38,39,40,41,42,43,44,45,46,47,48,49,50,51,52,53,54,55,56,57,58,59,60,61,62,63,64,65,66,67,68,69,70,71,72,73,74,75,76,77,78,79,80,81,82,83,84,85,86,87,88"
    queueSizes "32"
    type "origin_mmtc"
    reservation 226220.0
  ]
  node [
    id 42
    label "42"
    schedulingPolicy "FIFO"
    levelsQoS "1"
    schedulingWeights "-"
    tosToQoSqueue "0,1,2,3,4,5,6,7,8,9,10,11,12,13,14,15,16,17,18,19,20,21,22,23,24,25,26,27,28,29,30,31,32,33,34,35,36,37,38,39,40,41,42,43,44,45,46,47,48,49,50,51,52,53,54,55,56,57,58,59,60,61,62,63,64,65,66,67,68,69,70,71,72,73,74,75,76,77,78,79,80,81,82,83,84,85,86,87,88"
    queueSizes "32"
    type "origin_mmtc"
    reservation 208760.0
  ]
  node [
    id 43
    label "43"
    schedulingPolicy "FIFO"
    levelsQoS "1"
    schedulingWeights "-"
    tosToQoSqueue "0,1,2,3,4,5,6,7,8,9,10,11,12,13,14,15,16,17,18,19,20,21,22,23,24,25,26,27,28,29,30,31,32,33,34,35,36,37,38,39,40,41,42,43,44,45,46,47,48,49,50,51,52,53,54,55,56,57,58,59,60,61,62,63,64,65,66,67,68,69,70,71,72,73,74,75,76,77,78,79,80,81,82,83,84,85,86,87,88"
    queueSizes "32"
    type "origin_mmtc"
    reservation 226220.0
  ]
  node [
    id 44
    label "44"
    schedulingPolicy "FIFO"
    levelsQoS "1"
    schedulingWeights "-"
    tosToQoSqueue "0,1,2,3,4,5,6,7,8,9,10,11,12,13,14,15,16,17,18,19,20,21,22,23,24,25,26,27,28,29,30,31,32,33,34,35,36,37,38,39,40,41,42,43,44,45,46,47,48,49,50,51,52,53,54,55,56,57,58,59,60,61,62,63,64,65,66,67,68,69,70,71,72,73,74,75,76,77,78,79,80,81,82,83,84,85,86,87,88"
    queueSizes "32"
    type "origin_mmtc"
    reservation 178880.0
  ]
  node [
    id 45
    label "45"
    schedulingPolicy "FIFO"
    levelsQoS "1"
    schedulingWeights "-"
    tosToQoSqueue "0,1,2,3,4,5,6,7,8,9,10,11,12,13,14,15,16,17,18,19,20,21,22,23,24,25,26,27,28,29,30,31,32,33,34,35,36,37,38,39,40,41,42,43,44,45,46,47,48,49,50,51,52,53,54,55,56,57,58,59,60,61,62,63,64,65,66,67,68,69,70,71,72,73,74,75,76,77,78,79,80,81,82,83,84,85,86,87,88"
    queueSizes "32"
    type "origin_mmtc"
    reservation 188960.0
  ]
  node [
    id 46
    label "46"
    schedulingPolicy "FIFO"
    levelsQoS "1"
    schedulingWeights "-"
    tosToQoSqueue "0,1,2,3,4,5,6,7,8,9,10,11,12,13,14,15,16,17,18,19,20,21,22,23,24,25,26,27,28,29,30,31,32,33,34,35,36,37,38,39,40,41,42,43,44,45,46,47,48,49,50,51,52,53,54,55,56,57,58,59,60,61,62,63,64,65,66,67,68,69,70,71,72,73,74,75,76,77,78,79,80,81,82,83,84,85,86,87,88"
    queueSizes "32"
    type "origin_mmtc"
    reservation 178880.0
  ]
  node [
    id 47
    label "47"
    schedulingPolicy "FIFO"
    levelsQoS "1"
    schedulingWeights "-"
    tosToQoSqueue "0,1,2,3,4,5,6,7,8,9,10,11,12,13,14,15,16,17,18,19,20,21,22,23,24,25,26,27,28,29,30,31,32,33,34,35,36,37,38,39,40,41,42,43,44,45,46,47,48,49,50,51,52,53,54,55,56,57,58,59,60,61,62,63,64,65,66,67,68,69,70,71,72,73,74,75,76,77,78,79,80,81,82,83,84,85,86,87,88"
    queueSizes "32"
    type "origin_mmtc"
    reservation 223880.0
  ]
  node [
    id 48
    label "48"
    schedulingPolicy "FIFO"
    levelsQoS "1"
    schedulingWeights "-"
    tosToQoSqueue "0,1,2,3,4,5,6,7,8,9,10,11,12,13,14,15,16,17,18,19,20,21,22,23,24,25,26,27,28,29,30,31,32,33,34,35,36,37,38,39,40,41,42,43,44,45,46,47,48,49,50,51,52,53,54,55,56,57,58,59,60,61,62,63,64,65,66,67,68,69,70,71,72,73,74,75,76,77,78,79,80,81,82,83,84,85,86,87,88"
    queueSizes "32"
    type "origin_urllc"
    reservation 3287900.0
  ]
  node [
    id 49
    label "49"
    schedulingPolicy "FIFO"
    levelsQoS "1"
    schedulingWeights "-"
    tosToQoSqueue "0,1,2,3,4,5,6,7,8,9,10,11,12,13,14,15,16,17,18,19,20,21,22,23,24,25,26,27,28,29,30,31,32,33,34,35,36,37,38,39,40,41,42,43,44,45,46,47,48,49,50,51,52,53,54,55,56,57,58,59,60,61,62,63,64,65,66,67,68,69,70,71,72,73,74,75,76,77,78,79,80,81,82,83,84,85,86,87,88"
    queueSizes "32"
    type "origin_urllc"
    reservation 3853850.0
  ]
  node [
    id 50
    label "50"
    schedulingPolicy "FIFO"
    levelsQoS "1"
    schedulingWeights "-"
    tosToQoSqueue "0,1,2,3,4,5,6,7,8,9,10,11,12,13,14,15,16,17,18,19,20,21,22,23,24,25,26,27,28,29,30,31,32,33,34,35,36,37,38,39,40,41,42,43,44,45,46,47,48,49,50,51,52,53,54,55,56,57,58,59,60,61,62,63,64,65,66,67,68,69,70,71,72,73,74,75,76,77,78,79,80,81,82,83,84,85,86,87,88"
    queueSizes "32"
    type "origin_mmtc"
    reservation 229400.0
  ]
  node [
    id 51
    label "51"
    schedulingPolicy "FIFO"
    levelsQoS "1"
    schedulingWeights "-"
    tosToQoSqueue "0,1,2,3,4,5,6,7,8,9,10,11,12,13,14,15,16,17,18,19,20,21,22,23,24,25,26,27,28,29,30,31,32,33,34,35,36,37,38,39,40,41,42,43,44,45,46,47,48,49,50,51,52,53,54,55,56,57,58,59,60,61,62,63,64,65,66,67,68,69,70,71,72,73,74,75,76,77,78,79,80,81,82,83,84,85,86,87,88"
    queueSizes "32"
    type "origin_mmtc"
    reservation 208760.0
  ]
  node [
    id 52
    label "52"
    schedulingPolicy "FIFO"
    levelsQoS "1"
    schedulingWeights "-"
    tosToQoSqueue "0,1,2,3,4,5,6,7,8,9,10,11,12,13,14,15,16,17,18,19,20,21,22,23,24,25,26,27,28,29,30,31,32,33,34,35,36,37,38,39,40,41,42,43,44,45,46,47,48,49,50,51,52,53,54,55,56,57,58,59,60,61,62,63,64,65,66,67,68,69,70,71,72,73,74,75,76,77,78,79,80,81,82,83,84,85,86,87,88"
    queueSizes "32"
    type "origin_mmtc"
    reservation 229400.0
  ]
  node [
    id 53
    label "53"
    schedulingPolicy "FIFO"
    levelsQoS "1"
    schedulingWeights "-"
    tosToQoSqueue "0,1,2,3,4,5,6,7,8,9,10,11,12,13,14,15,16,17,18,19,20,21,22,23,24,25,26,27,28,29,30,31,32,33,34,35,36,37,38,39,40,41,42,43,44,45,46,47,48,49,50,51,52,53,54,55,56,57,58,59,60,61,62,63,64,65,66,67,68,69,70,71,72,73,74,75,76,77,78,79,80,81,82,83,84,85,86,87,88"
    queueSizes "32"
    type "origin_mmtc"
    reservation 188960.0
  ]
  node [
    id 54
    label "54"
    schedulingPolicy "FIFO"
    levelsQoS "1"
    schedulingWeights "-"
    tosToQoSqueue "0,1,2,3,4,5,6,7,8,9,10,11,12,13,14,15,16,17,18,19,20,21,22,23,24,25,26,27,28,29,30,31,32,33,34,35,36,37,38,39,40,41,42,43,44,45,46,47,48,49,50,51,52,53,54,55,56,57,58,59,60,61,62,63,64,65,66,67,68,69,70,71,72,73,74,75,76,77,78,79,80,81,82,83,84,85,86,87,88"
    queueSizes "32"
    type "origin_mmtc"
    reservation 188960.0
  ]
  node [
    id 55
    label "55"
    schedulingPolicy "FIFO"
    levelsQoS "1"
    schedulingWeights "-"
    tosToQoSqueue "0,1,2,3,4,5,6,7,8,9,10,11,12,13,14,15,16,17,18,19,20,21,22,23,24,25,26,27,28,29,30,31,32,33,34,35,36,37,38,39,40,41,42,43,44,45,46,47,48,49,50,51,52,53,54,55,56,57,58,59,60,61,62,63,64,65,66,67,68,69,70,71,72,73,74,75,76,77,78,79,80,81,82,83,84,85,86,87,88"
    queueSizes "32"
    type "origin_mmtc"
    reservation 208760.0
  ]
  node [
    id 56
    label "56"
    schedulingPolicy "FIFO"
    levelsQoS "1"
    schedulingWeights "-"
    tosToQoSqueue "0,1,2,3,4,5,6,7,8,9,10,11,12,13,14,15,16,17,18,19,20,21,22,23,24,25,26,27,28,29,30,31,32,33,34,35,36,37,38,39,40,41,42,43,44,45,46,47,48,49,50,51,52,53,54,55,56,57,58,59,60,61,62,63,64,65,66,67,68,69,70,71,72,73,74,75,76,77,78,79,80,81,82,83,84,85,86,87,88"
    queueSizes "32"
    type "origin_urllc"
    reservation 3853850.0
  ]
  node [
    id 57
    label "57"
    schedulingPolicy "FIFO"
    levelsQoS "1"
    schedulingWeights "-"
    tosToQoSqueue "0,1,2,3,4,5,6,7,8,9,10,11,12,13,14,15,16,17,18,19,20,21,22,23,24,25,26,27,28,29,30,31,32,33,34,35,36,37,38,39,40,41,42,43,44,45,46,47,48,49,50,51,52,53,54,55,56,57,58,59,60,61,62,63,64,65,66,67,68,69,70,71,72,73,74,75,76,77,78,79,80,81,82,83,84,85,86,87,88"
    queueSizes "32"
    type "origin_urllc"
    reservation 3287900.0
  ]
  node [
    id 58
    label "58"
    schedulingPolicy "FIFO"
    levelsQoS "1"
    schedulingWeights "-"
    tosToQoSqueue "0,1,2,3,4,5,6,7,8,9,10,11,12,13,14,15,16,17,18,19,20,21,22,23,24,25,26,27,28,29,30,31,32,33,34,35,36,37,38,39,40,41,42,43,44,45,46,47,48,49,50,51,52,53,54,55,56,57,58,59,60,61,62,63,64,65,66,67,68,69,70,71,72,73,74,75,76,77,78,79,80,81,82,83,84,85,86,87,88"
    queueSizes "32"
    type "origin_embb"
    reservation 19522800.0
  ]
  node [
    id 59
    label "59"
    schedulingPolicy "FIFO"
    levelsQoS "1"
    schedulingWeights "-"
    tosToQoSqueue "0,1,2,3,4,5,6,7,8,9,10,11,12,13,14,15,16,17,18,19,20,21,22,23,24,25,26,27,28,29,30,31,32,33,34,35,36,37,38,39,40,41,42,43,44,45,46,47,48,49,50,51,52,53,54,55,56,57,58,59,60,61,62,63,64,65,66,67,68,69,70,71,72,73,74,75,76,77,78,79,80,81,82,83,84,85,86,87,88"
    queueSizes "32"
    type "origin_urllc"
    reservation 3853850.0
  ]
  node [
    id 60
    label "60"
    schedulingPolicy "FIFO"
    levelsQoS "1"
    schedulingWeights "-"
    tosToQoSqueue "0,1,2,3,4,5,6,7,8,9,10,11,12,13,14,15,16,17,18,19,20,21,22,23,24,25,26,27,28,29,30,31,32,33,34,35,36,37,38,39,40,41,42,43,44,45,46,47,48,49,50,51,52,53,54,55,56,57,58,59,60,61,62,63,64,65,66,67,68,69,70,71,72,73,74,75,76,77,78,79,80,81,82,83,84,85,86,87,88"
    queueSizes "32"
    type "origin_urllc"
    reservation 3124100.0
  ]
  node [
    id 61
    label "61"
    schedulingPolicy "FIFO"
    levelsQoS "1"
    schedulingWeights "-"
    tosToQoSqueue "0,1,2,3,4,5,6,7,8,9,10,11,12,13,14,15,16,17,18,19,20,21,22,23,24,25,26,27,28,29,30,31,32,33,34,35,36,37,38,39,40,41,42,43,44,45,46,47,48,49,50,51,52,53,54,55,56,57,58,59,60,61,62,63,64,65,66,67,68,69,70,71,72,73,74,75,76,77,78,79,80,81,82,83,84,85,86,87,88"
    queueSizes "32"
    type "origin_urllc"
    reservation 3124100.0
  ]
  node [
    id 62
    label "62"
    schedulingPolicy "FIFO"
    levelsQoS "1"
    schedulingWeights "-"
    tosToQoSqueue "0,1,2,3,4,5,6,7,8,9,10,11,12,13,14,15,16,17,18,19,20,21,22,23,24,25,26,27,28,29,30,31,32,33,34,35,36,37,38,39,40,41,42,43,44,45,46,47,48,49,50,51,52,53,54,55,56,57,58,59,60,61,62,63,64,65,66,67,68,69,70,71,72,73,74,75,76,77,78,79,80,81,82,83,84,85,86,87,88"
    queueSizes "32"
    type "origin_urllc"
    reservation 3124100.0
  ]
  node [
    id 63
    label "63"
    schedulingPolicy "FIFO"
    levelsQoS "1"
    schedulingWeights "-"
    tosToQoSqueue "0,1,2,3,4,5,6,7,8,9,10,11,12,13,14,15,16,17,18,19,20,21,22,23,24,25,26,27,28,29,30,31,32,33,34,35,36,37,38,39,40,41,42,43,44,45,46,47,48,49,50,51,52,53,54,55,56,57,58,59,60,61,62,63,64,65,66,67,68,69,70,71,72,73,74,75,76,77,78,79,80,81,82,83,84,85,86,87,88"
    queueSizes "32"
    type "origin_urllc"
    reservation 3124100.0
  ]
  node [
    id 64
    label "64"
    schedulingPolicy "FIFO"
    levelsQoS "1"
    schedulingWeights "-"
    tosToQoSqueue "0,1,2,3,4,5,6,7,8,9,10,11,12,13,14,15,16,17,18,19,20,21,22,23,24,25,26,27,28,29,30,31,32,33,34,35,36,37,38,39,40,41,42,43,44,45,46,47,48,49,50,51,52,53,54,55,56,57,58,59,60,61,62,63,64,65,66,67,68,69,70,71,72,73,74,75,76,77,78,79,80,81,82,83,84,85,86,87,88"
    queueSizes "32"
    type "origin_mmtc"
    reservation 223880.0
  ]
  node [
    id 65
    label "65"
    schedulingPolicy "FIFO"
    levelsQoS "1"
    schedulingWeights "-"
    tosToQoSqueue "0,1,2,3,4,5,6,7,8,9,10,11,12,13,14,15,16,17,18,19,20,21,22,23,24,25,26,27,28,29,30,31,32,33,34,35,36,37,38,39,40,41,42,43,44,45,46,47,48,49,50,51,52,53,54,55,56,57,58,59,60,61,62,63,64,65,66,67,68,69,70,71,72,73,74,75,76,77,78,79,80,81,82,83,84,85,86,87,88"
    queueSizes "32"
    type "origin_mmtc"
    reservation 192080.0
  ]
  node [
    id 66
    label "66"
    schedulingPolicy "FIFO"
    levelsQoS "1"
    schedulingWeights "-"
    tosToQoSqueue "0,1,2,3,4,5,6,7,8,9,10,11,12,13,14,15,16,17,18,19,20,21,22,23,24,25,26,27,28,29,30,31,32,33,34,35,36,37,38,39,40,41,42,43,44,45,46,47,48,49,50,51,52,53,54,55,56,57,58,59,60,61,62,63,64,65,66,67,68,69,70,71,72,73,74,75,76,77,78,79,80,81,82,83,84,85,86,87,88"
    queueSizes "32"
    type "origin_mmtc"
    reservation 192080.0
  ]
  node [
    id 67
    label "67"
    schedulingPolicy "FIFO"
    levelsQoS "1"
    schedulingWeights "-"
    tosToQoSqueue "0,1,2,3,4,5,6,7,8,9,10,11,12,13,14,15,16,17,18,19,20,21,22,23,24,25,26,27,28,29,30,31,32,33,34,35,36,37,38,39,40,41,42,43,44,45,46,47,48,49,50,51,52,53,54,55,56,57,58,59,60,61,62,63,64,65,66,67,68,69,70,71,72,73,74,75,76,77,78,79,80,81,82,83,84,85,86,87,88"
    queueSizes "32"
    type "origin_mmtc"
    reservation 223880.0
  ]
  node [
    id 68
    label "68"
    schedulingPolicy "FIFO"
    levelsQoS "1"
    schedulingWeights "-"
    tosToQoSqueue "0,1,2,3,4,5,6,7,8,9,10,11,12,13,14,15,16,17,18,19,20,21,22,23,24,25,26,27,28,29,30,31,32,33,34,35,36,37,38,39,40,41,42,43,44,45,46,47,48,49,50,51,52,53,54,55,56,57,58,59,60,61,62,63,64,65,66,67,68,69,70,71,72,73,74,75,76,77,78,79,80,81,82,83,84,85,86,87,88"
    queueSizes "32"
    type "origin_mmtc"
    reservation 229400.0
  ]
  node [
    id 69
    label "69"
    schedulingPolicy "FIFO"
    levelsQoS "1"
    schedulingWeights "-"
    tosToQoSqueue "0,1,2,3,4,5,6,7,8,9,10,11,12,13,14,15,16,17,18,19,20,21,22,23,24,25,26,27,28,29,30,31,32,33,34,35,36,37,38,39,40,41,42,43,44,45,46,47,48,49,50,51,52,53,54,55,56,57,58,59,60,61,62,63,64,65,66,67,68,69,70,71,72,73,74,75,76,77,78,79,80,81,82,83,84,85,86,87,88"
    queueSizes "32"
    type "origin_mmtc"
    reservation 197300.0
  ]
  node [
    id 70
    label "70"
    schedulingPolicy "FIFO"
    levelsQoS "1"
    schedulingWeights "-"
    tosToQoSqueue "0,1,2,3,4,5,6,7,8,9,10,11,12,13,14,15,16,17,18,19,20,21,22,23,24,25,26,27,28,29,30,31,32,33,34,35,36,37,38,39,40,41,42,43,44,45,46,47,48,49,50,51,52,53,54,55,56,57,58,59,60,61,62,63,64,65,66,67,68,69,70,71,72,73,74,75,76,77,78,79,80,81,82,83,84,85,86,87,88"
    queueSizes "32"
    type "origin_mmtc"
    reservation 223880.0
  ]
  node [
    id 71
    label "71"
    schedulingPolicy "FIFO"
    levelsQoS "1"
    schedulingWeights "-"
    tosToQoSqueue "0,1,2,3,4,5,6,7,8,9,10,11,12,13,14,15,16,17,18,19,20,21,22,23,24,25,26,27,28,29,30,31,32,33,34,35,36,37,38,39,40,41,42,43,44,45,46,47,48,49,50,51,52,53,54,55,56,57,58,59,60,61,62,63,64,65,66,67,68,69,70,71,72,73,74,75,76,77,78,79,80,81,82,83,84,85,86,87,88"
    queueSizes "32"
    type "origin_mmtc"
    reservation 226220.0
  ]
  node [
    id 72
    label "72"
    schedulingPolicy "FIFO"
    levelsQoS "1"
    schedulingWeights "-"
    tosToQoSqueue "0,1,2,3,4,5,6,7,8,9,10,11,12,13,14,15,16,17,18,19,20,21,22,23,24,25,26,27,28,29,30,31,32,33,34,35,36,37,38,39,40,41,42,43,44,45,46,47,48,49,50,51,52,53,54,55,56,57,58,59,60,61,62,63,64,65,66,67,68,69,70,71,72,73,74,75,76,77,78,79,80,81,82,83,84,85,86,87,88"
    queueSizes "32"
    type "origin_mmtc"
    reservation 178880.0
  ]
  node [
    id 73
    label "73"
    schedulingPolicy "FIFO"
    levelsQoS "1"
    schedulingWeights "-"
    tosToQoSqueue "0,1,2,3,4,5,6,7,8,9,10,11,12,13,14,15,16,17,18,19,20,21,22,23,24,25,26,27,28,29,30,31,32,33,34,35,36,37,38,39,40,41,42,43,44,45,46,47,48,49,50,51,52,53,54,55,56,57,58,59,60,61,62,63,64,65,66,67,68,69,70,71,72,73,74,75,76,77,78,79,80,81,82,83,84,85,86,87,88"
    queueSizes "32"
    type "origin_mmtc"
    reservation 226220.0
  ]
  node [
    id 74
    label "74"
    schedulingPolicy "FIFO"
    levelsQoS "1"
    schedulingWeights "-"
    tosToQoSqueue "0,1,2,3,4,5,6,7,8,9,10,11,12,13,14,15,16,17,18,19,20,21,22,23,24,25,26,27,28,29,30,31,32,33,34,35,36,37,38,39,40,41,42,43,44,45,46,47,48,49,50,51,52,53,54,55,56,57,58,59,60,61,62,63,64,65,66,67,68,69,70,71,72,73,74,75,76,77,78,79,80,81,82,83,84,85,86,87,88"
    queueSizes "32"
    type "origin_mmtc"
    reservation 229400.0
  ]
  node [
    id 75
    label "75"
    schedulingPolicy "FIFO"
    levelsQoS "1"
    schedulingWeights "-"
    tosToQoSqueue "0,1,2,3,4,5,6,7,8,9,10,11,12,13,14,15,16,17,18,19,20,21,22,23,24,25,26,27,28,29,30,31,32,33,34,35,36,37,38,39,40,41,42,43,44,45,46,47,48,49,50,51,52,53,54,55,56,57,58,59,60,61,62,63,64,65,66,67,68,69,70,71,72,73,74,75,76,77,78,79,80,81,82,83,84,85,86,87,88"
    queueSizes "32"
    type "origin_mmtc"
    reservation 178880.0
  ]
  node [
    id 76
    label "76"
    schedulingPolicy "FIFO"
    levelsQoS "1"
    schedulingWeights "-"
    tosToQoSqueue "0,1,2,3,4,5,6,7,8,9,10,11,12,13,14,15,16,17,18,19,20,21,22,23,24,25,26,27,28,29,30,31,32,33,34,35,36,37,38,39,40,41,42,43,44,45,46,47,48,49,50,51,52,53,54,55,56,57,58,59,60,61,62,63,64,65,66,67,68,69,70,71,72,73,74,75,76,77,78,79,80,81,82,83,84,85,86,87,88"
    queueSizes "32"
    type "origin_mmtc"
    reservation 223880.0
  ]
  node [
    id 77
    label "77"
    schedulingPolicy "FIFO"
    levelsQoS "1"
    schedulingWeights "-"
    tosToQoSqueue "0,1,2,3,4,5,6,7,8,9,10,11,12,13,14,15,16,17,18,19,20,21,22,23,24,25,26,27,28,29,30,31,32,33,34,35,36,37,38,39,40,41,42,43,44,45,46,47,48,49,50,51,52,53,54,55,56,57,58,59,60,61,62,63,64,65,66,67,68,69,70,71,72,73,74,75,76,77,78,79,80,81,82,83,84,85,86,87,88"
    queueSizes "32"
    type "origin_mmtc"
    reservation 208760.0
  ]
  node [
    id 78
    label "78"
    schedulingPolicy "FIFO"
    levelsQoS "1"
    schedulingWeights "-"
    tosToQoSqueue "0,1,2,3,4,5,6,7,8,9,10,11,12,13,14,15,16,17,18,19,20,21,22,23,24,25,26,27,28,29,30,31,32,33,34,35,36,37,38,39,40,41,42,43,44,45,46,47,48,49,50,51,52,53,54,55,56,57,58,59,60,61,62,63,64,65,66,67,68,69,70,71,72,73,74,75,76,77,78,79,80,81,82,83,84,85,86,87,88"
    queueSizes "32"
    type "origin_mmtc"
    reservation 197300.0
  ]
  node [
    id 79
    label "79"
    schedulingPolicy "FIFO"
    levelsQoS "1"
    schedulingWeights "-"
    tosToQoSqueue "0,1,2,3,4,5,6,7,8,9,10,11,12,13,14,15,16,17,18,19,20,21,22,23,24,25,26,27,28,29,30,31,32,33,34,35,36,37,38,39,40,41,42,43,44,45,46,47,48,49,50,51,52,53,54,55,56,57,58,59,60,61,62,63,64,65,66,67,68,69,70,71,72,73,74,75,76,77,78,79,80,81,82,83,84,85,86,87,88"
    queueSizes "32"
    type "origin_mmtc"
    reservation 188960.0
  ]
  node [
    id 80
    label "80"
    schedulingPolicy "FIFO"
    levelsQoS "1"
    schedulingWeights "-"
    tosToQoSqueue "0,1,2,3,4,5,6,7,8,9,10,11,12,13,14,15,16,17,18,19,20,21,22,23,24,25,26,27,28,29,30,31,32,33,34,35,36,37,38,39,40,41,42,43,44,45,46,47,48,49,50,51,52,53,54,55,56,57,58,59,60,61,62,63,64,65,66,67,68,69,70,71,72,73,74,75,76,77,78,79,80,81,82,83,84,85,86,87,88"
    queueSizes "32"
    type "origin_mmtc"
    reservation 223880.0
  ]
  node [
    id 81
    label "81"
    schedulingPolicy "FIFO"
    levelsQoS "1"
    schedulingWeights "-"
    tosToQoSqueue "0,1,2,3,4,5,6,7,8,9,10,11,12,13,14,15,16,17,18,19,20,21,22,23,24,25,26,27,28,29,30,31,32,33,34,35,36,37,38,39,40,41,42,43,44,45,46,47,48,49,50,51,52,53,54,55,56,57,58,59,60,61,62,63,64,65,66,67,68,69,70,71,72,73,74,75,76,77,78,79,80,81,82,83,84,85,86,87,88"
    queueSizes "32"
    type "origin_mmtc"
    reservation 226220.0
  ]
  node [
    id 82
    label "82"
    schedulingPolicy "FIFO"
    levelsQoS "1"
    schedulingWeights "-"
    tosToQoSqueue "0,1,2,3,4,5,6,7,8,9,10,11,12,13,14,15,16,17,18,19,20,21,22,23,24,25,26,27,28,29,30,31,32,33,34,35,36,37,38,39,40,41,42,43,44,45,46,47,48,49,50,51,52,53,54,55,56,57,58,59,60,61,62,63,64,65,66,67,68,69,70,71,72,73,74,75,76,77,78,79,80,81,82,83,84,85,86,87,88"
    queueSizes "32"
    type "origin_mmtc"
    reservation 229400.0
  ]
  node [
    id 83
    label "83"
    schedulingPolicy "FIFO"
    levelsQoS "1"
    schedulingWeights "-"
    tosToQoSqueue "0,1,2,3,4,5,6,7,8,9,10,11,12,13,14,15,16,17,18,19,20,21,22,23,24,25,26,27,28,29,30,31,32,33,34,35,36,37,38,39,40,41,42,43,44,45,46,47,48,49,50,51,52,53,54,55,56,57,58,59,60,61,62,63,64,65,66,67,68,69,70,71,72,73,74,75,76,77,78,79,80,81,82,83,84,85,86,87,88"
    queueSizes "32"
    type "origin_mmtc"
    reservation 178880.0
  ]
  node [
    id 84
    label "84"
    schedulingPolicy "FIFO"
    levelsQoS "1"
    schedulingWeights "-"
    tosToQoSqueue "0,1,2,3,4,5,6,7,8,9,10,11,12,13,14,15,16,17,18,19,20,21,22,23,24,25,26,27,28,29,30,31,32,33,34,35,36,37,38,39,40,41,42,43,44,45,46,47,48,49,50,51,52,53,54,55,56,57,58,59,60,61,62,63,64,65,66,67,68,69,70,71,72,73,74,75,76,77,78,79,80,81,82,83,84,85,86,87,88"
    queueSizes "32"
    type "origin_mmtc"
    reservation 188960.0
  ]
  node [
    id 85
    label "85"
    schedulingPolicy "FIFO"
    levelsQoS "1"
    schedulingWeights "-"
    tosToQoSqueue "0,1,2,3,4,5,6,7,8,9,10,11,12,13,14,15,16,17,18,19,20,21,22,23,24,25,26,27,28,29,30,31,32,33,34,35,36,37,38,39,40,41,42,43,44,45,46,47,48,49,50,51,52,53,54,55,56,57,58,59,60,61,62,63,64,65,66,67,68,69,70,71,72,73,74,75,76,77,78,79,80,81,82,83,84,85,86,87,88"
    queueSizes "32"
    type "origin_mmtc"
    reservation 178880.0
  ]
  node [
    id 86
    label "86"
    schedulingPolicy "FIFO"
    levelsQoS "1"
    schedulingWeights "-"
    tosToQoSqueue "0,1,2,3,4,5,6,7,8,9,10,11,12,13,14,15,16,17,18,19,20,21,22,23,24,25,26,27,28,29,30,31,32,33,34,35,36,37,38,39,40,41,42,43,44,45,46,47,48,49,50,51,52,53,54,55,56,57,58,59,60,61,62,63,64,65,66,67,68,69,70,71,72,73,74,75,76,77,78,79,80,81,82,83,84,85,86,87,88"
    queueSizes "32"
    type "origin_mmtc"
    reservation 223880.0
  ]
  node [
    id 87
    label "87"
    schedulingPolicy "FIFO"
    levelsQoS "1"
    schedulingWeights "-"
    tosToQoSqueue "0,1,2,3,4,5,6,7,8,9,10,11,12,13,14,15,16,17,18,19,20,21,22,23,24,25,26,27,28,29,30,31,32,33,34,35,36,37,38,39,40,41,42,43,44,45,46,47,48,49,50,51,52,53,54,55,56,57,58,59,60,61,62,63,64,65,66,67,68,69,70,71,72,73,74,75,76,77,78,79,80,81,82,83,84,85,86,87,88"
    queueSizes "32"
    type "origin_mmtc"
    reservation 178880.0
  ]
  node [
    id 88
    label "88"
    schedulingPolicy "FIFO"
    levelsQoS "1"
    schedulingWeights "-"
    tosToQoSqueue "0,1,2,3,4,5,6,7,8,9,10,11,12,13,14,15,16,17,18,19,20,21,22,23,24,25,26,27,28,29,30,31,32,33,34,35,36,37,38,39,40,41,42,43,44,45,46,47,48,49,50,51,52,53,54,55,56,57,58,59,60,61,62,63,64,65,66,67,68,69,70,71,72,73,74,75,76,77,78,79,80,81,82,83,84,85,86,87,88"
    queueSizes "32"
    type "origin_mmtc"
    reservation 208760.0
  ]
  edge [
    source 0
    target 1
    key 0
    id "e19"
    bandwidth 25000000
    traffic ""
    reservation ""
    port 0
  ]
  edge [
    source 0
    target 2
    key 0
    id "e17"
    bandwidth 25000000
    traffic "18000000,3500000,3500000"
    reservation "16093800.0,3287900.0,3853850.0"
    port 1
  ]
  edge [
    source 0
    target 3
    key 0
    id "e18"
    bandwidth 25000000
    traffic "18000000"
    reservation "20079000.0"
    port 2
  ]
  edge [
    source 0
    target 6
    key 0
    id "e20"
    bandwidth 25000000
    traffic ""
    reservation ""
    port 3
  ]
  edge [
    source 0
    target 20
    key 0
    port 4
    weight 1
    bandwidth 350000000
    traffic "200000,200000,200000,200000,200000,200000,200000,200000,200000,200000,200000,200000,200000,200000,200000,200000,200000,200000,200000,200000,200000,200000,200000,200000,200000,200000,200000,200000,200000,200000,200000,200000,200000,200000,200000,200000,200000,200000,200000,200000,200000,200000,200000,200000,200000,200000,200000,200000,200000,200000,200000"
    reservation "188960.0,223880.0,223880.0,229400.0,188960.0,178880.0,192080.0,178880.0,226220.0,226220.0,223880.0,192080.0,226220.0,226220.0,208760.0,226220.0,178880.0,188960.0,178880.0,223880.0,229400.0,208760.0,229400.0,188960.0,188960.0,208760.0,223880.0,192080.0,192080.0,223880.0,229400.0,197300.0,223880.0,226220.0,178880.0,226220.0,229400.0,178880.0,223880.0,208760.0,197300.0,188960.0,223880.0,226220.0,229400.0,178880.0,188960.0,178880.0,223880.0,178880.0,208760.0"
  ]
  edge [
    source 1
    target 0
    key 0
    id "e19"
    bandwidth 25000000
    traffic ""
    reservation ""
    port 0
  ]
  edge [
    source 2
    target 0
    key 0
    id "e17"
    bandwidth 25000000
    traffic "18000000,200000,200000,200000,200000,200000,200000,200000,200000,200000,200000,200000,200000,200000,200000,200000,200000,200000,200000,200000,200000,200000,200000,200000,200000"
    reservation "20079000.0,188960.0,223880.0,223880.0,229400.0,188960.0,178880.0,192080.0,178880.0,226220.0,226220.0,223880.0,192080.0,226220.0,226220.0,208760.0,226220.0,178880.0,188960.0,229400.0,178880.0,188960.0,178880.0,223880.0,178880.0"
    port 0
  ]
  edge [
    source 2
    target 10
    key 0
    id "e16"
    bandwidth 25000000
    traffic "18000000,3500000,3500000"
    reservation "16093800.0,3287900.0,3853850.0"
    port 1
  ]
  edge [
    source 2
    target 15
    key 0
    id "e8"
    bandwidth 25000000
    traffic "3500000,3500000"
    reservation "3853850.0,3287900.0"
    port 2
  ]
  edge [
    source 3
    target 0
    key 0
    id "e18"
    bandwidth 25000000
    traffic "200000,200000,200000,200000,200000,200000,200000,200000,200000,200000,200000,200000,200000,200000,200000,200000,200000,200000,200000"
    reservation "223880.0,192080.0,192080.0,223880.0,229400.0,197300.0,223880.0,226220.0,178880.0,226220.0,229400.0,178880.0,223880.0,208760.0,197300.0,188960.0,223880.0,226220.0,208760.0"
    port 0
  ]
  edge [
    source 3
    target 9
    key 0
    id "e14"
    bandwidth 25000000
    traffic "18000000"
    reservation "20079000.0"
    port 1
  ]
  edge [
    source 4
    target 8
    key 0
    id "e23"
    bandwidth 25000000
    traffic "3500000,3500000"
    reservation "3287900.0,3853850.0"
    port 0
  ]
  edge [
    source 4
    target 5
    key 0
    id "e22"
    bandwidth 25000000
    traffic "18000000,3500000,200000,200000,200000,200000,200000,200000,200000,200000"
    reservation "19290600.0,3853850.0,223880.0,192080.0,192080.0,223880.0,229400.0,197300.0,223880.0,226220.0"
    port 1
  ]
  edge [
    source 5
    target 4
    key 0
    id "e22"
    bandwidth 25000000
    traffic "3500000,3500000"
    reservation "3287900.0,3853850.0"
    port 0
  ]
  edge [
    source 5
    target 8
    key 0
    id "e24"
    bandwidth 25000000
    traffic ""
    reservation ""
    port 1
  ]
  edge [
    source 5
    target 9
    key 0
    id "e12"
    bandwidth 25000000
    traffic "18000000,3500000,200000,200000,200000,200000,200000,200000,200000,200000"
    reservation "19290600.0,3853850.0,223880.0,192080.0,192080.0,223880.0,229400.0,197300.0,223880.0,226220.0"
    port 2
  ]
  edge [
    source 6
    target 0
    key 0
    id "e20"
    bandwidth 25000000
    traffic "18000000,200000,200000,3500000,3500000,200000,200000,200000,200000,200000,200000"
    reservation "16093800.0,178880.0,223880.0,3287900.0,3853850.0,229400.0,208760.0,229400.0,188960.0,188960.0,208760.0"
    port 0
  ]
  edge [
    source 6
    target 7
    key 0
    id "e21"
    bandwidth 25000000
    traffic ""
    reservation ""
    port 1
  ]
  edge [
    source 6
    target 22
    key 0
    port 2
    weight 1
    bandwidth 50000000
    traffic ""
    reservation ""
  ]
  edge [
    source 6
    target 46
    key 0
    port 3
    weight 1
    bandwidth 50000000
    traffic ""
    reservation ""
  ]
  edge [
    source 6
    target 47
    key 0
    port 4
    weight 1
    bandwidth 50000000
    traffic ""
    reservation ""
  ]
  edge [
    source 6
    target 48
    key 0
    port 5
    weight 1
    bandwidth 50000000
    traffic ""
    reservation ""
  ]
  edge [
    source 6
    target 49
    key 0
    port 6
    weight 1
    bandwidth 50000000
    traffic ""
    reservation ""
  ]
  edge [
    source 6
    target 50
    key 0
    port 7
    weight 1
    bandwidth 50000000
    traffic ""
    reservation ""
  ]
  edge [
    source 6
    target 51
    key 0
    port 8
    weight 1
    bandwidth 50000000
    traffic ""
    reservation ""
  ]
  edge [
    source 6
    target 52
    key 0
    port 9
    weight 1
    bandwidth 50000000
    traffic ""
    reservation ""
  ]
  edge [
    source 6
    target 53
    key 0
    port 10
    weight 1
    bandwidth 50000000
    traffic ""
    reservation ""
  ]
  edge [
    source 6
    target 54
    key 0
    port 11
    weight 1
    bandwidth 50000000
    traffic ""
    reservation ""
  ]
  edge [
    source 6
    target 55
    key 0
    port 12
    weight 1
    bandwidth 50000000
    traffic ""
    reservation ""
  ]
  edge [
    source 7
    target 6
    key 0
    id "e21"
    bandwidth 25000000
    traffic ""
    reservation ""
    port 0
  ]
  edge [
    source 8
    target 4
    key 0
    id "e23"
    bandwidth 25000000
    traffic "18000000,3500000,200000,200000,200000,200000,200000,200000,200000,200000"
    reservation "19290600.0,3853850.0,223880.0,192080.0,192080.0,223880.0,229400.0,197300.0,223880.0,226220.0"
    port 0
  ]
  edge [
    source 8
    target 5
    key 0
    id "e24"
    bandwidth 25000000
    traffic ""
    reservation ""
    port 1
  ]
  edge [
    source 8
    target 9
    key 0
    id "e13"
    bandwidth 25000000
    traffic "3500000,18000000,200000,200000,200000,200000,200000,200000,200000,200000,200000,200000"
    reservation "3287900.0,19522800.0,178880.0,226220.0,229400.0,178880.0,223880.0,208760.0,197300.0,188960.0,223880.0,226220.0"
    port 2
  ]
  edge [
    source 8
    target 18
    key 0
    id "e11"
    bandwidth 25000000
    traffic "3500000,3500000,3500000,3500000,3500000,3500000,3500000,200000,200000,200000,200000,200000,200000,200000"
    reservation "3287900.0,3853850.0,3853850.0,3124100.0,3124100.0,3124100.0,3124100.0,229400.0,178880.0,188960.0,178880.0,223880.0,178880.0,208760.0"
    port 3
  ]
  edge [
    source 8
    target 24
    key 0
    port 4
    weight 1
    bandwidth 50000000
    traffic ""
    reservation ""
  ]
  edge [
    source 8
    target 56
    key 0
    port 5
    weight 1
    bandwidth 50000000
    traffic ""
    reservation ""
  ]
  edge [
    source 8
    target 57
    key 0
    port 6
    weight 1
    bandwidth 50000000
    traffic ""
    reservation ""
  ]
  edge [
    source 8
    target 58
    key 0
    port 7
    weight 1
    bandwidth 50000000
    traffic ""
    reservation ""
  ]
  edge [
    source 8
    target 59
    key 0
    port 8
    weight 1
    bandwidth 50000000
    traffic ""
    reservation ""
  ]
  edge [
    source 8
    target 60
    key 0
    port 9
    weight 1
    bandwidth 50000000
    traffic ""
    reservation ""
  ]
  edge [
    source 8
    target 61
    key 0
    port 10
    weight 1
    bandwidth 50000000
    traffic ""
    reservation ""
  ]
  edge [
    source 8
    target 62
    key 0
    port 11
    weight 1
    bandwidth 50000000
    traffic ""
    reservation ""
  ]
  edge [
    source 8
    target 63
    key 0
    port 12
    weight 1
    bandwidth 50000000
    traffic ""
    reservation ""
  ]
  edge [
    source 8
    target 64
    key 0
    port 13
    weight 1
    bandwidth 50000000
    traffic ""
    reservation ""
  ]
  edge [
    source 8
    target 65
    key 0
    port 14
    weight 1
    bandwidth 50000000
    traffic ""
    reservation ""
  ]
  edge [
    source 8
    target 66
    key 0
    port 15
    weight 1
    bandwidth 50000000
    traffic ""
    reservation ""
  ]
  edge [
    source 8
    target 67
    key 0
    port 16
    weight 1
    bandwidth 50000000
    traffic ""
    reservation ""
  ]
  edge [
    source 8
    target 68
    key 0
    port 17
    weight 1
    bandwidth 50000000
    traffic ""
    reservation ""
  ]
  edge [
    source 8
    target 69
    key 0
    port 18
    weight 1
    bandwidth 50000000
    traffic ""
    reservation ""
  ]
  edge [
    source 8
    target 70
    key 0
    port 19
    weight 1
    bandwidth 50000000
    traffic ""
    reservation ""
  ]
  edge [
    source 8
    target 71
    key 0
    port 20
    weight 1
    bandwidth 50000000
    traffic ""
    reservation ""
  ]
  edge [
    source 8
    target 72
    key 0
    port 21
    weight 1
    bandwidth 50000000
    traffic ""
    reservation ""
  ]
  edge [
    source 8
    target 73
    key 0
    port 22
    weight 1
    bandwidth 50000000
    traffic ""
    reservation ""
  ]
  edge [
    source 8
    target 74
    key 0
    port 23
    weight 1
    bandwidth 50000000
    traffic ""
    reservation ""
  ]
  edge [
    source 8
    target 75
    key 0
    port 24
    weight 1
    bandwidth 50000000
    traffic ""
    reservation ""
  ]
  edge [
    source 8
    target 76
    key 0
    port 25
    weight 1
    bandwidth 50000000
    traffic ""
    reservation ""
  ]
  edge [
    source 8
    target 77
    key 0
    port 26
    weight 1
    bandwidth 50000000
    traffic ""
    reservation ""
  ]
  edge [
    source 8
    target 78
    key 0
    port 27
    weight 1
    bandwidth 50000000
    traffic ""
    reservation ""
  ]
  edge [
    source 8
    target 79
    key 0
    port 28
    weight 1
    bandwidth 50000000
    traffic ""
    reservation ""
  ]
  edge [
    source 8
    target 80
    key 0
    port 29
    weight 1
    bandwidth 50000000
    traffic ""
    reservation ""
  ]
  edge [
    source 8
    target 81
    key 0
    port 30
    weight 1
    bandwidth 50000000
    traffic ""
    reservation ""
  ]
  edge [
    source 8
    target 82
    key 0
    port 31
    weight 1
    bandwidth 50000000
    traffic ""
    reservation ""
  ]
  edge [
    source 8
    target 83
    key 0
    port 32
    weight 1
    bandwidth 50000000
    traffic ""
    reservation ""
  ]
  edge [
    source 8
    target 84
    key 0
    port 33
    weight 1
    bandwidth 50000000
    traffic ""
    reservation ""
  ]
  edge [
    source 8
    target 85
    key 0
    port 34
    weight 1
    bandwidth 50000000
    traffic ""
    reservation ""
  ]
  edge [
    source 8
    target 86
    key 0
    port 35
    weight 1
    bandwidth 50000000
    traffic ""
    reservation ""
  ]
  edge [
    source 8
    target 87
    key 0
    port 36
    weight 1
    bandwidth 50000000
    traffic ""
    reservation ""
  ]
  edge [
    source 8
    target 88
    key 0
    port 37
    weight 1
    bandwidth 50000000
    traffic ""
    reservation ""
  ]
  edge [
    source 9
    target 3
    key 0
    id "e14"
    bandwidth 25000000
    traffic "200000,200000,200000,200000,200000,200000,200000,200000,200000,200000,200000,200000,200000,200000,200000,200000,200000,200000,200000"
    reservation "223880.0,192080.0,192080.0,223880.0,229400.0,197300.0,223880.0,226220.0,178880.0,226220.0,229400.0,178880.0,223880.0,208760.0,197300.0,188960.0,223880.0,226220.0,208760.0"
    port 0
  ]
  edge [
    source 9
    target 5
    key 0
    id "e12"
    bandwidth 25000000
    traffic "3500000,3500000"
    reservation "3287900.0,3853850.0"
    port 1
  ]
  edge [
    source 9
    target 8
    key 0
    id "e13"
    bandwidth 25000000
    traffic ""
    reservation ""
    port 2
  ]
  edge [
    source 9
    target 10
    key 0
    id "e15"
    bandwidth 25000000
    traffic "3500000,3500000"
    reservation "3853850.0,3287900.0"
    port 3
  ]
  edge [
    source 9
    target 15
    key 0
    id "e7"
    bandwidth 25000000
    traffic ""
    reservation ""
    port 4
  ]
  edge [
    source 9
    target 21
    key 0
    port 5
    weight 1
    bandwidth 350000000
    traffic "18000000,18000000,18000000,18000000,18000000"
    reservation "16093800.0,20079000.0,19290600.0,18394200.0,19522800.0"
  ]
  edge [
    source 10
    target 2
    key 0
    id "e16"
    bandwidth 25000000
    traffic "3500000,3500000"
    reservation "3853850.0,3287900.0"
    port 0
  ]
  edge [
    source 10
    target 9
    key 0
    id "e15"
    bandwidth 25000000
    traffic "18000000,3500000,3500000"
    reservation "16093800.0,3287900.0,3853850.0"
    port 1
  ]
  edge [
    source 11
    target 12
    key 0
    id "e0"
    bandwidth 25000000
    traffic ""
    reservation ""
    port 0
  ]
  edge [
    source 11
    target 15
    key 0
    id "e1"
    bandwidth 25000000
    traffic "18000000,3500000,200000,200000,200000,200000,200000"
    reservation "20079000.0,3853850.0,188960.0,223880.0,223880.0,229400.0,188960.0"
    port 1
  ]
  edge [
    source 12
    target 11
    key 0
    id "e0"
    bandwidth 25000000
    traffic "18000000,3500000,200000,200000,200000,200000,200000"
    reservation "20079000.0,3853850.0,188960.0,223880.0,223880.0,229400.0,188960.0"
    port 0
  ]
  edge [
    source 12
    target 13
    key 0
    id "e2"
    bandwidth 25000000
    traffic ""
    reservation ""
    port 1
  ]
  edge [
    source 13
    target 12
    key 0
    id "e2"
    bandwidth 25000000
    traffic "18000000,3500000,200000,200000,200000,200000,200000"
    reservation "20079000.0,3853850.0,188960.0,223880.0,223880.0,229400.0,188960.0"
    port 0
  ]
  edge [
    source 13
    target 14
    key 0
    id "e3"
    bandwidth 25000000
    traffic ""
    reservation ""
    port 1
  ]
  edge [
    source 14
    target 13
    key 0
    id "e3"
    bandwidth 25000000
    traffic "18000000,3500000,200000,200000,200000,200000,200000"
    reservation "20079000.0,3853850.0,188960.0,223880.0,223880.0,229400.0,188960.0"
    port 0
  ]
  edge [
    source 14
    target 15
    key 0
    id "e4"
    bandwidth 25000000
    traffic "18000000,3500000,200000,200000,200000,200000,200000,200000,200000,200000,200000,200000,200000,200000,200000"
    reservation "18394200.0,3853850.0,178880.0,192080.0,178880.0,226220.0,226220.0,223880.0,192080.0,226220.0,226220.0,208760.0,226220.0,178880.0,188960.0"
    port 1
  ]
  edge [
    source 14
    target 23
    key 0
    port 2
    weight 1
    bandwidth 50000000
    traffic ""
    reservation ""
  ]
  edge [
    source 14
    target 25
    key 0
    port 3
    weight 1
    bandwidth 50000000
    traffic ""
    reservation ""
  ]
  edge [
    source 14
    target 26
    key 0
    port 4
    weight 1
    bandwidth 50000000
    traffic ""
    reservation ""
  ]
  edge [
    source 14
    target 27
    key 0
    port 5
    weight 1
    bandwidth 50000000
    traffic ""
    reservation ""
  ]
  edge [
    source 14
    target 28
    key 0
    port 6
    weight 1
    bandwidth 50000000
    traffic ""
    reservation ""
  ]
  edge [
    source 14
    target 29
    key 0
    port 7
    weight 1
    bandwidth 50000000
    traffic ""
    reservation ""
  ]
  edge [
    source 14
    target 30
    key 0
    port 8
    weight 1
    bandwidth 50000000
    traffic ""
    reservation ""
  ]
  edge [
    source 14
    target 31
    key 0
    port 9
    weight 1
    bandwidth 50000000
    traffic ""
    reservation ""
  ]
  edge [
    source 14
    target 32
    key 0
    port 10
    weight 1
    bandwidth 50000000
    traffic ""
    reservation ""
  ]
  edge [
    source 14
    target 33
    key 0
    port 11
    weight 1
    bandwidth 50000000
    traffic ""
    reservation ""
  ]
  edge [
    source 14
    target 34
    key 0
    port 12
    weight 1
    bandwidth 50000000
    traffic ""
    reservation ""
  ]
  edge [
    source 14
    target 35
    key 0
    port 13
    weight 1
    bandwidth 50000000
    traffic ""
    reservation ""
  ]
  edge [
    source 14
    target 36
    key 0
    port 14
    weight 1
    bandwidth 50000000
    traffic ""
    reservation ""
  ]
  edge [
    source 14
    target 37
    key 0
    port 15
    weight 1
    bandwidth 50000000
    traffic ""
    reservation ""
  ]
  edge [
    source 14
    target 38
    key 0
    port 16
    weight 1
    bandwidth 50000000
    traffic ""
    reservation ""
  ]
  edge [
    source 14
    target 39
    key 0
    port 17
    weight 1
    bandwidth 50000000
    traffic ""
    reservation ""
  ]
  edge [
    source 14
    target 40
    key 0
    port 18
    weight 1
    bandwidth 50000000
    traffic ""
    reservation ""
  ]
  edge [
    source 14
    target 41
    key 0
    port 19
    weight 1
    bandwidth 50000000
    traffic ""
    reservation ""
  ]
  edge [
    source 14
    target 42
    key 0
    port 20
    weight 1
    bandwidth 50000000
    traffic ""
    reservation ""
  ]
  edge [
    source 14
    target 43
    key 0
    port 21
    weight 1
    bandwidth 50000000
    traffic ""
    reservation ""
  ]
  edge [
    source 14
    target 44
    key 0
    port 22
    weight 1
    bandwidth 50000000
    traffic ""
    reservation ""
  ]
  edge [
    source 14
    target 45
    key 0
    port 23
    weight 1
    bandwidth 50000000
    traffic ""
    reservation ""
  ]
  edge [
    source 15
    target 2
    key 0
    id "e8"
    bandwidth 25000000
    traffic "18000000,200000,200000,200000,200000,200000,200000,200000,200000,200000,200000,200000,200000,200000,200000,200000,200000,200000,200000,200000,200000,200000,200000,200000,200000"
    reservation "20079000.0,188960.0,223880.0,223880.0,229400.0,188960.0,178880.0,192080.0,178880.0,226220.0,226220.0,223880.0,192080.0,226220.0,226220.0,208760.0,226220.0,178880.0,188960.0,229400.0,178880.0,188960.0,178880.0,223880.0,178880.0"
    port 0
  ]
  edge [
    source 15
    target 9
    key 0
    id "e7"
    bandwidth 25000000
    traffic "18000000,200000"
    reservation "18394200.0,208760.0"
    port 1
  ]
  edge [
    source 15
    target 11
    key 0
    id "e1"
    bandwidth 25000000
    traffic ""
    reservation ""
    port 2
  ]
  edge [
    source 15
    target 14
    key 0
    id "e4"
    bandwidth 25000000
    traffic ""
    reservation ""
    port 3
  ]
  edge [
    source 15
    target 16
    key 0
    id "e5"
    bandwidth 25000000
    traffic ""
    reservation ""
    port 4
  ]
  edge [
    source 15
    target 18
    key 0
    id "e6"
    bandwidth 25000000
    traffic ""
    reservation ""
    port 5
  ]
  edge [
    source 15
    target 19
    key 0
    port 6
    weight 1
    bandwidth 350000000
    traffic "3500000,3500000,3500000,3500000,3500000,3500000,3500000,3500000,3500000,3500000,3500000"
    reservation "3853850.0,3853850.0,3287900.0,3853850.0,3853850.0,3287900.0,3853850.0,3124100.0,3124100.0,3124100.0,3124100.0"
  ]
  edge [
    source 16
    target 15
    key 0
    id "e5"
    bandwidth 25000000
    traffic ""
    reservation ""
    port 0
  ]
  edge [
    source 16
    target 17
    key 0
    id "e9"
    bandwidth 25000000
    traffic ""
    reservation ""
    port 1
  ]
  edge [
    source 17
    target 16
    key 0
    id "e9"
    bandwidth 25000000
    traffic ""
    reservation ""
    port 0
  ]
  edge [
    source 17
    target 18
    key 0
    id "e10"
    bandwidth 25000000
    traffic ""
    reservation ""
    port 1
  ]
  edge [
    source 18
    target 8
    key 0
    id "e11"
    bandwidth 25000000
    traffic ""
    reservation ""
    port 0
  ]
  edge [
    source 18
    target 15
    key 0
    id "e6"
    bandwidth 25000000
    traffic "3500000,3500000,3500000,3500000,3500000,3500000,3500000,200000,200000,200000,200000,200000,200000,200000"
    reservation "3287900.0,3853850.0,3853850.0,3124100.0,3124100.0,3124100.0,3124100.0,229400.0,178880.0,188960.0,178880.0,223880.0,178880.0,208760.0"
    port 1
  ]
  edge [
    source 18
    target 17
    key 0
    id "e10"
    bandwidth 25000000
    traffic ""
    reservation ""
    port 2
  ]
  edge [
    source 19
    target 15
    key 0
    port 0
    weight 1
    bandwidth 350000000
    traffic ""
    reservation ""
  ]
  edge [
    source 20
    target 0
    key 0
    port 0
    weight 1
    bandwidth 350000000
    traffic ""
    reservation ""
  ]
  edge [
    source 21
    target 9
    key 0
    port 0
    weight 1
    bandwidth 350000000
    traffic ""
    reservation ""
  ]
  edge [
    source 22
    target 6
    key 0
    port 0
    weight 1
    bandwidth 50000000
    traffic "18000000"
    reservation "16093800.0"
  ]
  edge [
    source 23
    target 14
    key 0
    port 0
    weight 1
    bandwidth 50000000
    traffic "18000000"
    reservation "20079000.0"
  ]
  edge [
    source 24
    target 8
    key 0
    port 0
    weight 1
    bandwidth 50000000
    traffic "18000000"
    reservation "19290600.0"
  ]
  edge [
    source 25
    target 14
    key 0
    port 0
    weight 1
    bandwidth 50000000
    traffic "18000000"
    reservation "18394200.0"
  ]
  edge [
    source 26
    target 14
    key 0
    port 0
    weight 1
    bandwidth 50000000
    traffic "3500000"
    reservation "3853850.0"
  ]
  edge [
    source 27
    target 14
    key 0
    port 0
    weight 1
    bandwidth 50000000
    traffic "3500000"
    reservation "3853850.0"
  ]
  edge [
    source 28
    target 14
    key 0
    port 0
    weight 1
    bandwidth 50000000
    traffic "200000"
    reservation "188960.0"
  ]
  edge [
    source 29
    target 14
    key 0
    port 0
    weight 1
    bandwidth 50000000
    traffic "200000"
    reservation "223880.0"
  ]
  edge [
    source 30
    target 14
    key 0
    port 0
    weight 1
    bandwidth 50000000
    traffic "200000"
    reservation "223880.0"
  ]
  edge [
    source 31
    target 14
    key 0
    port 0
    weight 1
    bandwidth 50000000
    traffic "200000"
    reservation "229400.0"
  ]
  edge [
    source 32
    target 14
    key 0
    port 0
    weight 1
    bandwidth 50000000
    traffic "200000"
    reservation "188960.0"
  ]
  edge [
    source 33
    target 14
    key 0
    port 0
    weight 1
    bandwidth 50000000
    traffic "200000"
    reservation "178880.0"
  ]
  edge [
    source 34
    target 14
    key 0
    port 0
    weight 1
    bandwidth 50000000
    traffic "200000"
    reservation "192080.0"
  ]
  edge [
    source 35
    target 14
    key 0
    port 0
    weight 1
    bandwidth 50000000
    traffic "200000"
    reservation "178880.0"
  ]
  edge [
    source 36
    target 14
    key 0
    port 0
    weight 1
    bandwidth 50000000
    traffic "200000"
    reservation "226220.0"
  ]
  edge [
    source 37
    target 14
    key 0
    port 0
    weight 1
    bandwidth 50000000
    traffic "200000"
    reservation "226220.0"
  ]
  edge [
    source 38
    target 14
    key 0
    port 0
    weight 1
    bandwidth 50000000
    traffic "200000"
    reservation "223880.0"
  ]
  edge [
    source 39
    target 14
    key 0
    port 0
    weight 1
    bandwidth 50000000
    traffic "200000"
    reservation "192080.0"
  ]
  edge [
    source 40
    target 14
    key 0
    port 0
    weight 1
    bandwidth 50000000
    traffic "200000"
    reservation "226220.0"
  ]
  edge [
    source 41
    target 14
    key 0
    port 0
    weight 1
    bandwidth 50000000
    traffic "200000"
    reservation "226220.0"
  ]
  edge [
    source 42
    target 14
    key 0
    port 0
    weight 1
    bandwidth 50000000
    traffic "200000"
    reservation "208760.0"
  ]
  edge [
    source 43
    target 14
    key 0
    port 0
    weight 1
    bandwidth 50000000
    traffic "200000"
    reservation "226220.0"
  ]
  edge [
    source 44
    target 14
    key 0
    port 0
    weight 1
    bandwidth 50000000
    traffic "200000"
    reservation "178880.0"
  ]
  edge [
    source 45
    target 14
    key 0
    port 0
    weight 1
    bandwidth 50000000
    traffic "200000"
    reservation "188960.0"
  ]
  edge [
    source 46
    target 6
    key 0
    port 0
    weight 1
    bandwidth 50000000
    traffic "200000"
    reservation "178880.0"
  ]
  edge [
    source 47
    target 6
    key 0
    port 0
    weight 1
    bandwidth 50000000
    traffic "200000"
    reservation "223880.0"
  ]
  edge [
    source 48
    target 6
    key 0
    port 0
    weight 1
    bandwidth 50000000
    traffic "3500000"
    reservation "3287900.0"
  ]
  edge [
    source 49
    target 6
    key 0
    port 0
    weight 1
    bandwidth 50000000
    traffic "3500000"
    reservation "3853850.0"
  ]
  edge [
    source 50
    target 6
    key 0
    port 0
    weight 1
    bandwidth 50000000
    traffic "200000"
    reservation "229400.0"
  ]
  edge [
    source 51
    target 6
    key 0
    port 0
    weight 1
    bandwidth 50000000
    traffic "200000"
    reservation "208760.0"
  ]
  edge [
    source 52
    target 6
    key 0
    port 0
    weight 1
    bandwidth 50000000
    traffic "200000"
    reservation "229400.0"
  ]
  edge [
    source 53
    target 6
    key 0
    port 0
    weight 1
    bandwidth 50000000
    traffic "200000"
    reservation "188960.0"
  ]
  edge [
    source 54
    target 6
    key 0
    port 0
    weight 1
    bandwidth 50000000
    traffic "200000"
    reservation "188960.0"
  ]
  edge [
    source 55
    target 6
    key 0
    port 0
    weight 1
    bandwidth 50000000
    traffic "200000"
    reservation "208760.0"
  ]
  edge [
    source 56
    target 8
    key 0
    port 0
    weight 1
    bandwidth 50000000
    traffic "3500000"
    reservation "3853850.0"
  ]
  edge [
    source 57
    target 8
    key 0
    port 0
    weight 1
    bandwidth 50000000
    traffic "3500000"
    reservation "3287900.0"
  ]
  edge [
    source 58
    target 8
    key 0
    port 0
    weight 1
    bandwidth 50000000
    traffic "18000000"
    reservation "19522800.0"
  ]
  edge [
    source 59
    target 8
    key 0
    port 0
    weight 1
    bandwidth 50000000
    traffic "3500000"
    reservation "3853850.0"
  ]
  edge [
    source 60
    target 8
    key 0
    port 0
    weight 1
    bandwidth 50000000
    traffic "3500000"
    reservation "3124100.0"
  ]
  edge [
    source 61
    target 8
    key 0
    port 0
    weight 1
    bandwidth 50000000
    traffic "3500000"
    reservation "3124100.0"
  ]
  edge [
    source 62
    target 8
    key 0
    port 0
    weight 1
    bandwidth 50000000
    traffic "3500000"
    reservation "3124100.0"
  ]
  edge [
    source 63
    target 8
    key 0
    port 0
    weight 1
    bandwidth 50000000
    traffic "3500000"
    reservation "3124100.0"
  ]
  edge [
    source 64
    target 8
    key 0
    port 0
    weight 1
    bandwidth 50000000
    traffic "200000"
    reservation "223880.0"
  ]
  edge [
    source 65
    target 8
    key 0
    port 0
    weight 1
    bandwidth 50000000
    traffic "200000"
    reservation "192080.0"
  ]
  edge [
    source 66
    target 8
    key 0
    port 0
    weight 1
    bandwidth 50000000
    traffic "200000"
    reservation "192080.0"
  ]
  edge [
    source 67
    target 8
    key 0
    port 0
    weight 1
    bandwidth 50000000
    traffic "200000"
    reservation "223880.0"
  ]
  edge [
    source 68
    target 8
    key 0
    port 0
    weight 1
    bandwidth 50000000
    traffic "200000"
    reservation "229400.0"
  ]
  edge [
    source 69
    target 8
    key 0
    port 0
    weight 1
    bandwidth 50000000
    traffic "200000"
    reservation "197300.0"
  ]
  edge [
    source 70
    target 8
    key 0
    port 0
    weight 1
    bandwidth 50000000
    traffic "200000"
    reservation "223880.0"
  ]
  edge [
    source 71
    target 8
    key 0
    port 0
    weight 1
    bandwidth 50000000
    traffic "200000"
    reservation "226220.0"
  ]
  edge [
    source 72
    target 8
    key 0
    port 0
    weight 1
    bandwidth 50000000
    traffic "200000"
    reservation "178880.0"
  ]
  edge [
    source 73
    target 8
    key 0
    port 0
    weight 1
    bandwidth 50000000
    traffic "200000"
    reservation "226220.0"
  ]
  edge [
    source 74
    target 8
    key 0
    port 0
    weight 1
    bandwidth 50000000
    traffic "200000"
    reservation "229400.0"
  ]
  edge [
    source 75
    target 8
    key 0
    port 0
    weight 1
    bandwidth 50000000
    traffic "200000"
    reservation "178880.0"
  ]
  edge [
    source 76
    target 8
    key 0
    port 0
    weight 1
    bandwidth 50000000
    traffic "200000"
    reservation "223880.0"
  ]
  edge [
    source 77
    target 8
    key 0
    port 0
    weight 1
    bandwidth 50000000
    traffic "200000"
    reservation "208760.0"
  ]
  edge [
    source 78
    target 8
    key 0
    port 0
    weight 1
    bandwidth 50000000
    traffic "200000"
    reservation "197300.0"
  ]
  edge [
    source 79
    target 8
    key 0
    port 0
    weight 1
    bandwidth 50000000
    traffic "200000"
    reservation "188960.0"
  ]
  edge [
    source 80
    target 8
    key 0
    port 0
    weight 1
    bandwidth 50000000
    traffic "200000"
    reservation "223880.0"
  ]
  edge [
    source 81
    target 8
    key 0
    port 0
    weight 1
    bandwidth 50000000
    traffic "200000"
    reservation "226220.0"
  ]
  edge [
    source 82
    target 8
    key 0
    port 0
    weight 1
    bandwidth 50000000
    traffic "200000"
    reservation "229400.0"
  ]
  edge [
    source 83
    target 8
    key 0
    port 0
    weight 1
    bandwidth 50000000
    traffic "200000"
    reservation "178880.0"
  ]
  edge [
    source 84
    target 8
    key 0
    port 0
    weight 1
    bandwidth 50000000
    traffic "200000"
    reservation "188960.0"
  ]
  edge [
    source 85
    target 8
    key 0
    port 0
    weight 1
    bandwidth 50000000
    traffic "200000"
    reservation "178880.0"
  ]
  edge [
    source 86
    target 8
    key 0
    port 0
    weight 1
    bandwidth 50000000
    traffic "200000"
    reservation "223880.0"
  ]
  edge [
    source 87
    target 8
    key 0
    port 0
    weight 1
    bandwidth 50000000
    traffic "200000"
    reservation "178880.0"
  ]
  edge [
    source 88
    target 8
    key 0
    port 0
    weight 1
    bandwidth 50000000
    traffic "200000"
    reservation "208760.0"
  ]
]
