graph [
  directed 1
  multigraph 1
  GeoLocation "USA"
  GeoExtent "Country"
  Network "Xeex"
  Provenance "Primary"
  Access 0
  Source "http://www.xeex.com/map/map.gif"
  Version "1.0"
  Type "COM"
  DateType "Current"
  Backbone 1
  Commercial 0
  label "Xeex"
  ToolsetVersion "0.3.34dev-20120328"
  Customer 1
  IX 0
  SourceGitVersion "e278b1b"
  DateModifier "="
  DateMonth "01"
  LastAccess "16/01/11"
  Layer "IP"
  Creator "Topology Zoo Toolset"
  Developed 1
  Transit 1
  NetworkDate "2011_01"
  DateYear "2011"
  LastProcessed "2011_09_01"
  Testbed 0
  levelsToS 68
  node [
    id 0
    label "0"
    Country "United States"
    Longitude -104.9847
    Internal 1
    Latitude 39.73915
    type "inner"
    schedulingPolicy "WFQ"
    tosToQoSqueue "64;36;45;47;48;28;31;27;29,30,0,1,2,3,4,5,6,7,8,9,10,11,12,13,14,15,16,17,18,19,20,21,22,23,24,25,26,32,33,34,35,37,38,39,40,41,42,43,44,46,49,50,51,52,53,54,55,56,57,58,59,60,61,62,63,65,66,67"
    schedulingWeights "0.001,0.228,0.293,0.267,0.262,0.001,26.743,22.934,49.27;4.968,0.001,0.001,0.001,0.001,22.438,0.001,0.001,72.589"
    levelsQoS 9
    queueSizes "32,32,32,32,32,32,32,32,32"
  ]
  node [
    id 1
    label "1"
    Country "United States"
    Longitude -115.13722
    Internal 1
    Latitude 36.17497
    type "antenna"
    schedulingPolicy "WFQ"
    tosToQoSqueue "64;36;45;47;48;28;31;27;29,30,0,1,2,3,4,5,6,7,8,9,10,11,12,13,14,15,16,17,18,19,20,21,22,23,24,25,26,32,33,34,35,37,38,39,40,41,42,43,44,46,49,50,51,52,53,54,55,56,57,58,59,60,61,62,63,65,66,67"
    schedulingWeights "4.968,0.001,0.001,0.001,0.001,22.438,0.001,0.001,72.589;0.001,0.228,0.293,0.267,0.262,0.001,26.743,22.934,49.27;0.001,0.001,0.001,0.001,0.001,0.001,0.001,0.001,99.992"
    levelsQoS 9
    queueSizes "32,32,32,32,32,32,32,32,32"
  ]
  node [
    id 2
    label "2"
    Country "United States"
    Longitude -86.15804
    Internal 1
    Latitude 39.76838
    type "inner"
    schedulingPolicy "WFQ"
    tosToQoSqueue "46;41;38;53,55;42;33;35;43;34,56;40;37;39,44,50;66;67;58;59;49,65;52;32;28;54;51;27,0,1,2,3,4,5,6,7,8,9,10,11,12,13,14,15,16,17,18,19,20,21,22,23,24,25,26,29,30,31,36,45,47,48,57,60,61,62,63,64"
    schedulingWeights "0.001,0.001,0.001,0.001,0.001,0.001,0.001,0.001,4.493,0.001,0.001,0.001,0.001,0.001,0.001,0.001,0.001,0.001,27.038,0.001,21.134,23.539,23.777;4.09,5.235,4.543,9.935,4.986,4.14,4.259,4.987,4.493,4.986,4.126,14.025,0.228,0.232,0.261,0.279,0.467,0.249,0.001,22.438,0.001,0.001,6.037"
    levelsQoS 23
    queueSizes "32,32,32,32,32,32,32,32,32,32,32,32,32,32,32,32,32,32,32,32,32,32,32"
  ]
  node [
    id 3
    label "3"
    Country "United States"
    Longitude -86.78444
    Internal 1
    Latitude 36.16589
    type "antenna"
    schedulingPolicy "WFQ"
    tosToQoSqueue "46;41;38;53,55,64;42;33;57;61;35;43;34,56;40;63;37,60;39,44,50;62;36,66;67;58;59;49,65;45;47;52;48;32;28;31;54;51,0,1,2,3,4,5,6,7,8,9,10,11,12,13,14,15,16,17,18,19,20,21,22,23,24,25,26,27,29,30"
    schedulingWeights "4.09,5.235,4.543,9.935,4.986,4.14,0.001,0.001,4.259,4.987,4.493,4.986,0.001,4.126,14.025,0.001,0.456,0.232,0.261,0.279,0.467,0.293,0.267,0.249,0.262,0.001,0.001,26.743,0.001,0.677;0.001,0.001,0.001,0.001,0.001,0.001,4.93,4.629,0.001,0.001,4.493,0.001,4.555,4.126,0.001,4.072,0.001,0.001,0.001,0.001,0.001,0.001,0.001,0.001,0.001,27.038,0.001,0.001,21.134,25.002;0.001,0.001,0.001,4.968,0.001,0.001,0.001,0.001,0.001,0.001,0.001,0.001,0.001,0.001,0.001,0.001,0.001,0.001,0.001,0.001,0.001,0.001,0.001,0.001,0.001,0.001,22.438,0.001,0.001,72.568;0.001,0.001,0.001,0.001,0.001,0.001,0.001,0.001,0.001,0.001,0.001,0.001,0.001,0.001,0.001,0.001,0.001,0.001,0.001,0.001,0.001,0.001,0.001,0.001,0.001,0.001,0.001,0.001,0.001,99.971;0.001,0.001,0.001,0.001,0.001,0.001,0.001,0.001,0.001,0.001,0.001,0.001,0.001,0.001,0.001,0.001,0.001,0.001,0.001,0.001,0.001,0.001,0.001,0.001,0.001,0.001,0.001,0.001,0.001,99.971;0.001,0.001,0.001,0.001,0.001,0.001,0.001,0.001,0.001,0.001,0.001,0.001,0.001,0.001,0.001,0.001,0.001,0.001,0.001,0.001,0.001,0.001,0.001,0.001,0.001,0.001,0.001,0.001,0.001,99.971;0.001,0.001,0.001,0.001,0.001,0.001,0.001,0.001,0.001,0.001,0.001,0.001,0.001,0.001,0.001,0.001,0.001,0.001,0.001,0.001,0.001,0.001,0.001,0.001,0.001,0.001,0.001,0.001,0.001,99.971;0.001,0.001,0.001,0.001,0.001,0.001,0.001,0.001,0.001,0.001,0.001,0.001,0.001,0.001,0.001,0.001,0.001,0.001,0.001,0.001,0.001,0.001,0.001,0.001,0.001,0.001,0.001,0.001,0.001,99.971;0.001,0.001,0.001,0.001,0.001,0.001,0.001,0.001,0.001,0.001,0.001,0.001,0.001,0.001,0.001,0.001,0.001,0.001,0.001,0.001,0.001,0.001,0.001,0.001,0.001,0.001,0.001,0.001,0.001,99.971;0.001,0.001,0.001,0.001,0.001,0.001,0.001,0.001,0.001,0.001,0.001,0.001,0.001,0.001,0.001,0.001,0.001,0.001,0.001,0.001,0.001,0.001,0.001,0.001,0.001,0.001,0.001,0.001,0.001,99.971;0.001,0.001,0.001,0.001,0.001,0.001,0.001,0.001,0.001,0.001,0.001,0.001,0.001,0.001,0.001,0.001,0.001,0.001,0.001,0.001,0.001,0.001,0.001,0.001,0.001,0.001,0.001,0.001,0.001,99.971;0.001,0.001,0.001,0.001,0.001,0.001,0.001,0.001,0.001,0.001,0.001,0.001,0.001,0.001,0.001,0.001,0.001,0.001,0.001,0.001,0.001,0.001,0.001,0.001,0.001,0.001,0.001,0.001,0.001,99.971;0.001,0.001,0.001,0.001,0.001,0.001,0.001,0.001,0.001,0.001,0.001,0.001,0.001,0.001,0.001,0.001,0.001,0.001,0.001,0.001,0.001,0.001,0.001,0.001,0.001,0.001,0.001,0.001,0.001,99.971;0.001,0.001,0.001,0.001,0.001,0.001,0.001,0.001,0.001,0.001,0.001,0.001,0.001,0.001,0.001,0.001,0.001,0.001,0.001,0.001,0.001,0.001,0.001,0.001,0.001,0.001,0.001,0.001,0.001,99.971;0.001,0.001,0.001,0.001,0.001,0.001,0.001,0.001,0.001,0.001,0.001,0.001,0.001,0.001,0.001,0.001,0.001,0.001,0.001,0.001,0.001,0.001,0.001,0.001,0.001,0.001,0.001,0.001,0.001,99.971;0.001,0.001,0.001,0.001,0.001,0.001,0.001,0.001,0.001,0.001,0.001,0.001,0.001,0.001,0.001,0.001,0.001,0.001,0.001,0.001,0.001,0.001,0.001,0.001,0.001,0.001,0.001,0.001,0.001,99.971;0.001,0.001,0.001,0.001,0.001,0.001,0.001,0.001,0.001,0.001,0.001,0.001,0.001,0.001,0.001,0.001,0.001,0.001,0.001,0.001,0.001,0.001,0.001,0.001,0.001,0.001,0.001,0.001,0.001,99.971;0.001,0.001,0.001,0.001,0.001,0.001,0.001,0.001,0.001,0.001,0.001,0.001,0.001,0.001,0.001,0.001,0.001,0.001,0.001,0.001,0.001,0.001,0.001,0.001,0.001,0.001,0.001,0.001,0.001,99.971;0.001,0.001,0.001,0.001,0.001,0.001,0.001,0.001,0.001,0.001,0.001,0.001,0.001,0.001,0.001,0.001,0.001,0.001,0.001,0.001,0.001,0.001,0.001,0.001,0.001,0.001,0.001,0.001,0.001,99.971;0.001,0.001,0.001,0.001,0.001,0.001,0.001,0.001,0.001,0.001,0.001,0.001,0.001,0.001,0.001,0.001,0.001,0.001,0.001,0.001,0.001,0.001,0.001,0.001,0.001,0.001,0.001,0.001,0.001,99.971;0.001,0.001,0.001,0.001,0.001,0.001,0.001,0.001,0.001,0.001,0.001,0.001,0.001,0.001,0.001,0.001,0.001,0.001,0.001,0.001,0.001,0.001,0.001,0.001,0.001,0.001,0.001,0.001,0.001,99.971;0.001,0.001,0.001,0.001,0.001,0.001,0.001,0.001,0.001,0.001,0.001,0.001,0.001,0.001,0.001,0.001,0.001,0.001,0.001,0.001,0.001,0.001,0.001,0.001,0.001,0.001,0.001,0.001,0.001,99.971;0.001,0.001,0.001,0.001,0.001,0.001,0.001,0.001,0.001,0.001,0.001,0.001,0.001,0.001,0.001,0.001,0.001,0.001,0.001,0.001,0.001,0.001,0.001,0.001,0.001,0.001,0.001,0.001,0.001,99.971;0.001,0.001,0.001,0.001,0.001,0.001,0.001,0.001,0.001,0.001,0.001,0.001,0.001,0.001,0.001,0.001,0.001,0.001,0.001,0.001,0.001,0.001,0.001,0.001,0.001,0.001,0.001,0.001,0.001,99.971;0.001,0.001,0.001,0.001,0.001,0.001,0.001,0.001,0.001,0.001,0.001,0.001,0.001,0.001,0.001,0.001,0.001,0.001,0.001,0.001,0.001,0.001,0.001,0.001,0.001,0.001,0.001,0.001,0.001,99.971;0.001,0.001,0.001,0.001,0.001,0.001,0.001,0.001,0.001,0.001,0.001,0.001,0.001,0.001,0.001,0.001,0.001,0.001,0.001,0.001,0.001,0.001,0.001,0.001,0.001,0.001,0.001,0.001,0.001,99.971;0.001,0.001,0.001,0.001,0.001,0.001,0.001,0.001,0.001,0.001,0.001,0.001,0.001,0.001,0.001,0.001,0.001,0.001,0.001,0.001,0.001,0.001,0.001,0.001,0.001,0.001,0.001,0.001,0.001,99.971;0.001,0.001,0.001,0.001,0.001,0.001,0.001,0.001,0.001,0.001,0.001,0.001,0.001,0.001,0.001,0.001,0.001,0.001,0.001,0.001,0.001,0.001,0.001,0.001,0.001,0.001,0.001,0.001,0.001,99.971;0.001,0.001,0.001,0.001,0.001,0.001,0.001,0.001,0.001,0.001,0.001,0.001,0.001,0.001,0.001,0.001,0.001,0.001,0.001,0.001,0.001,0.001,0.001,0.001,0.001,0.001,0.001,0.001,0.001,99.971;0.001,0.001,0.001,0.001,0.001,0.001,0.001,0.001,0.001,0.001,0.001,0.001,0.001,0.001,0.001,0.001,0.001,0.001,0.001,0.001,0.001,0.001,0.001,0.001,0.001,0.001,0.001,0.001,0.001,99.971;0.001,0.001,0.001,0.001,0.001,0.001,0.001,0.001,0.001,0.001,0.001,0.001,0.001,0.001,0.001,0.001,0.001,0.001,0.001,0.001,0.001,0.001,0.001,0.001,0.001,0.001,0.001,0.001,0.001,99.971;0.001,0.001,0.001,0.001,0.001,0.001,0.001,0.001,0.001,0.001,0.001,0.001,0.001,0.001,0.001,0.001,0.001,0.001,0.001,0.001,0.001,0.001,0.001,0.001,0.001,0.001,0.001,0.001,0.001,99.971;0.001,0.001,0.001,0.001,0.001,0.001,0.001,0.001,0.001,0.001,0.001,0.001,0.001,0.001,0.001,0.001,0.001,0.001,0.001,0.001,0.001,0.001,0.001,0.001,0.001,0.001,0.001,0.001,0.001,99.971;0.001,0.001,0.001,0.001,0.001,0.001,0.001,0.001,0.001,0.001,0.001,0.001,0.001,0.001,0.001,0.001,0.001,0.001,0.001,0.001,0.001,0.001,0.001,0.001,0.001,0.001,0.001,0.001,0.001,99.971;0.001,0.001,0.001,0.001,0.001,0.001,0.001,0.001,0.001,0.001,0.001,0.001,0.001,0.001,0.001,0.001,0.001,0.001,0.001,0.001,0.001,0.001,0.001,0.001,0.001,0.001,0.001,0.001,0.001,99.971;0.001,0.001,0.001,0.001,0.001,0.001,0.001,0.001,0.001,0.001,0.001,0.001,0.001,0.001,0.001,0.001,0.001,0.001,0.001,0.001,0.001,0.001,0.001,0.001,0.001,0.001,0.001,0.001,0.001,99.971;0.001,0.001,0.001,0.001,0.001,0.001,0.001,0.001,0.001,0.001,0.001,0.001,0.001,0.001,0.001,0.001,0.001,0.001,0.001,0.001,0.001,0.001,0.001,0.001,0.001,0.001,0.001,0.001,0.001,99.971;0.001,0.001,0.001,0.001,0.001,0.001,0.001,0.001,0.001,0.001,0.001,0.001,0.001,0.001,0.001,0.001,0.001,0.001,0.001,0.001,0.001,0.001,0.001,0.001,0.001,0.001,0.001,0.001,0.001,99.971;0.001,0.001,0.001,0.001,0.001,0.001,0.001,0.001,0.001,0.001,0.001,0.001,0.001,0.001,0.001,0.001,0.001,0.001,0.001,0.001,0.001,0.001,0.001,0.001,0.001,0.001,0.001,0.001,0.001,99.971"
    levelsQoS 30
    queueSizes "32,32,32,32,32,32,32,32,32,32,32,32,32,32,32,32,32,32,32,32,32,32,32,32,32,32,32,32,32,32"
  ]
  node [
    id 4
    label "4"
    Country "United States"
    Longitude -112.07404
    Internal 1
    Latitude 33.44838
    type "inner"
    schedulingPolicy "WFQ"
    tosToQoSqueue "46;41;38;53,55,64;42;33;35;43;34;40;37;39,44,50;66;67;58;59;49,65;52;28,0,1,2,3,4,5,6,7,8,9,10,11,12,13,14,15,16,17,18,19,20,21,22,23,24,25,26,27,29,30,31,32,36,45,47,48,51,54,56,57,60,61,62,63"
    schedulingWeights "4.09,5.235,4.543,14.903,4.986,4.14,4.259,4.987,4.493,4.986,4.126,14.025,0.228,0.232,0.261,0.279,0.467,0.249,23.51;0.001,0.001,0.001,0.001,0.001,0.001,0.001,0.001,0.001,0.001,0.001,0.001,0.001,0.001,0.001,0.001,0.001,0.001,99.982;0.001,0.001,0.001,0.001,0.001,0.001,0.001,0.001,0.001,0.001,0.001,0.001,0.001,0.001,0.001,0.001,0.001,0.001,99.982"
    levelsQoS 19
    queueSizes "32,32,32,32,32,32,32,32,32,32,32,32,32,32,32,32,32,32,32"
  ]
  node [
    id 5
    label "5"
    Country "United States"
    Longitude -151.21917
    Internal 1
    Latitude 60.28778
    type "destination_mmtc"
    schedulingPolicy "FIFO"
    levelsQoS "1"
    schedulingWeights "-"
    tosToQoSqueue "0,1,2,3,4,5,6,7,8,9,10,11,12,13,14,15,16,17,18,19,20,21,22,23,24,25,26,27,28,29,30,31,32,33,34,35,36,37,38,39,40,41,42,43,44,45,46,47,48,49,50,51,52,53,54,55,56,57,58,59,60,61,62,63,64,65,66,67"
    queueSizes "32"
  ]
  node [
    id 6
    label "6"
    Country "United States"
    Longitude -122.41942
    Internal 1
    Latitude 37.77493
    type "destination_urllc"
    schedulingPolicy "FIFO"
    levelsQoS "1"
    schedulingWeights "-"
    tosToQoSqueue "0,1,2,3,4,5,6,7,8,9,10,11,12,13,14,15,16,17,18,19,20,21,22,23,24,25,26,27,28,29,30,31,32,33,34,35,36,37,38,39,40,41,42,43,44,45,46,47,48,49,50,51,52,53,54,55,56,57,58,59,60,61,62,63,64,65,66,67"
    queueSizes "32"
  ]
  node [
    id 7
    label "7"
    Country "United States"
    Longitude -117.15726
    Internal 1
    Latitude 32.71533
    type "inner"
    schedulingPolicy "WFQ"
    tosToQoSqueue "0,1,2,3,4,5,6,7,8,9,10,11,12,13,14,15,16,17,18,19,20,21,22,23,24,25,26,27,28,29,30,31,32,33,34,35,36,37,38,39,40,41,42,43,44,45,46,47,48,49,50,51,52,53,54,55,56,57,58,59,60,61,62,63,64,65,66,67"
    schedulingWeights "100;100"
    levelsQoS 1
    queueSizes "32"
  ]
  node [
    id 8
    label "8"
    Country "United States"
    Longitude -118.24118
    Internal 1
    Latitude 34.04779
    type "inner"
    schedulingPolicy "WFQ"
    tosToQoSqueue "33;66;67;58;59;65;52;32;28;31;54;51;27;29,30,0,1,2,3,4,5,6,7,8,9,10,11,12,13,14,15,16,17,18,19,20,21,22,23,24,25,26,34,35,36,37,38,39,40,41,42,43,44,45,46,47,48,49,50,53,55,56,57,60,61,62,63,64"
    schedulingWeights "0.001,0.228,0.232,0.261,0.279,0.233,0.249,27.038,0.001,26.743,21.134,23.539,0.001,0.059;4.14,0.001,0.001,0.001,0.001,0.001,0.001,0.001,0.001,0.001,0.001,0.001,0.001,95.848;0.001,0.001,0.001,0.001,0.001,0.001,0.001,0.001,22.438,0.001,0.001,0.001,22.934,54.617"
    levelsQoS 14
    queueSizes "32,32,32,32,32,32,32,32,32,32,32,32,32,32"
  ]
  node [
    id 9
    label "9"
    Country "India"
    Longitude 80.27847
    Internal 1
    Latitude 13.08784
    type "destination_embb"
    schedulingPolicy "FIFO"
    levelsQoS "1"
    schedulingWeights "-"
    tosToQoSqueue "0,1,2,3,4,5,6,7,8,9,10,11,12,13,14,15,16,17,18,19,20,21,22,23,24,25,26,27,28,29,30,31,32,33,34,35,36,37,38,39,40,41,42,43,44,45,46,47,48,49,50,51,52,53,54,55,56,57,58,59,60,61,62,63,64,65,66,67"
    queueSizes "32"
  ]
  node [
    id 10
    label "10"
    Country "United Kingdom"
    Longitude -0.12574
    Internal 1
    Latitude 51.50853
    type "antenna"
    schedulingPolicy "WFQ"
    tosToQoSqueue "29,0,1,2,3,4,5,6,7,8,9,10,11,12,13,14,15,16,17,18,19,20,21,22,23,24,25,26,27,28,30,31,32,33,34,35,36,37,38,39,40,41,42,43,44,45,46,47,48,49,50,51,52,53,54,55,56,57,58,59,60,61,62,63,64,65,66,67"
    schedulingWeights "100;100"
    levelsQoS 1
    queueSizes "32"
  ]
  node [
    id 11
    label "11"
    Country "United States"
    Longitude -79.99589
    Internal 1
    Latitude 40.44062
    type "antenna"
    schedulingPolicy "WFQ"
    tosToQoSqueue "46;41;38;53,55;42;33;35;43;34,56;40;37;39,44,50;66;67;58;59;49,65;52;32;28;54;51;27,0,1,2,3,4,5,6,7,8,9,10,11,12,13,14,15,16,17,18,19,20,21,22,23,24,25,26,29,30,31,36,45,47,48,57,60,61,62,63,64"
    schedulingWeights "0.001,0.001,0.001,0.001,0.001,0.001,0.001,0.001,4.493,0.001,0.001,0.001,0.001,0.001,0.001,0.001,0.001,0.001,27.038,0.001,21.134,23.539,23.777;4.09,5.235,4.543,9.935,4.986,4.14,4.259,4.987,4.493,4.986,4.126,14.025,0.228,0.232,0.261,0.279,0.467,0.249,0.001,22.438,0.001,0.001,6.037;0.001,0.001,0.001,0.001,0.001,0.001,0.001,0.001,0.001,0.001,0.001,0.001,0.001,0.001,0.001,0.001,0.001,0.001,0.001,0.001,0.001,0.001,99.978"
    levelsQoS 23
    queueSizes "32,32,32,32,32,32,32,32,32,32,32,32,32,32,32,32,32,32,32,32,32,32,32"
  ]
  node [
    id 12
    label "12"
    Country "United States"
    Longitude -82.99879
    Internal 1
    Latitude 39.96118
    type "inner"
    schedulingPolicy "WFQ"
    tosToQoSqueue "46;41;38;53,55;42;33;35;43;34,56;40;37;39,44,50;66;67;58;59;49,65;52;32;28;54;51;27,0,1,2,3,4,5,6,7,8,9,10,11,12,13,14,15,16,17,18,19,20,21,22,23,24,25,26,29,30,31,36,45,47,48,57,60,61,62,63,64"
    schedulingWeights "0.001,0.001,0.001,0.001,0.001,0.001,0.001,0.001,4.493,0.001,0.001,0.001,0.001,0.001,0.001,0.001,0.001,0.001,27.038,0.001,21.134,23.539,23.777;4.09,5.235,4.543,9.935,4.986,4.14,4.259,4.987,4.493,4.986,4.126,14.025,0.228,0.232,0.261,0.279,0.467,0.249,0.001,22.438,0.001,0.001,6.037"
    levelsQoS 23
    queueSizes "32,32,32,32,32,32,32,32,32,32,32,32,32,32,32,32,32,32,32,32,32,32,32"
  ]
  node [
    id 13
    label "13"
    Country "United States"
    Longitude -74.18819
    Internal 1
    Latitude 42.93869
    type "inner"
    schedulingPolicy "WFQ"
    tosToQoSqueue "0,1,2,3,4,5,6,7,8,9,10,11,12,13,14,15,16,17,18,19,20,21,22,23,24,25,26,27,28,29,30,31,32,33,34,35,36,37,38,39,40,41,42,43,44,45,46,47,48,49,50,51,52,53,54,55,56,57,58,59,60,61,62,63,64,65,66,67"
    schedulingWeights "100"
    levelsQoS 1
    queueSizes "32"
  ]
  node [
    id 14
    label "14"
    Country "United States"
    Longitude -80.19366
    Internal 1
    Latitude 25.77427
    type "inner"
    schedulingPolicy "WFQ"
    tosToQoSqueue "46;41;38;53,55;42;33;57;61;35;43;34,56;40;63;37,60;39,44,50;62;66;67;58;59;49,65;52;32;28;54;51,0,1,2,3,4,5,6,7,8,9,10,11,12,13,14,15,16,17,18,19,20,21,22,23,24,25,26,27,29,30,31,36,45,47,48,64"
    schedulingWeights "0.001,0.001,0.001,0.001,0.001,0.001,4.93,4.629,0.001,0.001,4.493,0.001,4.555,4.126,0.001,4.072,0.001,0.001,0.001,0.001,0.001,0.001,27.038,0.001,21.134,25.006;4.09,5.235,4.543,9.935,4.986,4.14,0.001,0.001,4.259,4.987,4.493,4.986,0.001,4.126,14.025,0.001,0.228,0.232,0.261,0.279,0.467,0.249,0.001,22.438,0.001,6.034"
    levelsQoS 26
    queueSizes "32,32,32,32,32,32,32,32,32,32,32,32,32,32,32,32,32,32,32,32,32,32,32,32,32,32"
  ]
  node [
    id 15
    label "15"
    Country "United States"
    Longitude -84.45689
    Internal 1
    Latitude 39.162
    type "antenna"
    schedulingPolicy "WFQ"
    tosToQoSqueue "46;41;38;53,55;42;33;35;43;34;40;37;39,44,50;36,66;67;58;59;49,65;45;47;52;48;32;31,0,1,2,3,4,5,6,7,8,9,10,11,12,13,14,15,16,17,18,19,20,21,22,23,24,25,26,27,28,29,30,51,54,56,57,60,61,62,63,64"
    schedulingWeights "0.001,0.001,0.001,0.001,0.001,0.001,0.001,0.001,0.001,0.001,0.001,0.001,0.001,0.001,0.001,0.001,0.001,0.001,0.001,0.001,0.001,27.038,72.941;4.09,5.235,4.543,9.935,4.986,4.14,4.259,4.987,4.493,4.986,4.126,14.025,0.456,0.232,0.261,0.279,0.467,0.293,0.267,0.249,0.262,0.001,27.426;0.001,0.001,0.001,0.001,0.001,0.001,0.001,0.001,0.001,0.001,0.001,0.001,0.001,0.001,0.001,0.001,0.001,0.001,0.001,0.001,0.001,0.001,99.978"
    levelsQoS 23
    queueSizes "32,32,32,32,32,32,32,32,32,32,32,32,32,32,32,32,32,32,32,32,32,32,32"
  ]
  node [
    id 16
    label "16"
    Country "United States"
    Longitude -122.33207
    Internal 1
    Latitude 47.60621
    type "inner"
    schedulingPolicy "WFQ"
    tosToQoSqueue "57;61;56;63;60;62;32;54;51;30,0,1,2,3,4,5,6,7,8,9,10,11,12,13,14,15,16,17,18,19,20,21,22,23,24,25,26,27,28,29,31,33,34,35,36,37,38,39,40,41,42,43,44,45,46,47,48,49,50,52,53,55,58,59,64,65,66,67"
    schedulingWeights "4.93,4.629,4.493,4.555,4.126,4.072,27.038,21.134,23.539,1.484;0.001,0.001,0.001,0.001,0.001,0.001,0.001,0.001,0.001,99.991"
    levelsQoS 10
    queueSizes "32,32,32,32,32,32,32,32,32,32"
  ]
  node [
    id 17
    label "17"
    Country "United States"
    Longitude -121.89496
    Internal 1
    Latitude 37.33939
    type "antenna"
    schedulingPolicy "WFQ"
    tosToQoSqueue "46;41;38;53,55,64;42;33;35;43;34;40;37;39,44,50;66;67;58;59;65;52;32;31;54;51;30,0,1,2,3,4,5,6,7,8,9,10,11,12,13,14,15,16,17,18,19,20,21,22,23,24,25,26,27,28,29,36,45,47,48,49,56,57,60,61,62,63"
    schedulingWeights "4.09,5.235,4.543,14.903,4.986,4.14,4.259,4.987,4.493,4.986,4.126,14.025,0.001,0.001,0.001,0.001,0.001,0.001,0.001,0.001,0.001,0.001,25.216;0.001,0.001,0.001,0.001,0.001,0.001,0.001,0.001,0.001,0.001,0.001,0.001,0.228,0.232,0.261,0.279,0.233,0.249,27.038,26.743,21.134,23.539,0.05;0.001,0.001,0.001,0.001,0.001,0.001,0.001,0.001,0.001,0.001,0.001,0.001,0.001,0.001,0.001,0.001,0.001,0.001,0.001,0.001,0.001,0.001,99.978;0.001,0.001,0.001,0.001,0.001,0.001,0.001,0.001,0.001,0.001,0.001,0.001,0.001,0.001,0.001,0.001,0.001,0.001,0.001,0.001,0.001,0.001,99.978;0.001,0.001,0.001,0.001,0.001,0.001,0.001,0.001,0.001,0.001,0.001,0.001,0.001,0.001,0.001,0.001,0.001,0.001,0.001,0.001,0.001,0.001,99.978"
    levelsQoS 23
    queueSizes "32,32,32,32,32,32,32,32,32,32,32,32,32,32,32,32,32,32,32,32,32,32,32"
  ]
  node [
    id 18
    label "18"
    Country "United States"
    Longitude -118.24368
    Internal 1
    Latitude 34.05223
    type "inner"
    schedulingPolicy "WFQ"
    tosToQoSqueue "46;41;38;53,55,64;42;33;35;43;34;40;37;39,44,50;36,66;67;58;59;49,65;45;47;52;48;28;31;27;29,30,0,1,2,3,4,5,6,7,8,9,10,11,12,13,14,15,16,17,18,19,20,21,22,23,24,25,26,32,51,54,56,57,60,61,62,63"
    schedulingWeights "0.001,0.001,0.001,4.968,0.001,0.001,0.001,0.001,0.001,0.001,0.001,0.001,0.001,0.001,0.001,0.001,0.001,0.001,0.001,0.001,0.001,0.001,0.001,0.001,95.009;0.001,0.001,0.001,0.001,0.001,0.001,0.001,0.001,0.001,0.001,0.001,0.001,0.001,0.001,0.001,0.001,0.001,0.001,0.001,0.001,0.001,0.001,0.001,0.001,99.976;0.001,0.001,0.001,0.001,0.001,4.14,0.001,0.001,0.001,0.001,0.001,0.001,0.228,0.001,0.001,0.001,0.233,0.293,0.267,0.001,0.262,22.438,0.001,22.934,49.188;0.001,0.001,0.001,0.001,0.001,0.001,0.001,0.001,0.001,0.001,0.001,0.001,0.001,0.001,0.001,0.001,0.001,0.001,0.001,0.001,0.001,0.001,0.001,0.001,99.976;4.09,5.235,4.543,9.935,4.986,0.001,4.259,4.987,4.493,4.986,4.126,14.025,0.228,0.232,0.261,0.279,0.233,0.001,0.001,0.249,0.001,0.001,26.743,0.001,6.102"
    levelsQoS 25
    queueSizes "32,32,32,32,32,32,32,32,32,32,32,32,32,32,32,32,32,32,32,32,32,32,32,32,32"
  ]
  node [
    id 19
    label "19"
    Country "United States"
    Longitude -87.65005
    Internal 1
    Latitude 41.85003
    type "inner"
    schedulingPolicy "WFQ"
    tosToQoSqueue "46;41;38;53,55,64;42;33;57;61;35;43;34,56;40;63;37,60;39,44,50;62;36,66;67;58;59;49,65;45;47;52;48;32;28;31;54;51;27;29,30,0,1,2,3,4,5,6,7,8,9,10,11,12,13,14,15,16,17,18,19,20,21,22,23,24,25,26"
    schedulingWeights "0.001,0.001,0.001,0.001,0.001,0.001,0.001,0.001,0.001,0.001,0.001,0.001,0.001,0.001,0.001,0.001,0.228,0.001,0.001,0.001,0.001,0.293,0.267,0.001,0.262,0.001,0.001,26.743,0.001,0.001,22.934,49.247;4.09,5.235,4.543,9.935,4.986,4.14,0.001,0.001,4.259,4.987,4.493,4.986,0.001,4.126,14.025,0.001,0.228,0.232,0.261,0.279,0.467,0.001,0.001,0.249,0.001,0.001,22.438,0.001,0.001,0.001,0.001,6.028;0.001,0.001,0.001,0.001,0.001,0.001,0.001,0.001,0.001,0.001,0.001,0.001,0.001,0.001,0.001,0.001,0.001,0.001,0.001,0.001,0.001,0.001,0.001,0.001,0.001,0.001,0.001,0.001,0.001,0.001,0.001,99.969;0.001,0.001,0.001,0.001,0.001,0.001,4.93,4.629,0.001,0.001,4.493,0.001,4.555,4.126,0.001,4.072,0.001,0.001,0.001,0.001,0.001,0.001,0.001,0.001,0.001,27.038,0.001,0.001,21.134,23.539,0.001,1.462;0.001,0.001,0.001,4.968,0.001,0.001,0.001,0.001,0.001,0.001,0.001,0.001,0.001,0.001,0.001,0.001,0.001,0.001,0.001,0.001,0.001,0.001,0.001,0.001,0.001,0.001,0.001,0.001,0.001,0.001,0.001,95.002;0.001,0.001,0.001,0.001,0.001,0.001,0.001,0.001,0.001,0.001,0.001,0.001,0.001,0.001,0.001,0.001,0.001,0.001,0.001,0.001,0.001,0.001,0.001,0.001,0.001,0.001,0.001,0.001,0.001,0.001,0.001,99.969;0.001,0.001,0.001,0.001,0.001,0.001,0.001,0.001,0.001,0.001,0.001,0.001,0.001,0.001,0.001,0.001,0.001,0.001,0.001,0.001,0.001,0.001,0.001,0.001,0.001,0.001,0.001,0.001,0.001,0.001,0.001,99.969"
    levelsQoS 32
    queueSizes "32,32,32,32,32,32,32,32,32,32,32,32,32,32,32,32,32,32,32,32,32,32,32,32,32,32,32,32,32,32,32,32"
  ]
  node [
    id 20
    label "20"
    Country "United States"
    Longitude -77.48749
    Internal 1
    Latitude 39.04372
    type "inner"
    schedulingPolicy "WFQ"
    tosToQoSqueue "46;41;38;53,55;42;33;57;61;35;43;34,56;40;63;37,60;39,44,50;62;66;67;58;59;49,65;52;32;28;54;51,0,1,2,3,4,5,6,7,8,9,10,11,12,13,14,15,16,17,18,19,20,21,22,23,24,25,26,27,29,30,31,36,45,47,48,64"
    schedulingWeights "0.001,0.001,0.001,0.001,0.001,0.001,0.001,0.001,0.001,0.001,4.493,0.001,0.001,0.001,0.001,0.001,0.001,0.001,0.001,0.001,0.001,0.001,27.038,0.001,21.134,47.312;0.001,0.001,0.001,0.001,0.001,0.001,0.001,0.001,0.001,0.001,0.001,0.001,0.001,0.001,0.001,0.001,0.001,0.001,0.001,0.001,0.001,0.001,0.001,0.001,0.001,99.975;4.09,5.235,4.543,9.935,4.986,4.14,0.001,0.001,4.259,4.987,4.493,4.986,0.001,4.126,14.025,0.001,0.228,0.232,0.261,0.279,0.467,0.249,0.001,22.438,0.001,6.034;0.001,0.001,0.001,0.001,0.001,0.001,0.001,0.001,0.001,0.001,0.001,0.001,0.001,0.001,0.001,0.001,0.001,0.001,0.001,0.001,0.001,0.001,0.001,0.001,0.001,99.975;0.001,0.001,0.001,0.001,0.001,0.001,4.93,4.629,0.001,0.001,0.001,0.001,4.555,4.126,0.001,4.072,0.001,0.001,0.001,0.001,0.001,0.001,0.001,0.001,0.001,77.669"
    levelsQoS 26
    queueSizes "32,32,32,32,32,32,32,32,32,32,32,32,32,32,32,32,32,32,32,32,32,32,32,32,32,32"
  ]
  node [
    id 21
    label "21"
    Country "United States"
    Longitude -74.00597
    Internal 1
    Latitude 40.71427
    type "inner"
    schedulingPolicy "WFQ"
    tosToQoSqueue "57;61;63;60;62;29,0,1,2,3,4,5,6,7,8,9,10,11,12,13,14,15,16,17,18,19,20,21,22,23,24,25,26,27,28,30,31,32,33,34,35,36,37,38,39,40,41,42,43,44,45,46,47,48,49,50,51,52,53,54,55,56,58,59,64,65,66,67"
    schedulingWeights "0.001,0.001,0.001,0.001,0.001,99.995;4.93,4.629,4.555,4.126,4.072,77.689;0.001,0.001,0.001,0.001,0.001,99.995"
    levelsQoS 6
    queueSizes "32,32,32,32,32,32"
  ]
  node [
    id 22
    label "22"
    Country "United States"
    Longitude -84.38798
    Internal 1
    Latitude 33.749
    type "inner"
    schedulingPolicy "WFQ"
    tosToQoSqueue "46;41;38;53,55;42;33;57;61;35;43;34,56;40;63;37,60;39,44,50;62;66;67;58;59;49,65;52;32;28;54;51,0,1,2,3,4,5,6,7,8,9,10,11,12,13,14,15,16,17,18,19,20,21,22,23,24,25,26,27,29,30,31,36,45,47,48,64"
    schedulingWeights "0.001,0.001,0.001,0.001,0.001,0.001,0.001,0.001,0.001,0.001,0.001,0.001,0.001,0.001,0.001,0.001,0.001,0.001,0.001,0.001,0.001,0.001,0.001,22.438,0.001,77.538;0.001,0.001,0.001,0.001,0.001,0.001,4.93,4.629,0.001,0.001,4.493,0.001,4.555,4.126,0.001,4.072,0.001,0.001,0.001,0.001,0.001,0.001,27.038,0.001,21.134,25.006;0.001,0.001,0.001,0.001,0.001,0.001,0.001,0.001,0.001,0.001,0.001,0.001,0.001,0.001,0.001,0.001,0.001,0.001,0.001,0.001,0.001,0.001,0.001,0.001,0.001,99.975;4.09,5.235,4.543,9.935,4.986,4.14,0.001,0.001,4.259,4.987,4.493,4.986,0.001,4.126,14.025,0.001,0.228,0.232,0.261,0.279,0.467,0.249,0.001,0.001,0.001,28.47"
    levelsQoS 26
    queueSizes "32,32,32,32,32,32,32,32,32,32,32,32,32,32,32,32,32,32,32,32,32,32,32,32,32,32"
  ]
  node [
    id 23
    label "23"
    Country "United States"
    Longitude -96.80667
    Internal 1
    Latitude 32.78306
    type "inner"
    schedulingPolicy "WFQ"
    tosToQoSqueue "46;41;38;53,55,64;42;33;35;43;34;40;37;39,44,50;66;67;58;59;49,65;52;28,0,1,2,3,4,5,6,7,8,9,10,11,12,13,14,15,16,17,18,19,20,21,22,23,24,25,26,27,29,30,31,32,36,45,47,48,51,54,56,57,60,61,62,63"
    schedulingWeights "0.001,0.001,0.001,0.001,0.001,0.001,0.001,0.001,0.001,0.001,0.001,0.001,0.001,0.001,0.001,0.001,0.001,0.001,99.982;4.09,5.235,4.543,14.903,4.986,4.14,4.259,4.987,4.493,4.986,4.126,14.025,0.228,0.232,0.261,0.279,0.467,0.249,23.51;0.001,0.001,0.001,0.001,0.001,0.001,0.001,0.001,0.001,0.001,0.001,0.001,0.001,0.001,0.001,0.001,0.001,0.001,99.982;0.001,0.001,0.001,0.001,0.001,0.001,0.001,0.001,0.001,0.001,0.001,0.001,0.001,0.001,0.001,0.001,0.001,0.001,99.982"
    levelsQoS 19
    queueSizes "32,32,32,32,32,32,32,32,32,32,32,32,32,32,32,32,32,32,32"
  ]
  node [
    id 24
    label "24"
    schedulingPolicy "FIFO"
    levelsQoS "1"
    schedulingWeights "-"
    tosToQoSqueue "0,1,2,3,4,5,6,7,8,9,10,11,12,13,14,15,16,17,18,19,20,21,22,23,24,25,26,27,28,29,30,31,32,33,34,35,36,37,38,39,40,41,42,43,44,45,46,47,48,49,50,51,52,53,54,55,56,57,58,59,60,61,62,63,64,65,66,67"
    queueSizes "32"
    type "destination_urllc"
  ]
  node [
    id 25
    label "25"
    schedulingPolicy "FIFO"
    levelsQoS "1"
    schedulingWeights "-"
    tosToQoSqueue "0,1,2,3,4,5,6,7,8,9,10,11,12,13,14,15,16,17,18,19,20,21,22,23,24,25,26,27,28,29,30,31,32,33,34,35,36,37,38,39,40,41,42,43,44,45,46,47,48,49,50,51,52,53,54,55,56,57,58,59,60,61,62,63,64,65,66,67"
    queueSizes "32"
    type "destination_mmtc"
  ]
  node [
    id 26
    label "26"
    schedulingPolicy "FIFO"
    levelsQoS "1"
    schedulingWeights "-"
    tosToQoSqueue "0,1,2,3,4,5,6,7,8,9,10,11,12,13,14,15,16,17,18,19,20,21,22,23,24,25,26,27,28,29,30,31,32,33,34,35,36,37,38,39,40,41,42,43,44,45,46,47,48,49,50,51,52,53,54,55,56,57,58,59,60,61,62,63,64,65,66,67"
    queueSizes "32"
    type "destination_embb"
  ]
  node [
    id 27
    label "27"
    schedulingPolicy "FIFO"
    levelsQoS "1"
    schedulingWeights "-"
    tosToQoSqueue "0,1,2,3,4,5,6,7,8,9,10,11,12,13,14,15,16,17,18,19,20,21,22,23,24,25,26,27,28,29,30,31,32,33,34,35,36,37,38,39,40,41,42,43,44,45,46,47,48,49,50,51,52,53,54,55,56,57,58,59,60,61,62,63,64,65,66,67"
    queueSizes "32"
    type "origin_embb"
    reservation 17200800.0
  ]
  node [
    id 28
    label "28"
    schedulingPolicy "FIFO"
    levelsQoS "1"
    schedulingWeights "-"
    tosToQoSqueue "0,1,2,3,4,5,6,7,8,9,10,11,12,13,14,15,16,17,18,19,20,21,22,23,24,25,26,27,28,29,30,31,32,33,34,35,36,37,38,39,40,41,42,43,44,45,46,47,48,49,50,51,52,53,54,55,56,57,58,59,60,61,62,63,64,65,66,67"
    queueSizes "32"
    type "origin_embb"
    reservation 16828200.0
  ]
  node [
    id 29
    label "29"
    schedulingPolicy "FIFO"
    levelsQoS "1"
    schedulingWeights "-"
    tosToQoSqueue "0,1,2,3,4,5,6,7,8,9,10,11,12,13,14,15,16,17,18,19,20,21,22,23,24,25,26,27,28,29,30,31,32,33,34,35,36,37,38,39,40,41,42,43,44,45,46,47,48,49,50,51,52,53,54,55,56,57,58,59,60,61,62,63,64,65,66,67"
    queueSizes "32"
    type "origin_embb"
    reservation 18405000.0
  ]
  node [
    id 30
    label "30"
    schedulingPolicy "FIFO"
    levelsQoS "1"
    schedulingWeights "-"
    tosToQoSqueue "0,1,2,3,4,5,6,7,8,9,10,11,12,13,14,15,16,17,18,19,20,21,22,23,24,25,26,27,28,29,30,31,32,33,34,35,36,37,38,39,40,41,42,43,44,45,46,47,48,49,50,51,52,53,54,55,56,57,58,59,60,61,62,63,64,65,66,67"
    queueSizes "32"
    type "origin_embb"
    reservation 18405000.0
  ]
  node [
    id 31
    label "31"
    schedulingPolicy "FIFO"
    levelsQoS "1"
    schedulingWeights "-"
    tosToQoSqueue "0,1,2,3,4,5,6,7,8,9,10,11,12,13,14,15,16,17,18,19,20,21,22,23,24,25,26,27,28,29,30,31,32,33,34,35,36,37,38,39,40,41,42,43,44,45,46,47,48,49,50,51,52,53,54,55,56,57,58,59,60,61,62,63,64,65,66,67"
    queueSizes "32"
    type "origin_embb"
    reservation 20057400.0
  ]
  node [
    id 32
    label "32"
    schedulingPolicy "FIFO"
    levelsQoS "1"
    schedulingWeights "-"
    tosToQoSqueue "0,1,2,3,4,5,6,7,8,9,10,11,12,13,14,15,16,17,18,19,20,21,22,23,24,25,26,27,28,29,30,31,32,33,34,35,36,37,38,39,40,41,42,43,44,45,46,47,48,49,50,51,52,53,54,55,56,57,58,59,60,61,62,63,64,65,66,67"
    queueSizes "32"
    type "origin_embb"
    reservation 20278800.0
  ]
  node [
    id 33
    label "33"
    schedulingPolicy "FIFO"
    levelsQoS "1"
    schedulingWeights "-"
    tosToQoSqueue "0,1,2,3,4,5,6,7,8,9,10,11,12,13,14,15,16,17,18,19,20,21,22,23,24,25,26,27,28,29,30,31,32,33,34,35,36,37,38,39,40,41,42,43,44,45,46,47,48,49,50,51,52,53,54,55,56,57,58,59,60,61,62,63,64,65,66,67"
    queueSizes "32"
    type "origin_urllc"
    reservation 3105200.0
  ]
  node [
    id 34
    label "34"
    schedulingPolicy "FIFO"
    levelsQoS "1"
    schedulingWeights "-"
    tosToQoSqueue "0,1,2,3,4,5,6,7,8,9,10,11,12,13,14,15,16,17,18,19,20,21,22,23,24,25,26,27,28,29,30,31,32,33,34,35,36,37,38,39,40,41,42,43,44,45,46,47,48,49,50,51,52,53,54,55,56,57,58,59,60,61,62,63,64,65,66,67"
    queueSizes "32"
    type "origin_urllc"
    reservation 3369800.0
  ]
  node [
    id 35
    label "35"
    schedulingPolicy "FIFO"
    levelsQoS "1"
    schedulingWeights "-"
    tosToQoSqueue "0,1,2,3,4,5,6,7,8,9,10,11,12,13,14,15,16,17,18,19,20,21,22,23,24,25,26,27,28,29,30,31,32,33,34,35,36,37,38,39,40,41,42,43,44,45,46,47,48,49,50,51,52,53,54,55,56,57,58,59,60,61,62,63,64,65,66,67"
    queueSizes "32"
    type "origin_urllc"
    reservation 3194450.0
  ]
  node [
    id 36
    label "36"
    schedulingPolicy "FIFO"
    levelsQoS "1"
    schedulingWeights "-"
    tosToQoSqueue "0,1,2,3,4,5,6,7,8,9,10,11,12,13,14,15,16,17,18,19,20,21,22,23,24,25,26,27,28,29,30,31,32,33,34,35,36,37,38,39,40,41,42,43,44,45,46,47,48,49,50,51,52,53,54,55,56,57,58,59,60,61,62,63,64,65,66,67"
    queueSizes "32"
    type "origin_mmtc"
    reservation 171140.0
  ]
  node [
    id 37
    label "37"
    schedulingPolicy "FIFO"
    levelsQoS "1"
    schedulingWeights "-"
    tosToQoSqueue "0,1,2,3,4,5,6,7,8,9,10,11,12,13,14,15,16,17,18,19,20,21,22,23,24,25,26,27,28,29,30,31,32,33,34,35,36,37,38,39,40,41,42,43,44,45,46,47,48,49,50,51,52,53,54,55,56,57,58,59,60,61,62,63,64,65,66,67"
    queueSizes "32"
    type "origin_urllc"
    reservation 3094700.0
  ]
  node [
    id 38
    label "38"
    schedulingPolicy "FIFO"
    levelsQoS "1"
    schedulingWeights "-"
    tosToQoSqueue "0,1,2,3,4,5,6,7,8,9,10,11,12,13,14,15,16,17,18,19,20,21,22,23,24,25,26,27,28,29,30,31,32,33,34,35,36,37,38,39,40,41,42,43,44,45,46,47,48,49,50,51,52,53,54,55,56,57,58,59,60,61,62,63,64,65,66,67"
    queueSizes "32"
    type "origin_urllc"
    reservation 3407600.0
  ]
  node [
    id 39
    label "39"
    schedulingPolicy "FIFO"
    levelsQoS "1"
    schedulingWeights "-"
    tosToQoSqueue "0,1,2,3,4,5,6,7,8,9,10,11,12,13,14,15,16,17,18,19,20,21,22,23,24,25,26,27,28,29,30,31,32,33,34,35,36,37,38,39,40,41,42,43,44,45,46,47,48,49,50,51,52,53,54,55,56,57,58,59,60,61,62,63,64,65,66,67"
    queueSizes "32"
    type "origin_urllc"
    reservation 3506300.0
  ]
  node [
    id 40
    label "40"
    schedulingPolicy "FIFO"
    levelsQoS "1"
    schedulingWeights "-"
    tosToQoSqueue "0,1,2,3,4,5,6,7,8,9,10,11,12,13,14,15,16,17,18,19,20,21,22,23,24,25,26,27,28,29,30,31,32,33,34,35,36,37,38,39,40,41,42,43,44,45,46,47,48,49,50,51,52,53,54,55,56,57,58,59,60,61,62,63,64,65,66,67"
    queueSizes "32"
    type "origin_urllc"
    reservation 3739400.0
  ]
  node [
    id 41
    label "41"
    schedulingPolicy "FIFO"
    levelsQoS "1"
    schedulingWeights "-"
    tosToQoSqueue "0,1,2,3,4,5,6,7,8,9,10,11,12,13,14,15,16,17,18,19,20,21,22,23,24,25,26,27,28,29,30,31,32,33,34,35,36,37,38,39,40,41,42,43,44,45,46,47,48,49,50,51,52,53,54,55,56,57,58,59,60,61,62,63,64,65,66,67"
    queueSizes "32"
    type "origin_urllc"
    reservation 3926300.0
  ]
  node [
    id 42
    label "42"
    schedulingPolicy "FIFO"
    levelsQoS "1"
    schedulingWeights "-"
    tosToQoSqueue "0,1,2,3,4,5,6,7,8,9,10,11,12,13,14,15,16,17,18,19,20,21,22,23,24,25,26,27,28,29,30,31,32,33,34,35,36,37,38,39,40,41,42,43,44,45,46,47,48,49,50,51,52,53,54,55,56,57,58,59,60,61,62,63,64,65,66,67"
    queueSizes "32"
    type "origin_urllc"
    reservation 3739400.0
  ]
  node [
    id 43
    label "43"
    schedulingPolicy "FIFO"
    levelsQoS "1"
    schedulingWeights "-"
    tosToQoSqueue "0,1,2,3,4,5,6,7,8,9,10,11,12,13,14,15,16,17,18,19,20,21,22,23,24,25,26,27,28,29,30,31,32,33,34,35,36,37,38,39,40,41,42,43,44,45,46,47,48,49,50,51,52,53,54,55,56,57,58,59,60,61,62,63,64,65,66,67"
    queueSizes "32"
    type "origin_urllc"
    reservation 3740450.0
  ]
  node [
    id 44
    label "44"
    schedulingPolicy "FIFO"
    levelsQoS "1"
    schedulingWeights "-"
    tosToQoSqueue "0,1,2,3,4,5,6,7,8,9,10,11,12,13,14,15,16,17,18,19,20,21,22,23,24,25,26,27,28,29,30,31,32,33,34,35,36,37,38,39,40,41,42,43,44,45,46,47,48,49,50,51,52,53,54,55,56,57,58,59,60,61,62,63,64,65,66,67"
    queueSizes "32"
    type "origin_urllc"
    reservation 3506300.0
  ]
  node [
    id 45
    label "45"
    schedulingPolicy "FIFO"
    levelsQoS "1"
    schedulingWeights "-"
    tosToQoSqueue "0,1,2,3,4,5,6,7,8,9,10,11,12,13,14,15,16,17,18,19,20,21,22,23,24,25,26,27,28,29,30,31,32,33,34,35,36,37,38,39,40,41,42,43,44,45,46,47,48,49,50,51,52,53,54,55,56,57,58,59,60,61,62,63,64,65,66,67"
    queueSizes "32"
    type "origin_mmtc"
    reservation 219560.0
  ]
  node [
    id 46
    label "46"
    schedulingPolicy "FIFO"
    levelsQoS "1"
    schedulingWeights "-"
    tosToQoSqueue "0,1,2,3,4,5,6,7,8,9,10,11,12,13,14,15,16,17,18,19,20,21,22,23,24,25,26,27,28,29,30,31,32,33,34,35,36,37,38,39,40,41,42,43,44,45,46,47,48,49,50,51,52,53,54,55,56,57,58,59,60,61,62,63,64,65,66,67"
    queueSizes "32"
    type "origin_urllc"
    reservation 3067400.0
  ]
  node [
    id 47
    label "47"
    schedulingPolicy "FIFO"
    levelsQoS "1"
    schedulingWeights "-"
    tosToQoSqueue "0,1,2,3,4,5,6,7,8,9,10,11,12,13,14,15,16,17,18,19,20,21,22,23,24,25,26,27,28,29,30,31,32,33,34,35,36,37,38,39,40,41,42,43,44,45,46,47,48,49,50,51,52,53,54,55,56,57,58,59,60,61,62,63,64,65,66,67"
    queueSizes "32"
    type "origin_mmtc"
    reservation 200060.0
  ]
  node [
    id 48
    label "48"
    schedulingPolicy "FIFO"
    levelsQoS "1"
    schedulingWeights "-"
    tosToQoSqueue "0,1,2,3,4,5,6,7,8,9,10,11,12,13,14,15,16,17,18,19,20,21,22,23,24,25,26,27,28,29,30,31,32,33,34,35,36,37,38,39,40,41,42,43,44,45,46,47,48,49,50,51,52,53,54,55,56,57,58,59,60,61,62,63,64,65,66,67"
    queueSizes "32"
    type "origin_mmtc"
    reservation 196760.0
  ]
  node [
    id 49
    label "49"
    schedulingPolicy "FIFO"
    levelsQoS "1"
    schedulingWeights "-"
    tosToQoSqueue "0,1,2,3,4,5,6,7,8,9,10,11,12,13,14,15,16,17,18,19,20,21,22,23,24,25,26,27,28,29,30,31,32,33,34,35,36,37,38,39,40,41,42,43,44,45,46,47,48,49,50,51,52,53,54,55,56,57,58,59,60,61,62,63,64,65,66,67"
    queueSizes "32"
    type "origin_mmtc"
    reservation 174980.0
  ]
  node [
    id 50
    label "50"
    schedulingPolicy "FIFO"
    levelsQoS "1"
    schedulingWeights "-"
    tosToQoSqueue "0,1,2,3,4,5,6,7,8,9,10,11,12,13,14,15,16,17,18,19,20,21,22,23,24,25,26,27,28,29,30,31,32,33,34,35,36,37,38,39,40,41,42,43,44,45,46,47,48,49,50,51,52,53,54,55,56,57,58,59,60,61,62,63,64,65,66,67"
    queueSizes "32"
    type "origin_urllc"
    reservation 3506300.0
  ]
  node [
    id 51
    label "51"
    schedulingPolicy "FIFO"
    levelsQoS "1"
    schedulingWeights "-"
    tosToQoSqueue "0,1,2,3,4,5,6,7,8,9,10,11,12,13,14,15,16,17,18,19,20,21,22,23,24,25,26,27,28,29,30,31,32,33,34,35,36,37,38,39,40,41,42,43,44,45,46,47,48,49,50,51,52,53,54,55,56,57,58,59,60,61,62,63,64,65,66,67"
    queueSizes "32"
    type "origin_embb"
    reservation 17654400.0
  ]
  node [
    id 52
    label "52"
    schedulingPolicy "FIFO"
    levelsQoS "1"
    schedulingWeights "-"
    tosToQoSqueue "0,1,2,3,4,5,6,7,8,9,10,11,12,13,14,15,16,17,18,19,20,21,22,23,24,25,26,27,28,29,30,31,32,33,34,35,36,37,38,39,40,41,42,43,44,45,46,47,48,49,50,51,52,53,54,55,56,57,58,59,60,61,62,63,64,65,66,67"
    queueSizes "32"
    type "origin_mmtc"
    reservation 186440.0
  ]
  node [
    id 53
    label "53"
    schedulingPolicy "FIFO"
    levelsQoS "1"
    schedulingWeights "-"
    tosToQoSqueue "0,1,2,3,4,5,6,7,8,9,10,11,12,13,14,15,16,17,18,19,20,21,22,23,24,25,26,27,28,29,30,31,32,33,34,35,36,37,38,39,40,41,42,43,44,45,46,47,48,49,50,51,52,53,54,55,56,57,58,59,60,61,62,63,64,65,66,67"
    queueSizes "32"
    type "origin_urllc"
    reservation 3725750.0
  ]
  node [
    id 54
    label "54"
    schedulingPolicy "FIFO"
    levelsQoS "1"
    schedulingWeights "-"
    tosToQoSqueue "0,1,2,3,4,5,6,7,8,9,10,11,12,13,14,15,16,17,18,19,20,21,22,23,24,25,26,27,28,29,30,31,32,33,34,35,36,37,38,39,40,41,42,43,44,45,46,47,48,49,50,51,52,53,54,55,56,57,58,59,60,61,62,63,64,65,66,67"
    queueSizes "32"
    type "origin_embb"
    reservation 15850800.0
  ]
  node [
    id 55
    label "55"
    schedulingPolicy "FIFO"
    levelsQoS "1"
    schedulingWeights "-"
    tosToQoSqueue "0,1,2,3,4,5,6,7,8,9,10,11,12,13,14,15,16,17,18,19,20,21,22,23,24,25,26,27,28,29,30,31,32,33,34,35,36,37,38,39,40,41,42,43,44,45,46,47,48,49,50,51,52,53,54,55,56,57,58,59,60,61,62,63,64,65,66,67"
    queueSizes "32"
    type "origin_urllc"
    reservation 3725750.0
  ]
  node [
    id 56
    label "56"
    schedulingPolicy "FIFO"
    levelsQoS "1"
    schedulingWeights "-"
    tosToQoSqueue "0,1,2,3,4,5,6,7,8,9,10,11,12,13,14,15,16,17,18,19,20,21,22,23,24,25,26,27,28,29,30,31,32,33,34,35,36,37,38,39,40,41,42,43,44,45,46,47,48,49,50,51,52,53,54,55,56,57,58,59,60,61,62,63,64,65,66,67"
    queueSizes "32"
    type "origin_urllc"
    reservation 3369800.0
  ]
  node [
    id 57
    label "57"
    schedulingPolicy "FIFO"
    levelsQoS "1"
    schedulingWeights "-"
    tosToQoSqueue "0,1,2,3,4,5,6,7,8,9,10,11,12,13,14,15,16,17,18,19,20,21,22,23,24,25,26,27,28,29,30,31,32,33,34,35,36,37,38,39,40,41,42,43,44,45,46,47,48,49,50,51,52,53,54,55,56,57,58,59,60,61,62,63,64,65,66,67"
    queueSizes "32"
    type "origin_urllc"
    reservation 3697400.0
  ]
  node [
    id 58
    label "58"
    schedulingPolicy "FIFO"
    levelsQoS "1"
    schedulingWeights "-"
    tosToQoSqueue "0,1,2,3,4,5,6,7,8,9,10,11,12,13,14,15,16,17,18,19,20,21,22,23,24,25,26,27,28,29,30,31,32,33,34,35,36,37,38,39,40,41,42,43,44,45,46,47,48,49,50,51,52,53,54,55,56,57,58,59,60,61,62,63,64,65,66,67"
    queueSizes "32"
    type "origin_mmtc"
    reservation 196040.0
  ]
  node [
    id 59
    label "59"
    schedulingPolicy "FIFO"
    levelsQoS "1"
    schedulingWeights "-"
    tosToQoSqueue "0,1,2,3,4,5,6,7,8,9,10,11,12,13,14,15,16,17,18,19,20,21,22,23,24,25,26,27,28,29,30,31,32,33,34,35,36,37,38,39,40,41,42,43,44,45,46,47,48,49,50,51,52,53,54,55,56,57,58,59,60,61,62,63,64,65,66,67"
    queueSizes "32"
    type "origin_mmtc"
    reservation 209000.0
  ]
  node [
    id 60
    label "60"
    schedulingPolicy "FIFO"
    levelsQoS "1"
    schedulingWeights "-"
    tosToQoSqueue "0,1,2,3,4,5,6,7,8,9,10,11,12,13,14,15,16,17,18,19,20,21,22,23,24,25,26,27,28,29,30,31,32,33,34,35,36,37,38,39,40,41,42,43,44,45,46,47,48,49,50,51,52,53,54,55,56,57,58,59,60,61,62,63,64,65,66,67"
    queueSizes "32"
    type "origin_urllc"
    reservation 3094700.0
  ]
  node [
    id 61
    label "61"
    schedulingPolicy "FIFO"
    levelsQoS "1"
    schedulingWeights "-"
    tosToQoSqueue "0,1,2,3,4,5,6,7,8,9,10,11,12,13,14,15,16,17,18,19,20,21,22,23,24,25,26,27,28,29,30,31,32,33,34,35,36,37,38,39,40,41,42,43,44,45,46,47,48,49,50,51,52,53,54,55,56,57,58,59,60,61,62,63,64,65,66,67"
    queueSizes "32"
    type "origin_urllc"
    reservation 3471650.0
  ]
  node [
    id 62
    label "62"
    schedulingPolicy "FIFO"
    levelsQoS "1"
    schedulingWeights "-"
    tosToQoSqueue "0,1,2,3,4,5,6,7,8,9,10,11,12,13,14,15,16,17,18,19,20,21,22,23,24,25,26,27,28,29,30,31,32,33,34,35,36,37,38,39,40,41,42,43,44,45,46,47,48,49,50,51,52,53,54,55,56,57,58,59,60,61,62,63,64,65,66,67"
    queueSizes "32"
    type "origin_urllc"
    reservation 3053750.0
  ]
  node [
    id 63
    label "63"
    schedulingPolicy "FIFO"
    levelsQoS "1"
    schedulingWeights "-"
    tosToQoSqueue "0,1,2,3,4,5,6,7,8,9,10,11,12,13,14,15,16,17,18,19,20,21,22,23,24,25,26,27,28,29,30,31,32,33,34,35,36,37,38,39,40,41,42,43,44,45,46,47,48,49,50,51,52,53,54,55,56,57,58,59,60,61,62,63,64,65,66,67"
    queueSizes "32"
    type "origin_urllc"
    reservation 3416000.0
  ]
  node [
    id 64
    label "64"
    schedulingPolicy "FIFO"
    levelsQoS "1"
    schedulingWeights "-"
    tosToQoSqueue "0,1,2,3,4,5,6,7,8,9,10,11,12,13,14,15,16,17,18,19,20,21,22,23,24,25,26,27,28,29,30,31,32,33,34,35,36,37,38,39,40,41,42,43,44,45,46,47,48,49,50,51,52,53,54,55,56,57,58,59,60,61,62,63,64,65,66,67"
    queueSizes "32"
    type "origin_urllc"
    reservation 3725750.0
  ]
  node [
    id 65
    label "65"
    schedulingPolicy "FIFO"
    levelsQoS "1"
    schedulingWeights "-"
    tosToQoSqueue "0,1,2,3,4,5,6,7,8,9,10,11,12,13,14,15,16,17,18,19,20,21,22,23,24,25,26,27,28,29,30,31,32,33,34,35,36,37,38,39,40,41,42,43,44,45,46,47,48,49,50,51,52,53,54,55,56,57,58,59,60,61,62,63,64,65,66,67"
    queueSizes "32"
    type "origin_mmtc"
    reservation 174980.0
  ]
  node [
    id 66
    label "66"
    schedulingPolicy "FIFO"
    levelsQoS "1"
    schedulingWeights "-"
    tosToQoSqueue "0,1,2,3,4,5,6,7,8,9,10,11,12,13,14,15,16,17,18,19,20,21,22,23,24,25,26,27,28,29,30,31,32,33,34,35,36,37,38,39,40,41,42,43,44,45,46,47,48,49,50,51,52,53,54,55,56,57,58,59,60,61,62,63,64,65,66,67"
    queueSizes "32"
    type "origin_mmtc"
    reservation 171140.0
  ]
  node [
    id 67
    label "67"
    schedulingPolicy "FIFO"
    levelsQoS "1"
    schedulingWeights "-"
    tosToQoSqueue "0,1,2,3,4,5,6,7,8,9,10,11,12,13,14,15,16,17,18,19,20,21,22,23,24,25,26,27,28,29,30,31,32,33,34,35,36,37,38,39,40,41,42,43,44,45,46,47,48,49,50,51,52,53,54,55,56,57,58,59,60,61,62,63,64,65,66,67"
    queueSizes "32"
    type "origin_mmtc"
    reservation 174200.0
  ]
  edge [
    source 0
    target 1
    key 0
    id "e28"
    bandwidth 75000000
    traffic "18000000,18000000,18000000,18000000,200000,200000,200000,200000"
    reservation "17200800.0,18405000.0,18405000.0,20057400.0,171140.0,219560.0,200060.0,196760.0"
    port 0
  ]
  edge [
    source 0
    target 19
    key 0
    id "e14"
    bandwidth 75000000
    traffic "18000000,3500000"
    reservation "16828200.0,3725750.0"
    port 1
  ]
  edge [
    source 1
    target 0
    key 0
    id "e28"
    bandwidth 75000000
    traffic "18000000,3500000"
    reservation "16828200.0,3725750.0"
    port 0
  ]
  edge [
    source 1
    target 18
    key 0
    id "e9"
    bandwidth 75000000
    traffic "18000000,18000000,18000000,18000000,200000,200000,200000,200000"
    reservation "17200800.0,18405000.0,18405000.0,20057400.0,171140.0,219560.0,200060.0,196760.0"
    port 1
  ]
  edge [
    source 1
    target 28
    key 0
    port 2
    weight 1
    bandwidth 50000000
    traffic ""
    reservation ""
  ]
  edge [
    source 2
    target 19
    key 0
    id "e13"
    bandwidth 75000000
    traffic "18000000,18000000,18000000,18000000,3500000"
    reservation "17200800.0,20278800.0,17654400.0,15850800.0,3369800.0"
    port 0
  ]
  edge [
    source 2
    target 12
    key 0
    id "e27"
    bandwidth 75000000
    traffic "18000000,3500000,3500000,3500000,3500000,3500000,3500000,3500000,3500000,3500000,3500000,3500000,3500000,200000,3500000,200000,3500000,3500000,200000,200000,200000,200000,200000"
    reservation "16828200.0,3105200.0,3369800.0,3194450.0,3094700.0,3407600.0,3506300.0,3739400.0,3926300.0,3739400.0,3740450.0,3506300.0,3067400.0,174980.0,3506300.0,186440.0,3725750.0,3725750.0,196040.0,209000.0,174980.0,171140.0,174200.0"
    port 1
  ]
  edge [
    source 3
    target 15
    key 0
    id "e26"
    bandwidth 75000000
    traffic "18000000,3500000,3500000,3500000,200000,3500000,3500000,3500000,3500000,3500000,3500000,3500000,3500000,200000,3500000,200000,200000,200000,3500000,200000,3500000,3500000,200000,200000,200000,200000,200000"
    reservation "20057400.0,3105200.0,3369800.0,3194450.0,171140.0,3094700.0,3407600.0,3506300.0,3739400.0,3926300.0,3739400.0,3740450.0,3506300.0,219560.0,3067400.0,200060.0,196760.0,174980.0,3506300.0,186440.0,3725750.0,3725750.0,196040.0,209000.0,174980.0,171140.0,174200.0"
    port 0
  ]
  edge [
    source 3
    target 22
    key 0
    id "e22"
    bandwidth 75000000
    traffic "18000000,18000000,18000000,3500000,3500000,3500000,3500000,3500000,3500000"
    reservation "20278800.0,17654400.0,15850800.0,3369800.0,3697400.0,3094700.0,3471650.0,3053750.0,3416000.0"
    port 1
  ]
  edge [
    source 3
    target 23
    key 0
    id "e25"
    bandwidth 75000000
    traffic "18000000,3500000"
    reservation "16828200.0,3725750.0"
    port 2
  ]
  edge [
    source 3
    target 31
    key 0
    port 3
    weight 1
    bandwidth 50000000
    traffic ""
    reservation ""
  ]
  edge [
    source 3
    target 33
    key 0
    port 4
    weight 1
    bandwidth 50000000
    traffic ""
    reservation ""
  ]
  edge [
    source 3
    target 34
    key 0
    port 5
    weight 1
    bandwidth 50000000
    traffic ""
    reservation ""
  ]
  edge [
    source 3
    target 35
    key 0
    port 6
    weight 1
    bandwidth 50000000
    traffic ""
    reservation ""
  ]
  edge [
    source 3
    target 36
    key 0
    port 7
    weight 1
    bandwidth 50000000
    traffic ""
    reservation ""
  ]
  edge [
    source 3
    target 37
    key 0
    port 8
    weight 1
    bandwidth 50000000
    traffic ""
    reservation ""
  ]
  edge [
    source 3
    target 38
    key 0
    port 9
    weight 1
    bandwidth 50000000
    traffic ""
    reservation ""
  ]
  edge [
    source 3
    target 39
    key 0
    port 10
    weight 1
    bandwidth 50000000
    traffic ""
    reservation ""
  ]
  edge [
    source 3
    target 40
    key 0
    port 11
    weight 1
    bandwidth 50000000
    traffic ""
    reservation ""
  ]
  edge [
    source 3
    target 41
    key 0
    port 12
    weight 1
    bandwidth 50000000
    traffic ""
    reservation ""
  ]
  edge [
    source 3
    target 42
    key 0
    port 13
    weight 1
    bandwidth 50000000
    traffic ""
    reservation ""
  ]
  edge [
    source 3
    target 43
    key 0
    port 14
    weight 1
    bandwidth 50000000
    traffic ""
    reservation ""
  ]
  edge [
    source 3
    target 44
    key 0
    port 15
    weight 1
    bandwidth 50000000
    traffic ""
    reservation ""
  ]
  edge [
    source 3
    target 45
    key 0
    port 16
    weight 1
    bandwidth 50000000
    traffic ""
    reservation ""
  ]
  edge [
    source 3
    target 46
    key 0
    port 17
    weight 1
    bandwidth 50000000
    traffic ""
    reservation ""
  ]
  edge [
    source 3
    target 47
    key 0
    port 18
    weight 1
    bandwidth 50000000
    traffic ""
    reservation ""
  ]
  edge [
    source 3
    target 48
    key 0
    port 19
    weight 1
    bandwidth 50000000
    traffic ""
    reservation ""
  ]
  edge [
    source 3
    target 49
    key 0
    port 20
    weight 1
    bandwidth 50000000
    traffic ""
    reservation ""
  ]
  edge [
    source 3
    target 50
    key 0
    port 21
    weight 1
    bandwidth 50000000
    traffic ""
    reservation ""
  ]
  edge [
    source 3
    target 51
    key 0
    port 22
    weight 1
    bandwidth 50000000
    traffic ""
    reservation ""
  ]
  edge [
    source 3
    target 52
    key 0
    port 23
    weight 1
    bandwidth 50000000
    traffic ""
    reservation ""
  ]
  edge [
    source 3
    target 53
    key 0
    port 24
    weight 1
    bandwidth 50000000
    traffic ""
    reservation ""
  ]
  edge [
    source 3
    target 54
    key 0
    port 25
    weight 1
    bandwidth 50000000
    traffic ""
    reservation ""
  ]
  edge [
    source 3
    target 55
    key 0
    port 26
    weight 1
    bandwidth 50000000
    traffic ""
    reservation ""
  ]
  edge [
    source 3
    target 56
    key 0
    port 27
    weight 1
    bandwidth 50000000
    traffic ""
    reservation ""
  ]
  edge [
    source 3
    target 57
    key 0
    port 28
    weight 1
    bandwidth 50000000
    traffic ""
    reservation ""
  ]
  edge [
    source 3
    target 58
    key 0
    port 29
    weight 1
    bandwidth 50000000
    traffic ""
    reservation ""
  ]
  edge [
    source 3
    target 59
    key 0
    port 30
    weight 1
    bandwidth 50000000
    traffic ""
    reservation ""
  ]
  edge [
    source 3
    target 60
    key 0
    port 31
    weight 1
    bandwidth 50000000
    traffic ""
    reservation ""
  ]
  edge [
    source 3
    target 61
    key 0
    port 32
    weight 1
    bandwidth 50000000
    traffic ""
    reservation ""
  ]
  edge [
    source 3
    target 62
    key 0
    port 33
    weight 1
    bandwidth 50000000
    traffic ""
    reservation ""
  ]
  edge [
    source 3
    target 63
    key 0
    port 34
    weight 1
    bandwidth 50000000
    traffic ""
    reservation ""
  ]
  edge [
    source 3
    target 64
    key 0
    port 35
    weight 1
    bandwidth 50000000
    traffic ""
    reservation ""
  ]
  edge [
    source 3
    target 65
    key 0
    port 36
    weight 1
    bandwidth 50000000
    traffic ""
    reservation ""
  ]
  edge [
    source 3
    target 66
    key 0
    port 37
    weight 1
    bandwidth 50000000
    traffic ""
    reservation ""
  ]
  edge [
    source 3
    target 67
    key 0
    port 38
    weight 1
    bandwidth 50000000
    traffic ""
    reservation ""
  ]
  edge [
    source 4
    target 18
    key 0
    id "e6"
    bandwidth 75000000
    traffic "18000000,3500000,3500000,3500000,3500000,3500000,3500000,3500000,3500000,3500000,3500000,3500000,3500000,200000,3500000,200000,3500000,3500000,200000,200000,3500000,200000,200000,200000"
    reservation "16828200.0,3105200.0,3369800.0,3194450.0,3094700.0,3407600.0,3506300.0,3739400.0,3926300.0,3739400.0,3740450.0,3506300.0,3067400.0,174980.0,3506300.0,186440.0,3725750.0,3725750.0,196040.0,209000.0,3725750.0,174980.0,171140.0,174200.0"
    port 0
  ]
  edge [
    source 4
    target 7
    key 0
    id "e29"
    bandwidth 75000000
    traffic ""
    reservation ""
    port 1
  ]
  edge [
    source 4
    target 23
    key 0
    id "e24"
    bandwidth 75000000
    traffic ""
    reservation ""
    port 2
  ]
  edge [
    source 5
    target 8
    key 0
    id "e30"
    bandwidth 75000000
    traffic "18000000,18000000,18000000,18000000,3500000"
    reservation "17200800.0,16828200.0,18405000.0,18405000.0,3105200.0"
    port 0
  ]
  edge [
    source 5
    target 9
    key 0
    id "e31"
    bandwidth 75000000
    traffic "18000000,18000000,18000000,18000000"
    reservation "20057400.0,20278800.0,17654400.0,15850800.0"
    port 1
  ]
  edge [
    source 5
    target 18
    key 0
    id "e7"
    bandwidth 75000000
    traffic ""
    reservation ""
    port 2
  ]
  edge [
    source 5
    target 25
    key 0
    port 3
    weight 1
    bandwidth 350000000
    traffic "200000,200000,200000,200000,200000,200000,200000,200000,200000,200000,200000"
    reservation "171140.0,219560.0,200060.0,196760.0,174980.0,186440.0,196040.0,209000.0,174980.0,171140.0,174200.0"
  ]
  edge [
    source 6
    target 16
    key 0
    id "e0"
    bandwidth 75000000
    traffic "18000000"
    reservation "18405000.0"
    port 0
  ]
  edge [
    source 6
    target 17
    key 0
    id "e2"
    bandwidth 75000000
    traffic "18000000,18000000,18000000"
    reservation "20278800.0,17654400.0,15850800.0"
    port 1
  ]
  edge [
    source 6
    target 24
    key 0
    port 2
    weight 1
    bandwidth 350000000
    traffic "3500000,3500000,3500000,3500000,3500000,3500000,3500000,3500000,3500000,3500000,3500000,3500000,3500000,3500000,3500000,3500000,3500000,3500000,3500000,3500000,3500000,3500000"
    reservation "3105200.0,3369800.0,3194450.0,3094700.0,3407600.0,3506300.0,3739400.0,3926300.0,3739400.0,3740450.0,3506300.0,3067400.0,3506300.0,3725750.0,3725750.0,3369800.0,3697400.0,3094700.0,3471650.0,3053750.0,3416000.0,3725750.0"
  ]
  edge [
    source 7
    target 4
    key 0
    id "e29"
    bandwidth 75000000
    traffic ""
    reservation ""
    port 0
  ]
  edge [
    source 7
    target 18
    key 0
    id "e8"
    bandwidth 75000000
    traffic ""
    reservation ""
    port 1
  ]
  edge [
    source 8
    target 5
    key 0
    id "e30"
    bandwidth 75000000
    traffic "18000000,18000000,18000000,200000,18000000,200000,200000,200000,200000,200000"
    reservation "20057400.0,20278800.0,17654400.0,186440.0,15850800.0,196040.0,209000.0,174980.0,171140.0,174200.0"
    port 0
  ]
  edge [
    source 8
    target 17
    key 0
    id "e5"
    bandwidth 75000000
    traffic "3500000"
    reservation "3105200.0"
    port 1
  ]
  edge [
    source 8
    target 9
    key 0
    id "e32"
    bandwidth 75000000
    traffic "18000000,18000000,18000000,18000000"
    reservation "17200800.0,16828200.0,18405000.0,18405000.0"
    port 2
  ]
  edge [
    source 9
    target 5
    key 0
    id "e31"
    bandwidth 75000000
    traffic ""
    reservation ""
    port 0
  ]
  edge [
    source 9
    target 8
    key 0
    id "e32"
    bandwidth 75000000
    traffic ""
    reservation ""
    port 1
  ]
  edge [
    source 9
    target 26
    key 0
    port 2
    weight 1
    bandwidth 350000000
    traffic "18000000,18000000,18000000,18000000,18000000,18000000,18000000,18000000"
    reservation "17200800.0,16828200.0,18405000.0,18405000.0,20057400.0,20278800.0,17654400.0,15850800.0"
  ]
  edge [
    source 10
    target 21
    key 0
    id "e20"
    bandwidth 75000000
    traffic "18000000"
    reservation "18405000.0"
    port 0
  ]
  edge [
    source 10
    target 29
    key 0
    port 1
    weight 1
    bandwidth 50000000
    traffic ""
    reservation ""
  ]
  edge [
    source 11
    target 12
    key 0
    id "e33"
    bandwidth 75000000
    traffic "18000000,18000000,18000000,18000000,3500000"
    reservation "17200800.0,20278800.0,17654400.0,15850800.0,3369800.0"
    port 0
  ]
  edge [
    source 11
    target 20
    key 0
    id "e15"
    bandwidth 75000000
    traffic "18000000,3500000,3500000,3500000,3500000,3500000,3500000,3500000,3500000,3500000,3500000,3500000,3500000,200000,3500000,200000,3500000,3500000,200000,200000,200000,200000,200000"
    reservation "16828200.0,3105200.0,3369800.0,3194450.0,3094700.0,3407600.0,3506300.0,3739400.0,3926300.0,3739400.0,3740450.0,3506300.0,3067400.0,174980.0,3506300.0,186440.0,3725750.0,3725750.0,196040.0,209000.0,174980.0,171140.0,174200.0"
    port 1
  ]
  edge [
    source 11
    target 27
    key 0
    port 2
    weight 1
    bandwidth 50000000
    traffic ""
    reservation ""
  ]
  edge [
    source 12
    target 2
    key 0
    id "e27"
    bandwidth 75000000
    traffic "18000000,18000000,18000000,18000000,3500000"
    reservation "17200800.0,20278800.0,17654400.0,15850800.0,3369800.0"
    port 0
  ]
  edge [
    source 12
    target 11
    key 0
    id "e33"
    bandwidth 75000000
    traffic "18000000,3500000,3500000,3500000,3500000,3500000,3500000,3500000,3500000,3500000,3500000,3500000,3500000,200000,3500000,200000,3500000,3500000,200000,200000,200000,200000,200000"
    reservation "16828200.0,3105200.0,3369800.0,3194450.0,3094700.0,3407600.0,3506300.0,3739400.0,3926300.0,3739400.0,3740450.0,3506300.0,3067400.0,174980.0,3506300.0,186440.0,3725750.0,3725750.0,196040.0,209000.0,174980.0,171140.0,174200.0"
    port 1
  ]
  edge [
    source 13
    target 20
    key 0
    id "e17"
    bandwidth 75000000
    traffic ""
    reservation ""
    port 0
  ]
  edge [
    source 14
    target 20
    key 0
    id "e16"
    bandwidth 75000000
    traffic "18000000,18000000,18000000,3500000,3500000,3500000,3500000,3500000,3500000"
    reservation "20278800.0,17654400.0,15850800.0,3369800.0,3697400.0,3094700.0,3471650.0,3053750.0,3416000.0"
    port 0
  ]
  edge [
    source 14
    target 22
    key 0
    id "e21"
    bandwidth 75000000
    traffic "18000000,3500000,3500000,3500000,3500000,3500000,3500000,3500000,3500000,3500000,3500000,3500000,3500000,200000,3500000,200000,3500000,3500000,200000,200000,200000,200000,200000"
    reservation "16828200.0,3105200.0,3369800.0,3194450.0,3094700.0,3407600.0,3506300.0,3739400.0,3926300.0,3739400.0,3740450.0,3506300.0,3067400.0,174980.0,3506300.0,186440.0,3725750.0,3725750.0,196040.0,209000.0,174980.0,171140.0,174200.0"
    port 1
  ]
  edge [
    source 15
    target 3
    key 0
    id "e26"
    bandwidth 75000000
    traffic "18000000"
    reservation "20278800.0"
    port 0
  ]
  edge [
    source 15
    target 19
    key 0
    id "e12"
    bandwidth 75000000
    traffic "18000000,3500000,3500000,3500000,200000,3500000,3500000,3500000,3500000,3500000,3500000,3500000,3500000,200000,3500000,200000,200000,200000,3500000,200000,3500000,3500000,200000,200000,200000,200000,200000"
    reservation "20057400.0,3105200.0,3369800.0,3194450.0,171140.0,3094700.0,3407600.0,3506300.0,3739400.0,3926300.0,3739400.0,3740450.0,3506300.0,219560.0,3067400.0,200060.0,196760.0,174980.0,3506300.0,186440.0,3725750.0,3725750.0,196040.0,209000.0,174980.0,171140.0,174200.0"
    port 1
  ]
  edge [
    source 15
    target 32
    key 0
    port 2
    weight 1
    bandwidth 50000000
    traffic ""
    reservation ""
  ]
  edge [
    source 16
    target 6
    key 0
    id "e0"
    bandwidth 75000000
    traffic "18000000,18000000,18000000,3500000,3500000,3500000,3500000,3500000,3500000"
    reservation "20278800.0,17654400.0,15850800.0,3369800.0,3697400.0,3094700.0,3471650.0,3053750.0,3416000.0"
    port 0
  ]
  edge [
    source 16
    target 19
    key 0
    id "e1"
    bandwidth 75000000
    traffic "18000000"
    reservation "18405000.0"
    port 1
  ]
  edge [
    source 17
    target 6
    key 0
    id "e2"
    bandwidth 75000000
    traffic "18000000,3500000,3500000,3500000,3500000,3500000,3500000,3500000,3500000,3500000,3500000,3500000,3500000,3500000,3500000,3500000,3500000"
    reservation "18405000.0,3105200.0,3369800.0,3194450.0,3094700.0,3407600.0,3506300.0,3739400.0,3926300.0,3739400.0,3740450.0,3506300.0,3067400.0,3506300.0,3725750.0,3725750.0,3725750.0"
    port 0
  ]
  edge [
    source 17
    target 8
    key 0
    id "e5"
    bandwidth 75000000
    traffic "18000000,18000000,18000000,200000,18000000,200000,200000,200000,200000,200000"
    reservation "20057400.0,20278800.0,17654400.0,186440.0,15850800.0,196040.0,209000.0,174980.0,171140.0,174200.0"
    port 1
  ]
  edge [
    source 17
    target 18
    key 0
    id "e3"
    bandwidth 75000000
    traffic ""
    reservation ""
    port 2
  ]
  edge [
    source 17
    target 19
    key 0
    id "e4"
    bandwidth 75000000
    traffic ""
    reservation ""
    port 3
  ]
  edge [
    source 17
    target 30
    key 0
    port 4
    weight 1
    bandwidth 50000000
    traffic ""
    reservation ""
  ]
  edge [
    source 18
    target 1
    key 0
    id "e9"
    bandwidth 75000000
    traffic "3500000"
    reservation "3725750.0"
    port 0
  ]
  edge [
    source 18
    target 4
    key 0
    id "e6"
    bandwidth 75000000
    traffic ""
    reservation ""
    port 1
  ]
  edge [
    source 18
    target 5
    key 0
    id "e7"
    bandwidth 75000000
    traffic "18000000,18000000,18000000,18000000,3500000,200000,200000,200000,200000,200000"
    reservation "17200800.0,16828200.0,18405000.0,18405000.0,3105200.0,171140.0,219560.0,200060.0,196760.0,174980.0"
    port 2
  ]
  edge [
    source 18
    target 7
    key 0
    id "e8"
    bandwidth 75000000
    traffic ""
    reservation ""
    port 3
  ]
  edge [
    source 18
    target 17
    key 0
    id "e3"
    bandwidth 75000000
    traffic "18000000,3500000,3500000,3500000,3500000,3500000,3500000,3500000,3500000,3500000,3500000,3500000,3500000,200000,3500000,3500000,200000,200000,200000,200000,200000"
    reservation "20057400.0,3369800.0,3194450.0,3094700.0,3407600.0,3506300.0,3739400.0,3926300.0,3739400.0,3740450.0,3506300.0,3067400.0,3506300.0,186440.0,3725750.0,3725750.0,196040.0,209000.0,174980.0,171140.0,174200.0"
    port 4
  ]
  edge [
    source 19
    target 0
    key 0
    id "e14"
    bandwidth 75000000
    traffic "18000000,18000000,18000000,18000000,200000,200000,200000,200000"
    reservation "17200800.0,18405000.0,18405000.0,20057400.0,171140.0,219560.0,200060.0,196760.0"
    port 0
  ]
  edge [
    source 19
    target 2
    key 0
    id "e13"
    bandwidth 75000000
    traffic "18000000,3500000,3500000,3500000,3500000,3500000,3500000,3500000,3500000,3500000,3500000,3500000,3500000,200000,3500000,200000,3500000,3500000,200000,200000,200000,200000,200000"
    reservation "16828200.0,3105200.0,3369800.0,3194450.0,3094700.0,3407600.0,3506300.0,3739400.0,3926300.0,3739400.0,3740450.0,3506300.0,3067400.0,174980.0,3506300.0,186440.0,3725750.0,3725750.0,196040.0,209000.0,174980.0,171140.0,174200.0"
    port 1
  ]
  edge [
    source 19
    target 15
    key 0
    id "e12"
    bandwidth 75000000
    traffic ""
    reservation ""
    port 2
  ]
  edge [
    source 19
    target 16
    key 0
    id "e1"
    bandwidth 75000000
    traffic "18000000,18000000,18000000,3500000,3500000,3500000,3500000,3500000,3500000"
    reservation "20278800.0,17654400.0,15850800.0,3369800.0,3697400.0,3094700.0,3471650.0,3053750.0,3416000.0"
    port 3
  ]
  edge [
    source 19
    target 17
    key 0
    id "e4"
    bandwidth 75000000
    traffic "3500000"
    reservation "3725750.0"
    port 4
  ]
  edge [
    source 19
    target 21
    key 0
    id "e10"
    bandwidth 75000000
    traffic ""
    reservation ""
    port 5
  ]
  edge [
    source 19
    target 23
    key 0
    id "e11"
    bandwidth 75000000
    traffic ""
    reservation ""
    port 6
  ]
  edge [
    source 20
    target 11
    key 0
    id "e15"
    bandwidth 75000000
    traffic "18000000,18000000,18000000,3500000"
    reservation "20278800.0,17654400.0,15850800.0,3369800.0"
    port 0
  ]
  edge [
    source 20
    target 13
    key 0
    id "e17"
    bandwidth 75000000
    traffic ""
    reservation ""
    port 1
  ]
  edge [
    source 20
    target 14
    key 0
    id "e16"
    bandwidth 75000000
    traffic "18000000,3500000,3500000,3500000,3500000,3500000,3500000,3500000,3500000,3500000,3500000,3500000,3500000,200000,3500000,200000,3500000,3500000,200000,200000,200000,200000,200000"
    reservation "16828200.0,3105200.0,3369800.0,3194450.0,3094700.0,3407600.0,3506300.0,3739400.0,3926300.0,3739400.0,3740450.0,3506300.0,3067400.0,174980.0,3506300.0,186440.0,3725750.0,3725750.0,196040.0,209000.0,174980.0,171140.0,174200.0"
    port 2
  ]
  edge [
    source 20
    target 22
    key 0
    id "e18"
    bandwidth 75000000
    traffic ""
    reservation ""
    port 3
  ]
  edge [
    source 20
    target 21
    key 0
    id "e19"
    bandwidth 75000000
    traffic "3500000,3500000,3500000,3500000,3500000"
    reservation "3697400.0,3094700.0,3471650.0,3053750.0,3416000.0"
    port 4
  ]
  edge [
    source 21
    target 10
    key 0
    id "e20"
    bandwidth 75000000
    traffic ""
    reservation ""
    port 0
  ]
  edge [
    source 21
    target 19
    key 0
    id "e10"
    bandwidth 75000000
    traffic "18000000,3500000,3500000,3500000,3500000,3500000"
    reservation "18405000.0,3697400.0,3094700.0,3471650.0,3053750.0,3416000.0"
    port 1
  ]
  edge [
    source 21
    target 20
    key 0
    id "e19"
    bandwidth 75000000
    traffic ""
    reservation ""
    port 2
  ]
  edge [
    source 22
    target 3
    key 0
    id "e22"
    bandwidth 75000000
    traffic "18000000"
    reservation "16828200.0"
    port 0
  ]
  edge [
    source 22
    target 14
    key 0
    id "e21"
    bandwidth 75000000
    traffic "18000000,18000000,18000000,3500000,3500000,3500000,3500000,3500000,3500000"
    reservation "20278800.0,17654400.0,15850800.0,3369800.0,3697400.0,3094700.0,3471650.0,3053750.0,3416000.0"
    port 1
  ]
  edge [
    source 22
    target 20
    key 0
    id "e18"
    bandwidth 75000000
    traffic ""
    reservation ""
    port 2
  ]
  edge [
    source 22
    target 23
    key 0
    id "e23"
    bandwidth 75000000
    traffic "3500000,3500000,3500000,3500000,3500000,3500000,3500000,3500000,3500000,3500000,3500000,3500000,200000,3500000,200000,3500000,3500000,200000,200000,200000,200000,200000"
    reservation "3105200.0,3369800.0,3194450.0,3094700.0,3407600.0,3506300.0,3739400.0,3926300.0,3739400.0,3740450.0,3506300.0,3067400.0,174980.0,3506300.0,186440.0,3725750.0,3725750.0,196040.0,209000.0,174980.0,171140.0,174200.0"
    port 3
  ]
  edge [
    source 23
    target 3
    key 0
    id "e25"
    bandwidth 75000000
    traffic ""
    reservation ""
    port 0
  ]
  edge [
    source 23
    target 4
    key 0
    id "e24"
    bandwidth 75000000
    traffic "18000000,3500000,3500000,3500000,3500000,3500000,3500000,3500000,3500000,3500000,3500000,3500000,3500000,200000,3500000,200000,3500000,3500000,200000,200000,3500000,200000,200000,200000"
    reservation "16828200.0,3105200.0,3369800.0,3194450.0,3094700.0,3407600.0,3506300.0,3739400.0,3926300.0,3739400.0,3740450.0,3506300.0,3067400.0,174980.0,3506300.0,186440.0,3725750.0,3725750.0,196040.0,209000.0,3725750.0,174980.0,171140.0,174200.0"
    port 1
  ]
  edge [
    source 23
    target 19
    key 0
    id "e11"
    bandwidth 75000000
    traffic ""
    reservation ""
    port 2
  ]
  edge [
    source 23
    target 22
    key 0
    id "e23"
    bandwidth 75000000
    traffic ""
    reservation ""
    port 3
  ]
  edge [
    source 24
    target 6
    key 0
    port 0
    weight 1
    bandwidth 350000000
    traffic ""
    reservation ""
  ]
  edge [
    source 25
    target 5
    key 0
    port 0
    weight 1
    bandwidth 350000000
    traffic ""
    reservation ""
  ]
  edge [
    source 26
    target 9
    key 0
    port 0
    weight 1
    bandwidth 350000000
    traffic ""
    reservation ""
  ]
  edge [
    source 27
    target 11
    key 0
    port 0
    weight 1
    bandwidth 50000000
    traffic "18000000"
    reservation "17200800.0"
  ]
  edge [
    source 28
    target 1
    key 0
    port 0
    weight 1
    bandwidth 50000000
    traffic "18000000"
    reservation "16828200.0"
  ]
  edge [
    source 29
    target 10
    key 0
    port 0
    weight 1
    bandwidth 50000000
    traffic "18000000"
    reservation "18405000.0"
  ]
  edge [
    source 30
    target 17
    key 0
    port 0
    weight 1
    bandwidth 50000000
    traffic "18000000"
    reservation "18405000.0"
  ]
  edge [
    source 31
    target 3
    key 0
    port 0
    weight 1
    bandwidth 50000000
    traffic "18000000"
    reservation "20057400.0"
  ]
  edge [
    source 32
    target 15
    key 0
    port 0
    weight 1
    bandwidth 50000000
    traffic "18000000"
    reservation "20278800.0"
  ]
  edge [
    source 33
    target 3
    key 0
    port 0
    weight 1
    bandwidth 50000000
    traffic "3500000"
    reservation "3105200.0"
  ]
  edge [
    source 34
    target 3
    key 0
    port 0
    weight 1
    bandwidth 50000000
    traffic "3500000"
    reservation "3369800.0"
  ]
  edge [
    source 35
    target 3
    key 0
    port 0
    weight 1
    bandwidth 50000000
    traffic "3500000"
    reservation "3194450.0"
  ]
  edge [
    source 36
    target 3
    key 0
    port 0
    weight 1
    bandwidth 50000000
    traffic "200000"
    reservation "171140.0"
  ]
  edge [
    source 37
    target 3
    key 0
    port 0
    weight 1
    bandwidth 50000000
    traffic "3500000"
    reservation "3094700.0"
  ]
  edge [
    source 38
    target 3
    key 0
    port 0
    weight 1
    bandwidth 50000000
    traffic "3500000"
    reservation "3407600.0"
  ]
  edge [
    source 39
    target 3
    key 0
    port 0
    weight 1
    bandwidth 50000000
    traffic "3500000"
    reservation "3506300.0"
  ]
  edge [
    source 40
    target 3
    key 0
    port 0
    weight 1
    bandwidth 50000000
    traffic "3500000"
    reservation "3739400.0"
  ]
  edge [
    source 41
    target 3
    key 0
    port 0
    weight 1
    bandwidth 50000000
    traffic "3500000"
    reservation "3926300.0"
  ]
  edge [
    source 42
    target 3
    key 0
    port 0
    weight 1
    bandwidth 50000000
    traffic "3500000"
    reservation "3739400.0"
  ]
  edge [
    source 43
    target 3
    key 0
    port 0
    weight 1
    bandwidth 50000000
    traffic "3500000"
    reservation "3740450.0"
  ]
  edge [
    source 44
    target 3
    key 0
    port 0
    weight 1
    bandwidth 50000000
    traffic "3500000"
    reservation "3506300.0"
  ]
  edge [
    source 45
    target 3
    key 0
    port 0
    weight 1
    bandwidth 50000000
    traffic "200000"
    reservation "219560.0"
  ]
  edge [
    source 46
    target 3
    key 0
    port 0
    weight 1
    bandwidth 50000000
    traffic "3500000"
    reservation "3067400.0"
  ]
  edge [
    source 47
    target 3
    key 0
    port 0
    weight 1
    bandwidth 50000000
    traffic "200000"
    reservation "200060.0"
  ]
  edge [
    source 48
    target 3
    key 0
    port 0
    weight 1
    bandwidth 50000000
    traffic "200000"
    reservation "196760.0"
  ]
  edge [
    source 49
    target 3
    key 0
    port 0
    weight 1
    bandwidth 50000000
    traffic "200000"
    reservation "174980.0"
  ]
  edge [
    source 50
    target 3
    key 0
    port 0
    weight 1
    bandwidth 50000000
    traffic "3500000"
    reservation "3506300.0"
  ]
  edge [
    source 51
    target 3
    key 0
    port 0
    weight 1
    bandwidth 50000000
    traffic "18000000"
    reservation "17654400.0"
  ]
  edge [
    source 52
    target 3
    key 0
    port 0
    weight 1
    bandwidth 50000000
    traffic "200000"
    reservation "186440.0"
  ]
  edge [
    source 53
    target 3
    key 0
    port 0
    weight 1
    bandwidth 50000000
    traffic "3500000"
    reservation "3725750.0"
  ]
  edge [
    source 54
    target 3
    key 0
    port 0
    weight 1
    bandwidth 50000000
    traffic "18000000"
    reservation "15850800.0"
  ]
  edge [
    source 55
    target 3
    key 0
    port 0
    weight 1
    bandwidth 50000000
    traffic "3500000"
    reservation "3725750.0"
  ]
  edge [
    source 56
    target 3
    key 0
    port 0
    weight 1
    bandwidth 50000000
    traffic "3500000"
    reservation "3369800.0"
  ]
  edge [
    source 57
    target 3
    key 0
    port 0
    weight 1
    bandwidth 50000000
    traffic "3500000"
    reservation "3697400.0"
  ]
  edge [
    source 58
    target 3
    key 0
    port 0
    weight 1
    bandwidth 50000000
    traffic "200000"
    reservation "196040.0"
  ]
  edge [
    source 59
    target 3
    key 0
    port 0
    weight 1
    bandwidth 50000000
    traffic "200000"
    reservation "209000.0"
  ]
  edge [
    source 60
    target 3
    key 0
    port 0
    weight 1
    bandwidth 50000000
    traffic "3500000"
    reservation "3094700.0"
  ]
  edge [
    source 61
    target 3
    key 0
    port 0
    weight 1
    bandwidth 50000000
    traffic "3500000"
    reservation "3471650.0"
  ]
  edge [
    source 62
    target 3
    key 0
    port 0
    weight 1
    bandwidth 50000000
    traffic "3500000"
    reservation "3053750.0"
  ]
  edge [
    source 63
    target 3
    key 0
    port 0
    weight 1
    bandwidth 50000000
    traffic "3500000"
    reservation "3416000.0"
  ]
  edge [
    source 64
    target 3
    key 0
    port 0
    weight 1
    bandwidth 50000000
    traffic "3500000"
    reservation "3725750.0"
  ]
  edge [
    source 65
    target 3
    key 0
    port 0
    weight 1
    bandwidth 50000000
    traffic "200000"
    reservation "174980.0"
  ]
  edge [
    source 66
    target 3
    key 0
    port 0
    weight 1
    bandwidth 50000000
    traffic "200000"
    reservation "171140.0"
  ]
  edge [
    source 67
    target 3
    key 0
    port 0
    weight 1
    bandwidth 50000000
    traffic "200000"
    reservation "174200.0"
  ]
]
