graph [
  directed 1
  multigraph 1
  GeoLocation "USA"
  GeoExtent "Country"
  Network "ANS"
  Provenance "Secondary"
  Note "No info - Layer 1 network?"
  Source "http://www.nthelp.com/images/ans.jpg"
  Version "1.0"
  Type "COM"
  DateType "Current"
  Backbone 1
  Commercial 0
  label "Ans"
  ToolsetVersion "0.3.34dev-20120328"
  Customer 0
  IX 0
  SourceGitVersion "e278b1b"
  DateModifier "="
  DateMonth "01"
  LastAccess "14/01/11"
  Access 0
  Layer "IP"
  Creator "Topology Zoo Toolset"
  Developed 1
  Transit 0
  NetworkDate "2011_01"
  DateYear "2011"
  LastProcessed "2011_09_01"
  Testbed 0
  levelsToS 73
  node [
    id 0
    label "0"
    Country "United States"
    Longitude -72.68509
    Internal 1
    Latitude 41.76371
    type "inner"
    schedulingPolicy "WFQ"
    tosToQoSqueue "29;32;33;31;41;39;40,42;24;23,0,1,2,3,4,5,6,7,8,9,10,11,12,13,14,15,16,17,18,19,20,21,22,25,26,27,28,30,34,35,36,37,38,43,44,45,46,47,48,49,50,51,52,53,54,55,56,57,58,59,60,61,62,63,64,65,66,67,68,69,70,71,72"
    schedulingWeights "0.001,0.001,0.001,0.001,0.364,0.429,0.795,0.001,98.407;7.699,6.521,6.599,6.433,0.001,0.001,0.001,40.19,32.554"
    levelsQoS 9
    queueSizes "32,32,32,32,32,32,32,32,32"
  ]
  node [
    id 1
    label "1"
    Country "United States"
    Longitude -74.00597
    Internal 1
    Latitude 40.71427
    type "antenna"
    schedulingPolicy "WFQ"
    tosToQoSqueue "29,37,38,50,52,54,62,66;32,64;34,53,57,65,67,68;33,61,63;31,35,56,60;36,58,69;41;39,51;40,42;59;55;24;25;30;23,0,1,2,3,4,5,6,7,8,9,10,11,12,13,14,15,16,17,18,19,20,21,22,26,27,28,43,44,45,46,47,48,49,70,71,72"
    schedulingWeights "7.699,6.521,0.001,6.599,6.433,0.001,0.001,0.001,0.001,0.001,0.001,40.19,0.001,0.001,32.548;0.001,0.001,6.299,0.001,6.433,7.071,0.001,0.429,0.001,0.4,0.458,0.001,39.575,34.628,4.701;38.497,6.521,18.896,13.198,12.866,7.071,0.364,0.429,0.795,0.001,0.001,0.001,0.001,0.001,1.358;15.399,0.001,12.597,0.001,0.001,7.071,0.001,0.001,0.001,0.001,0.001,0.001,0.001,0.001,64.922;0.001,0.001,0.001,0.001,0.001,0.001,0.001,0.001,0.001,0.001,0.001,0.001,0.001,0.001,99.986;0.001,0.001,0.001,0.001,0.001,0.001,0.001,0.001,0.001,0.001,0.001,0.001,0.001,0.001,99.986;0.001,0.001,0.001,0.001,0.001,0.001,0.001,0.001,0.001,0.001,0.001,0.001,0.001,0.001,99.986;0.001,0.001,0.001,0.001,0.001,0.001,0.001,0.001,0.001,0.001,0.001,0.001,0.001,0.001,99.986;0.001,0.001,0.001,0.001,0.001,0.001,0.001,0.001,0.001,0.001,0.001,0.001,0.001,0.001,99.986;0.001,0.001,0.001,0.001,0.001,0.001,0.001,0.001,0.001,0.001,0.001,0.001,0.001,0.001,99.986;0.001,0.001,0.001,0.001,0.001,0.001,0.001,0.001,0.001,0.001,0.001,0.001,0.001,0.001,99.986;0.001,0.001,0.001,0.001,0.001,0.001,0.001,0.001,0.001,0.001,0.001,0.001,0.001,0.001,99.986;0.001,0.001,0.001,0.001,0.001,0.001,0.001,0.001,0.001,0.001,0.001,0.001,0.001,0.001,99.986;0.001,0.001,0.001,0.001,0.001,0.001,0.001,0.001,0.001,0.001,0.001,0.001,0.001,0.001,99.986;0.001,0.001,0.001,0.001,0.001,0.001,0.001,0.001,0.001,0.001,0.001,0.001,0.001,0.001,99.986;0.001,0.001,0.001,0.001,0.001,0.001,0.001,0.001,0.001,0.001,0.001,0.001,0.001,0.001,99.986;0.001,0.001,0.001,0.001,0.001,0.001,0.001,0.001,0.001,0.001,0.001,0.001,0.001,0.001,99.986;0.001,0.001,0.001,0.001,0.001,0.001,0.001,0.001,0.001,0.001,0.001,0.001,0.001,0.001,99.986;0.001,0.001,0.001,0.001,0.001,0.001,0.001,0.001,0.001,0.001,0.001,0.001,0.001,0.001,99.986;0.001,0.001,0.001,0.001,0.001,0.001,0.001,0.001,0.001,0.001,0.001,0.001,0.001,0.001,99.986;0.001,0.001,0.001,0.001,0.001,0.001,0.001,0.001,0.001,0.001,0.001,0.001,0.001,0.001,99.986;0.001,0.001,0.001,0.001,0.001,0.001,0.001,0.001,0.001,0.001,0.001,0.001,0.001,0.001,99.986;0.001,0.001,0.001,0.001,0.001,0.001,0.001,0.001,0.001,0.001,0.001,0.001,0.001,0.001,99.986;0.001,0.001,0.001,0.001,0.001,0.001,0.001,0.001,0.001,0.001,0.001,0.001,0.001,0.001,99.986;0.001,0.001,0.001,0.001,0.001,0.001,0.001,0.001,0.001,0.001,0.001,0.001,0.001,0.001,99.986"
    levelsQoS 15
    queueSizes "32,32,32,32,32,32,32,32,32,32,32,32,32,32,32"
  ]
  node [
    id 2
    label "2"
    Country "United States"
    Longitude -87.65005
    Internal 1
    Latitude 41.85003
    type "antenna"
    schedulingPolicy "WFQ"
    tosToQoSqueue "29,37,38,50,52,54,62;32,64;34,53,57;33,61,63;31,35,56,60;36,58;41;39,51;40,42;59;55;21;22,25,0,1,2,3,4,5,6,7,8,9,10,11,12,13,14,15,16,17,18,19,20,23,24,26,27,28,30,43,44,45,46,47,48,49,65,66,67,68,69,70,71,72"
    schedulingWeights "0.001,0.001,0.001,0.001,0.001,0.001,0.364,0.429,0.795,0.001,0.001,39.618,58.786;7.699,6.521,6.299,6.599,12.866,7.071,0.001,0.429,0.001,0.4,0.458,0.001,51.654;46.196,6.521,12.597,13.198,12.866,7.071,0.001,0.001,0.001,0.001,0.001,0.001,1.545;0.001,0.001,0.001,0.001,0.001,0.001,0.001,0.001,0.001,0.001,0.001,0.001,99.988"
    levelsQoS 13
    queueSizes "32,32,32,32,32,32,32,32,32,32,32,32,32"
  ]
  node [
    id 3
    label "3"
    Country "United States"
    Longitude -81.69541
    Internal 1
    Latitude 41.4995
    type "destination_embb"
    schedulingPolicy "FIFO"
    levelsQoS "1"
    schedulingWeights "-"
    tosToQoSqueue "0,1,2,3,4,5,6,7,8,9,10,11,12,13,14,15,16,17,18,19,20,21,22,23,24,25,26,27,28,29,30,31,32,33,34,35,36,37,38,39,40,41,42,43,44,45,46,47,48,49,50,51,52,53,54,55,56,57,58,59,60,61,62,63,64,65,66,67,68,69,70,71,72"
    queueSizes "32"
  ]
  node [
    id 4
    label "4"
    Country "United States"
    Longitude -79.79198
    Internal 1
    Latitude 36.07264
    type "destination_mmtc"
    schedulingPolicy "FIFO"
    levelsQoS "1"
    schedulingWeights "-"
    tosToQoSqueue "0,1,2,3,4,5,6,7,8,9,10,11,12,13,14,15,16,17,18,19,20,21,22,23,24,25,26,27,28,29,30,31,32,33,34,35,36,37,38,39,40,41,42,43,44,45,46,47,48,49,50,51,52,53,54,55,56,57,58,59,60,61,62,63,64,65,66,67,68,69,70,71,72"
    queueSizes "32"
  ]
  node [
    id 5
    label "5"
    Country "United States"
    Longitude -84.38798
    Internal 1
    Latitude 33.749
    type "inner"
    schedulingPolicy "WFQ"
    tosToQoSqueue "29,37,38,50,52,54,62,66;32,64;34,53,57,65;33,61,63;31,35,56,60;36,58;47;43;49;45,48;44;46;30,0,1,2,3,4,5,6,7,8,9,10,11,12,13,14,15,16,17,18,19,20,21,22,23,24,25,26,27,28,39,40,41,42,51,55,59,67,68,69,70,71,72"
    schedulingWeights "23.098,6.521,6.299,6.599,12.866,7.071,0.364,0.432,0.429,0.859,0.412,0.398,34.653;38.497,6.521,18.896,13.198,12.866,7.071,0.001,0.001,0.001,0.001,0.001,0.001,2.945"
    levelsQoS 13
    queueSizes "32,32,32,32,32,32,32,32,32,32,32,32,32"
  ]
  node [
    id 6
    label "6"
    Country "United States"
    Longitude -77.03637
    Internal 1
    Latitude 38.89511
    type "inner"
    schedulingPolicy "WFQ"
    tosToQoSqueue "29,37,38,50,52,54,62,66;32,64;34,53,57,65;33,61,63;31,35,56,60;36,58;41;39,51;40,42;59;55;30,0,1,2,3,4,5,6,7,8,9,10,11,12,13,14,15,16,17,18,19,20,21,22,23,24,25,26,27,28,43,44,45,46,47,48,49,67,68,69,70,71,72"
    schedulingWeights "23.098,6.521,6.299,6.599,12.866,7.071,0.001,0.001,0.001,0.001,0.001,37.541;38.497,6.521,18.896,13.198,12.866,7.071,0.364,0.858,0.795,0.4,0.458,0.076;0.001,0.001,0.001,0.001,0.001,0.001,0.001,0.001,0.001,0.001,0.001,99.989"
    levelsQoS 12
    queueSizes "32,32,32,32,32,32,32,32,32,32,32,32"
  ]
  node [
    id 7
    label "7"
    Country "United States"
    Longitude -77.3411
    Internal 1
    Latitude 38.96872
    type "inner"
    schedulingPolicy "WFQ"
    tosToQoSqueue "29,37,38,50,52,54;32;34,53,57,67,68;33,61;31,35,56,60;36,58,69;51;59;55;25;23,0,1,2,3,4,5,6,7,8,9,10,11,12,13,14,15,16,17,18,19,20,21,22,24,26,27,28,30,39,40,41,42,43,44,45,46,47,48,49,62,63,64,65,66,70,71,72"
    schedulingWeights "0.001,0.001,0.001,0.001,0.001,0.001,0.001,0.001,0.001,39.575,60.416;0.001,0.001,0.001,0.001,0.001,0.001,0.429,0.4,0.458,0.001,98.706;23.098,6.521,18.896,6.599,12.866,14.143,0.001,0.001,0.001,0.001,17.873;23.098,0.001,12.597,6.599,12.866,7.071,0.001,0.001,0.001,0.001,37.764"
    levelsQoS 11
    queueSizes "32,32,32,32,32,32,32,32,32,32,32"
  ]
  node [
    id 8
    label "8"
    Country "United States"
    Longitude -96.80667
    Internal 1
    Latitude 32.78306
    type "antenna"
    schedulingPolicy "WFQ"
    tosToQoSqueue "29,37,38,50,52,54,62,66;32,64;34,53,57,65,67,68,70;33,61,63;31,35,56,60,71,72;36,58,69;23,0,1,2,3,4,5,6,7,8,9,10,11,12,13,14,15,16,17,18,19,20,21,22,24,25,26,27,28,30,39,40,41,42,43,44,45,46,47,48,49,51,55,59"
    schedulingWeights "23.098,0.001,12.597,6.599,12.866,7.071,37.768;23.098,6.521,0.001,6.599,0.001,0.001,63.779;15.399,6.521,31.493,6.599,25.732,14.143,0.114;0.001,0.001,0.001,0.001,0.001,0.001,99.994;0.001,0.001,0.001,0.001,0.001,0.001,99.994;0.001,0.001,0.001,0.001,0.001,0.001,99.994;0.001,0.001,0.001,0.001,0.001,0.001,99.994;0.001,0.001,0.001,0.001,0.001,0.001,99.994"
    levelsQoS 7
    queueSizes "32,32,32,32,32,32,32"
  ]
  node [
    id 9
    label "9"
    Country "United States"
    Longitude -90.19789
    Internal 1
    Latitude 38.62727
    type "inner"
    schedulingPolicy "WFQ"
    tosToQoSqueue "29,37,38,50,52,54,62;32,64;34,53,57;33,61,63;31,35,56,60;36,58;51;59;55;25,0,1,2,3,4,5,6,7,8,9,10,11,12,13,14,15,16,17,18,19,20,21,22,23,24,26,27,28,30,39,40,41,42,43,44,45,46,47,48,49,65,66,67,68,69,70,71,72"
    schedulingWeights "46.196,6.521,12.597,13.198,12.866,7.071,0.001,0.001,0.001,1.548;7.699,6.521,6.299,6.599,12.866,7.071,0.429,0.4,0.458,51.657;0.001,0.001,0.001,0.001,0.001,0.001,0.001,0.001,0.001,99.991"
    levelsQoS 10
    queueSizes "32,32,32,32,32,32,32,32,32,32"
  ]
  node [
    id 10
    label "10"
    Country "United States"
    Longitude -122.33207
    Internal 1
    Latitude 47.60621
    type "inner"
    schedulingPolicy "WFQ"
    tosToQoSqueue "27;28;26;41;39;40,42;22,25,0,1,2,3,4,5,6,7,8,9,10,11,12,13,14,15,16,17,18,19,20,21,23,24,29,30,31,32,33,34,35,36,37,38,43,44,45,46,47,48,49,50,51,52,53,54,55,56,57,58,59,60,61,62,63,64,65,66,67,68,69,70,71,72"
    schedulingWeights "6.521,6.299,6.433,0.364,0.429,0.795,79.159;0.001,0.001,0.001,0.001,0.001,0.001,99.994"
    levelsQoS 7
    queueSizes "32,32,32,32,32,32,32"
  ]
  node [
    id 11
    label "11"
    Country "United States"
    Longitude -104.9847
    Internal 1
    Latitude 39.73915
    type "destination_urllc"
    schedulingPolicy "FIFO"
    levelsQoS "1"
    schedulingWeights "-"
    tosToQoSqueue "0,1,2,3,4,5,6,7,8,9,10,11,12,13,14,15,16,17,18,19,20,21,22,23,24,25,26,27,28,29,30,31,32,33,34,35,36,37,38,39,40,41,42,43,44,45,46,47,48,49,50,51,52,53,54,55,56,57,58,59,60,61,62,63,64,65,66,67,68,69,70,71,72"
    queueSizes "32"
  ]
  node [
    id 12
    label "12"
    Country "United States"
    Longitude -122.41942
    Internal 1
    Latitude 37.77493
    type "inner"
    schedulingPolicy "WFQ"
    tosToQoSqueue "29,66;27,32;28,34,65,67,68,70;33;26,31,35,71,72;36,69;41;39;40,42;22,25,0,1,2,3,4,5,6,7,8,9,10,11,12,13,14,15,16,17,18,19,20,21,23,24,30,37,38,43,44,45,46,47,48,49,50,51,52,53,54,55,56,57,58,59,60,61,62,63,64"
    schedulingWeights "0.001,6.521,6.299,0.001,6.433,0.001,0.364,0.429,0.795,79.156;15.399,6.521,31.493,6.599,25.732,14.143,0.001,0.001,0.001,0.11;0.001,0.001,0.001,0.001,0.001,0.001,0.001,0.001,0.001,99.991;0.001,0.001,0.001,0.001,0.001,0.001,0.001,0.001,0.001,99.991"
    levelsQoS 10
    queueSizes "32,32,32,32,32,32,32,32,32,32"
  ]
  node [
    id 13
    label "13"
    Country "United States"
    Longitude -121.89496
    Internal 1
    Latitude 37.33939
    type "inner"
    schedulingPolicy "WFQ"
    tosToQoSqueue "29,66;32;34,65,67,68,70;33;31,35,71,72;36,69,0,1,2,3,4,5,6,7,8,9,10,11,12,13,14,15,16,17,18,19,20,21,22,23,24,25,26,27,28,30,37,38,39,40,41,42,43,44,45,46,47,48,49,50,51,52,53,54,55,56,57,58,59,60,61,62,63,64"
    schedulingWeights "0.001,0.001,0.001,0.001,0.001,99.995;15.399,6.521,31.493,6.599,25.732,14.256"
    levelsQoS 6
    queueSizes "32,32,32,32,32,32"
  ]
  node [
    id 14
    label "14"
    Country "United States"
    Longitude -118.24368
    Internal 1
    Latitude 34.05223
    type "antenna"
    schedulingPolicy "WFQ"
    tosToQoSqueue "29,37,38;27,32;28,34;33;26,31,35;36;41,47;43;39,49;45,48;44;40,42,46;22,25;30,0,1,2,3,4,5,6,7,8,9,10,11,12,13,14,15,16,17,18,19,20,21,23,24,50,51,52,53,54,55,56,57,58,59,60,61,62,63,64,65,66,67,68,69,70,71,72"
    schedulingWeights "0.001,6.521,6.299,0.001,6.433,0.001,0.364,0.001,0.429,0.001,0.001,0.795,79.15,0.003;23.098,6.521,6.299,6.599,12.866,7.071,0.364,0.432,0.429,0.859,0.412,0.398,0.001,34.652;0.001,0.001,0.001,0.001,0.001,0.001,0.001,0.001,0.001,0.001,0.001,0.001,0.001,99.987;0.001,0.001,0.001,0.001,0.001,0.001,0.001,0.001,0.001,0.001,0.001,0.001,0.001,99.987;0.001,0.001,0.001,0.001,0.001,0.001,0.001,0.001,0.001,0.001,0.001,0.001,0.001,99.987;0.001,0.001,0.001,0.001,0.001,0.001,0.001,0.001,0.001,0.001,0.001,0.001,0.001,99.987;0.001,0.001,0.001,0.001,0.001,0.001,0.001,0.001,0.001,0.001,0.001,0.001,0.001,99.987;0.001,0.001,0.001,0.001,0.001,0.001,0.001,0.001,0.001,0.001,0.001,0.001,0.001,99.987;0.001,0.001,0.001,0.001,0.001,0.001,0.001,0.001,0.001,0.001,0.001,0.001,0.001,99.987;0.001,0.001,0.001,0.001,0.001,0.001,0.001,0.001,0.001,0.001,0.001,0.001,0.001,99.987;0.001,0.001,0.001,0.001,0.001,0.001,0.001,0.001,0.001,0.001,0.001,0.001,0.001,99.987;0.001,0.001,0.001,0.001,0.001,0.001,0.001,0.001,0.001,0.001,0.001,0.001,0.001,99.987;0.001,0.001,0.001,0.001,0.001,0.001,0.001,0.001,0.001,0.001,0.001,0.001,0.001,99.987;0.001,0.001,0.001,0.001,0.001,0.001,0.001,0.001,0.001,0.001,0.001,0.001,0.001,99.987;0.001,0.001,0.001,0.001,0.001,0.001,0.001,0.001,0.001,0.001,0.001,0.001,0.001,99.987;0.001,0.001,0.001,0.001,0.001,0.001,0.001,0.001,0.001,0.001,0.001,0.001,0.001,99.987;0.001,0.001,0.001,0.001,0.001,0.001,0.001,0.001,0.001,0.001,0.001,0.001,0.001,99.987;0.001,0.001,0.001,0.001,0.001,0.001,0.001,0.001,0.001,0.001,0.001,0.001,0.001,99.987;0.001,0.001,0.001,0.001,0.001,0.001,0.001,0.001,0.001,0.001,0.001,0.001,0.001,99.987;0.001,0.001,0.001,0.001,0.001,0.001,0.001,0.001,0.001,0.001,0.001,0.001,0.001,99.987;0.001,0.001,0.001,0.001,0.001,0.001,0.001,0.001,0.001,0.001,0.001,0.001,0.001,99.987;0.001,0.001,0.001,0.001,0.001,0.001,0.001,0.001,0.001,0.001,0.001,0.001,0.001,99.987;0.001,0.001,0.001,0.001,0.001,0.001,0.001,0.001,0.001,0.001,0.001,0.001,0.001,99.987;0.001,0.001,0.001,0.001,0.001,0.001,0.001,0.001,0.001,0.001,0.001,0.001,0.001,99.987;0.001,0.001,0.001,0.001,0.001,0.001,0.001,0.001,0.001,0.001,0.001,0.001,0.001,99.987;0.001,0.001,0.001,0.001,0.001,0.001,0.001,0.001,0.001,0.001,0.001,0.001,0.001,99.987;0.001,0.001,0.001,0.001,0.001,0.001,0.001,0.001,0.001,0.001,0.001,0.001,0.001,99.987"
    levelsQoS 14
    queueSizes "32,32,32,32,32,32,32,32,32,32,32,32,32,32"
  ]
  node [
    id 15
    label "15"
    Country "United States"
    Longitude -106.65114
    Internal 1
    Latitude 35.08449
    type "antenna"
    schedulingPolicy "WFQ"
    tosToQoSqueue "29,37,38;32;34;33;31,35;36;47;43;49;45,48;44;46;25;30,0,1,2,3,4,5,6,7,8,9,10,11,12,13,14,15,16,17,18,19,20,21,22,23,24,26,27,28,39,40,41,42,50,51,52,53,54,55,56,57,58,59,60,61,62,63,64,65,66,67,68,69,70,71,72"
    schedulingWeights "0.001,0.001,0.001,0.001,0.001,0.001,0.001,0.001,0.001,0.001,0.001,0.001,39.575,60.413;0.001,0.001,0.001,0.001,0.001,0.001,0.001,0.001,0.001,0.001,0.001,0.001,0.001,99.987;23.098,6.521,6.299,6.599,12.866,7.071,0.364,0.432,0.429,0.859,0.412,0.398,0.001,34.652;0.001,0.001,0.001,0.001,0.001,0.001,0.001,0.001,0.001,0.001,0.001,0.001,0.001,99.987"
    levelsQoS 14
    queueSizes "32,32,32,32,32,32,32,32,32,32,32,32,32,32"
  ]
  node [
    id 16
    label "16"
    Country "United States"
    Longitude -157.85833
    Internal 1
    Latitude 21.30694
    type "inner"
    schedulingPolicy "WFQ"
    tosToQoSqueue "0,1,2,3,4,5,6,7,8,9,10,11,12,13,14,15,16,17,18,19,20,21,22,23,24,25,26,27,28,29,30,31,32,33,34,35,36,37,38,39,40,41,42,43,44,45,46,47,48,49,50,51,52,53,54,55,56,57,58,59,60,61,62,63,64,65,66,67,68,69,70,71,72"
    schedulingWeights "100"
    levelsQoS 1
    queueSizes "32"
  ]
  node [
    id 17
    label "17"
    Country "United States"
    Longitude -95.36327
    Internal 1
    Latitude 29.76328
    type "inner"
    schedulingPolicy "WFQ"
    tosToQoSqueue "29,37,38,50,52,54,62,66;32,64;34,53,57,65;33,61,63;31,35,56,60;36,58;47;43;49;45,48;44;46;30,0,1,2,3,4,5,6,7,8,9,10,11,12,13,14,15,16,17,18,19,20,21,22,23,24,25,26,27,28,39,40,41,42,51,55,59,67,68,69,70,71,72"
    schedulingWeights "23.098,6.521,6.299,6.599,12.866,7.071,0.364,0.432,0.429,0.859,0.412,0.398,34.653;38.497,6.521,18.896,13.198,12.866,7.071,0.001,0.001,0.001,0.001,0.001,0.001,2.945;0.001,0.001,0.001,0.001,0.001,0.001,0.001,0.001,0.001,0.001,0.001,0.001,99.988"
    levelsQoS 13
    queueSizes "32,32,32,32,32,32,32,32,32,32,32,32,32"
  ]
  node [
    id 18
    label "18"
    schedulingPolicy "FIFO"
    levelsQoS "1"
    schedulingWeights "-"
    tosToQoSqueue "0,1,2,3,4,5,6,7,8,9,10,11,12,13,14,15,16,17,18,19,20,21,22,23,24,25,26,27,28,29,30,31,32,33,34,35,36,37,38,39,40,41,42,43,44,45,46,47,48,49,50,51,52,53,54,55,56,57,58,59,60,61,62,63,64,65,66,67,68,69,70,71,72"
    queueSizes "32"
    type "destination_urllc"
  ]
  node [
    id 19
    label "19"
    schedulingPolicy "FIFO"
    levelsQoS "1"
    schedulingWeights "-"
    tosToQoSqueue "0,1,2,3,4,5,6,7,8,9,10,11,12,13,14,15,16,17,18,19,20,21,22,23,24,25,26,27,28,29,30,31,32,33,34,35,36,37,38,39,40,41,42,43,44,45,46,47,48,49,50,51,52,53,54,55,56,57,58,59,60,61,62,63,64,65,66,67,68,69,70,71,72"
    queueSizes "32"
    type "destination_mmtc"
  ]
  node [
    id 20
    label "20"
    schedulingPolicy "FIFO"
    levelsQoS "1"
    schedulingWeights "-"
    tosToQoSqueue "0,1,2,3,4,5,6,7,8,9,10,11,12,13,14,15,16,17,18,19,20,21,22,23,24,25,26,27,28,29,30,31,32,33,34,35,36,37,38,39,40,41,42,43,44,45,46,47,48,49,50,51,52,53,54,55,56,57,58,59,60,61,62,63,64,65,66,67,68,69,70,71,72"
    queueSizes "32"
    type "destination_embb"
  ]
  node [
    id 21
    label "21"
    schedulingPolicy "FIFO"
    levelsQoS "1"
    schedulingWeights "-"
    tosToQoSqueue "0,1,2,3,4,5,6,7,8,9,10,11,12,13,14,15,16,17,18,19,20,21,22,23,24,25,26,27,28,29,30,31,32,33,34,35,36,37,38,39,40,41,42,43,44,45,46,47,48,49,50,51,52,53,54,55,56,57,58,59,60,61,62,63,64,65,66,67,68,69,70,71,72"
    queueSizes "32"
    type "origin_embb"
    reservation 19809000.0
  ]
  node [
    id 22
    label "22"
    schedulingPolicy "FIFO"
    levelsQoS "1"
    schedulingWeights "-"
    tosToQoSqueue "0,1,2,3,4,5,6,7,8,9,10,11,12,13,14,15,16,17,18,19,20,21,22,23,24,25,26,27,28,29,30,31,32,33,34,35,36,37,38,39,40,41,42,43,44,45,46,47,48,49,50,51,52,53,54,55,56,57,58,59,60,61,62,63,64,65,66,67,68,69,70,71,72"
    queueSizes "32"
    type "origin_embb"
    reservation 19787400.0
  ]
  node [
    id 23
    label "23"
    schedulingPolicy "FIFO"
    levelsQoS "1"
    schedulingWeights "-"
    tosToQoSqueue "0,1,2,3,4,5,6,7,8,9,10,11,12,13,14,15,16,17,18,19,20,21,22,23,24,25,26,27,28,29,30,31,32,33,34,35,36,37,38,39,40,41,42,43,44,45,46,47,48,49,50,51,52,53,54,55,56,57,58,59,60,61,62,63,64,65,66,67,68,69,70,71,72"
    queueSizes "32"
    type "origin_embb"
    reservation 16099200.0
  ]
  node [
    id 24
    label "24"
    schedulingPolicy "FIFO"
    levelsQoS "1"
    schedulingWeights "-"
    tosToQoSqueue "0,1,2,3,4,5,6,7,8,9,10,11,12,13,14,15,16,17,18,19,20,21,22,23,24,25,26,27,28,29,30,31,32,33,34,35,36,37,38,39,40,41,42,43,44,45,46,47,48,49,50,51,52,53,54,55,56,57,58,59,60,61,62,63,64,65,66,67,68,69,70,71,72"
    queueSizes "32"
    type "origin_embb"
    reservation 20095200.0
  ]
  node [
    id 25
    label "25"
    schedulingPolicy "FIFO"
    levelsQoS "1"
    schedulingWeights "-"
    tosToQoSqueue "0,1,2,3,4,5,6,7,8,9,10,11,12,13,14,15,16,17,18,19,20,21,22,23,24,25,26,27,28,29,30,31,32,33,34,35,36,37,38,39,40,41,42,43,44,45,46,47,48,49,50,51,52,53,54,55,56,57,58,59,60,61,62,63,64,65,66,67,68,69,70,71,72"
    queueSizes "32"
    type "origin_embb"
    reservation 19787400.0
  ]
  node [
    id 26
    label "26"
    schedulingPolicy "FIFO"
    levelsQoS "1"
    schedulingWeights "-"
    tosToQoSqueue "0,1,2,3,4,5,6,7,8,9,10,11,12,13,14,15,16,17,18,19,20,21,22,23,24,25,26,27,28,29,30,31,32,33,34,35,36,37,38,39,40,41,42,43,44,45,46,47,48,49,50,51,52,53,54,55,56,57,58,59,60,61,62,63,64,65,66,67,68,69,70,71,72"
    queueSizes "32"
    type "origin_urllc"
    reservation 3216500.0
  ]
  node [
    id 27
    label "27"
    schedulingPolicy "FIFO"
    levelsQoS "1"
    schedulingWeights "-"
    tosToQoSqueue "0,1,2,3,4,5,6,7,8,9,10,11,12,13,14,15,16,17,18,19,20,21,22,23,24,25,26,27,28,29,30,31,32,33,34,35,36,37,38,39,40,41,42,43,44,45,46,47,48,49,50,51,52,53,54,55,56,57,58,59,60,61,62,63,64,65,66,67,68,69,70,71,72"
    queueSizes "32"
    type "origin_urllc"
    reservation 3260600.0
  ]
  node [
    id 28
    label "28"
    schedulingPolicy "FIFO"
    levelsQoS "1"
    schedulingWeights "-"
    tosToQoSqueue "0,1,2,3,4,5,6,7,8,9,10,11,12,13,14,15,16,17,18,19,20,21,22,23,24,25,26,27,28,29,30,31,32,33,34,35,36,37,38,39,40,41,42,43,44,45,46,47,48,49,50,51,52,53,54,55,56,57,58,59,60,61,62,63,64,65,66,67,68,69,70,71,72"
    queueSizes "32"
    type "origin_urllc"
    reservation 3149300.0
  ]
  node [
    id 29
    label "29"
    schedulingPolicy "FIFO"
    levelsQoS "1"
    schedulingWeights "-"
    tosToQoSqueue "0,1,2,3,4,5,6,7,8,9,10,11,12,13,14,15,16,17,18,19,20,21,22,23,24,25,26,27,28,29,30,31,32,33,34,35,36,37,38,39,40,41,42,43,44,45,46,47,48,49,50,51,52,53,54,55,56,57,58,59,60,61,62,63,64,65,66,67,68,69,70,71,72"
    queueSizes "32"
    type "origin_urllc"
    reservation 3849650.0
  ]
  node [
    id 30
    label "30"
    schedulingPolicy "FIFO"
    levelsQoS "1"
    schedulingWeights "-"
    tosToQoSqueue "0,1,2,3,4,5,6,7,8,9,10,11,12,13,14,15,16,17,18,19,20,21,22,23,24,25,26,27,28,29,30,31,32,33,34,35,36,37,38,39,40,41,42,43,44,45,46,47,48,49,50,51,52,53,54,55,56,57,58,59,60,61,62,63,64,65,66,67,68,69,70,71,72"
    queueSizes "32"
    type "origin_embb"
    reservation 17314200.0
  ]
  node [
    id 31
    label "31"
    schedulingPolicy "FIFO"
    levelsQoS "1"
    schedulingWeights "-"
    tosToQoSqueue "0,1,2,3,4,5,6,7,8,9,10,11,12,13,14,15,16,17,18,19,20,21,22,23,24,25,26,27,28,29,30,31,32,33,34,35,36,37,38,39,40,41,42,43,44,45,46,47,48,49,50,51,52,53,54,55,56,57,58,59,60,61,62,63,64,65,66,67,68,69,70,71,72"
    queueSizes "32"
    type "origin_urllc"
    reservation 3216500.0
  ]
  node [
    id 32
    label "32"
    schedulingPolicy "FIFO"
    levelsQoS "1"
    schedulingWeights "-"
    tosToQoSqueue "0,1,2,3,4,5,6,7,8,9,10,11,12,13,14,15,16,17,18,19,20,21,22,23,24,25,26,27,28,29,30,31,32,33,34,35,36,37,38,39,40,41,42,43,44,45,46,47,48,49,50,51,52,53,54,55,56,57,58,59,60,61,62,63,64,65,66,67,68,69,70,71,72"
    queueSizes "32"
    type "origin_urllc"
    reservation 3260600.0
  ]
  node [
    id 33
    label "33"
    schedulingPolicy "FIFO"
    levelsQoS "1"
    schedulingWeights "-"
    tosToQoSqueue "0,1,2,3,4,5,6,7,8,9,10,11,12,13,14,15,16,17,18,19,20,21,22,23,24,25,26,27,28,29,30,31,32,33,34,35,36,37,38,39,40,41,42,43,44,45,46,47,48,49,50,51,52,53,54,55,56,57,58,59,60,61,62,63,64,65,66,67,68,69,70,71,72"
    queueSizes "32"
    type "origin_urllc"
    reservation 3299450.0
  ]
  node [
    id 34
    label "34"
    schedulingPolicy "FIFO"
    levelsQoS "1"
    schedulingWeights "-"
    tosToQoSqueue "0,1,2,3,4,5,6,7,8,9,10,11,12,13,14,15,16,17,18,19,20,21,22,23,24,25,26,27,28,29,30,31,32,33,34,35,36,37,38,39,40,41,42,43,44,45,46,47,48,49,50,51,52,53,54,55,56,57,58,59,60,61,62,63,64,65,66,67,68,69,70,71,72"
    queueSizes "32"
    type "origin_urllc"
    reservation 3149300.0
  ]
  node [
    id 35
    label "35"
    schedulingPolicy "FIFO"
    levelsQoS "1"
    schedulingWeights "-"
    tosToQoSqueue "0,1,2,3,4,5,6,7,8,9,10,11,12,13,14,15,16,17,18,19,20,21,22,23,24,25,26,27,28,29,30,31,32,33,34,35,36,37,38,39,40,41,42,43,44,45,46,47,48,49,50,51,52,53,54,55,56,57,58,59,60,61,62,63,64,65,66,67,68,69,70,71,72"
    queueSizes "32"
    type "origin_urllc"
    reservation 3216500.0
  ]
  node [
    id 36
    label "36"
    schedulingPolicy "FIFO"
    levelsQoS "1"
    schedulingWeights "-"
    tosToQoSqueue "0,1,2,3,4,5,6,7,8,9,10,11,12,13,14,15,16,17,18,19,20,21,22,23,24,25,26,27,28,29,30,31,32,33,34,35,36,37,38,39,40,41,42,43,44,45,46,47,48,49,50,51,52,53,54,55,56,57,58,59,60,61,62,63,64,65,66,67,68,69,70,71,72"
    queueSizes "32"
    type "origin_urllc"
    reservation 3535700.0
  ]
  node [
    id 37
    label "37"
    schedulingPolicy "FIFO"
    levelsQoS "1"
    schedulingWeights "-"
    tosToQoSqueue "0,1,2,3,4,5,6,7,8,9,10,11,12,13,14,15,16,17,18,19,20,21,22,23,24,25,26,27,28,29,30,31,32,33,34,35,36,37,38,39,40,41,42,43,44,45,46,47,48,49,50,51,52,53,54,55,56,57,58,59,60,61,62,63,64,65,66,67,68,69,70,71,72"
    queueSizes "32"
    type "origin_urllc"
    reservation 3849650.0
  ]
  node [
    id 38
    label "38"
    schedulingPolicy "FIFO"
    levelsQoS "1"
    schedulingWeights "-"
    tosToQoSqueue "0,1,2,3,4,5,6,7,8,9,10,11,12,13,14,15,16,17,18,19,20,21,22,23,24,25,26,27,28,29,30,31,32,33,34,35,36,37,38,39,40,41,42,43,44,45,46,47,48,49,50,51,52,53,54,55,56,57,58,59,60,61,62,63,64,65,66,67,68,69,70,71,72"
    queueSizes "32"
    type "origin_urllc"
    reservation 3849650.0
  ]
  node [
    id 39
    label "39"
    schedulingPolicy "FIFO"
    levelsQoS "1"
    schedulingWeights "-"
    tosToQoSqueue "0,1,2,3,4,5,6,7,8,9,10,11,12,13,14,15,16,17,18,19,20,21,22,23,24,25,26,27,28,29,30,31,32,33,34,35,36,37,38,39,40,41,42,43,44,45,46,47,48,49,50,51,52,53,54,55,56,57,58,59,60,61,62,63,64,65,66,67,68,69,70,71,72"
    queueSizes "32"
    type "origin_mmtc"
    reservation 214580.0
  ]
  node [
    id 40
    label "40"
    schedulingPolicy "FIFO"
    levelsQoS "1"
    schedulingWeights "-"
    tosToQoSqueue "0,1,2,3,4,5,6,7,8,9,10,11,12,13,14,15,16,17,18,19,20,21,22,23,24,25,26,27,28,29,30,31,32,33,34,35,36,37,38,39,40,41,42,43,44,45,46,47,48,49,50,51,52,53,54,55,56,57,58,59,60,61,62,63,64,65,66,67,68,69,70,71,72"
    queueSizes "32"
    type "origin_mmtc"
    reservation 198800.0
  ]
  node [
    id 41
    label "41"
    schedulingPolicy "FIFO"
    levelsQoS "1"
    schedulingWeights "-"
    tosToQoSqueue "0,1,2,3,4,5,6,7,8,9,10,11,12,13,14,15,16,17,18,19,20,21,22,23,24,25,26,27,28,29,30,31,32,33,34,35,36,37,38,39,40,41,42,43,44,45,46,47,48,49,50,51,52,53,54,55,56,57,58,59,60,61,62,63,64,65,66,67,68,69,70,71,72"
    queueSizes "32"
    type "origin_mmtc"
    reservation 182060.0
  ]
  node [
    id 42
    label "42"
    schedulingPolicy "FIFO"
    levelsQoS "1"
    schedulingWeights "-"
    tosToQoSqueue "0,1,2,3,4,5,6,7,8,9,10,11,12,13,14,15,16,17,18,19,20,21,22,23,24,25,26,27,28,29,30,31,32,33,34,35,36,37,38,39,40,41,42,43,44,45,46,47,48,49,50,51,52,53,54,55,56,57,58,59,60,61,62,63,64,65,66,67,68,69,70,71,72"
    queueSizes "32"
    type "origin_mmtc"
    reservation 198800.0
  ]
  node [
    id 43
    label "43"
    schedulingPolicy "FIFO"
    levelsQoS "1"
    schedulingWeights "-"
    tosToQoSqueue "0,1,2,3,4,5,6,7,8,9,10,11,12,13,14,15,16,17,18,19,20,21,22,23,24,25,26,27,28,29,30,31,32,33,34,35,36,37,38,39,40,41,42,43,44,45,46,47,48,49,50,51,52,53,54,55,56,57,58,59,60,61,62,63,64,65,66,67,68,69,70,71,72"
    queueSizes "32"
    type "origin_mmtc"
    reservation 215900.0
  ]
  node [
    id 44
    label "44"
    schedulingPolicy "FIFO"
    levelsQoS "1"
    schedulingWeights "-"
    tosToQoSqueue "0,1,2,3,4,5,6,7,8,9,10,11,12,13,14,15,16,17,18,19,20,21,22,23,24,25,26,27,28,29,30,31,32,33,34,35,36,37,38,39,40,41,42,43,44,45,46,47,48,49,50,51,52,53,54,55,56,57,58,59,60,61,62,63,64,65,66,67,68,69,70,71,72"
    queueSizes "32"
    type "origin_mmtc"
    reservation 206060.0
  ]
  node [
    id 45
    label "45"
    schedulingPolicy "FIFO"
    levelsQoS "1"
    schedulingWeights "-"
    tosToQoSqueue "0,1,2,3,4,5,6,7,8,9,10,11,12,13,14,15,16,17,18,19,20,21,22,23,24,25,26,27,28,29,30,31,32,33,34,35,36,37,38,39,40,41,42,43,44,45,46,47,48,49,50,51,52,53,54,55,56,57,58,59,60,61,62,63,64,65,66,67,68,69,70,71,72"
    queueSizes "32"
    type "origin_mmtc"
    reservation 214640.0
  ]
  node [
    id 46
    label "46"
    schedulingPolicy "FIFO"
    levelsQoS "1"
    schedulingWeights "-"
    tosToQoSqueue "0,1,2,3,4,5,6,7,8,9,10,11,12,13,14,15,16,17,18,19,20,21,22,23,24,25,26,27,28,29,30,31,32,33,34,35,36,37,38,39,40,41,42,43,44,45,46,47,48,49,50,51,52,53,54,55,56,57,58,59,60,61,62,63,64,65,66,67,68,69,70,71,72"
    queueSizes "32"
    type "origin_mmtc"
    reservation 198800.0
  ]
  node [
    id 47
    label "47"
    schedulingPolicy "FIFO"
    levelsQoS "1"
    schedulingWeights "-"
    tosToQoSqueue "0,1,2,3,4,5,6,7,8,9,10,11,12,13,14,15,16,17,18,19,20,21,22,23,24,25,26,27,28,29,30,31,32,33,34,35,36,37,38,39,40,41,42,43,44,45,46,47,48,49,50,51,52,53,54,55,56,57,58,59,60,61,62,63,64,65,66,67,68,69,70,71,72"
    queueSizes "32"
    type "origin_mmtc"
    reservation 182060.0
  ]
  node [
    id 48
    label "48"
    schedulingPolicy "FIFO"
    levelsQoS "1"
    schedulingWeights "-"
    tosToQoSqueue "0,1,2,3,4,5,6,7,8,9,10,11,12,13,14,15,16,17,18,19,20,21,22,23,24,25,26,27,28,29,30,31,32,33,34,35,36,37,38,39,40,41,42,43,44,45,46,47,48,49,50,51,52,53,54,55,56,57,58,59,60,61,62,63,64,65,66,67,68,69,70,71,72"
    queueSizes "32"
    type "origin_mmtc"
    reservation 214640.0
  ]
  node [
    id 49
    label "49"
    schedulingPolicy "FIFO"
    levelsQoS "1"
    schedulingWeights "-"
    tosToQoSqueue "0,1,2,3,4,5,6,7,8,9,10,11,12,13,14,15,16,17,18,19,20,21,22,23,24,25,26,27,28,29,30,31,32,33,34,35,36,37,38,39,40,41,42,43,44,45,46,47,48,49,50,51,52,53,54,55,56,57,58,59,60,61,62,63,64,65,66,67,68,69,70,71,72"
    queueSizes "32"
    type "origin_mmtc"
    reservation 214580.0
  ]
  node [
    id 50
    label "50"
    schedulingPolicy "FIFO"
    levelsQoS "1"
    schedulingWeights "-"
    tosToQoSqueue "0,1,2,3,4,5,6,7,8,9,10,11,12,13,14,15,16,17,18,19,20,21,22,23,24,25,26,27,28,29,30,31,32,33,34,35,36,37,38,39,40,41,42,43,44,45,46,47,48,49,50,51,52,53,54,55,56,57,58,59,60,61,62,63,64,65,66,67,68,69,70,71,72"
    queueSizes "32"
    type "origin_urllc"
    reservation 3849650.0
  ]
  node [
    id 51
    label "51"
    schedulingPolicy "FIFO"
    levelsQoS "1"
    schedulingWeights "-"
    tosToQoSqueue "0,1,2,3,4,5,6,7,8,9,10,11,12,13,14,15,16,17,18,19,20,21,22,23,24,25,26,27,28,29,30,31,32,33,34,35,36,37,38,39,40,41,42,43,44,45,46,47,48,49,50,51,52,53,54,55,56,57,58,59,60,61,62,63,64,65,66,67,68,69,70,71,72"
    queueSizes "32"
    type "origin_mmtc"
    reservation 214580.0
  ]
  node [
    id 52
    label "52"
    schedulingPolicy "FIFO"
    levelsQoS "1"
    schedulingWeights "-"
    tosToQoSqueue "0,1,2,3,4,5,6,7,8,9,10,11,12,13,14,15,16,17,18,19,20,21,22,23,24,25,26,27,28,29,30,31,32,33,34,35,36,37,38,39,40,41,42,43,44,45,46,47,48,49,50,51,52,53,54,55,56,57,58,59,60,61,62,63,64,65,66,67,68,69,70,71,72"
    queueSizes "32"
    type "origin_urllc"
    reservation 3849650.0
  ]
  node [
    id 53
    label "53"
    schedulingPolicy "FIFO"
    levelsQoS "1"
    schedulingWeights "-"
    tosToQoSqueue "0,1,2,3,4,5,6,7,8,9,10,11,12,13,14,15,16,17,18,19,20,21,22,23,24,25,26,27,28,29,30,31,32,33,34,35,36,37,38,39,40,41,42,43,44,45,46,47,48,49,50,51,52,53,54,55,56,57,58,59,60,61,62,63,64,65,66,67,68,69,70,71,72"
    queueSizes "32"
    type "origin_urllc"
    reservation 3149300.0
  ]
  node [
    id 54
    label "54"
    schedulingPolicy "FIFO"
    levelsQoS "1"
    schedulingWeights "-"
    tosToQoSqueue "0,1,2,3,4,5,6,7,8,9,10,11,12,13,14,15,16,17,18,19,20,21,22,23,24,25,26,27,28,29,30,31,32,33,34,35,36,37,38,39,40,41,42,43,44,45,46,47,48,49,50,51,52,53,54,55,56,57,58,59,60,61,62,63,64,65,66,67,68,69,70,71,72"
    queueSizes "32"
    type "origin_urllc"
    reservation 3849650.0
  ]
  node [
    id 55
    label "55"
    schedulingPolicy "FIFO"
    levelsQoS "1"
    schedulingWeights "-"
    tosToQoSqueue "0,1,2,3,4,5,6,7,8,9,10,11,12,13,14,15,16,17,18,19,20,21,22,23,24,25,26,27,28,29,30,31,32,33,34,35,36,37,38,39,40,41,42,43,44,45,46,47,48,49,50,51,52,53,54,55,56,57,58,59,60,61,62,63,64,65,66,67,68,69,70,71,72"
    queueSizes "32"
    type "origin_mmtc"
    reservation 229100.0
  ]
  node [
    id 56
    label "56"
    schedulingPolicy "FIFO"
    levelsQoS "1"
    schedulingWeights "-"
    tosToQoSqueue "0,1,2,3,4,5,6,7,8,9,10,11,12,13,14,15,16,17,18,19,20,21,22,23,24,25,26,27,28,29,30,31,32,33,34,35,36,37,38,39,40,41,42,43,44,45,46,47,48,49,50,51,52,53,54,55,56,57,58,59,60,61,62,63,64,65,66,67,68,69,70,71,72"
    queueSizes "32"
    type "origin_urllc"
    reservation 3216500.0
  ]
  node [
    id 57
    label "57"
    schedulingPolicy "FIFO"
    levelsQoS "1"
    schedulingWeights "-"
    tosToQoSqueue "0,1,2,3,4,5,6,7,8,9,10,11,12,13,14,15,16,17,18,19,20,21,22,23,24,25,26,27,28,29,30,31,32,33,34,35,36,37,38,39,40,41,42,43,44,45,46,47,48,49,50,51,52,53,54,55,56,57,58,59,60,61,62,63,64,65,66,67,68,69,70,71,72"
    queueSizes "32"
    type "origin_urllc"
    reservation 3149300.0
  ]
  node [
    id 58
    label "58"
    schedulingPolicy "FIFO"
    levelsQoS "1"
    schedulingWeights "-"
    tosToQoSqueue "0,1,2,3,4,5,6,7,8,9,10,11,12,13,14,15,16,17,18,19,20,21,22,23,24,25,26,27,28,29,30,31,32,33,34,35,36,37,38,39,40,41,42,43,44,45,46,47,48,49,50,51,52,53,54,55,56,57,58,59,60,61,62,63,64,65,66,67,68,69,70,71,72"
    queueSizes "32"
    type "origin_urllc"
    reservation 3535700.0
  ]
  node [
    id 59
    label "59"
    schedulingPolicy "FIFO"
    levelsQoS "1"
    schedulingWeights "-"
    tosToQoSqueue "0,1,2,3,4,5,6,7,8,9,10,11,12,13,14,15,16,17,18,19,20,21,22,23,24,25,26,27,28,29,30,31,32,33,34,35,36,37,38,39,40,41,42,43,44,45,46,47,48,49,50,51,52,53,54,55,56,57,58,59,60,61,62,63,64,65,66,67,68,69,70,71,72"
    queueSizes "32"
    type "origin_mmtc"
    reservation 199940.0
  ]
  node [
    id 60
    label "60"
    schedulingPolicy "FIFO"
    levelsQoS "1"
    schedulingWeights "-"
    tosToQoSqueue "0,1,2,3,4,5,6,7,8,9,10,11,12,13,14,15,16,17,18,19,20,21,22,23,24,25,26,27,28,29,30,31,32,33,34,35,36,37,38,39,40,41,42,43,44,45,46,47,48,49,50,51,52,53,54,55,56,57,58,59,60,61,62,63,64,65,66,67,68,69,70,71,72"
    queueSizes "32"
    type "origin_urllc"
    reservation 3216500.0
  ]
  node [
    id 61
    label "61"
    schedulingPolicy "FIFO"
    levelsQoS "1"
    schedulingWeights "-"
    tosToQoSqueue "0,1,2,3,4,5,6,7,8,9,10,11,12,13,14,15,16,17,18,19,20,21,22,23,24,25,26,27,28,29,30,31,32,33,34,35,36,37,38,39,40,41,42,43,44,45,46,47,48,49,50,51,52,53,54,55,56,57,58,59,60,61,62,63,64,65,66,67,68,69,70,71,72"
    queueSizes "32"
    type "origin_urllc"
    reservation 3299450.0
  ]
  node [
    id 62
    label "62"
    schedulingPolicy "FIFO"
    levelsQoS "1"
    schedulingWeights "-"
    tosToQoSqueue "0,1,2,3,4,5,6,7,8,9,10,11,12,13,14,15,16,17,18,19,20,21,22,23,24,25,26,27,28,29,30,31,32,33,34,35,36,37,38,39,40,41,42,43,44,45,46,47,48,49,50,51,52,53,54,55,56,57,58,59,60,61,62,63,64,65,66,67,68,69,70,71,72"
    queueSizes "32"
    type "origin_urllc"
    reservation 3849650.0
  ]
  node [
    id 63
    label "63"
    schedulingPolicy "FIFO"
    levelsQoS "1"
    schedulingWeights "-"
    tosToQoSqueue "0,1,2,3,4,5,6,7,8,9,10,11,12,13,14,15,16,17,18,19,20,21,22,23,24,25,26,27,28,29,30,31,32,33,34,35,36,37,38,39,40,41,42,43,44,45,46,47,48,49,50,51,52,53,54,55,56,57,58,59,60,61,62,63,64,65,66,67,68,69,70,71,72"
    queueSizes "32"
    type "origin_urllc"
    reservation 3299450.0
  ]
  node [
    id 64
    label "64"
    schedulingPolicy "FIFO"
    levelsQoS "1"
    schedulingWeights "-"
    tosToQoSqueue "0,1,2,3,4,5,6,7,8,9,10,11,12,13,14,15,16,17,18,19,20,21,22,23,24,25,26,27,28,29,30,31,32,33,34,35,36,37,38,39,40,41,42,43,44,45,46,47,48,49,50,51,52,53,54,55,56,57,58,59,60,61,62,63,64,65,66,67,68,69,70,71,72"
    queueSizes "32"
    type "origin_urllc"
    reservation 3260600.0
  ]
  node [
    id 65
    label "65"
    schedulingPolicy "FIFO"
    levelsQoS "1"
    schedulingWeights "-"
    tosToQoSqueue "0,1,2,3,4,5,6,7,8,9,10,11,12,13,14,15,16,17,18,19,20,21,22,23,24,25,26,27,28,29,30,31,32,33,34,35,36,37,38,39,40,41,42,43,44,45,46,47,48,49,50,51,52,53,54,55,56,57,58,59,60,61,62,63,64,65,66,67,68,69,70,71,72"
    queueSizes "32"
    type "origin_urllc"
    reservation 3149300.0
  ]
  node [
    id 66
    label "66"
    schedulingPolicy "FIFO"
    levelsQoS "1"
    schedulingWeights "-"
    tosToQoSqueue "0,1,2,3,4,5,6,7,8,9,10,11,12,13,14,15,16,17,18,19,20,21,22,23,24,25,26,27,28,29,30,31,32,33,34,35,36,37,38,39,40,41,42,43,44,45,46,47,48,49,50,51,52,53,54,55,56,57,58,59,60,61,62,63,64,65,66,67,68,69,70,71,72"
    queueSizes "32"
    type "origin_urllc"
    reservation 3849650.0
  ]
  node [
    id 67
    label "67"
    schedulingPolicy "FIFO"
    levelsQoS "1"
    schedulingWeights "-"
    tosToQoSqueue "0,1,2,3,4,5,6,7,8,9,10,11,12,13,14,15,16,17,18,19,20,21,22,23,24,25,26,27,28,29,30,31,32,33,34,35,36,37,38,39,40,41,42,43,44,45,46,47,48,49,50,51,52,53,54,55,56,57,58,59,60,61,62,63,64,65,66,67,68,69,70,71,72"
    queueSizes "32"
    type "origin_urllc"
    reservation 3149300.0
  ]
  node [
    id 68
    label "68"
    schedulingPolicy "FIFO"
    levelsQoS "1"
    schedulingWeights "-"
    tosToQoSqueue "0,1,2,3,4,5,6,7,8,9,10,11,12,13,14,15,16,17,18,19,20,21,22,23,24,25,26,27,28,29,30,31,32,33,34,35,36,37,38,39,40,41,42,43,44,45,46,47,48,49,50,51,52,53,54,55,56,57,58,59,60,61,62,63,64,65,66,67,68,69,70,71,72"
    queueSizes "32"
    type "origin_urllc"
    reservation 3149300.0
  ]
  node [
    id 69
    label "69"
    schedulingPolicy "FIFO"
    levelsQoS "1"
    schedulingWeights "-"
    tosToQoSqueue "0,1,2,3,4,5,6,7,8,9,10,11,12,13,14,15,16,17,18,19,20,21,22,23,24,25,26,27,28,29,30,31,32,33,34,35,36,37,38,39,40,41,42,43,44,45,46,47,48,49,50,51,52,53,54,55,56,57,58,59,60,61,62,63,64,65,66,67,68,69,70,71,72"
    queueSizes "32"
    type "origin_urllc"
    reservation 3535700.0
  ]
  node [
    id 70
    label "70"
    schedulingPolicy "FIFO"
    levelsQoS "1"
    schedulingWeights "-"
    tosToQoSqueue "0,1,2,3,4,5,6,7,8,9,10,11,12,13,14,15,16,17,18,19,20,21,22,23,24,25,26,27,28,29,30,31,32,33,34,35,36,37,38,39,40,41,42,43,44,45,46,47,48,49,50,51,52,53,54,55,56,57,58,59,60,61,62,63,64,65,66,67,68,69,70,71,72"
    queueSizes "32"
    type "origin_urllc"
    reservation 3149300.0
  ]
  node [
    id 71
    label "71"
    schedulingPolicy "FIFO"
    levelsQoS "1"
    schedulingWeights "-"
    tosToQoSqueue "0,1,2,3,4,5,6,7,8,9,10,11,12,13,14,15,16,17,18,19,20,21,22,23,24,25,26,27,28,29,30,31,32,33,34,35,36,37,38,39,40,41,42,43,44,45,46,47,48,49,50,51,52,53,54,55,56,57,58,59,60,61,62,63,64,65,66,67,68,69,70,71,72"
    queueSizes "32"
    type "origin_urllc"
    reservation 3216500.0
  ]
  node [
    id 72
    label "72"
    schedulingPolicy "FIFO"
    levelsQoS "1"
    schedulingWeights "-"
    tosToQoSqueue "0,1,2,3,4,5,6,7,8,9,10,11,12,13,14,15,16,17,18,19,20,21,22,23,24,25,26,27,28,29,30,31,32,33,34,35,36,37,38,39,40,41,42,43,44,45,46,47,48,49,50,51,52,53,54,55,56,57,58,59,60,61,62,63,64,65,66,67,68,69,70,71,72"
    queueSizes "32"
    type "origin_urllc"
    reservation 3216500.0
  ]
  edge [
    source 0
    target 1
    key 0
    LinkType "DS-3"
    LinkLabel "45 Mbps DS-3"
    LinkNote "45 Mbps "
    bandwidth 50000000
    traffic "200000,200000,200000,200000"
    reservation "214580.0,198800.0,182060.0,198800.0"
    port 0
  ]
  edge [
    source 0
    target 3
    key 0
    LinkType "DS-3"
    LinkLabel "45 Mbps DS-3"
    LinkNote "45 Mbps "
    bandwidth 50000000
    traffic "18000000,18000000,3500000,3500000,3500000,3500000"
    reservation "16099200.0,20095200.0,3849650.0,3216500.0,3260600.0,3299450.0"
    port 1
  ]
  edge [
    source 1
    target 0
    key 0
    LinkType "DS-3"
    LinkLabel "45 Mbps DS-3"
    LinkNote "45 Mbps "
    bandwidth 50000000
    traffic "18000000,18000000,3500000,3500000,3500000,3500000"
    reservation "16099200.0,20095200.0,3849650.0,3216500.0,3260600.0,3299450.0"
    port 0
  ]
  edge [
    source 1
    target 3
    key 0
    LinkType "DS-3"
    LinkLabel "45 Mbps DS-3"
    LinkNote "45 Mbps "
    bandwidth 50000000
    traffic "18000000,18000000,3500000,3500000,3500000,200000,200000,200000"
    reservation "19787400.0,17314200.0,3149300.0,3216500.0,3535700.0,214580.0,229100.0,199940.0"
    port 1
  ]
  edge [
    source 1
    target 6
    key 0
    LinkType "DS-3"
    LinkLabel "45 Mbps DS-3"
    LinkNote "45 Mbps "
    bandwidth 50000000
    traffic "200000,200000,200000,200000,3500000,3500000,3500000,3500000,3500000,3500000,3500000,3500000,3500000,3500000,3500000,3500000,3500000,3500000"
    reservation "214580.0,198800.0,182060.0,198800.0,3849650.0,3849650.0,3149300.0,3849650.0,3216500.0,3149300.0,3535700.0,3216500.0,3299450.0,3849650.0,3299450.0,3260600.0,3149300.0,3849650.0"
    port 2
  ]
  edge [
    source 1
    target 7
    key 0
    LinkType "DS-3"
    LinkLabel "45 Mbps DS-3"
    LinkNote "45 Mbps "
    bandwidth 50000000
    traffic "3500000,3500000,3500000,3500000,3500000"
    reservation "3849650.0,3849650.0,3149300.0,3149300.0,3535700.0"
    port 3
  ]
  edge [
    source 1
    target 24
    key 0
    port 4
    weight 1
    bandwidth 50000000
    traffic ""
    reservation ""
  ]
  edge [
    source 1
    target 50
    key 0
    port 5
    weight 1
    bandwidth 50000000
    traffic ""
    reservation ""
  ]
  edge [
    source 1
    target 51
    key 0
    port 6
    weight 1
    bandwidth 50000000
    traffic ""
    reservation ""
  ]
  edge [
    source 1
    target 52
    key 0
    port 7
    weight 1
    bandwidth 50000000
    traffic ""
    reservation ""
  ]
  edge [
    source 1
    target 53
    key 0
    port 8
    weight 1
    bandwidth 50000000
    traffic ""
    reservation ""
  ]
  edge [
    source 1
    target 54
    key 0
    port 9
    weight 1
    bandwidth 50000000
    traffic ""
    reservation ""
  ]
  edge [
    source 1
    target 55
    key 0
    port 10
    weight 1
    bandwidth 50000000
    traffic ""
    reservation ""
  ]
  edge [
    source 1
    target 56
    key 0
    port 11
    weight 1
    bandwidth 50000000
    traffic ""
    reservation ""
  ]
  edge [
    source 1
    target 57
    key 0
    port 12
    weight 1
    bandwidth 50000000
    traffic ""
    reservation ""
  ]
  edge [
    source 1
    target 58
    key 0
    port 13
    weight 1
    bandwidth 50000000
    traffic ""
    reservation ""
  ]
  edge [
    source 1
    target 59
    key 0
    port 14
    weight 1
    bandwidth 50000000
    traffic ""
    reservation ""
  ]
  edge [
    source 1
    target 60
    key 0
    port 15
    weight 1
    bandwidth 50000000
    traffic ""
    reservation ""
  ]
  edge [
    source 1
    target 61
    key 0
    port 16
    weight 1
    bandwidth 50000000
    traffic ""
    reservation ""
  ]
  edge [
    source 1
    target 62
    key 0
    port 17
    weight 1
    bandwidth 50000000
    traffic ""
    reservation ""
  ]
  edge [
    source 1
    target 63
    key 0
    port 18
    weight 1
    bandwidth 50000000
    traffic ""
    reservation ""
  ]
  edge [
    source 1
    target 64
    key 0
    port 19
    weight 1
    bandwidth 50000000
    traffic ""
    reservation ""
  ]
  edge [
    source 1
    target 65
    key 0
    port 20
    weight 1
    bandwidth 50000000
    traffic ""
    reservation ""
  ]
  edge [
    source 1
    target 66
    key 0
    port 21
    weight 1
    bandwidth 50000000
    traffic ""
    reservation ""
  ]
  edge [
    source 1
    target 67
    key 0
    port 22
    weight 1
    bandwidth 50000000
    traffic ""
    reservation ""
  ]
  edge [
    source 1
    target 68
    key 0
    port 23
    weight 1
    bandwidth 50000000
    traffic ""
    reservation ""
  ]
  edge [
    source 1
    target 69
    key 0
    port 24
    weight 1
    bandwidth 50000000
    traffic ""
    reservation ""
  ]
  edge [
    source 2
    target 3
    key 0
    LinkType "DS-3"
    LinkLabel "45 Mbps DS-3"
    LinkNote "45 Mbps "
    bandwidth 50000000
    traffic "18000000,18000000,200000,200000,200000,200000"
    reservation "19809000.0,19787400.0,214580.0,198800.0,182060.0,198800.0"
    port 0
  ]
  edge [
    source 2
    target 9
    key 0
    LinkType "DS-3"
    LinkLabel "45 Mbps DS-3"
    LinkNote "45 Mbps "
    bandwidth 50000000
    traffic "18000000,3500000,3500000,3500000,3500000,3500000,3500000,3500000,200000,200000,200000"
    reservation "19787400.0,3849650.0,3216500.0,3260600.0,3299450.0,3149300.0,3216500.0,3535700.0,214580.0,229100.0,199940.0"
    port 1
  ]
  edge [
    source 2
    target 11
    key 0
    LinkType "DS-3"
    LinkLabel "45 Mbps DS-3"
    LinkNote "45 Mbps "
    bandwidth 50000000
    traffic "3500000,3500000,3500000,3500000,3500000,3500000,3500000,3500000,3500000,3500000,3500000,3500000,3500000,3500000"
    reservation "3849650.0,3849650.0,3849650.0,3849650.0,3149300.0,3849650.0,3216500.0,3149300.0,3535700.0,3216500.0,3299450.0,3849650.0,3299450.0,3260600.0"
    port 2
  ]
  edge [
    source 2
    target 21
    key 0
    port 3
    weight 1
    bandwidth 50000000
    traffic ""
    reservation ""
  ]
  edge [
    source 3
    target 0
    key 0
    LinkType "DS-3"
    LinkLabel "45 Mbps DS-3"
    LinkNote "45 Mbps "
    bandwidth 50000000
    traffic "200000,200000,200000,200000"
    reservation "214580.0,198800.0,182060.0,198800.0"
    port 0
  ]
  edge [
    source 3
    target 1
    key 0
    LinkType "DS-3"
    LinkLabel "45 Mbps DS-3"
    LinkNote "45 Mbps "
    bandwidth 50000000
    traffic ""
    reservation ""
    port 1
  ]
  edge [
    source 3
    target 2
    key 0
    LinkType "DS-3"
    LinkLabel "45 Mbps DS-3"
    LinkNote "45 Mbps "
    bandwidth 50000000
    traffic "3500000,3500000,3500000,3500000,3500000,3500000,3500000,200000,200000,200000"
    reservation "3849650.0,3216500.0,3260600.0,3299450.0,3149300.0,3216500.0,3535700.0,214580.0,229100.0,199940.0"
    port 2
  ]
  edge [
    source 3
    target 20
    key 0
    port 3
    weight 1
    bandwidth 350000000
    traffic "18000000,18000000,18000000,18000000,18000000,18000000"
    reservation "19809000.0,19787400.0,16099200.0,20095200.0,19787400.0,17314200.0"
  ]
  edge [
    source 4
    target 5
    key 0
    LinkType "DS-3"
    LinkLabel "45 Mbps DS-3"
    LinkNote "45 Mbps "
    bandwidth 50000000
    traffic "3500000,3500000,3500000,3500000,3500000,3500000,3500000,3500000,3500000,3500000,3500000,3500000,3500000,3500000"
    reservation "3849650.0,3849650.0,3149300.0,3849650.0,3216500.0,3149300.0,3535700.0,3216500.0,3299450.0,3849650.0,3299450.0,3260600.0,3149300.0,3849650.0"
    port 0
  ]
  edge [
    source 4
    target 6
    key 0
    LinkType "DS-3"
    LinkLabel "45 Mbps DS-3"
    LinkNote "45 Mbps "
    bandwidth 50000000
    traffic "3500000,18000000,3500000,3500000,3500000,3500000,3500000,3500000,3500000,3500000"
    reservation "3849650.0,17314200.0,3216500.0,3260600.0,3299450.0,3149300.0,3216500.0,3535700.0,3849650.0,3849650.0"
    port 1
  ]
  edge [
    source 4
    target 19
    key 0
    port 2
    weight 1
    bandwidth 350000000
    traffic "200000,200000,200000,200000,200000,200000,200000,200000,200000,200000,200000,200000,200000,200000"
    reservation "214580.0,198800.0,182060.0,198800.0,215900.0,206060.0,214640.0,198800.0,182060.0,214640.0,214580.0,214580.0,229100.0,199940.0"
  ]
  edge [
    source 5
    target 4
    key 0
    LinkType "DS-3"
    LinkLabel "45 Mbps DS-3"
    LinkNote "45 Mbps "
    bandwidth 50000000
    traffic "3500000,18000000,3500000,3500000,3500000,3500000,3500000,3500000,3500000,3500000,200000,200000,200000,200000,200000,200000,200000"
    reservation "3849650.0,17314200.0,3216500.0,3260600.0,3299450.0,3149300.0,3216500.0,3535700.0,3849650.0,3849650.0,215900.0,206060.0,214640.0,198800.0,182060.0,214640.0,214580.0"
    port 0
  ]
  edge [
    source 5
    target 17
    key 0
    LinkType "DS-3"
    LinkLabel "45 Mbps DS-3"
    LinkNote "45 Mbps "
    bandwidth 50000000
    traffic "3500000,3500000,3500000,3500000,3500000,3500000,3500000,3500000,3500000,3500000,3500000,3500000,3500000,3500000"
    reservation "3849650.0,3849650.0,3149300.0,3849650.0,3216500.0,3149300.0,3535700.0,3216500.0,3299450.0,3849650.0,3299450.0,3260600.0,3149300.0,3849650.0"
    port 1
  ]
  edge [
    source 6
    target 1
    key 0
    LinkType "DS-3"
    LinkLabel "45 Mbps DS-3"
    LinkNote "45 Mbps "
    bandwidth 50000000
    traffic "3500000,18000000,3500000,3500000,3500000,3500000,3500000,3500000,3500000,3500000"
    reservation "3849650.0,17314200.0,3216500.0,3260600.0,3299450.0,3149300.0,3216500.0,3535700.0,3849650.0,3849650.0"
    port 0
  ]
  edge [
    source 6
    target 4
    key 0
    LinkType "DS-3"
    LinkLabel "45 Mbps DS-3"
    LinkNote "45 Mbps "
    bandwidth 50000000
    traffic "200000,200000,200000,200000,3500000,200000,3500000,3500000,3500000,200000,3500000,3500000,3500000,200000,3500000,3500000,3500000,3500000,3500000,3500000,3500000"
    reservation "214580.0,198800.0,182060.0,198800.0,3849650.0,214580.0,3849650.0,3149300.0,3849650.0,229100.0,3216500.0,3149300.0,3535700.0,199940.0,3216500.0,3299450.0,3849650.0,3299450.0,3260600.0,3149300.0,3849650.0"
    port 1
  ]
  edge [
    source 6
    target 7
    key 0
    LinkType "DS-3"
    LinkLabel "45 Mbps DS-3"
    LinkNote "45 Mbps "
    bandwidth 50000000
    traffic ""
    reservation ""
    port 2
  ]
  edge [
    source 7
    target 1
    key 0
    LinkType "DS-3"
    LinkLabel "45 Mbps DS-3"
    LinkNote "45 Mbps "
    bandwidth 50000000
    traffic "18000000,18000000"
    reservation "16099200.0,19787400.0"
    port 0
  ]
  edge [
    source 7
    target 6
    key 0
    LinkType "DS-3"
    LinkLabel "45 Mbps DS-3"
    LinkNote "45 Mbps "
    bandwidth 50000000
    traffic "200000,200000,200000"
    reservation "214580.0,229100.0,199940.0"
    port 1
  ]
  edge [
    source 7
    target 8
    key 0
    LinkType "DS-3"
    LinkLabel "45 Mbps DS-3"
    LinkNote "45 Mbps "
    bandwidth 50000000
    traffic "3500000,3500000,3500000,3500000,3500000,3500000,3500000,3500000,3500000,3500000,3500000,3500000"
    reservation "3849650.0,3216500.0,3260600.0,3299450.0,3149300.0,3216500.0,3535700.0,3849650.0,3849650.0,3149300.0,3149300.0,3535700.0"
    port 2
  ]
  edge [
    source 7
    target 9
    key 0
    LinkType "DS-3"
    LinkLabel "45 Mbps DS-3"
    LinkNote "45 Mbps "
    bandwidth 50000000
    traffic "3500000,3500000,3500000,3500000,3500000,3500000,3500000,3500000,3500000"
    reservation "3849650.0,3849650.0,3149300.0,3849650.0,3216500.0,3149300.0,3535700.0,3216500.0,3299450.0"
    port 3
  ]
  edge [
    source 8
    target 7
    key 0
    LinkType "DS-3"
    LinkLabel "45 Mbps DS-3"
    LinkNote "45 Mbps "
    bandwidth 50000000
    traffic "18000000,3500000,3500000,3500000,3500000,3500000,3500000,3500000,3500000,3500000"
    reservation "16099200.0,3849650.0,3849650.0,3149300.0,3849650.0,3216500.0,3149300.0,3535700.0,3216500.0,3299450.0"
    port 0
  ]
  edge [
    source 8
    target 9
    key 0
    LinkType "DS-3"
    LinkLabel "45 Mbps DS-3"
    LinkNote "45 Mbps "
    bandwidth 50000000
    traffic "3500000,3500000,3500000,3500000,3500000"
    reservation "3849650.0,3849650.0,3849650.0,3299450.0,3260600.0"
    port 1
  ]
  edge [
    source 8
    target 13
    key 0
    LinkType "DS-3"
    LinkLabel "45 Mbps DS-3"
    LinkNote "45 Mbps "
    bandwidth 50000000
    traffic "3500000,3500000,3500000,3500000,3500000,3500000,3500000,3500000,3500000,3500000,3500000,3500000,3500000,3500000,3500000"
    reservation "3849650.0,3216500.0,3260600.0,3299450.0,3149300.0,3216500.0,3535700.0,3149300.0,3849650.0,3149300.0,3149300.0,3535700.0,3149300.0,3216500.0,3216500.0"
    port 2
  ]
  edge [
    source 8
    target 17
    key 0
    LinkType "DS-3"
    LinkLabel "45 Mbps DS-3"
    LinkNote "45 Mbps "
    bandwidth 50000000
    traffic ""
    reservation ""
    port 3
  ]
  edge [
    source 8
    target 23
    key 0
    port 4
    weight 1
    bandwidth 50000000
    traffic ""
    reservation ""
  ]
  edge [
    source 8
    target 70
    key 0
    port 5
    weight 1
    bandwidth 50000000
    traffic ""
    reservation ""
  ]
  edge [
    source 8
    target 71
    key 0
    port 6
    weight 1
    bandwidth 50000000
    traffic ""
    reservation ""
  ]
  edge [
    source 8
    target 72
    key 0
    port 7
    weight 1
    bandwidth 50000000
    traffic ""
    reservation ""
  ]
  edge [
    source 9
    target 2
    key 0
    LinkType "DS-3"
    LinkLabel "45 Mbps DS-3"
    LinkNote "45 Mbps "
    bandwidth 50000000
    traffic "3500000,3500000,3500000,3500000,3500000,3500000,3500000,3500000,3500000,3500000,3500000,3500000,3500000,3500000"
    reservation "3849650.0,3849650.0,3849650.0,3849650.0,3149300.0,3849650.0,3216500.0,3149300.0,3535700.0,3216500.0,3299450.0,3849650.0,3299450.0,3260600.0"
    port 0
  ]
  edge [
    source 9
    target 7
    key 0
    LinkType "DS-3"
    LinkLabel "45 Mbps DS-3"
    LinkNote "45 Mbps "
    bandwidth 50000000
    traffic "18000000,3500000,3500000,3500000,3500000,3500000,3500000,3500000,200000,200000,200000"
    reservation "19787400.0,3849650.0,3216500.0,3260600.0,3299450.0,3149300.0,3216500.0,3535700.0,214580.0,229100.0,199940.0"
    port 1
  ]
  edge [
    source 9
    target 8
    key 0
    LinkType "DS-3"
    LinkLabel "45 Mbps DS-3"
    LinkNote "45 Mbps "
    bandwidth 50000000
    traffic ""
    reservation ""
    port 2
  ]
  edge [
    source 10
    target 11
    key 0
    LinkType "DS-3"
    LinkLabel "45 Mbps DS-3"
    LinkNote "45 Mbps "
    bandwidth 50000000
    traffic "18000000,18000000,3500000,3500000,3500000,200000,200000,200000,200000"
    reservation "19787400.0,19787400.0,3216500.0,3260600.0,3149300.0,214580.0,198800.0,182060.0,198800.0"
    port 0
  ]
  edge [
    source 10
    target 12
    key 0
    LinkType "DS-3"
    LinkLabel "45 Mbps DS-3"
    LinkNote "45 Mbps "
    bandwidth 50000000
    traffic ""
    reservation ""
    port 1
  ]
  edge [
    source 11
    target 2
    key 0
    LinkType "DS-3"
    LinkLabel "45 Mbps DS-3"
    LinkNote "45 Mbps "
    bandwidth 50000000
    traffic "18000000,18000000,200000,200000,200000,200000"
    reservation "19787400.0,19787400.0,214580.0,198800.0,182060.0,198800.0"
    port 0
  ]
  edge [
    source 11
    target 10
    key 0
    LinkType "DS-3"
    LinkLabel "45 Mbps DS-3"
    LinkNote "45 Mbps "
    bandwidth 50000000
    traffic ""
    reservation ""
    port 1
  ]
  edge [
    source 11
    target 12
    key 0
    LinkType "DS-3"
    LinkLabel "45 Mbps DS-3"
    LinkNote "45 Mbps "
    bandwidth 50000000
    traffic ""
    reservation ""
    port 2
  ]
  edge [
    source 11
    target 18
    key 0
    port 3
    weight 1
    bandwidth 350000000
    traffic "3500000,3500000,3500000,3500000,3500000,3500000,3500000,3500000,3500000,3500000,3500000,3500000,3500000,3500000,3500000,3500000,3500000,3500000,3500000,3500000,3500000,3500000,3500000,3500000,3500000,3500000,3500000,3500000,3500000,3500000,3500000,3500000"
    reservation "3216500.0,3260600.0,3149300.0,3849650.0,3216500.0,3260600.0,3299450.0,3149300.0,3216500.0,3535700.0,3849650.0,3849650.0,3849650.0,3849650.0,3149300.0,3849650.0,3216500.0,3149300.0,3535700.0,3216500.0,3299450.0,3849650.0,3299450.0,3260600.0,3149300.0,3849650.0,3149300.0,3149300.0,3535700.0,3149300.0,3216500.0,3216500.0"
  ]
  edge [
    source 12
    target 10
    key 0
    LinkType "DS-3"
    LinkLabel "45 Mbps DS-3"
    LinkNote "45 Mbps "
    bandwidth 50000000
    traffic "18000000,18000000,3500000,3500000,3500000,200000,200000,200000,200000"
    reservation "19787400.0,19787400.0,3216500.0,3260600.0,3149300.0,214580.0,198800.0,182060.0,198800.0"
    port 0
  ]
  edge [
    source 12
    target 11
    key 0
    LinkType "DS-3"
    LinkLabel "45 Mbps DS-3"
    LinkNote "45 Mbps "
    bandwidth 50000000
    traffic "3500000,3500000,3500000,3500000,3500000,3500000,3500000,3500000,3500000,3500000,3500000,3500000,3500000,3500000,3500000"
    reservation "3849650.0,3216500.0,3260600.0,3299450.0,3149300.0,3216500.0,3535700.0,3149300.0,3849650.0,3149300.0,3149300.0,3535700.0,3149300.0,3216500.0,3216500.0"
    port 1
  ]
  edge [
    source 12
    target 13
    key 0
    LinkType "DS-3"
    LinkLabel "45 Mbps DS-3"
    LinkNote "45 Mbps "
    bandwidth 50000000
    traffic ""
    reservation ""
    port 2
  ]
  edge [
    source 12
    target 14
    key 0
    LinkType "DS-3"
    LinkLabel "45 Mbps DS-3"
    LinkNote "45 Mbps "
    bandwidth 50000000
    traffic ""
    reservation ""
    port 3
  ]
  edge [
    source 13
    target 8
    key 0
    LinkType "DS-3"
    LinkLabel "45 Mbps DS-3"
    LinkNote "45 Mbps "
    bandwidth 50000000
    traffic ""
    reservation ""
    port 0
  ]
  edge [
    source 13
    target 12
    key 0
    LinkType "DS-3"
    LinkLabel "45 Mbps DS-3"
    LinkNote "45 Mbps "
    bandwidth 50000000
    traffic "3500000,3500000,3500000,3500000,3500000,3500000,3500000,3500000,3500000,3500000,3500000,3500000,3500000,3500000,3500000"
    reservation "3849650.0,3216500.0,3260600.0,3299450.0,3149300.0,3216500.0,3535700.0,3149300.0,3849650.0,3149300.0,3149300.0,3535700.0,3149300.0,3216500.0,3216500.0"
    port 1
  ]
  edge [
    source 14
    target 12
    key 0
    LinkType "DS-3"
    LinkLabel "45 Mbps DS-3"
    LinkNote "45 Mbps "
    bandwidth 50000000
    traffic "18000000,18000000,3500000,3500000,3500000,200000,200000,200000,200000"
    reservation "19787400.0,19787400.0,3216500.0,3260600.0,3149300.0,214580.0,198800.0,182060.0,198800.0"
    port 0
  ]
  edge [
    source 14
    target 15
    key 0
    LinkType "DS-3"
    LinkLabel "45 Mbps DS-3"
    LinkNote "45 Mbps "
    bandwidth 50000000
    traffic "3500000,18000000,3500000,3500000,3500000,3500000,3500000,3500000,3500000,3500000,200000,200000,200000,200000,200000,200000,200000"
    reservation "3849650.0,17314200.0,3216500.0,3260600.0,3299450.0,3149300.0,3216500.0,3535700.0,3849650.0,3849650.0,215900.0,206060.0,214640.0,198800.0,182060.0,214640.0,214580.0"
    port 1
  ]
  edge [
    source 14
    target 22
    key 0
    port 2
    weight 1
    bandwidth 50000000
    traffic ""
    reservation ""
  ]
  edge [
    source 14
    target 26
    key 0
    port 3
    weight 1
    bandwidth 50000000
    traffic ""
    reservation ""
  ]
  edge [
    source 14
    target 27
    key 0
    port 4
    weight 1
    bandwidth 50000000
    traffic ""
    reservation ""
  ]
  edge [
    source 14
    target 28
    key 0
    port 5
    weight 1
    bandwidth 50000000
    traffic ""
    reservation ""
  ]
  edge [
    source 14
    target 29
    key 0
    port 6
    weight 1
    bandwidth 50000000
    traffic ""
    reservation ""
  ]
  edge [
    source 14
    target 30
    key 0
    port 7
    weight 1
    bandwidth 50000000
    traffic ""
    reservation ""
  ]
  edge [
    source 14
    target 31
    key 0
    port 8
    weight 1
    bandwidth 50000000
    traffic ""
    reservation ""
  ]
  edge [
    source 14
    target 32
    key 0
    port 9
    weight 1
    bandwidth 50000000
    traffic ""
    reservation ""
  ]
  edge [
    source 14
    target 33
    key 0
    port 10
    weight 1
    bandwidth 50000000
    traffic ""
    reservation ""
  ]
  edge [
    source 14
    target 34
    key 0
    port 11
    weight 1
    bandwidth 50000000
    traffic ""
    reservation ""
  ]
  edge [
    source 14
    target 35
    key 0
    port 12
    weight 1
    bandwidth 50000000
    traffic ""
    reservation ""
  ]
  edge [
    source 14
    target 36
    key 0
    port 13
    weight 1
    bandwidth 50000000
    traffic ""
    reservation ""
  ]
  edge [
    source 14
    target 37
    key 0
    port 14
    weight 1
    bandwidth 50000000
    traffic ""
    reservation ""
  ]
  edge [
    source 14
    target 38
    key 0
    port 15
    weight 1
    bandwidth 50000000
    traffic ""
    reservation ""
  ]
  edge [
    source 14
    target 39
    key 0
    port 16
    weight 1
    bandwidth 50000000
    traffic ""
    reservation ""
  ]
  edge [
    source 14
    target 40
    key 0
    port 17
    weight 1
    bandwidth 50000000
    traffic ""
    reservation ""
  ]
  edge [
    source 14
    target 41
    key 0
    port 18
    weight 1
    bandwidth 50000000
    traffic ""
    reservation ""
  ]
  edge [
    source 14
    target 42
    key 0
    port 19
    weight 1
    bandwidth 50000000
    traffic ""
    reservation ""
  ]
  edge [
    source 14
    target 43
    key 0
    port 20
    weight 1
    bandwidth 50000000
    traffic ""
    reservation ""
  ]
  edge [
    source 14
    target 44
    key 0
    port 21
    weight 1
    bandwidth 50000000
    traffic ""
    reservation ""
  ]
  edge [
    source 14
    target 45
    key 0
    port 22
    weight 1
    bandwidth 50000000
    traffic ""
    reservation ""
  ]
  edge [
    source 14
    target 46
    key 0
    port 23
    weight 1
    bandwidth 50000000
    traffic ""
    reservation ""
  ]
  edge [
    source 14
    target 47
    key 0
    port 24
    weight 1
    bandwidth 50000000
    traffic ""
    reservation ""
  ]
  edge [
    source 14
    target 48
    key 0
    port 25
    weight 1
    bandwidth 50000000
    traffic ""
    reservation ""
  ]
  edge [
    source 14
    target 49
    key 0
    port 26
    weight 1
    bandwidth 50000000
    traffic ""
    reservation ""
  ]
  edge [
    source 15
    target 14
    key 0
    LinkType "DS-3"
    LinkLabel "45 Mbps DS-3"
    LinkNote "45 Mbps "
    bandwidth 50000000
    traffic "18000000"
    reservation "19787400.0"
    port 0
  ]
  edge [
    source 15
    target 16
    key 0
    LinkType "DS-3"
    LinkLabel "45 Mbps DS-3"
    LinkNote "45 Mbps "
    bandwidth 50000000
    traffic ""
    reservation ""
    port 1
  ]
  edge [
    source 15
    target 17
    key 0
    LinkType "DS-3"
    LinkLabel "45 Mbps DS-3"
    LinkNote "45 Mbps "
    bandwidth 50000000
    traffic "3500000,18000000,3500000,3500000,3500000,3500000,3500000,3500000,3500000,3500000,200000,200000,200000,200000,200000,200000,200000"
    reservation "3849650.0,17314200.0,3216500.0,3260600.0,3299450.0,3149300.0,3216500.0,3535700.0,3849650.0,3849650.0,215900.0,206060.0,214640.0,198800.0,182060.0,214640.0,214580.0"
    port 2
  ]
  edge [
    source 15
    target 25
    key 0
    port 3
    weight 1
    bandwidth 50000000
    traffic ""
    reservation ""
  ]
  edge [
    source 16
    target 15
    key 0
    LinkType "DS-3"
    LinkLabel "45 Mbps DS-3"
    LinkNote "45 Mbps "
    bandwidth 50000000
    traffic ""
    reservation ""
    port 0
  ]
  edge [
    source 17
    target 5
    key 0
    LinkType "DS-3"
    LinkLabel "45 Mbps DS-3"
    LinkNote "45 Mbps "
    bandwidth 50000000
    traffic "3500000,18000000,3500000,3500000,3500000,3500000,3500000,3500000,3500000,3500000,200000,200000,200000,200000,200000,200000,200000"
    reservation "3849650.0,17314200.0,3216500.0,3260600.0,3299450.0,3149300.0,3216500.0,3535700.0,3849650.0,3849650.0,215900.0,206060.0,214640.0,198800.0,182060.0,214640.0,214580.0"
    port 0
  ]
  edge [
    source 17
    target 8
    key 0
    LinkType "DS-3"
    LinkLabel "45 Mbps DS-3"
    LinkNote "45 Mbps "
    bandwidth 50000000
    traffic "3500000,3500000,3500000,3500000,3500000,3500000,3500000,3500000,3500000,3500000,3500000,3500000,3500000,3500000"
    reservation "3849650.0,3849650.0,3149300.0,3849650.0,3216500.0,3149300.0,3535700.0,3216500.0,3299450.0,3849650.0,3299450.0,3260600.0,3149300.0,3849650.0"
    port 1
  ]
  edge [
    source 17
    target 15
    key 0
    LinkType "DS-3"
    LinkLabel "45 Mbps DS-3"
    LinkNote "45 Mbps "
    bandwidth 50000000
    traffic ""
    reservation ""
    port 2
  ]
  edge [
    source 18
    target 11
    key 0
    port 0
    weight 1
    bandwidth 350000000
    traffic ""
    reservation ""
  ]
  edge [
    source 19
    target 4
    key 0
    port 0
    weight 1
    bandwidth 350000000
    traffic ""
    reservation ""
  ]
  edge [
    source 20
    target 3
    key 0
    port 0
    weight 1
    bandwidth 350000000
    traffic ""
    reservation ""
  ]
  edge [
    source 21
    target 2
    key 0
    port 0
    weight 1
    bandwidth 50000000
    traffic "18000000"
    reservation "19809000.0"
  ]
  edge [
    source 22
    target 14
    key 0
    port 0
    weight 1
    bandwidth 50000000
    traffic "18000000"
    reservation "19787400.0"
  ]
  edge [
    source 23
    target 8
    key 0
    port 0
    weight 1
    bandwidth 50000000
    traffic "18000000"
    reservation "16099200.0"
  ]
  edge [
    source 24
    target 1
    key 0
    port 0
    weight 1
    bandwidth 50000000
    traffic "18000000"
    reservation "20095200.0"
  ]
  edge [
    source 25
    target 15
    key 0
    port 0
    weight 1
    bandwidth 50000000
    traffic "18000000"
    reservation "19787400.0"
  ]
  edge [
    source 26
    target 14
    key 0
    port 0
    weight 1
    bandwidth 50000000
    traffic "3500000"
    reservation "3216500.0"
  ]
  edge [
    source 27
    target 14
    key 0
    port 0
    weight 1
    bandwidth 50000000
    traffic "3500000"
    reservation "3260600.0"
  ]
  edge [
    source 28
    target 14
    key 0
    port 0
    weight 1
    bandwidth 50000000
    traffic "3500000"
    reservation "3149300.0"
  ]
  edge [
    source 29
    target 14
    key 0
    port 0
    weight 1
    bandwidth 50000000
    traffic "3500000"
    reservation "3849650.0"
  ]
  edge [
    source 30
    target 14
    key 0
    port 0
    weight 1
    bandwidth 50000000
    traffic "18000000"
    reservation "17314200.0"
  ]
  edge [
    source 31
    target 14
    key 0
    port 0
    weight 1
    bandwidth 50000000
    traffic "3500000"
    reservation "3216500.0"
  ]
  edge [
    source 32
    target 14
    key 0
    port 0
    weight 1
    bandwidth 50000000
    traffic "3500000"
    reservation "3260600.0"
  ]
  edge [
    source 33
    target 14
    key 0
    port 0
    weight 1
    bandwidth 50000000
    traffic "3500000"
    reservation "3299450.0"
  ]
  edge [
    source 34
    target 14
    key 0
    port 0
    weight 1
    bandwidth 50000000
    traffic "3500000"
    reservation "3149300.0"
  ]
  edge [
    source 35
    target 14
    key 0
    port 0
    weight 1
    bandwidth 50000000
    traffic "3500000"
    reservation "3216500.0"
  ]
  edge [
    source 36
    target 14
    key 0
    port 0
    weight 1
    bandwidth 50000000
    traffic "3500000"
    reservation "3535700.0"
  ]
  edge [
    source 37
    target 14
    key 0
    port 0
    weight 1
    bandwidth 50000000
    traffic "3500000"
    reservation "3849650.0"
  ]
  edge [
    source 38
    target 14
    key 0
    port 0
    weight 1
    bandwidth 50000000
    traffic "3500000"
    reservation "3849650.0"
  ]
  edge [
    source 39
    target 14
    key 0
    port 0
    weight 1
    bandwidth 50000000
    traffic "200000"
    reservation "214580.0"
  ]
  edge [
    source 40
    target 14
    key 0
    port 0
    weight 1
    bandwidth 50000000
    traffic "200000"
    reservation "198800.0"
  ]
  edge [
    source 41
    target 14
    key 0
    port 0
    weight 1
    bandwidth 50000000
    traffic "200000"
    reservation "182060.0"
  ]
  edge [
    source 42
    target 14
    key 0
    port 0
    weight 1
    bandwidth 50000000
    traffic "200000"
    reservation "198800.0"
  ]
  edge [
    source 43
    target 14
    key 0
    port 0
    weight 1
    bandwidth 50000000
    traffic "200000"
    reservation "215900.0"
  ]
  edge [
    source 44
    target 14
    key 0
    port 0
    weight 1
    bandwidth 50000000
    traffic "200000"
    reservation "206060.0"
  ]
  edge [
    source 45
    target 14
    key 0
    port 0
    weight 1
    bandwidth 50000000
    traffic "200000"
    reservation "214640.0"
  ]
  edge [
    source 46
    target 14
    key 0
    port 0
    weight 1
    bandwidth 50000000
    traffic "200000"
    reservation "198800.0"
  ]
  edge [
    source 47
    target 14
    key 0
    port 0
    weight 1
    bandwidth 50000000
    traffic "200000"
    reservation "182060.0"
  ]
  edge [
    source 48
    target 14
    key 0
    port 0
    weight 1
    bandwidth 50000000
    traffic "200000"
    reservation "214640.0"
  ]
  edge [
    source 49
    target 14
    key 0
    port 0
    weight 1
    bandwidth 50000000
    traffic "200000"
    reservation "214580.0"
  ]
  edge [
    source 50
    target 1
    key 0
    port 0
    weight 1
    bandwidth 50000000
    traffic "3500000"
    reservation "3849650.0"
  ]
  edge [
    source 51
    target 1
    key 0
    port 0
    weight 1
    bandwidth 50000000
    traffic "200000"
    reservation "214580.0"
  ]
  edge [
    source 52
    target 1
    key 0
    port 0
    weight 1
    bandwidth 50000000
    traffic "3500000"
    reservation "3849650.0"
  ]
  edge [
    source 53
    target 1
    key 0
    port 0
    weight 1
    bandwidth 50000000
    traffic "3500000"
    reservation "3149300.0"
  ]
  edge [
    source 54
    target 1
    key 0
    port 0
    weight 1
    bandwidth 50000000
    traffic "3500000"
    reservation "3849650.0"
  ]
  edge [
    source 55
    target 1
    key 0
    port 0
    weight 1
    bandwidth 50000000
    traffic "200000"
    reservation "229100.0"
  ]
  edge [
    source 56
    target 1
    key 0
    port 0
    weight 1
    bandwidth 50000000
    traffic "3500000"
    reservation "3216500.0"
  ]
  edge [
    source 57
    target 1
    key 0
    port 0
    weight 1
    bandwidth 50000000
    traffic "3500000"
    reservation "3149300.0"
  ]
  edge [
    source 58
    target 1
    key 0
    port 0
    weight 1
    bandwidth 50000000
    traffic "3500000"
    reservation "3535700.0"
  ]
  edge [
    source 59
    target 1
    key 0
    port 0
    weight 1
    bandwidth 50000000
    traffic "200000"
    reservation "199940.0"
  ]
  edge [
    source 60
    target 1
    key 0
    port 0
    weight 1
    bandwidth 50000000
    traffic "3500000"
    reservation "3216500.0"
  ]
  edge [
    source 61
    target 1
    key 0
    port 0
    weight 1
    bandwidth 50000000
    traffic "3500000"
    reservation "3299450.0"
  ]
  edge [
    source 62
    target 1
    key 0
    port 0
    weight 1
    bandwidth 50000000
    traffic "3500000"
    reservation "3849650.0"
  ]
  edge [
    source 63
    target 1
    key 0
    port 0
    weight 1
    bandwidth 50000000
    traffic "3500000"
    reservation "3299450.0"
  ]
  edge [
    source 64
    target 1
    key 0
    port 0
    weight 1
    bandwidth 50000000
    traffic "3500000"
    reservation "3260600.0"
  ]
  edge [
    source 65
    target 1
    key 0
    port 0
    weight 1
    bandwidth 50000000
    traffic "3500000"
    reservation "3149300.0"
  ]
  edge [
    source 66
    target 1
    key 0
    port 0
    weight 1
    bandwidth 50000000
    traffic "3500000"
    reservation "3849650.0"
  ]
  edge [
    source 67
    target 1
    key 0
    port 0
    weight 1
    bandwidth 50000000
    traffic "3500000"
    reservation "3149300.0"
  ]
  edge [
    source 68
    target 1
    key 0
    port 0
    weight 1
    bandwidth 50000000
    traffic "3500000"
    reservation "3149300.0"
  ]
  edge [
    source 69
    target 1
    key 0
    port 0
    weight 1
    bandwidth 50000000
    traffic "3500000"
    reservation "3535700.0"
  ]
  edge [
    source 70
    target 8
    key 0
    port 0
    weight 1
    bandwidth 50000000
    traffic "3500000"
    reservation "3149300.0"
  ]
  edge [
    source 71
    target 8
    key 0
    port 0
    weight 1
    bandwidth 50000000
    traffic "3500000"
    reservation "3216500.0"
  ]
  edge [
    source 72
    target 8
    key 0
    port 0
    weight 1
    bandwidth 50000000
    traffic "3500000"
    reservation "3216500.0"
  ]
]
