graph [
  directed 1
  multigraph 1
  GeoLocation "USA"
  GeoExtent "Country"
  Network "Electric Lightwave"
  Provenance "Secondary"
  Note "Now the carrier wholesale BU of Integra Telecom"
  Source "http://www.isp-planet.com/img/backbones/eli_backbone.jpg"
  Version "1.0"
  Type "COM"
  DateType "Historic"
  Backbone 1
  Commercial 0
  label "EliBackbone"
  ToolsetVersion "0.3.34dev-20120328"
  Customer 1
  IX 0
  SourceGitVersion "e278b1b"
  DateModifier "<"
  DateMonth 0
  LastAccess "3/08/10"
  Access 0
  Layer "IP"
  Creator "Topology Zoo Toolset"
  Developed 1
  Transit 1
  NetworkDate "<2005"
  DateYear 0
  LastProcessed "2011_09_01"
  Testbed 0
  levelsToS 65
  node [
    id 0
    label "0"
    Country "United States"
    Longitude -115.13722
    Internal 1
    Latitude 36.17497
    type "inner"
    schedulingPolicy "WFQ"
    tosToQoSqueue "27;26;29,31,33,35,38,40,46,47,52;32,34,36,37,39,41,42,43,45,48,49,51,53,55,56;28,30,44,50,54;24,0,1,2,3,4,5,6,7,8,9,10,11,12,13,14,15,16,17,18,19,20,21,22,23,25,57,58,59,60,61,62,63,64"
    schedulingWeights "0.001,14.554,5.373,4.961,1.419,73.692;0.001,0.001,0.001,0.001,0.001,99.995;16.041,0.001,2.687,7.442,2.128,71.701"
    levelsQoS 6
    queueSizes "32,32,32,32,32,32"
  ]
  node [
    id 1
    label "1"
    Country "United States"
    Longitude -118.24368
    Internal 1
    Latitude 34.05223
    type "destination_embb"
    schedulingPolicy "FIFO"
    levelsQoS "1"
    schedulingWeights "-"
    tosToQoSqueue "0,1,2,3,4,5,6,7,8,9,10,11,12,13,14,15,16,17,18,19,20,21,22,23,24,25,26,27,28,29,30,31,32,33,34,35,36,37,38,39,40,41,42,43,44,45,46,47,48,49,50,51,52,53,54,55,56,57,58,59,60,61,62,63,64"
    queueSizes "32"
  ]
  node [
    id 2
    label "2"
    Country "United States"
    Longitude -96.80667
    Internal 1
    Latitude 32.78306
    type "inner"
    schedulingPolicy "WFQ"
    tosToQoSqueue "27;26;29,31,33,35,38,40,46,47,52;32,34,36,37,39,41,42,43,45,48,49,51,53,55;28,30,44,50,54;24;25,0,1,2,3,4,5,6,7,8,9,10,11,12,13,14,15,16,17,18,19,20,21,22,23,56,57,58,59,60,61,62,63,64"
    schedulingWeights "0.001,14.554,5.373,4.961,1.419,73.469,0.223;0.001,0.001,0.001,0.001,0.001,0.001,99.994;16.041,0.001,2.687,6.615,2.128,0.001,72.527;0.001,0.001,0.001,0.001,0.001,0.001,99.994"
    levelsQoS 7
    queueSizes "32,32,32,32,32,32,32"
  ]
  node [
    id 3
    label "3"
    Country "United States"
    Longitude -112.07404
    Internal 1
    Latitude 33.44838
    type "inner"
    schedulingPolicy "WFQ"
    tosToQoSqueue "27;46,47,52;42,43,45,48,49,51,53,55;44,50,54;25,0,1,2,3,4,5,6,7,8,9,10,11,12,13,14,15,16,17,18,19,20,21,22,23,24,26,28,29,30,31,32,33,34,35,36,37,38,39,40,41,56,57,58,59,60,61,62,63,64"
    schedulingWeights "16.041,2.687,6.615,2.128,72.529;0.001,0.001,0.001,0.001,99.996;0.001,0.001,0.001,0.001,99.996"
    levelsQoS 5
    queueSizes "32,32,32,32,32"
  ]
  node [
    id 4
    label "4"
    Country "United States"
    Longitude -121.95524
    Internal 1
    Latitude 37.35411
    type "inner"
    schedulingPolicy "WFQ"
    tosToQoSqueue "26;29,31,33,35,38,40;32,34,36,37,39,41,56;28,30;23,0,1,2,3,4,5,6,7,8,9,10,11,12,13,14,15,16,17,18,19,20,21,22,24,25,27,42,43,44,45,46,47,48,49,50,51,52,53,54,55,57,58,59,60,61,62,63,64"
    schedulingWeights "0.001,0.001,0.827,0.001,99.17;14.554,5.373,4.961,1.419,73.693"
    levelsQoS 5
    queueSizes "32,32,32,32,32"
  ]
  node [
    id 5
    label "5"
    Country "United States"
    Longitude -122.67621
    Internal 1
    Latitude 45.52345
    type "inner"
    schedulingPolicy "WFQ"
    tosToQoSqueue "27;26;29,31,33,35,38,40,46,47,52;32,34,36,37,39,41,42,43,45,48,49,51,53,55;28,30,44,50,54,0,1,2,3,4,5,6,7,8,9,10,11,12,13,14,15,16,17,18,19,20,21,22,23,24,25,56,57,58,59,60,61,62,63,64"
    schedulingWeights "16.041,14.554,8.06,11.576,49.768;0.001,0.001,0.001,0.001,99.996"
    levelsQoS 5
    queueSizes "32,32,32,32,32"
  ]
  node [
    id 6
    label "6"
    Country "United States"
    Longitude -121.4944
    Internal 1
    Latitude 38.58157
    type "inner"
    schedulingPolicy "WFQ"
    tosToQoSqueue "27;26;29,31,33,35,38,40,46,47,52;32,34,36,37,39,41,42,43,45,48,49,51,53,55;28,30,44,50,54,0,1,2,3,4,5,6,7,8,9,10,11,12,13,14,15,16,17,18,19,20,21,22,23,24,25,56,57,58,59,60,61,62,63,64"
    schedulingWeights "16.041,14.554,8.06,11.576,49.768;0.001,0.001,0.001,0.001,99.996;0.001,0.001,0.001,0.001,99.996;0.001,0.001,0.001,0.001,99.996"
    levelsQoS 5
    queueSizes "32,32,32,32,32"
  ]
  node [
    id 7
    label "7"
    Country "United States"
    Longitude -122.14302
    Internal 1
    Latitude 37.44188
    type "inner"
    schedulingPolicy "WFQ"
    tosToQoSqueue "26;29,31,33,35,38,40;32,34,36,37,39,41,56;28,30;23,0,1,2,3,4,5,6,7,8,9,10,11,12,13,14,15,16,17,18,19,20,21,22,24,25,27,42,43,44,45,46,47,48,49,50,51,52,53,54,55,57,58,59,60,61,62,63,64"
    schedulingWeights "0.001,0.001,0.827,0.001,99.17;14.554,5.373,4.961,1.419,73.693;0.001,0.001,0.001,0.001,99.996"
    levelsQoS 5
    queueSizes "32,32,32,32,32"
  ]
  node [
    id 8
    label "8"
    Country "United States"
    Longitude -122.44429
    Internal 1
    Latitude 47.25288
    type "inner"
    schedulingPolicy "WFQ"
    tosToQoSqueue "27;26;29,31,33,35,38,40,46,47,52;32,34,36,37,39,41,42,43,45,48,49,51,53,55;28,30,44,50,54,0,1,2,3,4,5,6,7,8,9,10,11,12,13,14,15,16,17,18,19,20,21,22,23,24,25,56,57,58,59,60,61,62,63,64"
    schedulingWeights "0.001,0.001,0.001,0.001,99.996;0.001,0.001,0.001,0.001,99.996;16.041,14.554,8.06,11.576,49.768"
    levelsQoS 5
    queueSizes "32,32,32,32,32"
  ]
  node [
    id 9
    label "9"
    Country "United States"
    Longitude -122.33207
    Internal 1
    Latitude 47.60621
    type "destination_urllc"
    schedulingPolicy "FIFO"
    levelsQoS "1"
    schedulingWeights "-"
    tosToQoSqueue "0,1,2,3,4,5,6,7,8,9,10,11,12,13,14,15,16,17,18,19,20,21,22,23,24,25,26,27,28,29,30,31,32,33,34,35,36,37,38,39,40,41,42,43,44,45,46,47,48,49,50,51,52,53,54,55,56,57,58,59,60,61,62,63,64"
    queueSizes "32"
  ]
  node [
    id 10
    label "10"
    Country "United States"
    Longitude -84.38798
    Internal 1
    Latitude 33.749
    type "antenna"
    schedulingPolicy "WFQ"
    tosToQoSqueue "27;26;29,31,33,35,38,40,46,47,52;32,34,36,37,39,41,42,43,45,48,49,51,53,55;28,30,44,50,54;24;25,0,1,2,3,4,5,6,7,8,9,10,11,12,13,14,15,16,17,18,19,20,21,22,23,56,57,58,59,60,61,62,63,64"
    schedulingWeights "0.001,14.554,5.373,4.961,1.419,73.469,0.223;16.041,0.001,2.687,6.615,2.128,0.001,72.527;0.001,0.001,0.001,0.001,0.001,0.001,99.994;0.001,0.001,0.001,0.001,0.001,0.001,99.994;0.001,0.001,0.001,0.001,0.001,0.001,99.994;0.001,0.001,0.001,0.001,0.001,0.001,99.994;0.001,0.001,0.001,0.001,0.001,0.001,99.994;0.001,0.001,0.001,0.001,0.001,0.001,99.994;0.001,0.001,0.001,0.001,0.001,0.001,99.994;0.001,0.001,0.001,0.001,0.001,0.001,99.994;0.001,0.001,0.001,0.001,0.001,0.001,99.994;0.001,0.001,0.001,0.001,0.001,0.001,99.994;0.001,0.001,0.001,0.001,0.001,0.001,99.994;0.001,0.001,0.001,0.001,0.001,0.001,99.994;0.001,0.001,0.001,0.001,0.001,0.001,99.994;0.001,0.001,0.001,0.001,0.001,0.001,99.994;0.001,0.001,0.001,0.001,0.001,0.001,99.994;0.001,0.001,0.001,0.001,0.001,0.001,99.994;0.001,0.001,0.001,0.001,0.001,0.001,99.994;0.001,0.001,0.001,0.001,0.001,0.001,99.994;0.001,0.001,0.001,0.001,0.001,0.001,99.994;0.001,0.001,0.001,0.001,0.001,0.001,99.994;0.001,0.001,0.001,0.001,0.001,0.001,99.994;0.001,0.001,0.001,0.001,0.001,0.001,99.994;0.001,0.001,0.001,0.001,0.001,0.001,99.994;0.001,0.001,0.001,0.001,0.001,0.001,99.994;0.001,0.001,0.001,0.001,0.001,0.001,99.994;0.001,0.001,0.001,0.001,0.001,0.001,99.994;0.001,0.001,0.001,0.001,0.001,0.001,99.994;0.001,0.001,0.001,0.001,0.001,0.001,99.994;0.001,0.001,0.001,0.001,0.001,0.001,99.994;0.001,0.001,0.001,0.001,0.001,0.001,99.994;0.001,0.001,0.001,0.001,0.001,0.001,99.994"
    levelsQoS 7
    queueSizes "32,32,32,32,32,32,32"
  ]
  node [
    id 11
    label "11"
    Country "United States"
    Longitude -95.36327
    Internal 1
    Latitude 29.76328
    type "antenna"
    schedulingPolicy "WFQ"
    tosToQoSqueue "26;29,31,33,35,38,40;32,34,36,37,39,41;28,30;24;25,0,1,2,3,4,5,6,7,8,9,10,11,12,13,14,15,16,17,18,19,20,21,22,23,27,42,43,44,45,46,47,48,49,50,51,52,53,54,55,56,57,58,59,60,61,62,63,64"
    schedulingWeights "14.554,5.373,4.961,1.419,73.469,0.224;0.001,0.001,0.001,0.001,0.001,99.995;0.001,0.001,0.001,0.001,0.001,99.995"
    levelsQoS 6
    queueSizes "32,32,32,32,32,32"
  ]
  node [
    id 12
    label "12"
    Country "United States"
    Longitude -117.42605
    Internal 1
    Latitude 47.65878
    type "antenna"
    schedulingPolicy "WFQ"
    tosToQoSqueue "59,61,62;60,63;57,58;29,31,33,35,38,40,46,47,52;32,34,36,37,39,41,42,43,45,48,49,51,53,55,56,64;28,30,44,50,54;23,0,1,2,3,4,5,6,7,8,9,10,11,12,13,14,15,16,17,18,19,20,21,22,24,25,26,27"
    schedulingWeights "0.001,0.001,29.109,0.001,0.827,0.001,70.06;48.124,27.857,0.001,8.06,12.403,3.546,0.009;0.001,0.001,0.001,0.001,0.001,0.001,99.994;0.001,0.001,0.001,0.001,0.001,0.001,99.994;0.001,0.001,0.001,0.001,0.001,0.001,99.994;0.001,0.001,0.001,0.001,0.001,0.001,99.994;0.001,0.001,0.001,0.001,0.001,0.001,99.994;0.001,0.001,0.001,0.001,0.001,0.001,99.994;0.001,0.001,0.001,0.001,0.001,0.001,99.994;0.001,0.001,0.001,0.001,0.001,0.001,99.994;0.001,0.001,0.001,0.001,0.001,0.001,99.994;0.001,0.001,0.001,0.001,0.001,0.001,99.994"
    levelsQoS 7
    queueSizes "32,32,32,32,32,32,32"
  ]
  node [
    id 13
    label "13"
    Country "United States"
    Longitude -116.20345
    Internal 1
    Latitude 43.6135
    type "destination_mmtc"
    schedulingPolicy "FIFO"
    levelsQoS "1"
    schedulingWeights "-"
    tosToQoSqueue "0,1,2,3,4,5,6,7,8,9,10,11,12,13,14,15,16,17,18,19,20,21,22,23,24,25,26,27,28,29,30,31,32,33,34,35,36,37,38,39,40,41,42,43,44,45,46,47,48,49,50,51,52,53,54,55,56,57,58,59,60,61,62,63,64"
    queueSizes "32"
  ]
  node [
    id 14
    label "14"
    Country "United States"
    Longitude -111.89105
    Internal 1
    Latitude 40.76078
    type "inner"
    schedulingPolicy "WFQ"
    tosToQoSqueue "27;26;29,31,33,35,38,40,46,47,52;32,34,36,37,39,41,42,43,45,48,49,51,53,55,56;28,30,44,50,54;24,0,1,2,3,4,5,6,7,8,9,10,11,12,13,14,15,16,17,18,19,20,21,22,23,25,57,58,59,60,61,62,63,64"
    schedulingWeights "0.001,14.554,5.373,4.961,1.419,73.692;16.041,0.001,2.687,6.615,2.128,72.528;0.001,0.001,0.001,0.001,0.001,99.995;0.001,0.001,0.001,0.827,0.001,99.169;0.001,0.001,0.001,0.001,0.001,99.995"
    levelsQoS 6
    queueSizes "32,32,32,32,32,32"
  ]
  node [
    id 15
    label "15"
    Country "United States"
    Longitude -93.26384
    Internal 1
    Latitude 44.97997
    type "inner"
    schedulingPolicy "WFQ"
    tosToQoSqueue "0,1,2,3,4,5,6,7,8,9,10,11,12,13,14,15,16,17,18,19,20,21,22,23,24,25,26,27,28,29,30,31,32,33,34,35,36,37,38,39,40,41,42,43,44,45,46,47,48,49,50,51,52,53,54,55,56,57,58,59,60,61,62,63,64"
    schedulingWeights "100;100"
    levelsQoS 1
    queueSizes "32"
  ]
  node [
    id 16
    label "16"
    Country "United States"
    Longitude -87.65005
    Internal 1
    Latitude 41.85003
    type "inner"
    schedulingPolicy "WFQ"
    tosToQoSqueue "26;29,31,33,35,38,40;32,34,36,37,39,41;28,30;24,0,1,2,3,4,5,6,7,8,9,10,11,12,13,14,15,16,17,18,19,20,21,22,23,25,27,42,43,44,45,46,47,48,49,50,51,52,53,54,55,56,57,58,59,60,61,62,63,64"
    schedulingWeights "0.001,0.001,0.001,0.001,99.996;14.554,5.373,4.961,1.419,73.693;0.001,0.001,0.001,0.001,99.996;0.001,0.001,0.001,0.001,99.996"
    levelsQoS 5
    queueSizes "32,32,32,32,32"
  ]
  node [
    id 17
    label "17"
    Country "United States"
    Longitude -77.61556
    Internal 1
    Latitude 43.15478
    type "inner"
    schedulingPolicy "WFQ"
    tosToQoSqueue "0,1,2,3,4,5,6,7,8,9,10,11,12,13,14,15,16,17,18,19,20,21,22,23,24,25,26,27,28,29,30,31,32,33,34,35,36,37,38,39,40,41,42,43,44,45,46,47,48,49,50,51,52,53,54,55,56,57,58,59,60,61,62,63,64"
    schedulingWeights "100;100"
    levelsQoS 1
    queueSizes "32"
  ]
  node [
    id 18
    label "18"
    Country "United States"
    Longitude -74.17237
    Internal 1
    Latitude 40.73566
    type "inner"
    schedulingPolicy "WFQ"
    tosToQoSqueue "0,1,2,3,4,5,6,7,8,9,10,11,12,13,14,15,16,17,18,19,20,21,22,23,24,25,26,27,28,29,30,31,32,33,34,35,36,37,38,39,40,41,42,43,44,45,46,47,48,49,50,51,52,53,54,55,56,57,58,59,60,61,62,63,64"
    schedulingWeights "100;100"
    levelsQoS 1
    queueSizes "32"
  ]
  node [
    id 19
    label "19"
    Country "United States"
    Longitude -77.03637
    Internal 1
    Latitude 38.89511
    type "inner"
    schedulingPolicy "WFQ"
    tosToQoSqueue "27;46,47,52;42,43,45,48,49,51,53,55;44,50,54;25,0,1,2,3,4,5,6,7,8,9,10,11,12,13,14,15,16,17,18,19,20,21,22,23,24,26,28,29,30,31,32,33,34,35,36,37,38,39,40,41,56,57,58,59,60,61,62,63,64"
    schedulingWeights "16.041,2.687,6.615,2.128,72.529;0.001,0.001,0.001,0.001,99.996;0.001,0.001,0.001,0.001,99.996"
    levelsQoS 5
    queueSizes "32,32,32,32,32"
  ]
  node [
    id 20
    label "20"
    schedulingPolicy "FIFO"
    levelsQoS "1"
    schedulingWeights "-"
    tosToQoSqueue "0,1,2,3,4,5,6,7,8,9,10,11,12,13,14,15,16,17,18,19,20,21,22,23,24,25,26,27,28,29,30,31,32,33,34,35,36,37,38,39,40,41,42,43,44,45,46,47,48,49,50,51,52,53,54,55,56,57,58,59,60,61,62,63,64"
    queueSizes "32"
    type "destination_urllc"
  ]
  node [
    id 21
    label "21"
    schedulingPolicy "FIFO"
    levelsQoS "1"
    schedulingWeights "-"
    tosToQoSqueue "0,1,2,3,4,5,6,7,8,9,10,11,12,13,14,15,16,17,18,19,20,21,22,23,24,25,26,27,28,29,30,31,32,33,34,35,36,37,38,39,40,41,42,43,44,45,46,47,48,49,50,51,52,53,54,55,56,57,58,59,60,61,62,63,64"
    queueSizes "32"
    type "destination_mmtc"
  ]
  node [
    id 22
    label "22"
    schedulingPolicy "FIFO"
    levelsQoS "1"
    schedulingWeights "-"
    tosToQoSqueue "0,1,2,3,4,5,6,7,8,9,10,11,12,13,14,15,16,17,18,19,20,21,22,23,24,25,26,27,28,29,30,31,32,33,34,35,36,37,38,39,40,41,42,43,44,45,46,47,48,49,50,51,52,53,54,55,56,57,58,59,60,61,62,63,64"
    queueSizes "32"
    type "destination_embb"
  ]
  node [
    id 23
    label "23"
    schedulingPolicy "FIFO"
    levelsQoS "1"
    schedulingWeights "-"
    tosToQoSqueue "0,1,2,3,4,5,6,7,8,9,10,11,12,13,14,15,16,17,18,19,20,21,22,23,24,25,26,27,28,29,30,31,32,33,34,35,36,37,38,39,40,41,42,43,44,45,46,47,48,49,50,51,52,53,54,55,56,57,58,59,60,61,62,63,64"
    queueSizes "32"
    type "origin_embb"
    reservation 17508600.0
  ]
  node [
    id 24
    label "24"
    schedulingPolicy "FIFO"
    levelsQoS "1"
    schedulingWeights "-"
    tosToQoSqueue "0,1,2,3,4,5,6,7,8,9,10,11,12,13,14,15,16,17,18,19,20,21,22,23,24,25,26,27,28,29,30,31,32,33,34,35,36,37,38,39,40,41,42,43,44,45,46,47,48,49,50,51,52,53,54,55,56,57,58,59,60,61,62,63,64"
    queueSizes "32"
    type "origin_embb"
    reservation 18367200.0
  ]
  node [
    id 25
    label "25"
    schedulingPolicy "FIFO"
    levelsQoS "1"
    schedulingWeights "-"
    tosToQoSqueue "0,1,2,3,4,5,6,7,8,9,10,11,12,13,14,15,16,17,18,19,20,21,22,23,24,25,26,27,28,29,30,31,32,33,34,35,36,37,38,39,40,41,42,43,44,45,46,47,48,49,50,51,52,53,54,55,56,57,58,59,60,61,62,63,64"
    queueSizes "32"
    type "origin_embb"
    reservation 18118800.0
  ]
  node [
    id 26
    label "26"
    schedulingPolicy "FIFO"
    levelsQoS "1"
    schedulingWeights "-"
    tosToQoSqueue "0,1,2,3,4,5,6,7,8,9,10,11,12,13,14,15,16,17,18,19,20,21,22,23,24,25,26,27,28,29,30,31,32,33,34,35,36,37,38,39,40,41,42,43,44,45,46,47,48,49,50,51,52,53,54,55,56,57,58,59,60,61,62,63,64"
    queueSizes "32"
    type "origin_urllc"
    reservation 3638600.0
  ]
  node [
    id 27
    label "27"
    schedulingPolicy "FIFO"
    levelsQoS "1"
    schedulingWeights "-"
    tosToQoSqueue "0,1,2,3,4,5,6,7,8,9,10,11,12,13,14,15,16,17,18,19,20,21,22,23,24,25,26,27,28,29,30,31,32,33,34,35,36,37,38,39,40,41,42,43,44,45,46,47,48,49,50,51,52,53,54,55,56,57,58,59,60,61,62,63,64"
    queueSizes "32"
    type "origin_urllc"
    reservation 4010300.0
  ]
  node [
    id 28
    label "28"
    schedulingPolicy "FIFO"
    levelsQoS "1"
    schedulingWeights "-"
    tosToQoSqueue "0,1,2,3,4,5,6,7,8,9,10,11,12,13,14,15,16,17,18,19,20,21,22,23,24,25,26,27,28,29,30,31,32,33,34,35,36,37,38,39,40,41,42,43,44,45,46,47,48,49,50,51,52,53,54,55,56,57,58,59,60,61,62,63,64"
    queueSizes "32"
    type "origin_mmtc"
    reservation 177320.0
  ]
  node [
    id 29
    label "29"
    schedulingPolicy "FIFO"
    levelsQoS "1"
    schedulingWeights "-"
    tosToQoSqueue "0,1,2,3,4,5,6,7,8,9,10,11,12,13,14,15,16,17,18,19,20,21,22,23,24,25,26,27,28,29,30,31,32,33,34,35,36,37,38,39,40,41,42,43,44,45,46,47,48,49,50,51,52,53,54,55,56,57,58,59,60,61,62,63,64"
    queueSizes "32"
    type "origin_mmtc"
    reservation 223880.0
  ]
  node [
    id 30
    label "30"
    schedulingPolicy "FIFO"
    levelsQoS "1"
    schedulingWeights "-"
    tosToQoSqueue "0,1,2,3,4,5,6,7,8,9,10,11,12,13,14,15,16,17,18,19,20,21,22,23,24,25,26,27,28,29,30,31,32,33,34,35,36,37,38,39,40,41,42,43,44,45,46,47,48,49,50,51,52,53,54,55,56,57,58,59,60,61,62,63,64"
    queueSizes "32"
    type "origin_mmtc"
    reservation 177320.0
  ]
  node [
    id 31
    label "31"
    schedulingPolicy "FIFO"
    levelsQoS "1"
    schedulingWeights "-"
    tosToQoSqueue "0,1,2,3,4,5,6,7,8,9,10,11,12,13,14,15,16,17,18,19,20,21,22,23,24,25,26,27,28,29,30,31,32,33,34,35,36,37,38,39,40,41,42,43,44,45,46,47,48,49,50,51,52,53,54,55,56,57,58,59,60,61,62,63,64"
    queueSizes "32"
    type "origin_mmtc"
    reservation 223880.0
  ]
  node [
    id 32
    label "32"
    schedulingPolicy "FIFO"
    levelsQoS "1"
    schedulingWeights "-"
    tosToQoSqueue "0,1,2,3,4,5,6,7,8,9,10,11,12,13,14,15,16,17,18,19,20,21,22,23,24,25,26,27,28,29,30,31,32,33,34,35,36,37,38,39,40,41,42,43,44,45,46,47,48,49,50,51,52,53,54,55,56,57,58,59,60,61,62,63,64"
    queueSizes "32"
    type "origin_mmtc"
    reservation 206720.0
  ]
  node [
    id 33
    label "33"
    schedulingPolicy "FIFO"
    levelsQoS "1"
    schedulingWeights "-"
    tosToQoSqueue "0,1,2,3,4,5,6,7,8,9,10,11,12,13,14,15,16,17,18,19,20,21,22,23,24,25,26,27,28,29,30,31,32,33,34,35,36,37,38,39,40,41,42,43,44,45,46,47,48,49,50,51,52,53,54,55,56,57,58,59,60,61,62,63,64"
    queueSizes "32"
    type "origin_mmtc"
    reservation 223880.0
  ]
  node [
    id 34
    label "34"
    schedulingPolicy "FIFO"
    levelsQoS "1"
    schedulingWeights "-"
    tosToQoSqueue "0,1,2,3,4,5,6,7,8,9,10,11,12,13,14,15,16,17,18,19,20,21,22,23,24,25,26,27,28,29,30,31,32,33,34,35,36,37,38,39,40,41,42,43,44,45,46,47,48,49,50,51,52,53,54,55,56,57,58,59,60,61,62,63,64"
    queueSizes "32"
    type "origin_mmtc"
    reservation 206720.0
  ]
  node [
    id 35
    label "35"
    schedulingPolicy "FIFO"
    levelsQoS "1"
    schedulingWeights "-"
    tosToQoSqueue "0,1,2,3,4,5,6,7,8,9,10,11,12,13,14,15,16,17,18,19,20,21,22,23,24,25,26,27,28,29,30,31,32,33,34,35,36,37,38,39,40,41,42,43,44,45,46,47,48,49,50,51,52,53,54,55,56,57,58,59,60,61,62,63,64"
    queueSizes "32"
    type "origin_mmtc"
    reservation 223880.0
  ]
  node [
    id 36
    label "36"
    schedulingPolicy "FIFO"
    levelsQoS "1"
    schedulingWeights "-"
    tosToQoSqueue "0,1,2,3,4,5,6,7,8,9,10,11,12,13,14,15,16,17,18,19,20,21,22,23,24,25,26,27,28,29,30,31,32,33,34,35,36,37,38,39,40,41,42,43,44,45,46,47,48,49,50,51,52,53,54,55,56,57,58,59,60,61,62,63,64"
    queueSizes "32"
    type "origin_mmtc"
    reservation 206720.0
  ]
  node [
    id 37
    label "37"
    schedulingPolicy "FIFO"
    levelsQoS "1"
    schedulingWeights "-"
    tosToQoSqueue "0,1,2,3,4,5,6,7,8,9,10,11,12,13,14,15,16,17,18,19,20,21,22,23,24,25,26,27,28,29,30,31,32,33,34,35,36,37,38,39,40,41,42,43,44,45,46,47,48,49,50,51,52,53,54,55,56,57,58,59,60,61,62,63,64"
    queueSizes "32"
    type "origin_mmtc"
    reservation 206720.0
  ]
  node [
    id 38
    label "38"
    schedulingPolicy "FIFO"
    levelsQoS "1"
    schedulingWeights "-"
    tosToQoSqueue "0,1,2,3,4,5,6,7,8,9,10,11,12,13,14,15,16,17,18,19,20,21,22,23,24,25,26,27,28,29,30,31,32,33,34,35,36,37,38,39,40,41,42,43,44,45,46,47,48,49,50,51,52,53,54,55,56,57,58,59,60,61,62,63,64"
    queueSizes "32"
    type "origin_mmtc"
    reservation 223880.0
  ]
  node [
    id 39
    label "39"
    schedulingPolicy "FIFO"
    levelsQoS "1"
    schedulingWeights "-"
    tosToQoSqueue "0,1,2,3,4,5,6,7,8,9,10,11,12,13,14,15,16,17,18,19,20,21,22,23,24,25,26,27,28,29,30,31,32,33,34,35,36,37,38,39,40,41,42,43,44,45,46,47,48,49,50,51,52,53,54,55,56,57,58,59,60,61,62,63,64"
    queueSizes "32"
    type "origin_mmtc"
    reservation 206720.0
  ]
  node [
    id 40
    label "40"
    schedulingPolicy "FIFO"
    levelsQoS "1"
    schedulingWeights "-"
    tosToQoSqueue "0,1,2,3,4,5,6,7,8,9,10,11,12,13,14,15,16,17,18,19,20,21,22,23,24,25,26,27,28,29,30,31,32,33,34,35,36,37,38,39,40,41,42,43,44,45,46,47,48,49,50,51,52,53,54,55,56,57,58,59,60,61,62,63,64"
    queueSizes "32"
    type "origin_mmtc"
    reservation 223880.0
  ]
  node [
    id 41
    label "41"
    schedulingPolicy "FIFO"
    levelsQoS "1"
    schedulingWeights "-"
    tosToQoSqueue "0,1,2,3,4,5,6,7,8,9,10,11,12,13,14,15,16,17,18,19,20,21,22,23,24,25,26,27,28,29,30,31,32,33,34,35,36,37,38,39,40,41,42,43,44,45,46,47,48,49,50,51,52,53,54,55,56,57,58,59,60,61,62,63,64"
    queueSizes "32"
    type "origin_mmtc"
    reservation 206720.0
  ]
  node [
    id 42
    label "42"
    schedulingPolicy "FIFO"
    levelsQoS "1"
    schedulingWeights "-"
    tosToQoSqueue "0,1,2,3,4,5,6,7,8,9,10,11,12,13,14,15,16,17,18,19,20,21,22,23,24,25,26,27,28,29,30,31,32,33,34,35,36,37,38,39,40,41,42,43,44,45,46,47,48,49,50,51,52,53,54,55,56,57,58,59,60,61,62,63,64"
    queueSizes "32"
    type "origin_mmtc"
    reservation 206720.0
  ]
  node [
    id 43
    label "43"
    schedulingPolicy "FIFO"
    levelsQoS "1"
    schedulingWeights "-"
    tosToQoSqueue "0,1,2,3,4,5,6,7,8,9,10,11,12,13,14,15,16,17,18,19,20,21,22,23,24,25,26,27,28,29,30,31,32,33,34,35,36,37,38,39,40,41,42,43,44,45,46,47,48,49,50,51,52,53,54,55,56,57,58,59,60,61,62,63,64"
    queueSizes "32"
    type "origin_mmtc"
    reservation 206720.0
  ]
  node [
    id 44
    label "44"
    schedulingPolicy "FIFO"
    levelsQoS "1"
    schedulingWeights "-"
    tosToQoSqueue "0,1,2,3,4,5,6,7,8,9,10,11,12,13,14,15,16,17,18,19,20,21,22,23,24,25,26,27,28,29,30,31,32,33,34,35,36,37,38,39,40,41,42,43,44,45,46,47,48,49,50,51,52,53,54,55,56,57,58,59,60,61,62,63,64"
    queueSizes "32"
    type "origin_mmtc"
    reservation 177320.0
  ]
  node [
    id 45
    label "45"
    schedulingPolicy "FIFO"
    levelsQoS "1"
    schedulingWeights "-"
    tosToQoSqueue "0,1,2,3,4,5,6,7,8,9,10,11,12,13,14,15,16,17,18,19,20,21,22,23,24,25,26,27,28,29,30,31,32,33,34,35,36,37,38,39,40,41,42,43,44,45,46,47,48,49,50,51,52,53,54,55,56,57,58,59,60,61,62,63,64"
    queueSizes "32"
    type "origin_mmtc"
    reservation 206720.0
  ]
  node [
    id 46
    label "46"
    schedulingPolicy "FIFO"
    levelsQoS "1"
    schedulingWeights "-"
    tosToQoSqueue "0,1,2,3,4,5,6,7,8,9,10,11,12,13,14,15,16,17,18,19,20,21,22,23,24,25,26,27,28,29,30,31,32,33,34,35,36,37,38,39,40,41,42,43,44,45,46,47,48,49,50,51,52,53,54,55,56,57,58,59,60,61,62,63,64"
    queueSizes "32"
    type "origin_mmtc"
    reservation 223880.0
  ]
  node [
    id 47
    label "47"
    schedulingPolicy "FIFO"
    levelsQoS "1"
    schedulingWeights "-"
    tosToQoSqueue "0,1,2,3,4,5,6,7,8,9,10,11,12,13,14,15,16,17,18,19,20,21,22,23,24,25,26,27,28,29,30,31,32,33,34,35,36,37,38,39,40,41,42,43,44,45,46,47,48,49,50,51,52,53,54,55,56,57,58,59,60,61,62,63,64"
    queueSizes "32"
    type "origin_mmtc"
    reservation 223880.0
  ]
  node [
    id 48
    label "48"
    schedulingPolicy "FIFO"
    levelsQoS "1"
    schedulingWeights "-"
    tosToQoSqueue "0,1,2,3,4,5,6,7,8,9,10,11,12,13,14,15,16,17,18,19,20,21,22,23,24,25,26,27,28,29,30,31,32,33,34,35,36,37,38,39,40,41,42,43,44,45,46,47,48,49,50,51,52,53,54,55,56,57,58,59,60,61,62,63,64"
    queueSizes "32"
    type "origin_mmtc"
    reservation 206720.0
  ]
  node [
    id 49
    label "49"
    schedulingPolicy "FIFO"
    levelsQoS "1"
    schedulingWeights "-"
    tosToQoSqueue "0,1,2,3,4,5,6,7,8,9,10,11,12,13,14,15,16,17,18,19,20,21,22,23,24,25,26,27,28,29,30,31,32,33,34,35,36,37,38,39,40,41,42,43,44,45,46,47,48,49,50,51,52,53,54,55,56,57,58,59,60,61,62,63,64"
    queueSizes "32"
    type "origin_mmtc"
    reservation 206720.0
  ]
  node [
    id 50
    label "50"
    schedulingPolicy "FIFO"
    levelsQoS "1"
    schedulingWeights "-"
    tosToQoSqueue "0,1,2,3,4,5,6,7,8,9,10,11,12,13,14,15,16,17,18,19,20,21,22,23,24,25,26,27,28,29,30,31,32,33,34,35,36,37,38,39,40,41,42,43,44,45,46,47,48,49,50,51,52,53,54,55,56,57,58,59,60,61,62,63,64"
    queueSizes "32"
    type "origin_mmtc"
    reservation 177320.0
  ]
  node [
    id 51
    label "51"
    schedulingPolicy "FIFO"
    levelsQoS "1"
    schedulingWeights "-"
    tosToQoSqueue "0,1,2,3,4,5,6,7,8,9,10,11,12,13,14,15,16,17,18,19,20,21,22,23,24,25,26,27,28,29,30,31,32,33,34,35,36,37,38,39,40,41,42,43,44,45,46,47,48,49,50,51,52,53,54,55,56,57,58,59,60,61,62,63,64"
    queueSizes "32"
    type "origin_mmtc"
    reservation 206720.0
  ]
  node [
    id 52
    label "52"
    schedulingPolicy "FIFO"
    levelsQoS "1"
    schedulingWeights "-"
    tosToQoSqueue "0,1,2,3,4,5,6,7,8,9,10,11,12,13,14,15,16,17,18,19,20,21,22,23,24,25,26,27,28,29,30,31,32,33,34,35,36,37,38,39,40,41,42,43,44,45,46,47,48,49,50,51,52,53,54,55,56,57,58,59,60,61,62,63,64"
    queueSizes "32"
    type "origin_mmtc"
    reservation 223880.0
  ]
  node [
    id 53
    label "53"
    schedulingPolicy "FIFO"
    levelsQoS "1"
    schedulingWeights "-"
    tosToQoSqueue "0,1,2,3,4,5,6,7,8,9,10,11,12,13,14,15,16,17,18,19,20,21,22,23,24,25,26,27,28,29,30,31,32,33,34,35,36,37,38,39,40,41,42,43,44,45,46,47,48,49,50,51,52,53,54,55,56,57,58,59,60,61,62,63,64"
    queueSizes "32"
    type "origin_mmtc"
    reservation 206720.0
  ]
  node [
    id 54
    label "54"
    schedulingPolicy "FIFO"
    levelsQoS "1"
    schedulingWeights "-"
    tosToQoSqueue "0,1,2,3,4,5,6,7,8,9,10,11,12,13,14,15,16,17,18,19,20,21,22,23,24,25,26,27,28,29,30,31,32,33,34,35,36,37,38,39,40,41,42,43,44,45,46,47,48,49,50,51,52,53,54,55,56,57,58,59,60,61,62,63,64"
    queueSizes "32"
    type "origin_mmtc"
    reservation 177320.0
  ]
  node [
    id 55
    label "55"
    schedulingPolicy "FIFO"
    levelsQoS "1"
    schedulingWeights "-"
    tosToQoSqueue "0,1,2,3,4,5,6,7,8,9,10,11,12,13,14,15,16,17,18,19,20,21,22,23,24,25,26,27,28,29,30,31,32,33,34,35,36,37,38,39,40,41,42,43,44,45,46,47,48,49,50,51,52,53,54,55,56,57,58,59,60,61,62,63,64"
    queueSizes "32"
    type "origin_mmtc"
    reservation 206720.0
  ]
  node [
    id 56
    label "56"
    schedulingPolicy "FIFO"
    levelsQoS "1"
    schedulingWeights "-"
    tosToQoSqueue "0,1,2,3,4,5,6,7,8,9,10,11,12,13,14,15,16,17,18,19,20,21,22,23,24,25,26,27,28,29,30,31,32,33,34,35,36,37,38,39,40,41,42,43,44,45,46,47,48,49,50,51,52,53,54,55,56,57,58,59,60,61,62,63,64"
    queueSizes "32"
    type "origin_mmtc"
    reservation 206720.0
  ]
  node [
    id 57
    label "57"
    schedulingPolicy "FIFO"
    levelsQoS "1"
    schedulingWeights "-"
    tosToQoSqueue "0,1,2,3,4,5,6,7,8,9,10,11,12,13,14,15,16,17,18,19,20,21,22,23,24,25,26,27,28,29,30,31,32,33,34,35,36,37,38,39,40,41,42,43,44,45,46,47,48,49,50,51,52,53,54,55,56,57,58,59,60,61,62,63,64"
    queueSizes "32"
    type "origin_urllc"
    reservation 3638600.0
  ]
  node [
    id 58
    label "58"
    schedulingPolicy "FIFO"
    levelsQoS "1"
    schedulingWeights "-"
    tosToQoSqueue "0,1,2,3,4,5,6,7,8,9,10,11,12,13,14,15,16,17,18,19,20,21,22,23,24,25,26,27,28,29,30,31,32,33,34,35,36,37,38,39,40,41,42,43,44,45,46,47,48,49,50,51,52,53,54,55,56,57,58,59,60,61,62,63,64"
    queueSizes "32"
    type "origin_urllc"
    reservation 3638600.0
  ]
  node [
    id 59
    label "59"
    schedulingPolicy "FIFO"
    levelsQoS "1"
    schedulingWeights "-"
    tosToQoSqueue "0,1,2,3,4,5,6,7,8,9,10,11,12,13,14,15,16,17,18,19,20,21,22,23,24,25,26,27,28,29,30,31,32,33,34,35,36,37,38,39,40,41,42,43,44,45,46,47,48,49,50,51,52,53,54,55,56,57,58,59,60,61,62,63,64"
    queueSizes "32"
    type "origin_urllc"
    reservation 4010300.0
  ]
  node [
    id 60
    label "60"
    schedulingPolicy "FIFO"
    levelsQoS "1"
    schedulingWeights "-"
    tosToQoSqueue "0,1,2,3,4,5,6,7,8,9,10,11,12,13,14,15,16,17,18,19,20,21,22,23,24,25,26,27,28,29,30,31,32,33,34,35,36,37,38,39,40,41,42,43,44,45,46,47,48,49,50,51,52,53,54,55,56,57,58,59,60,61,62,63,64"
    queueSizes "32"
    type "origin_urllc"
    reservation 3482150.0
  ]
  node [
    id 61
    label "61"
    schedulingPolicy "FIFO"
    levelsQoS "1"
    schedulingWeights "-"
    tosToQoSqueue "0,1,2,3,4,5,6,7,8,9,10,11,12,13,14,15,16,17,18,19,20,21,22,23,24,25,26,27,28,29,30,31,32,33,34,35,36,37,38,39,40,41,42,43,44,45,46,47,48,49,50,51,52,53,54,55,56,57,58,59,60,61,62,63,64"
    queueSizes "32"
    type "origin_urllc"
    reservation 4010300.0
  ]
  node [
    id 62
    label "62"
    schedulingPolicy "FIFO"
    levelsQoS "1"
    schedulingWeights "-"
    tosToQoSqueue "0,1,2,3,4,5,6,7,8,9,10,11,12,13,14,15,16,17,18,19,20,21,22,23,24,25,26,27,28,29,30,31,32,33,34,35,36,37,38,39,40,41,42,43,44,45,46,47,48,49,50,51,52,53,54,55,56,57,58,59,60,61,62,63,64"
    queueSizes "32"
    type "origin_urllc"
    reservation 4010300.0
  ]
  node [
    id 63
    label "63"
    schedulingPolicy "FIFO"
    levelsQoS "1"
    schedulingWeights "-"
    tosToQoSqueue "0,1,2,3,4,5,6,7,8,9,10,11,12,13,14,15,16,17,18,19,20,21,22,23,24,25,26,27,28,29,30,31,32,33,34,35,36,37,38,39,40,41,42,43,44,45,46,47,48,49,50,51,52,53,54,55,56,57,58,59,60,61,62,63,64"
    queueSizes "32"
    type "origin_urllc"
    reservation 3482150.0
  ]
  node [
    id 64
    label "64"
    schedulingPolicy "FIFO"
    levelsQoS "1"
    schedulingWeights "-"
    tosToQoSqueue "0,1,2,3,4,5,6,7,8,9,10,11,12,13,14,15,16,17,18,19,20,21,22,23,24,25,26,27,28,29,30,31,32,33,34,35,36,37,38,39,40,41,42,43,44,45,46,47,48,49,50,51,52,53,54,55,56,57,58,59,60,61,62,63,64"
    queueSizes "32"
    type "origin_mmtc"
    reservation 206720.0
  ]
  edge [
    source 0
    target 1
    key 0
    id "e21"
    bandwidth 25000000
    traffic "18000000,3500000,200000,200000,200000,200000,200000,200000,200000,200000,200000,200000,200000,200000,200000,200000"
    reservation "18367200.0,3638600.0,177320.0,223880.0,177320.0,223880.0,206720.0,223880.0,206720.0,223880.0,206720.0,206720.0,223880.0,206720.0,223880.0,206720.0"
    port 0
  ]
  edge [
    source 0
    target 3
    key 0
    id "e19"
    bandwidth 25000000
    traffic ""
    reservation ""
    port 1
  ]
  edge [
    source 0
    target 14
    key 0
    id "e7"
    bandwidth 25000000
    traffic "3500000,200000,200000,200000,200000,200000,200000,200000,200000,200000,200000,200000,200000,200000,200000,200000"
    reservation "4010300.0,206720.0,206720.0,177320.0,206720.0,223880.0,223880.0,206720.0,206720.0,177320.0,206720.0,223880.0,206720.0,177320.0,206720.0,206720.0"
    port 2
  ]
  edge [
    source 1
    target 0
    key 0
    id "e21"
    bandwidth 25000000
    traffic "200000"
    reservation "206720.0"
    port 0
  ]
  edge [
    source 1
    target 3
    key 0
    id "e20"
    bandwidth 25000000
    traffic ""
    reservation ""
    port 1
  ]
  edge [
    source 1
    target 4
    key 0
    id "e22"
    bandwidth 25000000
    traffic "3500000,200000,200000,200000,200000,200000,200000,200000,200000,200000,200000,200000,200000,200000,200000"
    reservation "3638600.0,177320.0,223880.0,177320.0,223880.0,206720.0,223880.0,206720.0,223880.0,206720.0,206720.0,223880.0,206720.0,223880.0,206720.0"
    port 2
  ]
  edge [
    source 1
    target 22
    key 0
    port 3
    weight 1
    bandwidth 350000000
    traffic "18000000,18000000,18000000"
    reservation "17508600.0,18367200.0,18118800.0"
  ]
  edge [
    source 2
    target 16
    key 0
    id "e10"
    bandwidth 25000000
    traffic "18000000,3500000,200000,200000,200000,200000,200000,200000,200000,200000,200000,200000,200000,200000,200000,200000"
    reservation "18367200.0,3638600.0,177320.0,223880.0,177320.0,223880.0,206720.0,223880.0,206720.0,223880.0,206720.0,206720.0,223880.0,206720.0,223880.0,206720.0"
    port 0
  ]
  edge [
    source 2
    target 11
    key 0
    id "e17"
    bandwidth 25000000
    traffic ""
    reservation ""
    port 1
  ]
  edge [
    source 2
    target 3
    key 0
    id "e18"
    bandwidth 25000000
    traffic "18000000,3500000,200000,200000,200000,200000,200000,200000,200000,200000,200000,200000,200000,200000,200000,200000"
    reservation "18118800.0,4010300.0,206720.0,206720.0,177320.0,206720.0,223880.0,223880.0,206720.0,206720.0,177320.0,206720.0,223880.0,206720.0,177320.0,206720.0"
    port 2
  ]
  edge [
    source 2
    target 19
    key 0
    id "e15"
    bandwidth 25000000
    traffic ""
    reservation ""
    port 3
  ]
  edge [
    source 3
    target 0
    key 0
    id "e19"
    bandwidth 25000000
    traffic "3500000,200000,200000,200000,200000,200000,200000,200000,200000,200000,200000,200000,200000,200000,200000"
    reservation "4010300.0,206720.0,206720.0,177320.0,206720.0,223880.0,223880.0,206720.0,206720.0,177320.0,206720.0,223880.0,206720.0,177320.0,206720.0"
    port 0
  ]
  edge [
    source 3
    target 1
    key 0
    id "e20"
    bandwidth 25000000
    traffic "18000000"
    reservation "18118800.0"
    port 1
  ]
  edge [
    source 3
    target 2
    key 0
    id "e18"
    bandwidth 25000000
    traffic ""
    reservation ""
    port 2
  ]
  edge [
    source 4
    target 1
    key 0
    id "e22"
    bandwidth 25000000
    traffic "18000000,200000"
    reservation "17508600.0,206720.0"
    port 0
  ]
  edge [
    source 4
    target 7
    key 0
    id "e26"
    bandwidth 25000000
    traffic "3500000,200000,200000,200000,200000,200000,200000,200000,200000,200000,200000,200000,200000,200000,200000"
    reservation "3638600.0,177320.0,223880.0,177320.0,223880.0,206720.0,223880.0,206720.0,223880.0,206720.0,206720.0,223880.0,206720.0,223880.0,206720.0"
    port 1
  ]
  edge [
    source 5
    target 8
    key 0
    id "e28"
    bandwidth 25000000
    traffic "3500000,3500000,200000,200000,200000,200000,200000,200000,200000,200000,200000,200000,200000,200000,200000,200000,200000,200000,200000,200000,200000,200000,200000,200000,200000,200000,200000,200000,200000,200000"
    reservation "3638600.0,4010300.0,177320.0,223880.0,177320.0,223880.0,206720.0,223880.0,206720.0,223880.0,206720.0,206720.0,223880.0,206720.0,223880.0,206720.0,206720.0,206720.0,177320.0,206720.0,223880.0,223880.0,206720.0,206720.0,177320.0,206720.0,223880.0,206720.0,177320.0,206720.0"
    port 0
  ]
  edge [
    source 5
    target 6
    key 0
    id "e23"
    bandwidth 25000000
    traffic ""
    reservation ""
    port 1
  ]
  edge [
    source 6
    target 5
    key 0
    id "e23"
    bandwidth 25000000
    traffic "3500000,3500000,200000,200000,200000,200000,200000,200000,200000,200000,200000,200000,200000,200000,200000,200000,200000,200000,200000,200000,200000,200000,200000,200000,200000,200000,200000,200000,200000,200000"
    reservation "3638600.0,4010300.0,177320.0,223880.0,177320.0,223880.0,206720.0,223880.0,206720.0,223880.0,206720.0,206720.0,223880.0,206720.0,223880.0,206720.0,206720.0,206720.0,177320.0,206720.0,223880.0,223880.0,206720.0,206720.0,177320.0,206720.0,223880.0,206720.0,177320.0,206720.0"
    port 0
  ]
  edge [
    source 6
    target 8
    key 0
    id "e24"
    bandwidth 25000000
    traffic ""
    reservation ""
    port 1
  ]
  edge [
    source 6
    target 14
    key 0
    id "e6"
    bandwidth 25000000
    traffic ""
    reservation ""
    port 2
  ]
  edge [
    source 6
    target 7
    key 0
    id "e25"
    bandwidth 25000000
    traffic ""
    reservation ""
    port 3
  ]
  edge [
    source 7
    target 4
    key 0
    id "e26"
    bandwidth 25000000
    traffic "18000000,200000"
    reservation "17508600.0,206720.0"
    port 0
  ]
  edge [
    source 7
    target 6
    key 0
    id "e25"
    bandwidth 25000000
    traffic "3500000,200000,200000,200000,200000,200000,200000,200000,200000,200000,200000,200000,200000,200000,200000"
    reservation "3638600.0,177320.0,223880.0,177320.0,223880.0,206720.0,223880.0,206720.0,223880.0,206720.0,206720.0,223880.0,206720.0,223880.0,206720.0"
    port 1
  ]
  edge [
    source 7
    target 9
    key 0
    id "e27"
    bandwidth 25000000
    traffic ""
    reservation ""
    port 2
  ]
  edge [
    source 8
    target 5
    key 0
    id "e28"
    bandwidth 25000000
    traffic ""
    reservation ""
    port 0
  ]
  edge [
    source 8
    target 6
    key 0
    id "e24"
    bandwidth 25000000
    traffic ""
    reservation ""
    port 1
  ]
  edge [
    source 8
    target 9
    key 0
    id "e29"
    bandwidth 25000000
    traffic "3500000,3500000,200000,200000,200000,200000,200000,200000,200000,200000,200000,200000,200000,200000,200000,200000,200000,200000,200000,200000,200000,200000,200000,200000,200000,200000,200000,200000,200000,200000"
    reservation "3638600.0,4010300.0,177320.0,223880.0,177320.0,223880.0,206720.0,223880.0,206720.0,223880.0,206720.0,206720.0,223880.0,206720.0,223880.0,206720.0,206720.0,206720.0,177320.0,206720.0,223880.0,223880.0,206720.0,206720.0,177320.0,206720.0,223880.0,206720.0,177320.0,206720.0"
    port 2
  ]
  edge [
    source 9
    target 7
    key 0
    id "e27"
    bandwidth 25000000
    traffic "18000000,200000"
    reservation "17508600.0,206720.0"
    port 0
  ]
  edge [
    source 9
    target 8
    key 0
    id "e29"
    bandwidth 25000000
    traffic ""
    reservation ""
    port 1
  ]
  edge [
    source 9
    target 12
    key 0
    id "e1"
    bandwidth 25000000
    traffic "200000,200000,200000,200000,200000,200000,200000,200000,200000,200000,200000,200000,200000,200000,200000,200000,200000,200000,200000,200000,200000,200000,200000,200000,200000,200000,200000,200000"
    reservation "177320.0,223880.0,177320.0,223880.0,206720.0,223880.0,206720.0,223880.0,206720.0,206720.0,223880.0,206720.0,223880.0,206720.0,206720.0,206720.0,177320.0,206720.0,223880.0,223880.0,206720.0,206720.0,177320.0,206720.0,223880.0,206720.0,177320.0,206720.0"
    port 2
  ]
  edge [
    source 9
    target 13
    key 0
    id "e3"
    bandwidth 25000000
    traffic ""
    reservation ""
    port 3
  ]
  edge [
    source 9
    target 14
    key 0
    id "e4"
    bandwidth 25000000
    traffic ""
    reservation ""
    port 4
  ]
  edge [
    source 9
    target 15
    key 0
    id "e8"
    bandwidth 25000000
    traffic ""
    reservation ""
    port 5
  ]
  edge [
    source 9
    target 20
    key 0
    port 6
    weight 1
    bandwidth 350000000
    traffic "3500000,3500000,3500000,3500000,3500000,3500000,3500000,3500000,3500000"
    reservation "3638600.0,4010300.0,3638600.0,3638600.0,4010300.0,3482150.0,4010300.0,4010300.0,3482150.0"
  ]
  edge [
    source 10
    target 11
    key 0
    id "e16"
    bandwidth 25000000
    traffic "18000000,3500000,200000,200000,200000,200000,200000,200000,200000,200000,200000,200000,200000,200000,200000,200000"
    reservation "18367200.0,3638600.0,177320.0,223880.0,177320.0,223880.0,206720.0,223880.0,206720.0,223880.0,206720.0,206720.0,223880.0,206720.0,223880.0,206720.0"
    port 0
  ]
  edge [
    source 10
    target 19
    key 0
    id "e14"
    bandwidth 25000000
    traffic "18000000,3500000,200000,200000,200000,200000,200000,200000,200000,200000,200000,200000,200000,200000,200000,200000"
    reservation "18118800.0,4010300.0,206720.0,206720.0,177320.0,206720.0,223880.0,223880.0,206720.0,206720.0,177320.0,206720.0,223880.0,206720.0,177320.0,206720.0"
    port 1
  ]
  edge [
    source 10
    target 24
    key 0
    port 2
    weight 1
    bandwidth 50000000
    traffic ""
    reservation ""
  ]
  edge [
    source 10
    target 26
    key 0
    port 3
    weight 1
    bandwidth 50000000
    traffic ""
    reservation ""
  ]
  edge [
    source 10
    target 27
    key 0
    port 4
    weight 1
    bandwidth 50000000
    traffic ""
    reservation ""
  ]
  edge [
    source 10
    target 28
    key 0
    port 5
    weight 1
    bandwidth 50000000
    traffic ""
    reservation ""
  ]
  edge [
    source 10
    target 29
    key 0
    port 6
    weight 1
    bandwidth 50000000
    traffic ""
    reservation ""
  ]
  edge [
    source 10
    target 30
    key 0
    port 7
    weight 1
    bandwidth 50000000
    traffic ""
    reservation ""
  ]
  edge [
    source 10
    target 31
    key 0
    port 8
    weight 1
    bandwidth 50000000
    traffic ""
    reservation ""
  ]
  edge [
    source 10
    target 32
    key 0
    port 9
    weight 1
    bandwidth 50000000
    traffic ""
    reservation ""
  ]
  edge [
    source 10
    target 33
    key 0
    port 10
    weight 1
    bandwidth 50000000
    traffic ""
    reservation ""
  ]
  edge [
    source 10
    target 34
    key 0
    port 11
    weight 1
    bandwidth 50000000
    traffic ""
    reservation ""
  ]
  edge [
    source 10
    target 35
    key 0
    port 12
    weight 1
    bandwidth 50000000
    traffic ""
    reservation ""
  ]
  edge [
    source 10
    target 36
    key 0
    port 13
    weight 1
    bandwidth 50000000
    traffic ""
    reservation ""
  ]
  edge [
    source 10
    target 37
    key 0
    port 14
    weight 1
    bandwidth 50000000
    traffic ""
    reservation ""
  ]
  edge [
    source 10
    target 38
    key 0
    port 15
    weight 1
    bandwidth 50000000
    traffic ""
    reservation ""
  ]
  edge [
    source 10
    target 39
    key 0
    port 16
    weight 1
    bandwidth 50000000
    traffic ""
    reservation ""
  ]
  edge [
    source 10
    target 40
    key 0
    port 17
    weight 1
    bandwidth 50000000
    traffic ""
    reservation ""
  ]
  edge [
    source 10
    target 41
    key 0
    port 18
    weight 1
    bandwidth 50000000
    traffic ""
    reservation ""
  ]
  edge [
    source 10
    target 42
    key 0
    port 19
    weight 1
    bandwidth 50000000
    traffic ""
    reservation ""
  ]
  edge [
    source 10
    target 43
    key 0
    port 20
    weight 1
    bandwidth 50000000
    traffic ""
    reservation ""
  ]
  edge [
    source 10
    target 44
    key 0
    port 21
    weight 1
    bandwidth 50000000
    traffic ""
    reservation ""
  ]
  edge [
    source 10
    target 45
    key 0
    port 22
    weight 1
    bandwidth 50000000
    traffic ""
    reservation ""
  ]
  edge [
    source 10
    target 46
    key 0
    port 23
    weight 1
    bandwidth 50000000
    traffic ""
    reservation ""
  ]
  edge [
    source 10
    target 47
    key 0
    port 24
    weight 1
    bandwidth 50000000
    traffic ""
    reservation ""
  ]
  edge [
    source 10
    target 48
    key 0
    port 25
    weight 1
    bandwidth 50000000
    traffic ""
    reservation ""
  ]
  edge [
    source 10
    target 49
    key 0
    port 26
    weight 1
    bandwidth 50000000
    traffic ""
    reservation ""
  ]
  edge [
    source 10
    target 50
    key 0
    port 27
    weight 1
    bandwidth 50000000
    traffic ""
    reservation ""
  ]
  edge [
    source 10
    target 51
    key 0
    port 28
    weight 1
    bandwidth 50000000
    traffic ""
    reservation ""
  ]
  edge [
    source 10
    target 52
    key 0
    port 29
    weight 1
    bandwidth 50000000
    traffic ""
    reservation ""
  ]
  edge [
    source 10
    target 53
    key 0
    port 30
    weight 1
    bandwidth 50000000
    traffic ""
    reservation ""
  ]
  edge [
    source 10
    target 54
    key 0
    port 31
    weight 1
    bandwidth 50000000
    traffic ""
    reservation ""
  ]
  edge [
    source 10
    target 55
    key 0
    port 32
    weight 1
    bandwidth 50000000
    traffic ""
    reservation ""
  ]
  edge [
    source 11
    target 2
    key 0
    id "e17"
    bandwidth 25000000
    traffic "18000000,3500000,200000,200000,200000,200000,200000,200000,200000,200000,200000,200000,200000,200000,200000,200000"
    reservation "18367200.0,3638600.0,177320.0,223880.0,177320.0,223880.0,206720.0,223880.0,206720.0,223880.0,206720.0,206720.0,223880.0,206720.0,223880.0,206720.0"
    port 0
  ]
  edge [
    source 11
    target 10
    key 0
    id "e16"
    bandwidth 25000000
    traffic "18000000"
    reservation "18118800.0"
    port 1
  ]
  edge [
    source 11
    target 25
    key 0
    port 2
    weight 1
    bandwidth 50000000
    traffic ""
    reservation ""
  ]
  edge [
    source 12
    target 9
    key 0
    id "e1"
    bandwidth 25000000
    traffic "18000000,200000,3500000,3500000"
    reservation "17508600.0,206720.0,3638600.0,3638600.0"
    port 0
  ]
  edge [
    source 12
    target 13
    key 0
    id "e0"
    bandwidth 25000000
    traffic "200000,200000,200000,200000,200000,200000,200000,200000,200000,200000,200000,200000,200000,200000,200000,200000,200000,200000,200000,200000,200000,200000,200000,200000,200000,200000,200000,200000,3500000,3500000,3500000,3500000,3500000,200000"
    reservation "177320.0,223880.0,177320.0,223880.0,206720.0,223880.0,206720.0,223880.0,206720.0,206720.0,223880.0,206720.0,223880.0,206720.0,206720.0,206720.0,177320.0,206720.0,223880.0,223880.0,206720.0,206720.0,177320.0,206720.0,223880.0,206720.0,177320.0,206720.0,4010300.0,3482150.0,4010300.0,4010300.0,3482150.0,206720.0"
    port 1
  ]
  edge [
    source 12
    target 23
    key 0
    port 2
    weight 1
    bandwidth 50000000
    traffic ""
    reservation ""
  ]
  edge [
    source 12
    target 56
    key 0
    port 3
    weight 1
    bandwidth 50000000
    traffic ""
    reservation ""
  ]
  edge [
    source 12
    target 57
    key 0
    port 4
    weight 1
    bandwidth 50000000
    traffic ""
    reservation ""
  ]
  edge [
    source 12
    target 58
    key 0
    port 5
    weight 1
    bandwidth 50000000
    traffic ""
    reservation ""
  ]
  edge [
    source 12
    target 59
    key 0
    port 6
    weight 1
    bandwidth 50000000
    traffic ""
    reservation ""
  ]
  edge [
    source 12
    target 60
    key 0
    port 7
    weight 1
    bandwidth 50000000
    traffic ""
    reservation ""
  ]
  edge [
    source 12
    target 61
    key 0
    port 8
    weight 1
    bandwidth 50000000
    traffic ""
    reservation ""
  ]
  edge [
    source 12
    target 62
    key 0
    port 9
    weight 1
    bandwidth 50000000
    traffic ""
    reservation ""
  ]
  edge [
    source 12
    target 63
    key 0
    port 10
    weight 1
    bandwidth 50000000
    traffic ""
    reservation ""
  ]
  edge [
    source 12
    target 64
    key 0
    port 11
    weight 1
    bandwidth 50000000
    traffic ""
    reservation ""
  ]
  edge [
    source 13
    target 9
    key 0
    id "e3"
    bandwidth 25000000
    traffic "3500000,3500000,3500000,3500000,3500000"
    reservation "4010300.0,3482150.0,4010300.0,4010300.0,3482150.0"
    port 0
  ]
  edge [
    source 13
    target 12
    key 0
    id "e0"
    bandwidth 25000000
    traffic ""
    reservation ""
    port 1
  ]
  edge [
    source 13
    target 14
    key 0
    id "e2"
    bandwidth 25000000
    traffic ""
    reservation ""
    port 2
  ]
  edge [
    source 13
    target 21
    key 0
    port 3
    weight 1
    bandwidth 350000000
    traffic "200000,200000,200000,200000,200000,200000,200000,200000,200000,200000,200000,200000,200000,200000,200000,200000,200000,200000,200000,200000,200000,200000,200000,200000,200000,200000,200000,200000,200000,200000"
    reservation "177320.0,223880.0,177320.0,223880.0,206720.0,223880.0,206720.0,223880.0,206720.0,206720.0,223880.0,206720.0,223880.0,206720.0,206720.0,206720.0,177320.0,206720.0,223880.0,223880.0,206720.0,206720.0,177320.0,206720.0,223880.0,206720.0,177320.0,206720.0,206720.0,206720.0"
  ]
  edge [
    source 14
    target 0
    key 0
    id "e7"
    bandwidth 25000000
    traffic "18000000,3500000,200000,200000,200000,200000,200000,200000,200000,200000,200000,200000,200000,200000,200000,200000"
    reservation "18367200.0,3638600.0,177320.0,223880.0,177320.0,223880.0,206720.0,223880.0,206720.0,223880.0,206720.0,206720.0,223880.0,206720.0,223880.0,206720.0"
    port 0
  ]
  edge [
    source 14
    target 6
    key 0
    id "e6"
    bandwidth 25000000
    traffic "3500000,200000,200000,200000,200000,200000,200000,200000,200000,200000,200000,200000,200000,200000,200000"
    reservation "4010300.0,206720.0,206720.0,177320.0,206720.0,223880.0,223880.0,206720.0,206720.0,177320.0,206720.0,223880.0,206720.0,177320.0,206720.0"
    port 1
  ]
  edge [
    source 14
    target 9
    key 0
    id "e4"
    bandwidth 25000000
    traffic ""
    reservation ""
    port 2
  ]
  edge [
    source 14
    target 13
    key 0
    id "e2"
    bandwidth 25000000
    traffic "200000"
    reservation "206720.0"
    port 3
  ]
  edge [
    source 14
    target 16
    key 0
    id "e5"
    bandwidth 25000000
    traffic ""
    reservation ""
    port 4
  ]
  edge [
    source 15
    target 9
    key 0
    id "e8"
    bandwidth 25000000
    traffic ""
    reservation ""
    port 0
  ]
  edge [
    source 15
    target 16
    key 0
    id "e9"
    bandwidth 25000000
    traffic ""
    reservation ""
    port 1
  ]
  edge [
    source 16
    target 2
    key 0
    id "e10"
    bandwidth 25000000
    traffic ""
    reservation ""
    port 0
  ]
  edge [
    source 16
    target 14
    key 0
    id "e5"
    bandwidth 25000000
    traffic "18000000,3500000,200000,200000,200000,200000,200000,200000,200000,200000,200000,200000,200000,200000,200000,200000"
    reservation "18367200.0,3638600.0,177320.0,223880.0,177320.0,223880.0,206720.0,223880.0,206720.0,223880.0,206720.0,206720.0,223880.0,206720.0,223880.0,206720.0"
    port 1
  ]
  edge [
    source 16
    target 15
    key 0
    id "e9"
    bandwidth 25000000
    traffic ""
    reservation ""
    port 2
  ]
  edge [
    source 16
    target 17
    key 0
    id "e11"
    bandwidth 25000000
    traffic ""
    reservation ""
    port 3
  ]
  edge [
    source 17
    target 16
    key 0
    id "e11"
    bandwidth 25000000
    traffic ""
    reservation ""
    port 0
  ]
  edge [
    source 17
    target 18
    key 0
    id "e12"
    bandwidth 25000000
    traffic ""
    reservation ""
    port 1
  ]
  edge [
    source 18
    target 17
    key 0
    id "e12"
    bandwidth 25000000
    traffic ""
    reservation ""
    port 0
  ]
  edge [
    source 18
    target 19
    key 0
    id "e13"
    bandwidth 25000000
    traffic ""
    reservation ""
    port 1
  ]
  edge [
    source 19
    target 2
    key 0
    id "e15"
    bandwidth 25000000
    traffic "18000000,3500000,200000,200000,200000,200000,200000,200000,200000,200000,200000,200000,200000,200000,200000,200000"
    reservation "18118800.0,4010300.0,206720.0,206720.0,177320.0,206720.0,223880.0,223880.0,206720.0,206720.0,177320.0,206720.0,223880.0,206720.0,177320.0,206720.0"
    port 0
  ]
  edge [
    source 19
    target 10
    key 0
    id "e14"
    bandwidth 25000000
    traffic ""
    reservation ""
    port 1
  ]
  edge [
    source 19
    target 18
    key 0
    id "e13"
    bandwidth 25000000
    traffic ""
    reservation ""
    port 2
  ]
  edge [
    source 20
    target 9
    key 0
    port 0
    weight 1
    bandwidth 350000000
    traffic ""
    reservation ""
  ]
  edge [
    source 21
    target 13
    key 0
    port 0
    weight 1
    bandwidth 350000000
    traffic ""
    reservation ""
  ]
  edge [
    source 22
    target 1
    key 0
    port 0
    weight 1
    bandwidth 350000000
    traffic ""
    reservation ""
  ]
  edge [
    source 23
    target 12
    key 0
    port 0
    weight 1
    bandwidth 50000000
    traffic "18000000"
    reservation "17508600.0"
  ]
  edge [
    source 24
    target 10
    key 0
    port 0
    weight 1
    bandwidth 50000000
    traffic "18000000"
    reservation "18367200.0"
  ]
  edge [
    source 25
    target 11
    key 0
    port 0
    weight 1
    bandwidth 50000000
    traffic "18000000"
    reservation "18118800.0"
  ]
  edge [
    source 26
    target 10
    key 0
    port 0
    weight 1
    bandwidth 50000000
    traffic "3500000"
    reservation "3638600.0"
  ]
  edge [
    source 27
    target 10
    key 0
    port 0
    weight 1
    bandwidth 50000000
    traffic "3500000"
    reservation "4010300.0"
  ]
  edge [
    source 28
    target 10
    key 0
    port 0
    weight 1
    bandwidth 50000000
    traffic "200000"
    reservation "177320.0"
  ]
  edge [
    source 29
    target 10
    key 0
    port 0
    weight 1
    bandwidth 50000000
    traffic "200000"
    reservation "223880.0"
  ]
  edge [
    source 30
    target 10
    key 0
    port 0
    weight 1
    bandwidth 50000000
    traffic "200000"
    reservation "177320.0"
  ]
  edge [
    source 31
    target 10
    key 0
    port 0
    weight 1
    bandwidth 50000000
    traffic "200000"
    reservation "223880.0"
  ]
  edge [
    source 32
    target 10
    key 0
    port 0
    weight 1
    bandwidth 50000000
    traffic "200000"
    reservation "206720.0"
  ]
  edge [
    source 33
    target 10
    key 0
    port 0
    weight 1
    bandwidth 50000000
    traffic "200000"
    reservation "223880.0"
  ]
  edge [
    source 34
    target 10
    key 0
    port 0
    weight 1
    bandwidth 50000000
    traffic "200000"
    reservation "206720.0"
  ]
  edge [
    source 35
    target 10
    key 0
    port 0
    weight 1
    bandwidth 50000000
    traffic "200000"
    reservation "223880.0"
  ]
  edge [
    source 36
    target 10
    key 0
    port 0
    weight 1
    bandwidth 50000000
    traffic "200000"
    reservation "206720.0"
  ]
  edge [
    source 37
    target 10
    key 0
    port 0
    weight 1
    bandwidth 50000000
    traffic "200000"
    reservation "206720.0"
  ]
  edge [
    source 38
    target 10
    key 0
    port 0
    weight 1
    bandwidth 50000000
    traffic "200000"
    reservation "223880.0"
  ]
  edge [
    source 39
    target 10
    key 0
    port 0
    weight 1
    bandwidth 50000000
    traffic "200000"
    reservation "206720.0"
  ]
  edge [
    source 40
    target 10
    key 0
    port 0
    weight 1
    bandwidth 50000000
    traffic "200000"
    reservation "223880.0"
  ]
  edge [
    source 41
    target 10
    key 0
    port 0
    weight 1
    bandwidth 50000000
    traffic "200000"
    reservation "206720.0"
  ]
  edge [
    source 42
    target 10
    key 0
    port 0
    weight 1
    bandwidth 50000000
    traffic "200000"
    reservation "206720.0"
  ]
  edge [
    source 43
    target 10
    key 0
    port 0
    weight 1
    bandwidth 50000000
    traffic "200000"
    reservation "206720.0"
  ]
  edge [
    source 44
    target 10
    key 0
    port 0
    weight 1
    bandwidth 50000000
    traffic "200000"
    reservation "177320.0"
  ]
  edge [
    source 45
    target 10
    key 0
    port 0
    weight 1
    bandwidth 50000000
    traffic "200000"
    reservation "206720.0"
  ]
  edge [
    source 46
    target 10
    key 0
    port 0
    weight 1
    bandwidth 50000000
    traffic "200000"
    reservation "223880.0"
  ]
  edge [
    source 47
    target 10
    key 0
    port 0
    weight 1
    bandwidth 50000000
    traffic "200000"
    reservation "223880.0"
  ]
  edge [
    source 48
    target 10
    key 0
    port 0
    weight 1
    bandwidth 50000000
    traffic "200000"
    reservation "206720.0"
  ]
  edge [
    source 49
    target 10
    key 0
    port 0
    weight 1
    bandwidth 50000000
    traffic "200000"
    reservation "206720.0"
  ]
  edge [
    source 50
    target 10
    key 0
    port 0
    weight 1
    bandwidth 50000000
    traffic "200000"
    reservation "177320.0"
  ]
  edge [
    source 51
    target 10
    key 0
    port 0
    weight 1
    bandwidth 50000000
    traffic "200000"
    reservation "206720.0"
  ]
  edge [
    source 52
    target 10
    key 0
    port 0
    weight 1
    bandwidth 50000000
    traffic "200000"
    reservation "223880.0"
  ]
  edge [
    source 53
    target 10
    key 0
    port 0
    weight 1
    bandwidth 50000000
    traffic "200000"
    reservation "206720.0"
  ]
  edge [
    source 54
    target 10
    key 0
    port 0
    weight 1
    bandwidth 50000000
    traffic "200000"
    reservation "177320.0"
  ]
  edge [
    source 55
    target 10
    key 0
    port 0
    weight 1
    bandwidth 50000000
    traffic "200000"
    reservation "206720.0"
  ]
  edge [
    source 56
    target 12
    key 0
    port 0
    weight 1
    bandwidth 50000000
    traffic "200000"
    reservation "206720.0"
  ]
  edge [
    source 57
    target 12
    key 0
    port 0
    weight 1
    bandwidth 50000000
    traffic "3500000"
    reservation "3638600.0"
  ]
  edge [
    source 58
    target 12
    key 0
    port 0
    weight 1
    bandwidth 50000000
    traffic "3500000"
    reservation "3638600.0"
  ]
  edge [
    source 59
    target 12
    key 0
    port 0
    weight 1
    bandwidth 50000000
    traffic "3500000"
    reservation "4010300.0"
  ]
  edge [
    source 60
    target 12
    key 0
    port 0
    weight 1
    bandwidth 50000000
    traffic "3500000"
    reservation "3482150.0"
  ]
  edge [
    source 61
    target 12
    key 0
    port 0
    weight 1
    bandwidth 50000000
    traffic "3500000"
    reservation "4010300.0"
  ]
  edge [
    source 62
    target 12
    key 0
    port 0
    weight 1
    bandwidth 50000000
    traffic "3500000"
    reservation "4010300.0"
  ]
  edge [
    source 63
    target 12
    key 0
    port 0
    weight 1
    bandwidth 50000000
    traffic "3500000"
    reservation "3482150.0"
  ]
  edge [
    source 64
    target 12
    key 0
    port 0
    weight 1
    bandwidth 50000000
    traffic "200000"
    reservation "206720.0"
  ]
]
