graph [
  directed 1
  multigraph 1
  GeoLocation "Europe"
  GeoExtent "Continent"
  Network "GEANT"
  Provenance "Primary"
  Access 0
  Source "http://www.geant.net/Media_Centre/Media_Library/Media%20Library/topology_map_2001.pdf"
  Version "1.0"
  Type "REN"
  DateType "Historic"
  Backbone 1
  Commercial 0
  label "Geant2001"
  ToolsetVersion "0.3.34dev-20120328"
  Customer 0
  IX 0
  SourceGitVersion "e278b1b"
  DateModifier "="
  DateMonth "12"
  LastAccess "20/03/11"
  Layer "IP"
  Creator "Topology Zoo Toolset"
  Developed 1
  Transit 1
  NetworkDate "2001_12"
  DateYear "2001"
  LastProcessed "2011_09_01"
  Testbed 1
  levelsToS 89
  node [
    id 0
    label "0"
    Country "Czech Republic"
    Longitude 14.42076
    Internal 1
    Latitude 50.08804
    type "inner"
    schedulingPolicy "WFQ"
    tosToQoSqueue "32,50,51;65;66;34,52;33,53;48;37,42,60;41,79;39,47;38,43,44,81;35,83;45;75,76;40,77,78;46;80,82;30;31,0,1,2,3,4,5,6,7,8,9,10,11,12,13,14,15,16,17,18,19,20,21,22,23,24,25,26,27,28,29,36,49,54,55,56,57,58,59,61,62,63,64,67,68,69,70,71,72,73,74,84,85,86,87,88"
    schedulingWeights "12.068,7.817,6.91,5.979,7.596,6.565,0.41,0.001,0.001,0.001,0.001,0.001,0.001,0.001,0.001,0.001,0.001,52.644;0.001,0.001,0.001,0.001,0.001,0.001,0.001,0.001,0.001,0.001,0.001,0.001,0.001,0.001,0.001,0.001,0.001,99.983;6.034,0.001,0.001,5.979,7.596,0.001,0.82,0.893,0.811,1.786,0.915,0.406,0.763,1.248,0.411,0.733,37.631,33.973"
    levelsQoS 18
    queueSizes "32,32,32,32,32,32,32,32,32,32,32,32,32,32,32,32,32,32"
  ]
  node [
    id 1
    label "1"
    Country "Switzerland"
    Longitude 7.44744
    Internal 1
    Latitude 46.94809
    type "inner"
    schedulingPolicy "WFQ"
    tosToQoSqueue "32,50,51;55;54;57;56,64;34,52,59,62;58;33,53,63;48,61;60;30,0,1,2,3,4,5,6,7,8,9,10,11,12,13,14,15,16,17,18,19,20,21,22,23,24,25,26,27,28,29,31,35,36,37,38,39,40,41,42,43,44,45,46,47,49,65,66,67,68,69,70,71,72,73,74,75,76,77,78,79,80,81,82,83,84,85,86,87,88"
    schedulingWeights "12.068,7.787,6.941,6.91,12.454,17.938,6.908,15.193,13.131,0.41,0.26;6.034,0.001,0.001,0.001,0.001,5.979,0.001,7.596,0.001,0.001,80.383;0.001,0.001,0.001,0.001,0.001,0.001,0.001,0.001,0.001,0.001,99.99"
    levelsQoS 11
    queueSizes "32,32,32,32,32,32,32,32,32,32,32"
  ]
  node [
    id 2
    label "2"
    Country "France"
    Longitude 2.3488
    Internal 1
    Latitude 48.85341
    type "inner"
    schedulingPolicy "WFQ"
    tosToQoSqueue "32,50,51;55;74;70;71;54;65,67;57,66;56,64;34,52,59,62,68,69;58;33,53,63;73;48,61,72;88;60,86;79,84;81;83;75,76,87;77,78;85;80,82;30,0,1,2,3,4,5,6,7,8,9,10,11,12,13,14,15,16,17,18,19,20,21,22,23,24,25,26,27,28,29,31,35,36,37,38,39,40,41,42,43,44,45,46,47,49"
    schedulingWeights "12.068,7.787,0.001,0.001,0.001,6.941,0.001,6.91,12.454,17.938,6.908,15.193,0.001,13.131,0.001,0.41,0.001,0.001,0.001,0.001,0.001,0.001,0.001,0.247;0.001,0.001,7.069,6.763,7.0,0.001,15.634,6.91,0.001,11.959,0.001,0.001,7.617,6.565,0.36,0.41,0.893,0.447,0.457,1.144,0.832,0.369,0.733,24.833;0.001,0.001,0.001,0.001,0.001,0.001,0.001,0.001,0.001,0.001,0.001,0.001,0.001,0.001,0.001,0.001,0.001,0.001,0.001,0.001,0.001,0.001,0.001,99.977;6.034,0.001,0.001,0.001,0.001,0.001,0.001,0.001,0.001,5.979,0.001,7.596,0.001,0.001,0.001,0.001,0.001,0.001,0.001,0.001,0.001,0.001,0.001,80.37;0.001,0.001,0.001,0.001,0.001,0.001,0.001,0.001,0.001,0.001,0.001,0.001,0.001,0.001,0.001,0.001,0.001,0.001,0.001,0.001,0.001,0.001,0.001,99.977;0.001,0.001,0.001,0.001,0.001,0.001,0.001,0.001,0.001,0.001,0.001,0.001,0.001,0.001,0.001,0.001,0.001,0.001,0.001,0.001,0.001,0.001,0.001,99.977"
    levelsQoS 24
    queueSizes "32,32,32,32,32,32,32,32,32,32,32,32,32,32,32,32,32,32,32,32,32,32,32,32"
  ]
  node [
    id 3
    label "3"
    Country "Germany"
    Longitude 13.41053
    Internal 1
    Latitude 52.52437
    type "inner"
    schedulingPolicy "WFQ"
    tosToQoSqueue "32,50,51;55;74;70;71;54;65,67;57,66;56,64;34,52,59,62,68,69;58;33,53,63;73;48,61,72;88;37,42,60,86;41,79,84;39,47;38,43,44,81;35,83;45;75,76,87;40,77,78;85;46;80,82;30,36;31,49,0,1,2,3,4,5,6,7,8,9,10,11,12,13,14,15,16,17,18,19,20,21,22,23,24,25,26,27,28,29"
    schedulingWeights "6.034,0.001,0.001,0.001,0.001,0.001,0.001,0.001,0.001,5.979,0.001,7.596,0.001,0.001,0.001,1.23,0.893,0.811,1.786,0.915,0.406,0.763,1.248,0.001,0.411,0.733,37.631,33.553;12.068,0.001,0.001,0.001,0.001,0.001,0.001,0.001,0.001,5.979,0.001,7.596,0.001,6.565,0.001,0.001,0.001,0.001,0.001,0.001,0.001,0.001,0.001,0.001,0.001,0.001,0.001,67.768;0.001,0.001,0.001,0.001,0.001,0.001,0.001,0.001,0.001,0.001,0.001,0.001,0.001,0.001,0.001,0.001,0.001,0.001,0.001,0.001,0.001,0.001,0.001,0.001,0.001,0.001,0.001,99.973;0.001,0.001,0.001,0.001,0.001,0.001,7.817,6.91,0.001,0.001,0.001,0.001,0.001,0.001,0.36,0.41,0.446,0.001,0.001,0.001,0.001,0.381,0.001,0.369,0.001,0.001,0.001,83.287;0.001,7.787,0.001,0.001,0.001,6.941,0.001,6.91,6.227,0.001,0.001,0.001,0.001,0.001,0.001,0.001,0.001,0.001,0.001,0.001,0.001,0.001,0.001,0.001,0.001,0.001,37.631,34.482;0.001,0.001,7.069,6.763,7.0,0.001,7.817,0.001,6.227,23.918,6.908,7.596,7.617,13.131,0.001,0.001,0.001,0.001,0.001,0.001,0.001,0.001,0.001,0.001,0.001,0.001,0.001,5.937;0.001,0.001,0.001,0.001,0.001,0.001,0.001,0.001,0.001,0.001,0.001,0.001,0.001,0.001,0.001,0.001,0.001,0.001,0.001,0.001,0.001,0.001,0.001,0.001,0.001,0.001,0.001,99.973;0.001,0.001,0.001,0.001,0.001,0.001,0.001,0.001,0.001,0.001,0.001,0.001,0.001,0.001,0.001,0.001,0.001,0.001,0.001,0.001,0.001,0.001,0.001,0.001,0.001,0.001,0.001,99.973"
    levelsQoS 28
    queueSizes "32,32,32,32,32,32,32,32,32,32,32,32,32,32,32,32,32,32,32,32,32,32,32,32,32,32,32,32"
  ]
  node [
    id 4
    label "4"
    Country "Portugal"
    Longitude -9.13333
    Internal 1
    Latitude 38.71667
    type "inner"
    schedulingPolicy "WFQ"
    tosToQoSqueue "0,1,2,3,4,5,6,7,8,9,10,11,12,13,14,15,16,17,18,19,20,21,22,23,24,25,26,27,28,29,30,31,32,33,34,35,36,37,38,39,40,41,42,43,44,45,46,47,48,49,50,51,52,53,54,55,56,57,58,59,60,61,62,63,64,65,66,67,68,69,70,71,72,73,74,75,76,77,78,79,80,81,82,83,84,85,86,87,88"
    schedulingWeights "100"
    levelsQoS 1
    queueSizes "32"
  ]
  node [
    id 5
    label "5"
    Country "Slovakia"
    Longitude 17.10674
    Internal 1
    Latitude 48.14816
    type "destination_mmtc"
    schedulingPolicy "FIFO"
    levelsQoS "1"
    schedulingWeights "-"
    tosToQoSqueue "0,1,2,3,4,5,6,7,8,9,10,11,12,13,14,15,16,17,18,19,20,21,22,23,24,25,26,27,28,29,30,31,32,33,34,35,36,37,38,39,40,41,42,43,44,45,46,47,48,49,50,51,52,53,54,55,56,57,58,59,60,61,62,63,64,65,66,67,68,69,70,71,72,73,74,75,76,77,78,79,80,81,82,83,84,85,86,87,88"
    queueSizes "32"
  ]
  node [
    id 6
    label "6"
    Country "Italy"
    Longitude 12.4839
    Internal 1
    Latitude 41.89474
    type "inner"
    schedulingPolicy "WFQ"
    tosToQoSqueue "0,1,2,3,4,5,6,7,8,9,10,11,12,13,14,15,16,17,18,19,20,21,22,23,24,25,26,27,28,29,30,31,32,33,34,35,36,37,38,39,40,41,42,43,44,45,46,47,48,49,50,51,52,53,54,55,56,57,58,59,60,61,62,63,64,65,66,67,68,69,70,71,72,73,74,75,76,77,78,79,80,81,82,83,84,85,86,87,88"
    schedulingWeights "100;100;100"
    levelsQoS 1
    queueSizes "32"
  ]
  node [
    id 7
    label "7"
    Country "Spain"
    Longitude -3.70256
    Internal 1
    Latitude 40.4165
    type "inner"
    schedulingPolicy "WFQ"
    tosToQoSqueue "0,1,2,3,4,5,6,7,8,9,10,11,12,13,14,15,16,17,18,19,20,21,22,23,24,25,26,27,28,29,30,31,32,33,34,35,36,37,38,39,40,41,42,43,44,45,46,47,48,49,50,51,52,53,54,55,56,57,58,59,60,61,62,63,64,65,66,67,68,69,70,71,72,73,74,75,76,77,78,79,80,81,82,83,84,85,86,87,88"
    schedulingWeights "100;100;100"
    levelsQoS 1
    queueSizes "32"
  ]
  node [
    id 8
    label "8"
    Country "Hungary"
    Longitude 19.03991
    Internal 1
    Latitude 47.49801
    type "inner"
    schedulingPolicy "WFQ"
    tosToQoSqueue "32,50,51;65;66;34,52;33,53;48;88;60,86;84;87;85;30,0,1,2,3,4,5,6,7,8,9,10,11,12,13,14,15,16,17,18,19,20,21,22,23,24,25,26,27,28,29,31,35,36,37,38,39,40,41,42,43,44,45,46,47,49,54,55,56,57,58,59,61,62,63,64,67,68,69,70,71,72,73,74,75,76,77,78,79,80,81,82,83"
    schedulingWeights "12.068,7.817,6.91,5.979,7.596,6.565,0.36,0.82,0.446,0.381,0.369,50.688;6.034,0.001,0.001,5.979,7.596,0.001,0.001,0.001,0.001,0.001,0.001,80.382;0.001,0.001,0.001,0.001,0.001,0.001,0.001,0.001,0.001,0.001,0.001,99.989;0.001,0.001,0.001,0.001,0.001,0.001,0.001,0.001,0.001,0.001,0.001,99.989"
    levelsQoS 12
    queueSizes "32,32,32,32,32,32,32,32,32,32,32,32"
  ]
  node [
    id 9
    label "9"
    Country "Austria"
    Longitude 14.28611
    Internal 1
    Latitude 48.30639
    type "inner"
    schedulingPolicy "WFQ"
    tosToQoSqueue "32,50,51;55;54;65;57,66;56,64;34,52,59,62;58;33,53,63;48,61;88;60,86;84;87;85;30,0,1,2,3,4,5,6,7,8,9,10,11,12,13,14,15,16,17,18,19,20,21,22,23,24,25,26,27,28,29,31,35,36,37,38,39,40,41,42,43,44,45,46,47,49,67,68,69,70,71,72,73,74,75,76,77,78,79,80,81,82,83"
    schedulingWeights "6.034,0.001,0.001,0.001,0.001,0.001,5.979,0.001,7.596,0.001,0.001,0.001,0.001,0.001,0.001,80.378;0.001,7.787,6.941,0.001,6.91,12.454,11.959,6.908,7.596,6.565,0.001,0.001,0.001,0.001,0.001,32.872;12.068,0.001,0.001,7.817,6.91,0.001,5.979,0.001,7.596,6.565,0.36,0.82,0.446,0.381,0.369,50.684;0.001,0.001,0.001,0.001,0.001,0.001,0.001,0.001,0.001,0.001,0.001,0.001,0.001,0.001,0.001,99.985;0.001,0.001,0.001,0.001,0.001,0.001,0.001,0.001,0.001,0.001,0.001,0.001,0.001,0.001,0.001,99.985"
    levelsQoS 16
    queueSizes "32,32,32,32,32,32,32,32,32,32,32,32,32,32,32,32"
  ]
  node [
    id 10
    label "10"
    Country "Romania"
    Longitude 26.10626
    Internal 1
    Latitude 44.43225
    type "inner"
    schedulingPolicy "WFQ"
    tosToQoSqueue "0,1,2,3,4,5,6,7,8,9,10,11,12,13,14,15,16,17,18,19,20,21,22,23,24,25,26,27,28,29,30,31,32,33,34,35,36,37,38,39,40,41,42,43,44,45,46,47,48,49,50,51,52,53,54,55,56,57,58,59,60,61,62,63,64,65,66,67,68,69,70,71,72,73,74,75,76,77,78,79,80,81,82,83,84,85,86,87,88"
    schedulingWeights "100"
    levelsQoS 1
    queueSizes "32"
  ]
  node [
    id 11
    label "11"
    Country "Bulgaria"
    Longitude 23.32415
    Internal 1
    Latitude 42.69751
    type "inner"
    schedulingPolicy "WFQ"
    tosToQoSqueue "0,1,2,3,4,5,6,7,8,9,10,11,12,13,14,15,16,17,18,19,20,21,22,23,24,25,26,27,28,29,30,31,32,33,34,35,36,37,38,39,40,41,42,43,44,45,46,47,48,49,50,51,52,53,54,55,56,57,58,59,60,61,62,63,64,65,66,67,68,69,70,71,72,73,74,75,76,77,78,79,80,81,82,83,84,85,86,87,88"
    schedulingWeights "100"
    levelsQoS 1
    queueSizes "32"
  ]
  node [
    id 12
    label "12"
    Country "Croatia"
    Longitude 16.53917
    Internal 1
    Latitude 45.23167
    type "inner"
    schedulingPolicy "WFQ"
    tosToQoSqueue "0,1,2,3,4,5,6,7,8,9,10,11,12,13,14,15,16,17,18,19,20,21,22,23,24,25,26,27,28,29,30,31,32,33,34,35,36,37,38,39,40,41,42,43,44,45,46,47,48,49,50,51,52,53,54,55,56,57,58,59,60,61,62,63,64,65,66,67,68,69,70,71,72,73,74,75,76,77,78,79,80,81,82,83,84,85,86,87,88"
    schedulingWeights "100"
    levelsQoS 1
    queueSizes "32"
  ]
  node [
    id 13
    label "13"
    Country "Slovenia"
    Longitude 14.50513
    Internal 1
    Latitude 46.05108
    type "inner"
    schedulingPolicy "WFQ"
    tosToQoSqueue "0,1,2,3,4,5,6,7,8,9,10,11,12,13,14,15,16,17,18,19,20,21,22,23,24,25,26,27,28,29,30,31,32,33,34,35,36,37,38,39,40,41,42,43,44,45,46,47,48,49,50,51,52,53,54,55,56,57,58,59,60,61,62,63,64,65,66,67,68,69,70,71,72,73,74,75,76,77,78,79,80,81,82,83,84,85,86,87,88"
    schedulingWeights "100;100"
    levelsQoS 1
    queueSizes "32"
  ]
  node [
    id 14
    label "14"
    geocode_country "Israel"
    Country "Israel"
    Longitude 34.75
    Internal 1
    Latitude 31.5
    type "inner"
    schedulingPolicy "WFQ"
    tosToQoSqueue "0,1,2,3,4,5,6,7,8,9,10,11,12,13,14,15,16,17,18,19,20,21,22,23,24,25,26,27,28,29,30,31,32,33,34,35,36,37,38,39,40,41,42,43,44,45,46,47,48,49,50,51,52,53,54,55,56,57,58,59,60,61,62,63,64,65,66,67,68,69,70,71,72,73,74,75,76,77,78,79,80,81,82,83,84,85,86,87,88"
    schedulingWeights "100"
    levelsQoS 1
    queueSizes "32"
  ]
  node [
    id 15
    label "15"
    Country "Cyprus"
    Longitude 33.36667
    Internal 1
    Latitude 35.16667
    type "inner"
    schedulingPolicy "WFQ"
    tosToQoSqueue "0,1,2,3,4,5,6,7,8,9,10,11,12,13,14,15,16,17,18,19,20,21,22,23,24,25,26,27,28,29,30,31,32,33,34,35,36,37,38,39,40,41,42,43,44,45,46,47,48,49,50,51,52,53,54,55,56,57,58,59,60,61,62,63,64,65,66,67,68,69,70,71,72,73,74,75,76,77,78,79,80,81,82,83,84,85,86,87,88"
    schedulingWeights "100"
    levelsQoS 1
    queueSizes "32"
  ]
  node [
    id 16
    label "16"
    Country "Greece"
    Longitude 21.73444
    Internal 1
    Latitude 38.24444
    type "destination_embb"
    schedulingPolicy "FIFO"
    levelsQoS "1"
    schedulingWeights "-"
    tosToQoSqueue "0,1,2,3,4,5,6,7,8,9,10,11,12,13,14,15,16,17,18,19,20,21,22,23,24,25,26,27,28,29,30,31,32,33,34,35,36,37,38,39,40,41,42,43,44,45,46,47,48,49,50,51,52,53,54,55,56,57,58,59,60,61,62,63,64,65,66,67,68,69,70,71,72,73,74,75,76,77,78,79,80,81,82,83,84,85,86,87,88"
    queueSizes "32"
  ]
  node [
    id 17
    label "17"
    Country "Belgium"
    Longitude 4.34878
    Internal 1
    Latitude 50.85045
    type "inner"
    schedulingPolicy "WFQ"
    tosToQoSqueue "32;55;54;65,67;57,66;56,64;34,59,62,68;58;33,63;61;79,84;81;83;75,76;77,78;80,82;30,0,1,2,3,4,5,6,7,8,9,10,11,12,13,14,15,16,17,18,19,20,21,22,23,24,25,26,27,28,29,31,35,36,37,38,39,40,41,42,43,44,45,46,47,48,49,50,51,52,53,60,69,70,71,72,73,74,85,86,87,88"
    schedulingWeights "0.001,7.787,6.941,15.634,13.819,12.454,17.938,6.908,7.596,6.565,0.893,0.447,0.457,0.763,0.832,0.733,0.232;0.001,0.001,0.001,0.001,0.001,0.001,0.001,0.001,0.001,0.001,0.001,0.001,0.001,0.001,0.001,0.001,99.984;6.034,0.001,0.001,0.001,0.001,0.001,5.979,0.001,7.596,0.001,0.001,0.001,0.001,0.001,0.001,0.001,80.377"
    levelsQoS 17
    queueSizes "32,32,32,32,32,32,32,32,32,32,32,32,32,32,32,32,32"
  ]
  node [
    id 18
    label "18"
    Country "Luxembourg"
    Longitude 6.13
    Internal 1
    Latitude 49.61167
    type "inner"
    schedulingPolicy "WFQ"
    tosToQoSqueue "0,1,2,3,4,5,6,7,8,9,10,11,12,13,14,15,16,17,18,19,20,21,22,23,24,25,26,27,28,29,30,31,32,33,34,35,36,37,38,39,40,41,42,43,44,45,46,47,48,49,50,51,52,53,54,55,56,57,58,59,60,61,62,63,64,65,66,67,68,69,70,71,72,73,74,75,76,77,78,79,80,81,82,83,84,85,86,87,88"
    schedulingWeights "100;100"
    levelsQoS 1
    queueSizes "32"
  ]
  node [
    id 19
    label "19"
    Country "Ireland"
    Longitude -6.26719
    Internal 1
    Latitude 53.34399
    type "destination_urllc"
    schedulingPolicy "FIFO"
    levelsQoS "1"
    schedulingWeights "-"
    tosToQoSqueue "0,1,2,3,4,5,6,7,8,9,10,11,12,13,14,15,16,17,18,19,20,21,22,23,24,25,26,27,28,29,30,31,32,33,34,35,36,37,38,39,40,41,42,43,44,45,46,47,48,49,50,51,52,53,54,55,56,57,58,59,60,61,62,63,64,65,66,67,68,69,70,71,72,73,74,75,76,77,78,79,80,81,82,83,84,85,86,87,88"
    queueSizes "32"
  ]
  node [
    id 20
    label "20"
    Country "United Kingdom"
    Longitude -0.12574
    Internal 1
    Latitude 51.50853
    type "inner"
    schedulingPolicy "WFQ"
    tosToQoSqueue "32,50,51;55;74;70;71;54;65;57,66;56;34,52,69;33,53;73;48,72;88;60,86;87;85;30;31,0,1,2,3,4,5,6,7,8,9,10,11,12,13,14,15,16,17,18,19,20,21,22,23,24,25,26,27,28,29,35,36,37,38,39,40,41,42,43,44,45,46,47,49,58,59,61,62,63,64,67,68,75,76,77,78,79,80,81,82,83,84"
    schedulingWeights "0.001,0.001,7.069,6.763,7.0,0.001,0.001,0.001,0.001,5.979,0.001,7.617,6.565,0.36,0.82,0.381,0.369,0.001,57.068;0.001,0.001,0.001,0.001,0.001,0.001,0.001,0.001,0.001,0.001,0.001,0.001,0.001,0.001,0.001,0.001,0.001,0.001,99.982;0.001,0.001,0.001,0.001,0.001,0.001,0.001,0.001,0.001,0.001,0.001,0.001,0.001,0.001,0.001,0.001,0.001,37.631,62.352;18.102,7.787,0.001,0.001,0.001,6.941,7.817,13.819,6.227,11.959,15.193,0.001,6.565,0.001,0.001,0.001,0.001,0.001,5.58;0.001,0.001,0.001,0.001,0.001,0.001,0.001,0.001,0.001,0.001,0.001,0.001,0.001,0.001,0.001,0.001,0.001,0.001,99.982;0.001,0.001,0.001,0.001,0.001,0.001,0.001,0.001,0.001,0.001,0.001,0.001,0.001,0.001,0.001,0.001,0.001,0.001,99.982"
    levelsQoS 19
    queueSizes "32,32,32,32,32,32,32,32,32,32,32,32,32,32,32,32,32,32,32"
  ]
  node [
    id 21
    label "21"
    Country "Sweden"
    Longitude 18.0649
    Internal 1
    Latitude 59.33258
    type "inner"
    schedulingPolicy "WFQ"
    tosToQoSqueue "32,50,51;65;66;34,52;33,53;48;37,42,60;41;39,47;38,43,44;35;45;40;46;30,36;31,0,1,2,3,4,5,6,7,8,9,10,11,12,13,14,15,16,17,18,19,20,21,22,23,24,25,26,27,28,29,49,54,55,56,57,58,59,61,62,63,64,67,68,69,70,71,72,73,74,75,76,77,78,79,80,81,82,83,84,85,86,87,88"
    schedulingWeights "6.034,0.001,0.001,5.979,7.596,0.001,0.82,0.446,0.811,1.34,0.457,0.406,0.416,0.411,75.262,0.019;12.068,7.817,6.91,5.979,7.596,6.565,0.41,0.001,0.001,0.001,0.001,0.001,0.001,0.001,0.001,52.646;0.001,0.001,0.001,0.001,0.001,0.001,0.001,0.001,0.001,0.001,0.001,0.001,0.001,0.001,0.001,99.985;0.001,0.001,0.001,0.001,0.001,0.001,0.001,0.001,0.001,0.001,0.001,0.001,0.001,0.001,0.001,99.985;0.001,0.001,0.001,0.001,0.001,0.001,0.001,0.001,0.001,0.001,0.001,0.001,0.001,0.001,0.001,99.985;0.001,0.001,0.001,0.001,0.001,0.001,0.001,0.001,0.001,0.001,0.001,0.001,0.001,0.001,0.001,99.985"
    levelsQoS 16
    queueSizes "32,32,32,32,32,32,32,32,32,32,32,32,32,32,32,32"
  ]
  node [
    id 22
    label "22"
    Country "Estonia"
    Longitude 24.75353
    Internal 1
    Latitude 59.43696
    type "inner"
    schedulingPolicy "WFQ"
    tosToQoSqueue "0,1,2,3,4,5,6,7,8,9,10,11,12,13,14,15,16,17,18,19,20,21,22,23,24,25,26,27,28,29,30,31,32,33,34,35,36,37,38,39,40,41,42,43,44,45,46,47,48,49,50,51,52,53,54,55,56,57,58,59,60,61,62,63,64,65,66,67,68,69,70,71,72,73,74,75,76,77,78,79,80,81,82,83,84,85,86,87,88"
    schedulingWeights "100"
    levelsQoS 1
    queueSizes "32"
  ]
  node [
    id 23
    label "23"
    Country "Latvia"
    Longitude 24.10589
    Internal 1
    Latitude 56.946
    type "inner"
    schedulingPolicy "WFQ"
    tosToQoSqueue "0,1,2,3,4,5,6,7,8,9,10,11,12,13,14,15,16,17,18,19,20,21,22,23,24,25,26,27,28,29,30,31,32,33,34,35,36,37,38,39,40,41,42,43,44,45,46,47,48,49,50,51,52,53,54,55,56,57,58,59,60,61,62,63,64,65,66,67,68,69,70,71,72,73,74,75,76,77,78,79,80,81,82,83,84,85,86,87,88"
    schedulingWeights "100"
    levelsQoS 1
    queueSizes "32"
  ]
  node [
    id 24
    label "24"
    Country "Belarus"
    Longitude 26.8
    Internal 1
    Latitude 53.76667
    type "antenna"
    schedulingPolicy "WFQ"
    tosToQoSqueue "32;34;33;37,42;41;39,47;38,43,44;35;45;40;46;30,36,0,1,2,3,4,5,6,7,8,9,10,11,12,13,14,15,16,17,18,19,20,21,22,23,24,25,26,27,28,29,31,48,49,50,51,52,53,54,55,56,57,58,59,60,61,62,63,64,65,66,67,68,69,70,71,72,73,74,75,76,77,78,79,80,81,82,83,84,85,86,87,88"
    schedulingWeights "6.034,5.979,7.596,0.82,0.446,0.811,1.34,0.457,0.406,0.416,0.411,75.284;0.001,0.001,0.001,0.001,0.001,0.001,0.001,0.001,0.001,0.001,0.001,99.989;0.001,0.001,0.001,0.001,0.001,0.001,0.001,0.001,0.001,0.001,0.001,99.989;0.001,0.001,0.001,0.001,0.001,0.001,0.001,0.001,0.001,0.001,0.001,99.989;0.001,0.001,0.001,0.001,0.001,0.001,0.001,0.001,0.001,0.001,0.001,99.989;0.001,0.001,0.001,0.001,0.001,0.001,0.001,0.001,0.001,0.001,0.001,99.989;0.001,0.001,0.001,0.001,0.001,0.001,0.001,0.001,0.001,0.001,0.001,99.989;0.001,0.001,0.001,0.001,0.001,0.001,0.001,0.001,0.001,0.001,0.001,99.989;0.001,0.001,0.001,0.001,0.001,0.001,0.001,0.001,0.001,0.001,0.001,99.989;0.001,0.001,0.001,0.001,0.001,0.001,0.001,0.001,0.001,0.001,0.001,99.989;0.001,0.001,0.001,0.001,0.001,0.001,0.001,0.001,0.001,0.001,0.001,99.989;0.001,0.001,0.001,0.001,0.001,0.001,0.001,0.001,0.001,0.001,0.001,99.989;0.001,0.001,0.001,0.001,0.001,0.001,0.001,0.001,0.001,0.001,0.001,99.989;0.001,0.001,0.001,0.001,0.001,0.001,0.001,0.001,0.001,0.001,0.001,99.989;0.001,0.001,0.001,0.001,0.001,0.001,0.001,0.001,0.001,0.001,0.001,99.989;0.001,0.001,0.001,0.001,0.001,0.001,0.001,0.001,0.001,0.001,0.001,99.989;0.001,0.001,0.001,0.001,0.001,0.001,0.001,0.001,0.001,0.001,0.001,99.989;0.001,0.001,0.001,0.001,0.001,0.001,0.001,0.001,0.001,0.001,0.001,99.989"
    levelsQoS 12
    queueSizes "32,32,32,32,32,32,32,32,32,32,32,32"
  ]
  node [
    id 25
    label "25"
    Country "Poland"
    Longitude 16.96667
    Internal 1
    Latitude 52.41667
    type "inner"
    schedulingPolicy "WFQ"
    tosToQoSqueue "50,51;65;66;52;53;48;60;31,0,1,2,3,4,5,6,7,8,9,10,11,12,13,14,15,16,17,18,19,20,21,22,23,24,25,26,27,28,29,30,32,33,34,35,36,37,38,39,40,41,42,43,44,45,46,47,49,54,55,56,57,58,59,61,62,63,64,67,68,69,70,71,72,73,74,75,76,77,78,79,80,81,82,83,84,85,86,87,88"
    schedulingWeights "0.001,0.001,0.001,0.001,0.001,0.001,0.001,99.993;12.068,7.817,6.91,5.979,7.596,6.565,0.41,52.654"
    levelsQoS 8
    queueSizes "32,32,32,32,32,32,32,32"
  ]
  node [
    id 26
    label "26"
    Country "Netherlands"
    Longitude 4.88969
    Internal 1
    Latitude 52.37403
    type "antenna"
    schedulingPolicy "WFQ"
    tosToQoSqueue "32,50,51;55;74;70;71;54;65,67;57,66;56,64;34,52,59,62,68,69;58;33,53,63;73;48,61,72;88;60,86;79,84;81;83;75,76,87;77,78;85;80,82;30;31,49,0,1,2,3,4,5,6,7,8,9,10,11,12,13,14,15,16,17,18,19,20,21,22,23,24,25,26,27,28,29,35,36,37,38,39,40,41,42,43,44,45,46,47"
    schedulingWeights "12.068,0.001,0.001,0.001,0.001,0.001,0.001,0.001,0.001,5.979,0.001,7.596,0.001,6.565,0.001,0.41,0.001,0.001,0.001,0.001,0.001,0.001,0.001,0.001,67.362;0.001,7.787,0.001,0.001,0.001,6.941,15.634,13.819,12.454,17.938,6.908,7.596,0.001,6.565,0.001,0.001,0.893,0.447,0.457,0.763,0.832,0.001,0.733,0.001,0.224;6.034,0.001,7.069,6.763,7.0,0.001,0.001,0.001,0.001,11.959,0.001,7.596,7.617,6.565,0.36,0.41,0.001,0.001,0.001,0.381,0.001,0.369,0.001,37.631,0.234;0.001,0.001,0.001,0.001,0.001,0.001,0.001,0.001,0.001,0.001,0.001,0.001,0.001,0.001,0.001,0.001,0.001,0.001,0.001,0.001,0.001,0.001,0.001,0.001,99.976;0.001,0.001,0.001,0.001,0.001,0.001,0.001,0.001,0.001,0.001,0.001,0.001,0.001,0.001,0.001,0.001,0.001,0.001,0.001,0.001,0.001,0.001,0.001,0.001,99.976;0.001,0.001,0.001,0.001,0.001,0.001,0.001,0.001,0.001,0.001,0.001,0.001,0.001,0.001,0.001,0.001,0.001,0.001,0.001,0.001,0.001,0.001,0.001,0.001,99.976;0.001,0.001,0.001,0.001,0.001,0.001,0.001,0.001,0.001,0.001,0.001,0.001,0.001,0.001,0.001,0.001,0.001,0.001,0.001,0.001,0.001,0.001,0.001,0.001,99.976;0.001,0.001,0.001,0.001,0.001,0.001,0.001,0.001,0.001,0.001,0.001,0.001,0.001,0.001,0.001,0.001,0.001,0.001,0.001,0.001,0.001,0.001,0.001,0.001,99.976;0.001,0.001,0.001,0.001,0.001,0.001,0.001,0.001,0.001,0.001,0.001,0.001,0.001,0.001,0.001,0.001,0.001,0.001,0.001,0.001,0.001,0.001,0.001,0.001,99.976;0.001,0.001,0.001,0.001,0.001,0.001,0.001,0.001,0.001,0.001,0.001,0.001,0.001,0.001,0.001,0.001,0.001,0.001,0.001,0.001,0.001,0.001,0.001,0.001,99.976;0.001,0.001,0.001,0.001,0.001,0.001,0.001,0.001,0.001,0.001,0.001,0.001,0.001,0.001,0.001,0.001,0.001,0.001,0.001,0.001,0.001,0.001,0.001,0.001,99.976;0.001,0.001,0.001,0.001,0.001,0.001,0.001,0.001,0.001,0.001,0.001,0.001,0.001,0.001,0.001,0.001,0.001,0.001,0.001,0.001,0.001,0.001,0.001,0.001,99.976;0.001,0.001,0.001,0.001,0.001,0.001,0.001,0.001,0.001,0.001,0.001,0.001,0.001,0.001,0.001,0.001,0.001,0.001,0.001,0.001,0.001,0.001,0.001,0.001,99.976;0.001,0.001,0.001,0.001,0.001,0.001,0.001,0.001,0.001,0.001,0.001,0.001,0.001,0.001,0.001,0.001,0.001,0.001,0.001,0.001,0.001,0.001,0.001,0.001,99.976;0.001,0.001,0.001,0.001,0.001,0.001,0.001,0.001,0.001,0.001,0.001,0.001,0.001,0.001,0.001,0.001,0.001,0.001,0.001,0.001,0.001,0.001,0.001,0.001,99.976;0.001,0.001,0.001,0.001,0.001,0.001,0.001,0.001,0.001,0.001,0.001,0.001,0.001,0.001,0.001,0.001,0.001,0.001,0.001,0.001,0.001,0.001,0.001,0.001,99.976;0.001,0.001,0.001,0.001,0.001,0.001,0.001,0.001,0.001,0.001,0.001,0.001,0.001,0.001,0.001,0.001,0.001,0.001,0.001,0.001,0.001,0.001,0.001,0.001,99.976;0.001,0.001,0.001,0.001,0.001,0.001,0.001,0.001,0.001,0.001,0.001,0.001,0.001,0.001,0.001,0.001,0.001,0.001,0.001,0.001,0.001,0.001,0.001,0.001,99.976;0.001,0.001,0.001,0.001,0.001,0.001,0.001,0.001,0.001,0.001,0.001,0.001,0.001,0.001,0.001,0.001,0.001,0.001,0.001,0.001,0.001,0.001,0.001,0.001,99.976;0.001,0.001,0.001,0.001,0.001,0.001,0.001,0.001,0.001,0.001,0.001,0.001,0.001,0.001,0.001,0.001,0.001,0.001,0.001,0.001,0.001,0.001,0.001,0.001,99.976;0.001,0.001,0.001,0.001,0.001,0.001,0.001,0.001,0.001,0.001,0.001,0.001,0.001,0.001,0.001,0.001,0.001,0.001,0.001,0.001,0.001,0.001,0.001,0.001,99.976;0.001,0.001,0.001,0.001,0.001,0.001,0.001,0.001,0.001,0.001,0.001,0.001,0.001,0.001,0.001,0.001,0.001,0.001,0.001,0.001,0.001,0.001,0.001,0.001,99.976;0.001,0.001,0.001,0.001,0.001,0.001,0.001,0.001,0.001,0.001,0.001,0.001,0.001,0.001,0.001,0.001,0.001,0.001,0.001,0.001,0.001,0.001,0.001,0.001,99.976;0.001,0.001,0.001,0.001,0.001,0.001,0.001,0.001,0.001,0.001,0.001,0.001,0.001,0.001,0.001,0.001,0.001,0.001,0.001,0.001,0.001,0.001,0.001,0.001,99.976;0.001,0.001,0.001,0.001,0.001,0.001,0.001,0.001,0.001,0.001,0.001,0.001,0.001,0.001,0.001,0.001,0.001,0.001,0.001,0.001,0.001,0.001,0.001,0.001,99.976;0.001,0.001,0.001,0.001,0.001,0.001,0.001,0.001,0.001,0.001,0.001,0.001,0.001,0.001,0.001,0.001,0.001,0.001,0.001,0.001,0.001,0.001,0.001,0.001,99.976;0.001,0.001,0.001,0.001,0.001,0.001,0.001,0.001,0.001,0.001,0.001,0.001,0.001,0.001,0.001,0.001,0.001,0.001,0.001,0.001,0.001,0.001,0.001,0.001,99.976;0.001,0.001,0.001,0.001,0.001,0.001,0.001,0.001,0.001,0.001,0.001,0.001,0.001,0.001,0.001,0.001,0.001,0.001,0.001,0.001,0.001,0.001,0.001,0.001,99.976;0.001,0.001,0.001,0.001,0.001,0.001,0.001,0.001,0.001,0.001,0.001,0.001,0.001,0.001,0.001,0.001,0.001,0.001,0.001,0.001,0.001,0.001,0.001,0.001,99.976;0.001,0.001,0.001,0.001,0.001,0.001,0.001,0.001,0.001,0.001,0.001,0.001,0.001,0.001,0.001,0.001,0.001,0.001,0.001,0.001,0.001,0.001,0.001,0.001,99.976;0.001,0.001,0.001,0.001,0.001,0.001,0.001,0.001,0.001,0.001,0.001,0.001,0.001,0.001,0.001,0.001,0.001,0.001,0.001,0.001,0.001,0.001,0.001,0.001,99.976;0.001,0.001,0.001,0.001,0.001,0.001,0.001,0.001,0.001,0.001,0.001,0.001,0.001,0.001,0.001,0.001,0.001,0.001,0.001,0.001,0.001,0.001,0.001,0.001,99.976;0.001,0.001,0.001,0.001,0.001,0.001,0.001,0.001,0.001,0.001,0.001,0.001,0.001,0.001,0.001,0.001,0.001,0.001,0.001,0.001,0.001,0.001,0.001,0.001,99.976;0.001,0.001,0.001,0.001,0.001,0.001,0.001,0.001,0.001,0.001,0.001,0.001,0.001,0.001,0.001,0.001,0.001,0.001,0.001,0.001,0.001,0.001,0.001,0.001,99.976;0.001,0.001,0.001,0.001,0.001,0.001,0.001,0.001,0.001,0.001,0.001,0.001,0.001,0.001,0.001,0.001,0.001,0.001,0.001,0.001,0.001,0.001,0.001,0.001,99.976;0.001,0.001,0.001,0.001,0.001,0.001,0.001,0.001,0.001,0.001,0.001,0.001,0.001,0.001,0.001,0.001,0.001,0.001,0.001,0.001,0.001,0.001,0.001,0.001,99.976;0.001,0.001,0.001,0.001,0.001,0.001,0.001,0.001,0.001,0.001,0.001,0.001,0.001,0.001,0.001,0.001,0.001,0.001,0.001,0.001,0.001,0.001,0.001,0.001,99.976;0.001,0.001,0.001,0.001,0.001,0.001,0.001,0.001,0.001,0.001,0.001,0.001,0.001,0.001,0.001,0.001,0.001,0.001,0.001,0.001,0.001,0.001,0.001,0.001,99.976;0.001,0.001,0.001,0.001,0.001,0.001,0.001,0.001,0.001,0.001,0.001,0.001,0.001,0.001,0.001,0.001,0.001,0.001,0.001,0.001,0.001,0.001,0.001,0.001,99.976;0.001,0.001,0.001,0.001,0.001,0.001,0.001,0.001,0.001,0.001,0.001,0.001,0.001,0.001,0.001,0.001,0.001,0.001,0.001,0.001,0.001,0.001,0.001,0.001,99.976;0.001,0.001,0.001,0.001,0.001,0.001,0.001,0.001,0.001,0.001,0.001,0.001,0.001,0.001,0.001,0.001,0.001,0.001,0.001,0.001,0.001,0.001,0.001,0.001,99.976;0.001,0.001,0.001,0.001,0.001,0.001,0.001,0.001,0.001,0.001,0.001,0.001,0.001,0.001,0.001,0.001,0.001,0.001,0.001,0.001,0.001,0.001,0.001,0.001,99.976;0.001,0.001,0.001,0.001,0.001,0.001,0.001,0.001,0.001,0.001,0.001,0.001,0.001,0.001,0.001,0.001,0.001,0.001,0.001,0.001,0.001,0.001,0.001,0.001,99.976;0.001,0.001,0.001,0.001,0.001,0.001,0.001,0.001,0.001,0.001,0.001,0.001,0.001,0.001,0.001,0.001,0.001,0.001,0.001,0.001,0.001,0.001,0.001,0.001,99.976;0.001,0.001,0.001,0.001,0.001,0.001,0.001,0.001,0.001,0.001,0.001,0.001,0.001,0.001,0.001,0.001,0.001,0.001,0.001,0.001,0.001,0.001,0.001,0.001,99.976"
    levelsQoS 25
    queueSizes "32,32,32,32,32,32,32,32,32,32,32,32,32,32,32,32,32,32,32,32,32,32,32,32,32"
  ]
  node [
    id 27
    label "27"
    schedulingPolicy "FIFO"
    levelsQoS "1"
    schedulingWeights "-"
    tosToQoSqueue "0,1,2,3,4,5,6,7,8,9,10,11,12,13,14,15,16,17,18,19,20,21,22,23,24,25,26,27,28,29,30,31,32,33,34,35,36,37,38,39,40,41,42,43,44,45,46,47,48,49,50,51,52,53,54,55,56,57,58,59,60,61,62,63,64,65,66,67,68,69,70,71,72,73,74,75,76,77,78,79,80,81,82,83,84,85,86,87,88"
    queueSizes "32"
    type "destination_urllc"
  ]
  node [
    id 28
    label "28"
    schedulingPolicy "FIFO"
    levelsQoS "1"
    schedulingWeights "-"
    tosToQoSqueue "0,1,2,3,4,5,6,7,8,9,10,11,12,13,14,15,16,17,18,19,20,21,22,23,24,25,26,27,28,29,30,31,32,33,34,35,36,37,38,39,40,41,42,43,44,45,46,47,48,49,50,51,52,53,54,55,56,57,58,59,60,61,62,63,64,65,66,67,68,69,70,71,72,73,74,75,76,77,78,79,80,81,82,83,84,85,86,87,88"
    queueSizes "32"
    type "destination_mmtc"
  ]
  node [
    id 29
    label "29"
    schedulingPolicy "FIFO"
    levelsQoS "1"
    schedulingWeights "-"
    tosToQoSqueue "0,1,2,3,4,5,6,7,8,9,10,11,12,13,14,15,16,17,18,19,20,21,22,23,24,25,26,27,28,29,30,31,32,33,34,35,36,37,38,39,40,41,42,43,44,45,46,47,48,49,50,51,52,53,54,55,56,57,58,59,60,61,62,63,64,65,66,67,68,69,70,71,72,73,74,75,76,77,78,79,80,81,82,83,84,85,86,87,88"
    queueSizes "32"
    type "destination_embb"
  ]
  node [
    id 30
    label "30"
    schedulingPolicy "FIFO"
    levelsQoS "1"
    schedulingWeights "-"
    tosToQoSqueue "0,1,2,3,4,5,6,7,8,9,10,11,12,13,14,15,16,17,18,19,20,21,22,23,24,25,26,27,28,29,30,31,32,33,34,35,36,37,38,39,40,41,42,43,44,45,46,47,48,49,50,51,52,53,54,55,56,57,58,59,60,61,62,63,64,65,66,67,68,69,70,71,72,73,74,75,76,77,78,79,80,81,82,83,84,85,86,87,88"
    queueSizes "32"
    type "origin_embb"
    reservation 18815400.0
  ]
  node [
    id 31
    label "31"
    schedulingPolicy "FIFO"
    levelsQoS "1"
    schedulingWeights "-"
    tosToQoSqueue "0,1,2,3,4,5,6,7,8,9,10,11,12,13,14,15,16,17,18,19,20,21,22,23,24,25,26,27,28,29,30,31,32,33,34,35,36,37,38,39,40,41,42,43,44,45,46,47,48,49,50,51,52,53,54,55,56,57,58,59,60,61,62,63,64,65,66,67,68,69,70,71,72,73,74,75,76,77,78,79,80,81,82,83,84,85,86,87,88"
    queueSizes "32"
    type "origin_embb"
    reservation 16758000.0
  ]
  node [
    id 32
    label "32"
    schedulingPolicy "FIFO"
    levelsQoS "1"
    schedulingWeights "-"
    tosToQoSqueue "0,1,2,3,4,5,6,7,8,9,10,11,12,13,14,15,16,17,18,19,20,21,22,23,24,25,26,27,28,29,30,31,32,33,34,35,36,37,38,39,40,41,42,43,44,45,46,47,48,49,50,51,52,53,54,55,56,57,58,59,60,61,62,63,64,65,66,67,68,69,70,71,72,73,74,75,76,77,78,79,80,81,82,83,84,85,86,87,88"
    queueSizes "32"
    type "origin_urllc"
    reservation 3017000.0
  ]
  node [
    id 33
    label "33"
    schedulingPolicy "FIFO"
    levelsQoS "1"
    schedulingWeights "-"
    tosToQoSqueue "0,1,2,3,4,5,6,7,8,9,10,11,12,13,14,15,16,17,18,19,20,21,22,23,24,25,26,27,28,29,30,31,32,33,34,35,36,37,38,39,40,41,42,43,44,45,46,47,48,49,50,51,52,53,54,55,56,57,58,59,60,61,62,63,64,65,66,67,68,69,70,71,72,73,74,75,76,77,78,79,80,81,82,83,84,85,86,87,88"
    queueSizes "32"
    type "origin_urllc"
    reservation 3798200.0
  ]
  node [
    id 34
    label "34"
    schedulingPolicy "FIFO"
    levelsQoS "1"
    schedulingWeights "-"
    tosToQoSqueue "0,1,2,3,4,5,6,7,8,9,10,11,12,13,14,15,16,17,18,19,20,21,22,23,24,25,26,27,28,29,30,31,32,33,34,35,36,37,38,39,40,41,42,43,44,45,46,47,48,49,50,51,52,53,54,55,56,57,58,59,60,61,62,63,64,65,66,67,68,69,70,71,72,73,74,75,76,77,78,79,80,81,82,83,84,85,86,87,88"
    queueSizes "32"
    type "origin_urllc"
    reservation 2989700.0
  ]
  node [
    id 35
    label "35"
    schedulingPolicy "FIFO"
    levelsQoS "1"
    schedulingWeights "-"
    tosToQoSqueue "0,1,2,3,4,5,6,7,8,9,10,11,12,13,14,15,16,17,18,19,20,21,22,23,24,25,26,27,28,29,30,31,32,33,34,35,36,37,38,39,40,41,42,43,44,45,46,47,48,49,50,51,52,53,54,55,56,57,58,59,60,61,62,63,64,65,66,67,68,69,70,71,72,73,74,75,76,77,78,79,80,81,82,83,84,85,86,87,88"
    queueSizes "32"
    type "origin_mmtc"
    reservation 228680.0
  ]
  node [
    id 36
    label "36"
    schedulingPolicy "FIFO"
    levelsQoS "1"
    schedulingWeights "-"
    tosToQoSqueue "0,1,2,3,4,5,6,7,8,9,10,11,12,13,14,15,16,17,18,19,20,21,22,23,24,25,26,27,28,29,30,31,32,33,34,35,36,37,38,39,40,41,42,43,44,45,46,47,48,49,50,51,52,53,54,55,56,57,58,59,60,61,62,63,64,65,66,67,68,69,70,71,72,73,74,75,76,77,78,79,80,81,82,83,84,85,86,87,88"
    queueSizes "32"
    type "origin_embb"
    reservation 18815400.0
  ]
  node [
    id 37
    label "37"
    schedulingPolicy "FIFO"
    levelsQoS "1"
    schedulingWeights "-"
    tosToQoSqueue "0,1,2,3,4,5,6,7,8,9,10,11,12,13,14,15,16,17,18,19,20,21,22,23,24,25,26,27,28,29,30,31,32,33,34,35,36,37,38,39,40,41,42,43,44,45,46,47,48,49,50,51,52,53,54,55,56,57,58,59,60,61,62,63,64,65,66,67,68,69,70,71,72,73,74,75,76,77,78,79,80,81,82,83,84,85,86,87,88"
    queueSizes "32"
    type "origin_mmtc"
    reservation 204980.0
  ]
  node [
    id 38
    label "38"
    schedulingPolicy "FIFO"
    levelsQoS "1"
    schedulingWeights "-"
    tosToQoSqueue "0,1,2,3,4,5,6,7,8,9,10,11,12,13,14,15,16,17,18,19,20,21,22,23,24,25,26,27,28,29,30,31,32,33,34,35,36,37,38,39,40,41,42,43,44,45,46,47,48,49,50,51,52,53,54,55,56,57,58,59,60,61,62,63,64,65,66,67,68,69,70,71,72,73,74,75,76,77,78,79,80,81,82,83,84,85,86,87,88"
    queueSizes "32"
    type "origin_mmtc"
    reservation 223280.0
  ]
  node [
    id 39
    label "39"
    schedulingPolicy "FIFO"
    levelsQoS "1"
    schedulingWeights "-"
    tosToQoSqueue "0,1,2,3,4,5,6,7,8,9,10,11,12,13,14,15,16,17,18,19,20,21,22,23,24,25,26,27,28,29,30,31,32,33,34,35,36,37,38,39,40,41,42,43,44,45,46,47,48,49,50,51,52,53,54,55,56,57,58,59,60,61,62,63,64,65,66,67,68,69,70,71,72,73,74,75,76,77,78,79,80,81,82,83,84,85,86,87,88"
    queueSizes "32"
    type "origin_mmtc"
    reservation 202640.0
  ]
  node [
    id 40
    label "40"
    schedulingPolicy "FIFO"
    levelsQoS "1"
    schedulingWeights "-"
    tosToQoSqueue "0,1,2,3,4,5,6,7,8,9,10,11,12,13,14,15,16,17,18,19,20,21,22,23,24,25,26,27,28,29,30,31,32,33,34,35,36,37,38,39,40,41,42,43,44,45,46,47,48,49,50,51,52,53,54,55,56,57,58,59,60,61,62,63,64,65,66,67,68,69,70,71,72,73,74,75,76,77,78,79,80,81,82,83,84,85,86,87,88"
    queueSizes "32"
    type "origin_mmtc"
    reservation 207920.0
  ]
  node [
    id 41
    label "41"
    schedulingPolicy "FIFO"
    levelsQoS "1"
    schedulingWeights "-"
    tosToQoSqueue "0,1,2,3,4,5,6,7,8,9,10,11,12,13,14,15,16,17,18,19,20,21,22,23,24,25,26,27,28,29,30,31,32,33,34,35,36,37,38,39,40,41,42,43,44,45,46,47,48,49,50,51,52,53,54,55,56,57,58,59,60,61,62,63,64,65,66,67,68,69,70,71,72,73,74,75,76,77,78,79,80,81,82,83,84,85,86,87,88"
    queueSizes "32"
    type "origin_mmtc"
    reservation 223160.0
  ]
  node [
    id 42
    label "42"
    schedulingPolicy "FIFO"
    levelsQoS "1"
    schedulingWeights "-"
    tosToQoSqueue "0,1,2,3,4,5,6,7,8,9,10,11,12,13,14,15,16,17,18,19,20,21,22,23,24,25,26,27,28,29,30,31,32,33,34,35,36,37,38,39,40,41,42,43,44,45,46,47,48,49,50,51,52,53,54,55,56,57,58,59,60,61,62,63,64,65,66,67,68,69,70,71,72,73,74,75,76,77,78,79,80,81,82,83,84,85,86,87,88"
    queueSizes "32"
    type "origin_mmtc"
    reservation 204980.0
  ]
  node [
    id 43
    label "43"
    schedulingPolicy "FIFO"
    levelsQoS "1"
    schedulingWeights "-"
    tosToQoSqueue "0,1,2,3,4,5,6,7,8,9,10,11,12,13,14,15,16,17,18,19,20,21,22,23,24,25,26,27,28,29,30,31,32,33,34,35,36,37,38,39,40,41,42,43,44,45,46,47,48,49,50,51,52,53,54,55,56,57,58,59,60,61,62,63,64,65,66,67,68,69,70,71,72,73,74,75,76,77,78,79,80,81,82,83,84,85,86,87,88"
    queueSizes "32"
    type "origin_mmtc"
    reservation 223280.0
  ]
  node [
    id 44
    label "44"
    schedulingPolicy "FIFO"
    levelsQoS "1"
    schedulingWeights "-"
    tosToQoSqueue "0,1,2,3,4,5,6,7,8,9,10,11,12,13,14,15,16,17,18,19,20,21,22,23,24,25,26,27,28,29,30,31,32,33,34,35,36,37,38,39,40,41,42,43,44,45,46,47,48,49,50,51,52,53,54,55,56,57,58,59,60,61,62,63,64,65,66,67,68,69,70,71,72,73,74,75,76,77,78,79,80,81,82,83,84,85,86,87,88"
    queueSizes "32"
    type "origin_mmtc"
    reservation 223280.0
  ]
  node [
    id 45
    label "45"
    schedulingPolicy "FIFO"
    levelsQoS "1"
    schedulingWeights "-"
    tosToQoSqueue "0,1,2,3,4,5,6,7,8,9,10,11,12,13,14,15,16,17,18,19,20,21,22,23,24,25,26,27,28,29,30,31,32,33,34,35,36,37,38,39,40,41,42,43,44,45,46,47,48,49,50,51,52,53,54,55,56,57,58,59,60,61,62,63,64,65,66,67,68,69,70,71,72,73,74,75,76,77,78,79,80,81,82,83,84,85,86,87,88"
    queueSizes "32"
    type "origin_mmtc"
    reservation 202940.0
  ]
  node [
    id 46
    label "46"
    schedulingPolicy "FIFO"
    levelsQoS "1"
    schedulingWeights "-"
    tosToQoSqueue "0,1,2,3,4,5,6,7,8,9,10,11,12,13,14,15,16,17,18,19,20,21,22,23,24,25,26,27,28,29,30,31,32,33,34,35,36,37,38,39,40,41,42,43,44,45,46,47,48,49,50,51,52,53,54,55,56,57,58,59,60,61,62,63,64,65,66,67,68,69,70,71,72,73,74,75,76,77,78,79,80,81,82,83,84,85,86,87,88"
    queueSizes "32"
    type "origin_mmtc"
    reservation 205400.0
  ]
  node [
    id 47
    label "47"
    schedulingPolicy "FIFO"
    levelsQoS "1"
    schedulingWeights "-"
    tosToQoSqueue "0,1,2,3,4,5,6,7,8,9,10,11,12,13,14,15,16,17,18,19,20,21,22,23,24,25,26,27,28,29,30,31,32,33,34,35,36,37,38,39,40,41,42,43,44,45,46,47,48,49,50,51,52,53,54,55,56,57,58,59,60,61,62,63,64,65,66,67,68,69,70,71,72,73,74,75,76,77,78,79,80,81,82,83,84,85,86,87,88"
    queueSizes "32"
    type "origin_mmtc"
    reservation 202640.0
  ]
  node [
    id 48
    label "48"
    schedulingPolicy "FIFO"
    levelsQoS "1"
    schedulingWeights "-"
    tosToQoSqueue "0,1,2,3,4,5,6,7,8,9,10,11,12,13,14,15,16,17,18,19,20,21,22,23,24,25,26,27,28,29,30,31,32,33,34,35,36,37,38,39,40,41,42,43,44,45,46,47,48,49,50,51,52,53,54,55,56,57,58,59,60,61,62,63,64,65,66,67,68,69,70,71,72,73,74,75,76,77,78,79,80,81,82,83,84,85,86,87,88"
    queueSizes "32"
    type "origin_urllc"
    reservation 3282650.0
  ]
  node [
    id 49
    label "49"
    schedulingPolicy "FIFO"
    levelsQoS "1"
    schedulingWeights "-"
    tosToQoSqueue "0,1,2,3,4,5,6,7,8,9,10,11,12,13,14,15,16,17,18,19,20,21,22,23,24,25,26,27,28,29,30,31,32,33,34,35,36,37,38,39,40,41,42,43,44,45,46,47,48,49,50,51,52,53,54,55,56,57,58,59,60,61,62,63,64,65,66,67,68,69,70,71,72,73,74,75,76,77,78,79,80,81,82,83,84,85,86,87,88"
    queueSizes "32"
    type "origin_embb"
    reservation 16758000.0
  ]
  node [
    id 50
    label "50"
    schedulingPolicy "FIFO"
    levelsQoS "1"
    schedulingWeights "-"
    tosToQoSqueue "0,1,2,3,4,5,6,7,8,9,10,11,12,13,14,15,16,17,18,19,20,21,22,23,24,25,26,27,28,29,30,31,32,33,34,35,36,37,38,39,40,41,42,43,44,45,46,47,48,49,50,51,52,53,54,55,56,57,58,59,60,61,62,63,64,65,66,67,68,69,70,71,72,73,74,75,76,77,78,79,80,81,82,83,84,85,86,87,88"
    queueSizes "32"
    type "origin_urllc"
    reservation 3017000.0
  ]
  node [
    id 51
    label "51"
    schedulingPolicy "FIFO"
    levelsQoS "1"
    schedulingWeights "-"
    tosToQoSqueue "0,1,2,3,4,5,6,7,8,9,10,11,12,13,14,15,16,17,18,19,20,21,22,23,24,25,26,27,28,29,30,31,32,33,34,35,36,37,38,39,40,41,42,43,44,45,46,47,48,49,50,51,52,53,54,55,56,57,58,59,60,61,62,63,64,65,66,67,68,69,70,71,72,73,74,75,76,77,78,79,80,81,82,83,84,85,86,87,88"
    queueSizes "32"
    type "origin_urllc"
    reservation 3017000.0
  ]
  node [
    id 52
    label "52"
    schedulingPolicy "FIFO"
    levelsQoS "1"
    schedulingWeights "-"
    tosToQoSqueue "0,1,2,3,4,5,6,7,8,9,10,11,12,13,14,15,16,17,18,19,20,21,22,23,24,25,26,27,28,29,30,31,32,33,34,35,36,37,38,39,40,41,42,43,44,45,46,47,48,49,50,51,52,53,54,55,56,57,58,59,60,61,62,63,64,65,66,67,68,69,70,71,72,73,74,75,76,77,78,79,80,81,82,83,84,85,86,87,88"
    queueSizes "32"
    type "origin_urllc"
    reservation 2989700.0
  ]
  node [
    id 53
    label "53"
    schedulingPolicy "FIFO"
    levelsQoS "1"
    schedulingWeights "-"
    tosToQoSqueue "0,1,2,3,4,5,6,7,8,9,10,11,12,13,14,15,16,17,18,19,20,21,22,23,24,25,26,27,28,29,30,31,32,33,34,35,36,37,38,39,40,41,42,43,44,45,46,47,48,49,50,51,52,53,54,55,56,57,58,59,60,61,62,63,64,65,66,67,68,69,70,71,72,73,74,75,76,77,78,79,80,81,82,83,84,85,86,87,88"
    queueSizes "32"
    type "origin_urllc"
    reservation 3798200.0
  ]
  node [
    id 54
    label "54"
    schedulingPolicy "FIFO"
    levelsQoS "1"
    schedulingWeights "-"
    tosToQoSqueue "0,1,2,3,4,5,6,7,8,9,10,11,12,13,14,15,16,17,18,19,20,21,22,23,24,25,26,27,28,29,30,31,32,33,34,35,36,37,38,39,40,41,42,43,44,45,46,47,48,49,50,51,52,53,54,55,56,57,58,59,60,61,62,63,64,65,66,67,68,69,70,71,72,73,74,75,76,77,78,79,80,81,82,83,84,85,86,87,88"
    queueSizes "32"
    type "origin_urllc"
    reservation 3470600.0
  ]
  node [
    id 55
    label "55"
    schedulingPolicy "FIFO"
    levelsQoS "1"
    schedulingWeights "-"
    tosToQoSqueue "0,1,2,3,4,5,6,7,8,9,10,11,12,13,14,15,16,17,18,19,20,21,22,23,24,25,26,27,28,29,30,31,32,33,34,35,36,37,38,39,40,41,42,43,44,45,46,47,48,49,50,51,52,53,54,55,56,57,58,59,60,61,62,63,64,65,66,67,68,69,70,71,72,73,74,75,76,77,78,79,80,81,82,83,84,85,86,87,88"
    queueSizes "32"
    type "origin_urllc"
    reservation 3893750.0
  ]
  node [
    id 56
    label "56"
    schedulingPolicy "FIFO"
    levelsQoS "1"
    schedulingWeights "-"
    tosToQoSqueue "0,1,2,3,4,5,6,7,8,9,10,11,12,13,14,15,16,17,18,19,20,21,22,23,24,25,26,27,28,29,30,31,32,33,34,35,36,37,38,39,40,41,42,43,44,45,46,47,48,49,50,51,52,53,54,55,56,57,58,59,60,61,62,63,64,65,66,67,68,69,70,71,72,73,74,75,76,77,78,79,80,81,82,83,84,85,86,87,88"
    queueSizes "32"
    type "origin_urllc"
    reservation 3113600.0
  ]
  node [
    id 57
    label "57"
    schedulingPolicy "FIFO"
    levelsQoS "1"
    schedulingWeights "-"
    tosToQoSqueue "0,1,2,3,4,5,6,7,8,9,10,11,12,13,14,15,16,17,18,19,20,21,22,23,24,25,26,27,28,29,30,31,32,33,34,35,36,37,38,39,40,41,42,43,44,45,46,47,48,49,50,51,52,53,54,55,56,57,58,59,60,61,62,63,64,65,66,67,68,69,70,71,72,73,74,75,76,77,78,79,80,81,82,83,84,85,86,87,88"
    queueSizes "32"
    type "origin_urllc"
    reservation 3454850.0
  ]
  node [
    id 58
    label "58"
    schedulingPolicy "FIFO"
    levelsQoS "1"
    schedulingWeights "-"
    tosToQoSqueue "0,1,2,3,4,5,6,7,8,9,10,11,12,13,14,15,16,17,18,19,20,21,22,23,24,25,26,27,28,29,30,31,32,33,34,35,36,37,38,39,40,41,42,43,44,45,46,47,48,49,50,51,52,53,54,55,56,57,58,59,60,61,62,63,64,65,66,67,68,69,70,71,72,73,74,75,76,77,78,79,80,81,82,83,84,85,86,87,88"
    queueSizes "32"
    type "origin_urllc"
    reservation 3453800.0
  ]
  node [
    id 59
    label "59"
    schedulingPolicy "FIFO"
    levelsQoS "1"
    schedulingWeights "-"
    tosToQoSqueue "0,1,2,3,4,5,6,7,8,9,10,11,12,13,14,15,16,17,18,19,20,21,22,23,24,25,26,27,28,29,30,31,32,33,34,35,36,37,38,39,40,41,42,43,44,45,46,47,48,49,50,51,52,53,54,55,56,57,58,59,60,61,62,63,64,65,66,67,68,69,70,71,72,73,74,75,76,77,78,79,80,81,82,83,84,85,86,87,88"
    queueSizes "32"
    type "origin_urllc"
    reservation 2989700.0
  ]
  node [
    id 60
    label "60"
    schedulingPolicy "FIFO"
    levelsQoS "1"
    schedulingWeights "-"
    tosToQoSqueue "0,1,2,3,4,5,6,7,8,9,10,11,12,13,14,15,16,17,18,19,20,21,22,23,24,25,26,27,28,29,30,31,32,33,34,35,36,37,38,39,40,41,42,43,44,45,46,47,48,49,50,51,52,53,54,55,56,57,58,59,60,61,62,63,64,65,66,67,68,69,70,71,72,73,74,75,76,77,78,79,80,81,82,83,84,85,86,87,88"
    queueSizes "32"
    type "origin_mmtc"
    reservation 204980.0
  ]
  node [
    id 61
    label "61"
    schedulingPolicy "FIFO"
    levelsQoS "1"
    schedulingWeights "-"
    tosToQoSqueue "0,1,2,3,4,5,6,7,8,9,10,11,12,13,14,15,16,17,18,19,20,21,22,23,24,25,26,27,28,29,30,31,32,33,34,35,36,37,38,39,40,41,42,43,44,45,46,47,48,49,50,51,52,53,54,55,56,57,58,59,60,61,62,63,64,65,66,67,68,69,70,71,72,73,74,75,76,77,78,79,80,81,82,83,84,85,86,87,88"
    queueSizes "32"
    type "origin_urllc"
    reservation 3282650.0
  ]
  node [
    id 62
    label "62"
    schedulingPolicy "FIFO"
    levelsQoS "1"
    schedulingWeights "-"
    tosToQoSqueue "0,1,2,3,4,5,6,7,8,9,10,11,12,13,14,15,16,17,18,19,20,21,22,23,24,25,26,27,28,29,30,31,32,33,34,35,36,37,38,39,40,41,42,43,44,45,46,47,48,49,50,51,52,53,54,55,56,57,58,59,60,61,62,63,64,65,66,67,68,69,70,71,72,73,74,75,76,77,78,79,80,81,82,83,84,85,86,87,88"
    queueSizes "32"
    type "origin_urllc"
    reservation 2989700.0
  ]
  node [
    id 63
    label "63"
    schedulingPolicy "FIFO"
    levelsQoS "1"
    schedulingWeights "-"
    tosToQoSqueue "0,1,2,3,4,5,6,7,8,9,10,11,12,13,14,15,16,17,18,19,20,21,22,23,24,25,26,27,28,29,30,31,32,33,34,35,36,37,38,39,40,41,42,43,44,45,46,47,48,49,50,51,52,53,54,55,56,57,58,59,60,61,62,63,64,65,66,67,68,69,70,71,72,73,74,75,76,77,78,79,80,81,82,83,84,85,86,87,88"
    queueSizes "32"
    type "origin_urllc"
    reservation 3798200.0
  ]
  node [
    id 64
    label "64"
    schedulingPolicy "FIFO"
    levelsQoS "1"
    schedulingWeights "-"
    tosToQoSqueue "0,1,2,3,4,5,6,7,8,9,10,11,12,13,14,15,16,17,18,19,20,21,22,23,24,25,26,27,28,29,30,31,32,33,34,35,36,37,38,39,40,41,42,43,44,45,46,47,48,49,50,51,52,53,54,55,56,57,58,59,60,61,62,63,64,65,66,67,68,69,70,71,72,73,74,75,76,77,78,79,80,81,82,83,84,85,86,87,88"
    queueSizes "32"
    type "origin_urllc"
    reservation 3113600.0
  ]
  node [
    id 65
    label "65"
    schedulingPolicy "FIFO"
    levelsQoS "1"
    schedulingWeights "-"
    tosToQoSqueue "0,1,2,3,4,5,6,7,8,9,10,11,12,13,14,15,16,17,18,19,20,21,22,23,24,25,26,27,28,29,30,31,32,33,34,35,36,37,38,39,40,41,42,43,44,45,46,47,48,49,50,51,52,53,54,55,56,57,58,59,60,61,62,63,64,65,66,67,68,69,70,71,72,73,74,75,76,77,78,79,80,81,82,83,84,85,86,87,88"
    queueSizes "32"
    type "origin_urllc"
    reservation 3908450.0
  ]
  node [
    id 66
    label "66"
    schedulingPolicy "FIFO"
    levelsQoS "1"
    schedulingWeights "-"
    tosToQoSqueue "0,1,2,3,4,5,6,7,8,9,10,11,12,13,14,15,16,17,18,19,20,21,22,23,24,25,26,27,28,29,30,31,32,33,34,35,36,37,38,39,40,41,42,43,44,45,46,47,48,49,50,51,52,53,54,55,56,57,58,59,60,61,62,63,64,65,66,67,68,69,70,71,72,73,74,75,76,77,78,79,80,81,82,83,84,85,86,87,88"
    queueSizes "32"
    type "origin_urllc"
    reservation 3454850.0
  ]
  node [
    id 67
    label "67"
    schedulingPolicy "FIFO"
    levelsQoS "1"
    schedulingWeights "-"
    tosToQoSqueue "0,1,2,3,4,5,6,7,8,9,10,11,12,13,14,15,16,17,18,19,20,21,22,23,24,25,26,27,28,29,30,31,32,33,34,35,36,37,38,39,40,41,42,43,44,45,46,47,48,49,50,51,52,53,54,55,56,57,58,59,60,61,62,63,64,65,66,67,68,69,70,71,72,73,74,75,76,77,78,79,80,81,82,83,84,85,86,87,88"
    queueSizes "32"
    type "origin_urllc"
    reservation 3908450.0
  ]
  node [
    id 68
    label "68"
    schedulingPolicy "FIFO"
    levelsQoS "1"
    schedulingWeights "-"
    tosToQoSqueue "0,1,2,3,4,5,6,7,8,9,10,11,12,13,14,15,16,17,18,19,20,21,22,23,24,25,26,27,28,29,30,31,32,33,34,35,36,37,38,39,40,41,42,43,44,45,46,47,48,49,50,51,52,53,54,55,56,57,58,59,60,61,62,63,64,65,66,67,68,69,70,71,72,73,74,75,76,77,78,79,80,81,82,83,84,85,86,87,88"
    queueSizes "32"
    type "origin_urllc"
    reservation 2989700.0
  ]
  node [
    id 69
    label "69"
    schedulingPolicy "FIFO"
    levelsQoS "1"
    schedulingWeights "-"
    tosToQoSqueue "0,1,2,3,4,5,6,7,8,9,10,11,12,13,14,15,16,17,18,19,20,21,22,23,24,25,26,27,28,29,30,31,32,33,34,35,36,37,38,39,40,41,42,43,44,45,46,47,48,49,50,51,52,53,54,55,56,57,58,59,60,61,62,63,64,65,66,67,68,69,70,71,72,73,74,75,76,77,78,79,80,81,82,83,84,85,86,87,88"
    queueSizes "32"
    type "origin_urllc"
    reservation 2989700.0
  ]
  node [
    id 70
    label "70"
    schedulingPolicy "FIFO"
    levelsQoS "1"
    schedulingWeights "-"
    tosToQoSqueue "0,1,2,3,4,5,6,7,8,9,10,11,12,13,14,15,16,17,18,19,20,21,22,23,24,25,26,27,28,29,30,31,32,33,34,35,36,37,38,39,40,41,42,43,44,45,46,47,48,49,50,51,52,53,54,55,56,57,58,59,60,61,62,63,64,65,66,67,68,69,70,71,72,73,74,75,76,77,78,79,80,81,82,83,84,85,86,87,88"
    queueSizes "32"
    type "origin_urllc"
    reservation 3381350.0
  ]
  node [
    id 71
    label "71"
    schedulingPolicy "FIFO"
    levelsQoS "1"
    schedulingWeights "-"
    tosToQoSqueue "0,1,2,3,4,5,6,7,8,9,10,11,12,13,14,15,16,17,18,19,20,21,22,23,24,25,26,27,28,29,30,31,32,33,34,35,36,37,38,39,40,41,42,43,44,45,46,47,48,49,50,51,52,53,54,55,56,57,58,59,60,61,62,63,64,65,66,67,68,69,70,71,72,73,74,75,76,77,78,79,80,81,82,83,84,85,86,87,88"
    queueSizes "32"
    type "origin_urllc"
    reservation 3500000.0
  ]
  node [
    id 72
    label "72"
    schedulingPolicy "FIFO"
    levelsQoS "1"
    schedulingWeights "-"
    tosToQoSqueue "0,1,2,3,4,5,6,7,8,9,10,11,12,13,14,15,16,17,18,19,20,21,22,23,24,25,26,27,28,29,30,31,32,33,34,35,36,37,38,39,40,41,42,43,44,45,46,47,48,49,50,51,52,53,54,55,56,57,58,59,60,61,62,63,64,65,66,67,68,69,70,71,72,73,74,75,76,77,78,79,80,81,82,83,84,85,86,87,88"
    queueSizes "32"
    type "origin_urllc"
    reservation 3282650.0
  ]
  node [
    id 73
    label "73"
    schedulingPolicy "FIFO"
    levelsQoS "1"
    schedulingWeights "-"
    tosToQoSqueue "0,1,2,3,4,5,6,7,8,9,10,11,12,13,14,15,16,17,18,19,20,21,22,23,24,25,26,27,28,29,30,31,32,33,34,35,36,37,38,39,40,41,42,43,44,45,46,47,48,49,50,51,52,53,54,55,56,57,58,59,60,61,62,63,64,65,66,67,68,69,70,71,72,73,74,75,76,77,78,79,80,81,82,83,84,85,86,87,88"
    queueSizes "32"
    type "origin_urllc"
    reservation 3808700.0
  ]
  node [
    id 74
    label "74"
    schedulingPolicy "FIFO"
    levelsQoS "1"
    schedulingWeights "-"
    tosToQoSqueue "0,1,2,3,4,5,6,7,8,9,10,11,12,13,14,15,16,17,18,19,20,21,22,23,24,25,26,27,28,29,30,31,32,33,34,35,36,37,38,39,40,41,42,43,44,45,46,47,48,49,50,51,52,53,54,55,56,57,58,59,60,61,62,63,64,65,66,67,68,69,70,71,72,73,74,75,76,77,78,79,80,81,82,83,84,85,86,87,88"
    queueSizes "32"
    type "origin_urllc"
    reservation 3534650.0
  ]
  node [
    id 75
    label "75"
    schedulingPolicy "FIFO"
    levelsQoS "1"
    schedulingWeights "-"
    tosToQoSqueue "0,1,2,3,4,5,6,7,8,9,10,11,12,13,14,15,16,17,18,19,20,21,22,23,24,25,26,27,28,29,30,31,32,33,34,35,36,37,38,39,40,41,42,43,44,45,46,47,48,49,50,51,52,53,54,55,56,57,58,59,60,61,62,63,64,65,66,67,68,69,70,71,72,73,74,75,76,77,78,79,80,81,82,83,84,85,86,87,88"
    queueSizes "32"
    type "origin_mmtc"
    reservation 190700.0
  ]
  node [
    id 76
    label "76"
    schedulingPolicy "FIFO"
    levelsQoS "1"
    schedulingWeights "-"
    tosToQoSqueue "0,1,2,3,4,5,6,7,8,9,10,11,12,13,14,15,16,17,18,19,20,21,22,23,24,25,26,27,28,29,30,31,32,33,34,35,36,37,38,39,40,41,42,43,44,45,46,47,48,49,50,51,52,53,54,55,56,57,58,59,60,61,62,63,64,65,66,67,68,69,70,71,72,73,74,75,76,77,78,79,80,81,82,83,84,85,86,87,88"
    queueSizes "32"
    type "origin_mmtc"
    reservation 190700.0
  ]
  node [
    id 77
    label "77"
    schedulingPolicy "FIFO"
    levelsQoS "1"
    schedulingWeights "-"
    tosToQoSqueue "0,1,2,3,4,5,6,7,8,9,10,11,12,13,14,15,16,17,18,19,20,21,22,23,24,25,26,27,28,29,30,31,32,33,34,35,36,37,38,39,40,41,42,43,44,45,46,47,48,49,50,51,52,53,54,55,56,57,58,59,60,61,62,63,64,65,66,67,68,69,70,71,72,73,74,75,76,77,78,79,80,81,82,83,84,85,86,87,88"
    queueSizes "32"
    type "origin_mmtc"
    reservation 207920.0
  ]
  node [
    id 78
    label "78"
    schedulingPolicy "FIFO"
    levelsQoS "1"
    schedulingWeights "-"
    tosToQoSqueue "0,1,2,3,4,5,6,7,8,9,10,11,12,13,14,15,16,17,18,19,20,21,22,23,24,25,26,27,28,29,30,31,32,33,34,35,36,37,38,39,40,41,42,43,44,45,46,47,48,49,50,51,52,53,54,55,56,57,58,59,60,61,62,63,64,65,66,67,68,69,70,71,72,73,74,75,76,77,78,79,80,81,82,83,84,85,86,87,88"
    queueSizes "32"
    type "origin_mmtc"
    reservation 207920.0
  ]
  node [
    id 79
    label "79"
    schedulingPolicy "FIFO"
    levelsQoS "1"
    schedulingWeights "-"
    tosToQoSqueue "0,1,2,3,4,5,6,7,8,9,10,11,12,13,14,15,16,17,18,19,20,21,22,23,24,25,26,27,28,29,30,31,32,33,34,35,36,37,38,39,40,41,42,43,44,45,46,47,48,49,50,51,52,53,54,55,56,57,58,59,60,61,62,63,64,65,66,67,68,69,70,71,72,73,74,75,76,77,78,79,80,81,82,83,84,85,86,87,88"
    queueSizes "32"
    type "origin_mmtc"
    reservation 223160.0
  ]
  node [
    id 80
    label "80"
    schedulingPolicy "FIFO"
    levelsQoS "1"
    schedulingWeights "-"
    tosToQoSqueue "0,1,2,3,4,5,6,7,8,9,10,11,12,13,14,15,16,17,18,19,20,21,22,23,24,25,26,27,28,29,30,31,32,33,34,35,36,37,38,39,40,41,42,43,44,45,46,47,48,49,50,51,52,53,54,55,56,57,58,59,60,61,62,63,64,65,66,67,68,69,70,71,72,73,74,75,76,77,78,79,80,81,82,83,84,85,86,87,88"
    queueSizes "32"
    type "origin_mmtc"
    reservation 183140.0
  ]
  node [
    id 81
    label "81"
    schedulingPolicy "FIFO"
    levelsQoS "1"
    schedulingWeights "-"
    tosToQoSqueue "0,1,2,3,4,5,6,7,8,9,10,11,12,13,14,15,16,17,18,19,20,21,22,23,24,25,26,27,28,29,30,31,32,33,34,35,36,37,38,39,40,41,42,43,44,45,46,47,48,49,50,51,52,53,54,55,56,57,58,59,60,61,62,63,64,65,66,67,68,69,70,71,72,73,74,75,76,77,78,79,80,81,82,83,84,85,86,87,88"
    queueSizes "32"
    type "origin_mmtc"
    reservation 223280.0
  ]
  node [
    id 82
    label "82"
    schedulingPolicy "FIFO"
    levelsQoS "1"
    schedulingWeights "-"
    tosToQoSqueue "0,1,2,3,4,5,6,7,8,9,10,11,12,13,14,15,16,17,18,19,20,21,22,23,24,25,26,27,28,29,30,31,32,33,34,35,36,37,38,39,40,41,42,43,44,45,46,47,48,49,50,51,52,53,54,55,56,57,58,59,60,61,62,63,64,65,66,67,68,69,70,71,72,73,74,75,76,77,78,79,80,81,82,83,84,85,86,87,88"
    queueSizes "32"
    type "origin_mmtc"
    reservation 183140.0
  ]
  node [
    id 83
    label "83"
    schedulingPolicy "FIFO"
    levelsQoS "1"
    schedulingWeights "-"
    tosToQoSqueue "0,1,2,3,4,5,6,7,8,9,10,11,12,13,14,15,16,17,18,19,20,21,22,23,24,25,26,27,28,29,30,31,32,33,34,35,36,37,38,39,40,41,42,43,44,45,46,47,48,49,50,51,52,53,54,55,56,57,58,59,60,61,62,63,64,65,66,67,68,69,70,71,72,73,74,75,76,77,78,79,80,81,82,83,84,85,86,87,88"
    queueSizes "32"
    type "origin_mmtc"
    reservation 228680.0
  ]
  node [
    id 84
    label "84"
    schedulingPolicy "FIFO"
    levelsQoS "1"
    schedulingWeights "-"
    tosToQoSqueue "0,1,2,3,4,5,6,7,8,9,10,11,12,13,14,15,16,17,18,19,20,21,22,23,24,25,26,27,28,29,30,31,32,33,34,35,36,37,38,39,40,41,42,43,44,45,46,47,48,49,50,51,52,53,54,55,56,57,58,59,60,61,62,63,64,65,66,67,68,69,70,71,72,73,74,75,76,77,78,79,80,81,82,83,84,85,86,87,88"
    queueSizes "32"
    type "origin_mmtc"
    reservation 223160.0
  ]
  node [
    id 85
    label "85"
    schedulingPolicy "FIFO"
    levelsQoS "1"
    schedulingWeights "-"
    tosToQoSqueue "0,1,2,3,4,5,6,7,8,9,10,11,12,13,14,15,16,17,18,19,20,21,22,23,24,25,26,27,28,29,30,31,32,33,34,35,36,37,38,39,40,41,42,43,44,45,46,47,48,49,50,51,52,53,54,55,56,57,58,59,60,61,62,63,64,65,66,67,68,69,70,71,72,73,74,75,76,77,78,79,80,81,82,83,84,85,86,87,88"
    queueSizes "32"
    type "origin_mmtc"
    reservation 184640.0
  ]
  node [
    id 86
    label "86"
    schedulingPolicy "FIFO"
    levelsQoS "1"
    schedulingWeights "-"
    tosToQoSqueue "0,1,2,3,4,5,6,7,8,9,10,11,12,13,14,15,16,17,18,19,20,21,22,23,24,25,26,27,28,29,30,31,32,33,34,35,36,37,38,39,40,41,42,43,44,45,46,47,48,49,50,51,52,53,54,55,56,57,58,59,60,61,62,63,64,65,66,67,68,69,70,71,72,73,74,75,76,77,78,79,80,81,82,83,84,85,86,87,88"
    queueSizes "32"
    type "origin_mmtc"
    reservation 204980.0
  ]
  node [
    id 87
    label "87"
    schedulingPolicy "FIFO"
    levelsQoS "1"
    schedulingWeights "-"
    tosToQoSqueue "0,1,2,3,4,5,6,7,8,9,10,11,12,13,14,15,16,17,18,19,20,21,22,23,24,25,26,27,28,29,30,31,32,33,34,35,36,37,38,39,40,41,42,43,44,45,46,47,48,49,50,51,52,53,54,55,56,57,58,59,60,61,62,63,64,65,66,67,68,69,70,71,72,73,74,75,76,77,78,79,80,81,82,83,84,85,86,87,88"
    queueSizes "32"
    type "origin_mmtc"
    reservation 190700.0
  ]
  node [
    id 88
    label "88"
    schedulingPolicy "FIFO"
    levelsQoS "1"
    schedulingWeights "-"
    tosToQoSqueue "0,1,2,3,4,5,6,7,8,9,10,11,12,13,14,15,16,17,18,19,20,21,22,23,24,25,26,27,28,29,30,31,32,33,34,35,36,37,38,39,40,41,42,43,44,45,46,47,48,49,50,51,52,53,54,55,56,57,58,59,60,61,62,63,64,65,66,67,68,69,70,71,72,73,74,75,76,77,78,79,80,81,82,83,84,85,86,87,88"
    queueSizes "32"
    type "origin_mmtc"
    reservation 179840.0
  ]
  edge [
    source 0
    target 25
    key 0
    LinkSpeed "2.5"
    LinkNote " it/s"
    LinkLabel "2.5 Gbit/s"
    LinkSpeedUnits "G"
    LinkSpeedRaw 2500000000.0
    bandwidth 50000000
    traffic "18000000,3500000,3500000,3500000,3500000,3500000,200000,3500000,3500000"
    reservation "16758000.0,3282650.0,3017000.0,3017000.0,2989700.0,3798200.0,204980.0,3908450.0,3454850.0"
    port 0
  ]
  edge [
    source 0
    target 3
    key 0
    LinkSpeed "10"
    LinkNote " it/s"
    LinkLabel "10 Gbit/s"
    LinkSpeedUnits "G"
    LinkSpeedRaw 10000000000.0
    bandwidth 50000000
    traffic ""
    reservation ""
    port 1
  ]
  edge [
    source 0
    target 5
    key 0
    LinkSpeed "2.5"
    LinkNote " it/s"
    LinkLabel "2.5 Gbit/s"
    LinkSpeedUnits "G"
    LinkSpeedRaw 2500000000.0
    bandwidth 50000000
    traffic "18000000,3500000,3500000,3500000,200000,200000,200000,200000,200000,200000,200000,200000,200000,200000,200000,200000,200000,200000,200000,200000,200000,200000,200000,200000,200000"
    reservation "18815400.0,3017000.0,3798200.0,2989700.0,228680.0,204980.0,223280.0,202640.0,207920.0,223160.0,204980.0,223280.0,223280.0,202940.0,205400.0,202640.0,190700.0,190700.0,207920.0,207920.0,223160.0,183140.0,223280.0,183140.0,228680.0"
    port 2
  ]
  edge [
    source 1
    target 9
    key 0
    LinkSpeed "10"
    LinkNote " it/s"
    LinkLabel "10 Gbit/s"
    LinkSpeedUnits "G"
    LinkSpeedRaw 10000000000.0
    bandwidth 50000000
    traffic "3500000,3500000,3500000,3500000,3500000,3500000,3500000,3500000,3500000,3500000,3500000,200000,3500000,3500000,3500000,3500000"
    reservation "3282650.0,3017000.0,3017000.0,2989700.0,3798200.0,3470600.0,3893750.0,3113600.0,3454850.0,3453800.0,2989700.0,204980.0,3282650.0,2989700.0,3798200.0,3113600.0"
    port 0
  ]
  edge [
    source 1
    target 2
    key 0
    LinkSpeed "10"
    LinkNote " it/s"
    LinkLabel "10 Gbit/s"
    LinkSpeedUnits "G"
    LinkSpeedRaw 10000000000.0
    bandwidth 50000000
    traffic "18000000,3500000,3500000,3500000"
    reservation "18815400.0,3017000.0,3798200.0,2989700.0"
    port 1
  ]
  edge [
    source 1
    target 6
    key 0
    LinkSpeed "10"
    LinkNote " it/s"
    LinkLabel "10 Gbit/s"
    LinkSpeedUnits "G"
    LinkSpeedRaw 10000000000.0
    bandwidth 50000000
    traffic ""
    reservation ""
    port 2
  ]
  edge [
    source 2
    target 1
    key 0
    LinkSpeed "10"
    LinkNote " it/s"
    LinkLabel "10 Gbit/s"
    LinkSpeedUnits "G"
    LinkSpeedRaw 10000000000.0
    bandwidth 50000000
    traffic "3500000,3500000,3500000,3500000,3500000,3500000,3500000,3500000,3500000,3500000,3500000,200000,3500000,3500000,3500000,3500000"
    reservation "3282650.0,3017000.0,3017000.0,2989700.0,3798200.0,3470600.0,3893750.0,3113600.0,3454850.0,3453800.0,2989700.0,204980.0,3282650.0,2989700.0,3798200.0,3113600.0"
    port 0
  ]
  edge [
    source 2
    target 3
    key 0
    LinkSpeed "10"
    LinkNote " it/s"
    LinkLabel "10 Gbit/s"
    LinkSpeedUnits "G"
    LinkSpeedRaw 10000000000.0
    bandwidth 50000000
    traffic "3500000,3500000,3500000,3500000,3500000,3500000,3500000,3500000,3500000,3500000,200000,200000,200000,200000,200000,200000,200000,200000,200000,200000,200000,200000,200000,200000"
    reservation "3908450.0,3454850.0,3908450.0,2989700.0,2989700.0,3381350.0,3500000.0,3282650.0,3808700.0,3534650.0,190700.0,190700.0,207920.0,207920.0,223160.0,183140.0,223280.0,183140.0,228680.0,223160.0,184640.0,204980.0,190700.0,179840.0"
    port 1
  ]
  edge [
    source 2
    target 7
    key 0
    LinkSpeed "2.5"
    LinkNote " it/s"
    LinkLabel "2.5 Gbit/s"
    LinkSpeedUnits "G"
    LinkSpeedRaw 2500000000.0
    bandwidth 50000000
    traffic ""
    reservation ""
    port 2
  ]
  edge [
    source 2
    target 17
    key 0
    LinkSpeed "2.5"
    LinkNote " it/s"
    LinkLabel "2.5 Gbit/s"
    LinkSpeedUnits "G"
    LinkSpeedRaw 2500000000.0
    bandwidth 50000000
    traffic "18000000,3500000,3500000,3500000"
    reservation "18815400.0,3017000.0,3798200.0,2989700.0"
    port 3
  ]
  edge [
    source 2
    target 18
    key 0
    LinkSpeed "155"
    LinkNote " it/s"
    LinkLabel "155 Mbit/s"
    LinkSpeedUnits "M"
    LinkSpeedRaw 155000000.0
    bandwidth 50000000
    traffic ""
    reservation ""
    port 4
  ]
  edge [
    source 2
    target 20
    key 0
    LinkSpeed "10"
    LinkNote " it/s"
    LinkLabel "10 Gbit/s"
    LinkSpeedUnits "G"
    LinkSpeedRaw 10000000000.0
    bandwidth 50000000
    traffic ""
    reservation ""
    port 5
  ]
  edge [
    source 3
    target 0
    key 0
    LinkSpeed "10"
    LinkNote " it/s"
    LinkLabel "10 Gbit/s"
    LinkSpeedUnits "G"
    LinkSpeedRaw 10000000000.0
    bandwidth 50000000
    traffic "18000000,18000000,3500000,3500000,3500000,200000,200000,200000,200000,200000,200000,200000,200000,200000,200000,200000,200000,200000,200000,200000,200000,200000,200000,200000,200000,200000,200000"
    reservation "18815400.0,16758000.0,3017000.0,3798200.0,2989700.0,228680.0,204980.0,223280.0,202640.0,207920.0,223160.0,204980.0,223280.0,223280.0,202940.0,205400.0,202640.0,204980.0,190700.0,190700.0,207920.0,207920.0,223160.0,183140.0,223280.0,183140.0,228680.0"
    port 0
  ]
  edge [
    source 3
    target 2
    key 0
    LinkSpeed "10"
    LinkNote " it/s"
    LinkLabel "10 Gbit/s"
    LinkSpeedUnits "G"
    LinkSpeedRaw 10000000000.0
    bandwidth 50000000
    traffic "3500000,3500000,3500000,3500000,3500000"
    reservation "3282650.0,3017000.0,3017000.0,2989700.0,3798200.0"
    port 1
  ]
  edge [
    source 3
    target 6
    key 0
    LinkSpeed "10"
    LinkNote " it/s"
    LinkLabel "10 Gbit/s"
    LinkSpeedUnits "G"
    LinkSpeedRaw 10000000000.0
    bandwidth 50000000
    traffic ""
    reservation ""
    port 2
  ]
  edge [
    source 3
    target 9
    key 0
    LinkSpeed "2.5"
    LinkNote " it/s"
    LinkLabel "2.5 Gbit/s"
    LinkSpeedUnits "G"
    LinkSpeedRaw 2500000000.0
    bandwidth 50000000
    traffic "3500000,3500000,200000,200000,200000,200000,200000"
    reservation "3908450.0,3454850.0,223160.0,184640.0,204980.0,190700.0,179840.0"
    port 3
  ]
  edge [
    source 3
    target 16
    key 0
    LinkSpeed "622"
    LinkNote " it/s"
    LinkLabel "622 Mbit/s"
    LinkSpeedUnits "M"
    LinkSpeedRaw 622000000.0
    bandwidth 50000000
    traffic "18000000,18000000,3500000,3500000,3500000,3500000"
    reservation "18815400.0,16758000.0,3470600.0,3893750.0,3113600.0,3454850.0"
    port 4
  ]
  edge [
    source 3
    target 19
    key 0
    LinkSpeed "155"
    LinkNote " it/s"
    LinkLabel "155 Mbit/s"
    LinkSpeedUnits "M"
    LinkSpeedRaw 155000000.0
    bandwidth 50000000
    traffic "3500000,3500000,3500000,3500000,3500000,3500000,3500000,3500000,3500000,3500000,3500000,3500000,3500000,3500000"
    reservation "3453800.0,2989700.0,3282650.0,2989700.0,3798200.0,3113600.0,3908450.0,2989700.0,2989700.0,3381350.0,3500000.0,3282650.0,3808700.0,3534650.0"
    port 5
  ]
  edge [
    source 3
    target 21
    key 0
    LinkSpeed "10"
    LinkNote " it/s"
    LinkLabel "10 Gbit/s"
    LinkSpeedUnits "G"
    LinkSpeedRaw 10000000000.0
    bandwidth 50000000
    traffic ""
    reservation ""
    port 6
  ]
  edge [
    source 3
    target 26
    key 0
    LinkSpeed "2.5"
    LinkNote " it/s"
    LinkLabel "2.5 Gbit/s"
    LinkSpeedUnits "G"
    LinkSpeedRaw 2500000000.0
    bandwidth 50000000
    traffic ""
    reservation ""
    port 7
  ]
  edge [
    source 4
    target 7
    key 0
    LinkSpeed "622"
    LinkNote " it/s"
    LinkLabel "622 Mbit/s"
    LinkSpeedUnits "M"
    LinkSpeedRaw 622000000.0
    bandwidth 50000000
    traffic ""
    reservation ""
    port 0
  ]
  edge [
    source 5
    target 0
    key 0
    LinkSpeed "2.5"
    LinkNote " it/s"
    LinkLabel "2.5 Gbit/s"
    LinkSpeedUnits "G"
    LinkSpeedRaw 2500000000.0
    bandwidth 50000000
    traffic "3500000,3500000,3500000,3500000,3500000,3500000,3500000"
    reservation "3282650.0,3017000.0,3017000.0,2989700.0,3798200.0,3908450.0,3454850.0"
    port 0
  ]
  edge [
    source 5
    target 8
    key 0
    LinkSpeed "2.5"
    LinkNote " it/s"
    LinkLabel "2.5 Gbit/s"
    LinkSpeedUnits "G"
    LinkSpeedRaw 2500000000.0
    bandwidth 50000000
    traffic "18000000,3500000,3500000,3500000"
    reservation "18815400.0,3017000.0,3798200.0,2989700.0"
    port 1
  ]
  edge [
    source 5
    target 28
    key 0
    port 2
    weight 1
    bandwidth 350000000
    traffic "200000,200000,200000,200000,200000,200000,200000,200000,200000,200000,200000,200000,200000,200000,200000,200000,200000,200000,200000,200000,200000,200000,200000,200000,200000,200000,200000"
    reservation "228680.0,204980.0,223280.0,202640.0,207920.0,223160.0,204980.0,223280.0,223280.0,202940.0,205400.0,202640.0,204980.0,190700.0,190700.0,207920.0,207920.0,223160.0,183140.0,223280.0,183140.0,228680.0,223160.0,184640.0,204980.0,190700.0,179840.0"
  ]
  edge [
    source 6
    target 1
    key 0
    LinkSpeed "10"
    LinkNote " it/s"
    LinkLabel "10 Gbit/s"
    LinkSpeedUnits "G"
    LinkSpeedRaw 10000000000.0
    bandwidth 50000000
    traffic ""
    reservation ""
    port 0
  ]
  edge [
    source 6
    target 3
    key 0
    LinkSpeed "10"
    LinkNote " it/s"
    LinkLabel "10 Gbit/s"
    LinkSpeedUnits "G"
    LinkSpeedRaw 10000000000.0
    bandwidth 50000000
    traffic ""
    reservation ""
    port 1
  ]
  edge [
    source 6
    target 7
    key 0
    LinkSpeed "2.5"
    LinkNote " it/s"
    LinkLabel "2.5 Gbit/s"
    LinkSpeedUnits "G"
    LinkSpeedRaw 2500000000.0
    bandwidth 50000000
    traffic ""
    reservation ""
    port 2
  ]
  edge [
    source 7
    target 2
    key 0
    LinkSpeed "2.5"
    LinkNote " it/s"
    LinkLabel "2.5 Gbit/s"
    LinkSpeedUnits "G"
    LinkSpeedRaw 2500000000.0
    bandwidth 50000000
    traffic ""
    reservation ""
    port 0
  ]
  edge [
    source 7
    target 4
    key 0
    LinkSpeed "622"
    LinkNote " it/s"
    LinkLabel "622 Mbit/s"
    LinkSpeedUnits "M"
    LinkSpeedRaw 622000000.0
    bandwidth 50000000
    traffic ""
    reservation ""
    port 1
  ]
  edge [
    source 7
    target 6
    key 0
    LinkSpeed "2.5"
    LinkNote " it/s"
    LinkLabel "2.5 Gbit/s"
    LinkSpeedUnits "G"
    LinkSpeedRaw 2500000000.0
    bandwidth 50000000
    traffic ""
    reservation ""
    port 2
  ]
  edge [
    source 8
    target 5
    key 0
    LinkSpeed "2.5"
    LinkNote " it/s"
    LinkLabel "2.5 Gbit/s"
    LinkSpeedUnits "G"
    LinkSpeedRaw 2500000000.0
    bandwidth 50000000
    traffic "3500000,3500000,3500000,3500000,3500000,200000,3500000,3500000,200000,200000,200000,200000,200000"
    reservation "3282650.0,3017000.0,3017000.0,2989700.0,3798200.0,204980.0,3908450.0,3454850.0,223160.0,184640.0,204980.0,190700.0,179840.0"
    port 0
  ]
  edge [
    source 8
    target 9
    key 0
    LinkSpeed "2.5"
    LinkNote " it/s"
    LinkLabel "2.5 Gbit/s"
    LinkSpeedUnits "G"
    LinkSpeedRaw 2500000000.0
    bandwidth 50000000
    traffic "18000000,3500000,3500000,3500000"
    reservation "18815400.0,3017000.0,3798200.0,2989700.0"
    port 1
  ]
  edge [
    source 8
    target 10
    key 0
    LinkSpeed "34"
    LinkNote " it/s"
    LinkLabel "34 Mbit/s"
    LinkSpeedUnits "M"
    LinkSpeedRaw 34000000.0
    bandwidth 50000000
    traffic ""
    reservation ""
    port 2
  ]
  edge [
    source 8
    target 13
    key 0
    LinkSpeed "155"
    LinkNote " it/s"
    LinkLabel "155 Mbit/s"
    LinkSpeedUnits "M"
    LinkSpeedRaw 155000000.0
    bandwidth 50000000
    traffic ""
    reservation ""
    port 3
  ]
  edge [
    source 9
    target 1
    key 0
    LinkSpeed "10"
    LinkNote " it/s"
    LinkLabel "10 Gbit/s"
    LinkSpeedUnits "G"
    LinkSpeedRaw 10000000000.0
    bandwidth 50000000
    traffic "18000000,3500000,3500000,3500000"
    reservation "18815400.0,3017000.0,3798200.0,2989700.0"
    port 0
  ]
  edge [
    source 9
    target 3
    key 0
    LinkSpeed "2.5"
    LinkNote " it/s"
    LinkLabel "2.5 Gbit/s"
    LinkSpeedUnits "G"
    LinkSpeedRaw 2500000000.0
    bandwidth 50000000
    traffic "3500000,3500000,3500000,3500000,3500000,3500000,3500000,3500000,3500000,3500000"
    reservation "3470600.0,3893750.0,3113600.0,3454850.0,3453800.0,2989700.0,3282650.0,2989700.0,3798200.0,3113600.0"
    port 1
  ]
  edge [
    source 9
    target 8
    key 0
    LinkSpeed "2.5"
    LinkNote " it/s"
    LinkLabel "2.5 Gbit/s"
    LinkSpeedUnits "G"
    LinkSpeedRaw 2500000000.0
    bandwidth 50000000
    traffic "3500000,3500000,3500000,3500000,3500000,200000,3500000,3500000,200000,200000,200000,200000,200000"
    reservation "3282650.0,3017000.0,3017000.0,2989700.0,3798200.0,204980.0,3908450.0,3454850.0,223160.0,184640.0,204980.0,190700.0,179840.0"
    port 2
  ]
  edge [
    source 9
    target 12
    key 0
    LinkSpeed "34"
    LinkNote " it/s"
    LinkLabel "34 Mbit/s"
    LinkSpeedUnits "M"
    LinkSpeedRaw 34000000.0
    bandwidth 50000000
    traffic ""
    reservation ""
    port 3
  ]
  edge [
    source 9
    target 13
    key 0
    LinkSpeed "622"
    LinkNote " it/s"
    LinkLabel "622 Mbit/s"
    LinkSpeedUnits "M"
    LinkSpeedRaw 622000000.0
    bandwidth 50000000
    traffic ""
    reservation ""
    port 4
  ]
  edge [
    source 10
    target 8
    key 0
    LinkSpeed "34"
    LinkNote " it/s"
    LinkLabel "34 Mbit/s"
    LinkSpeedUnits "M"
    LinkSpeedRaw 34000000.0
    bandwidth 50000000
    traffic ""
    reservation ""
    port 0
  ]
  edge [
    source 11
    target 16
    key 0
    LinkSpeed "34"
    LinkNote " it/s"
    LinkLabel "34 Mbit/s"
    LinkSpeedUnits "M"
    LinkSpeedRaw 34000000.0
    bandwidth 50000000
    traffic ""
    reservation ""
    port 0
  ]
  edge [
    source 12
    target 9
    key 0
    LinkSpeed "34"
    LinkNote " it/s"
    LinkLabel "34 Mbit/s"
    LinkSpeedUnits "M"
    LinkSpeedRaw 34000000.0
    bandwidth 50000000
    traffic ""
    reservation ""
    port 0
  ]
  edge [
    source 13
    target 8
    key 0
    LinkSpeed "155"
    LinkNote " it/s"
    LinkLabel "155 Mbit/s"
    LinkSpeedUnits "M"
    LinkSpeedRaw 155000000.0
    bandwidth 50000000
    traffic ""
    reservation ""
    port 0
  ]
  edge [
    source 13
    target 9
    key 0
    LinkSpeed "622"
    LinkNote " it/s"
    LinkLabel "622 Mbit/s"
    LinkSpeedUnits "M"
    LinkSpeedRaw 622000000.0
    bandwidth 50000000
    traffic ""
    reservation ""
    port 1
  ]
  edge [
    source 14
    target 20
    key 0
    LinkSpeed "45"
    LinkNote " it/s"
    LinkLabel "45 Mbit/s"
    LinkSpeedUnits "M"
    LinkSpeedRaw 45000000.0
    bandwidth 50000000
    traffic ""
    reservation ""
    port 0
  ]
  edge [
    source 15
    target 16
    key 0
    LinkSpeed "34"
    LinkNote " it/s"
    LinkLabel "34 Mbit/s"
    LinkSpeedUnits "M"
    LinkSpeedRaw 34000000.0
    bandwidth 50000000
    traffic ""
    reservation ""
    port 0
  ]
  edge [
    source 16
    target 3
    key 0
    LinkSpeed "622"
    LinkNote " it/s"
    LinkLabel "622 Mbit/s"
    LinkSpeedUnits "M"
    LinkSpeedRaw 622000000.0
    bandwidth 50000000
    traffic ""
    reservation ""
    port 0
  ]
  edge [
    source 16
    target 11
    key 0
    LinkSpeed "34"
    LinkNote " it/s"
    LinkLabel "34 Mbit/s"
    LinkSpeedUnits "M"
    LinkSpeedRaw 34000000.0
    bandwidth 50000000
    traffic ""
    reservation ""
    port 1
  ]
  edge [
    source 16
    target 15
    key 0
    LinkSpeed "34"
    LinkNote " it/s"
    LinkLabel "34 Mbit/s"
    LinkSpeedUnits "M"
    LinkSpeedRaw 34000000.0
    bandwidth 50000000
    traffic ""
    reservation ""
    port 2
  ]
  edge [
    source 16
    target 20
    key 0
    LinkSpeed "622"
    LinkNote " it/s"
    LinkLabel "622 Mbit/s"
    LinkSpeedUnits "M"
    LinkSpeedRaw 622000000.0
    bandwidth 50000000
    traffic "3500000,3500000,3500000,3500000"
    reservation "3470600.0,3893750.0,3113600.0,3454850.0"
    port 3
  ]
  edge [
    source 16
    target 29
    key 0
    port 4
    weight 1
    bandwidth 350000000
    traffic "18000000,18000000,18000000,18000000"
    reservation "18815400.0,16758000.0,18815400.0,16758000.0"
  ]
  edge [
    source 17
    target 2
    key 0
    LinkSpeed "2.5"
    LinkNote " it/s"
    LinkLabel "2.5 Gbit/s"
    LinkSpeedUnits "G"
    LinkSpeedRaw 2500000000.0
    bandwidth 50000000
    traffic "3500000,3500000,3500000,3500000,3500000,3500000,3500000,3500000,3500000,3500000,3500000,3500000,3500000,3500000,200000,200000,200000,200000,200000,200000,200000,200000,200000,200000"
    reservation "3470600.0,3893750.0,3113600.0,3454850.0,3453800.0,2989700.0,3282650.0,2989700.0,3798200.0,3113600.0,3908450.0,3454850.0,3908450.0,2989700.0,190700.0,190700.0,207920.0,207920.0,223160.0,183140.0,223280.0,183140.0,228680.0,223160.0"
    port 0
  ]
  edge [
    source 17
    target 18
    key 0
    LinkSpeed "155"
    LinkNote " it/s"
    LinkLabel "155 Mbit/s"
    LinkSpeedUnits "M"
    LinkSpeedRaw 155000000.0
    bandwidth 50000000
    traffic ""
    reservation ""
    port 1
  ]
  edge [
    source 17
    target 26
    key 0
    LinkSpeed "2.5"
    LinkNote " it/s"
    LinkLabel "2.5 Gbit/s"
    LinkSpeedUnits "G"
    LinkSpeedRaw 2500000000.0
    bandwidth 50000000
    traffic "18000000,3500000,3500000,3500000"
    reservation "18815400.0,3017000.0,3798200.0,2989700.0"
    port 2
  ]
  edge [
    source 18
    target 2
    key 0
    LinkSpeed "155"
    LinkNote " it/s"
    LinkLabel "155 Mbit/s"
    LinkSpeedUnits "M"
    LinkSpeedRaw 155000000.0
    bandwidth 50000000
    traffic ""
    reservation ""
    port 0
  ]
  edge [
    source 18
    target 17
    key 0
    LinkSpeed "155"
    LinkNote " it/s"
    LinkLabel "155 Mbit/s"
    LinkSpeedUnits "M"
    LinkSpeedRaw 155000000.0
    bandwidth 50000000
    traffic ""
    reservation ""
    port 1
  ]
  edge [
    source 19
    target 3
    key 0
    LinkSpeed "155"
    LinkNote " it/s"
    LinkLabel "155 Mbit/s"
    LinkSpeedUnits "M"
    LinkSpeedRaw 155000000.0
    bandwidth 50000000
    traffic ""
    reservation ""
    port 0
  ]
  edge [
    source 19
    target 20
    key 0
    LinkSpeed "155"
    LinkNote " it/s"
    LinkLabel "155 Mbit/s"
    LinkSpeedUnits "M"
    LinkSpeedRaw 155000000.0
    bandwidth 50000000
    traffic ""
    reservation ""
    port 1
  ]
  edge [
    source 19
    target 27
    key 0
    port 2
    weight 1
    bandwidth 350000000
    traffic "3500000,3500000,3500000,3500000,3500000,3500000,3500000,3500000,3500000,3500000,3500000,3500000,3500000,3500000,3500000,3500000,3500000,3500000,3500000,3500000,3500000,3500000,3500000,3500000,3500000,3500000,3500000,3500000"
    reservation "3017000.0,3798200.0,2989700.0,3282650.0,3017000.0,3017000.0,2989700.0,3798200.0,3470600.0,3893750.0,3113600.0,3454850.0,3453800.0,2989700.0,3282650.0,2989700.0,3798200.0,3113600.0,3908450.0,3454850.0,3908450.0,2989700.0,2989700.0,3381350.0,3500000.0,3282650.0,3808700.0,3534650.0"
  ]
  edge [
    source 20
    target 2
    key 0
    LinkSpeed "10"
    LinkNote " it/s"
    LinkLabel "10 Gbit/s"
    LinkSpeedUnits "G"
    LinkSpeedRaw 10000000000.0
    bandwidth 50000000
    traffic "200000,3500000,3500000,3500000,3500000,3500000,3500000,200000,200000,200000,200000"
    reservation "204980.0,2989700.0,3381350.0,3500000.0,3282650.0,3808700.0,3534650.0,184640.0,204980.0,190700.0,179840.0"
    port 0
  ]
  edge [
    source 20
    target 14
    key 0
    LinkSpeed "45"
    LinkNote " it/s"
    LinkLabel "45 Mbit/s"
    LinkSpeedUnits "M"
    LinkSpeedRaw 45000000.0
    bandwidth 50000000
    traffic ""
    reservation ""
    port 1
  ]
  edge [
    source 20
    target 16
    key 0
    LinkSpeed "622"
    LinkNote " it/s"
    LinkLabel "622 Mbit/s"
    LinkSpeedUnits "M"
    LinkSpeedRaw 622000000.0
    bandwidth 50000000
    traffic "18000000,18000000"
    reservation "18815400.0,16758000.0"
    port 2
  ]
  edge [
    source 20
    target 19
    key 0
    LinkSpeed "155"
    LinkNote " it/s"
    LinkLabel "155 Mbit/s"
    LinkSpeedUnits "M"
    LinkSpeedRaw 155000000.0
    bandwidth 50000000
    traffic "3500000,3500000,3500000,3500000,3500000,3500000,3500000,3500000,3500000,3500000,3500000,3500000,3500000,3500000"
    reservation "3017000.0,3798200.0,2989700.0,3282650.0,3017000.0,3017000.0,2989700.0,3798200.0,3470600.0,3893750.0,3113600.0,3454850.0,3908450.0,3454850.0"
    port 3
  ]
  edge [
    source 20
    target 21
    key 0
    LinkSpeed "10"
    LinkNote " it/s"
    LinkLabel "10 Gbit/s"
    LinkSpeedUnits "G"
    LinkSpeedRaw 10000000000.0
    bandwidth 50000000
    traffic ""
    reservation ""
    port 4
  ]
  edge [
    source 20
    target 26
    key 0
    LinkSpeed "2.5"
    LinkNote " it/s"
    LinkLabel "2.5 Gbit/s"
    LinkSpeedUnits "G"
    LinkSpeedRaw 2500000000.0
    bandwidth 50000000
    traffic ""
    reservation ""
    port 5
  ]
  edge [
    source 21
    target 3
    key 0
    LinkSpeed "10"
    LinkNote " it/s"
    LinkLabel "10 Gbit/s"
    LinkSpeedUnits "G"
    LinkSpeedRaw 10000000000.0
    bandwidth 50000000
    traffic "18000000,3500000,3500000,3500000,200000,18000000,200000,200000,200000,200000,200000,200000,200000,200000,200000,200000,200000"
    reservation "18815400.0,3017000.0,3798200.0,2989700.0,228680.0,18815400.0,204980.0,223280.0,202640.0,207920.0,223160.0,204980.0,223280.0,223280.0,202940.0,205400.0,202640.0"
    port 0
  ]
  edge [
    source 21
    target 20
    key 0
    LinkSpeed "10"
    LinkNote " it/s"
    LinkLabel "10 Gbit/s"
    LinkSpeedUnits "G"
    LinkSpeedRaw 10000000000.0
    bandwidth 50000000
    traffic "18000000,3500000,3500000,3500000,3500000,3500000,200000,3500000,3500000"
    reservation "16758000.0,3282650.0,3017000.0,3017000.0,2989700.0,3798200.0,204980.0,3908450.0,3454850.0"
    port 1
  ]
  edge [
    source 21
    target 22
    key 0
    LinkSpeed "155"
    LinkNote " it/s"
    LinkLabel "155 Mbit/s"
    LinkSpeedUnits "M"
    LinkSpeedRaw 155000000.0
    bandwidth 50000000
    traffic ""
    reservation ""
    port 2
  ]
  edge [
    source 21
    target 23
    key 0
    LinkSpeed "34"
    LinkNote " it/s"
    LinkLabel "34 Mbit/s"
    LinkSpeedUnits "M"
    LinkSpeedRaw 34000000.0
    bandwidth 50000000
    traffic ""
    reservation ""
    port 3
  ]
  edge [
    source 21
    target 24
    key 0
    LinkSpeed "45"
    LinkNote " it/s"
    LinkLabel "45 Mbit/s"
    LinkSpeedUnits "M"
    LinkSpeedRaw 45000000.0
    bandwidth 50000000
    traffic ""
    reservation ""
    port 4
  ]
  edge [
    source 21
    target 25
    key 0
    LinkSpeed "2.5"
    LinkNote " it/s"
    LinkLabel "2.5 Gbit/s"
    LinkSpeedUnits "G"
    LinkSpeedRaw 2500000000.0
    bandwidth 50000000
    traffic ""
    reservation ""
    port 5
  ]
  edge [
    source 22
    target 21
    key 0
    LinkSpeed "155"
    LinkNote " it/s"
    LinkLabel "155 Mbit/s"
    LinkSpeedUnits "M"
    LinkSpeedRaw 155000000.0
    bandwidth 50000000
    traffic ""
    reservation ""
    port 0
  ]
  edge [
    source 23
    target 21
    key 0
    LinkSpeed "34"
    LinkNote " it/s"
    LinkLabel "34 Mbit/s"
    LinkSpeedUnits "M"
    LinkSpeedRaw 34000000.0
    bandwidth 50000000
    traffic ""
    reservation ""
    port 0
  ]
  edge [
    source 24
    target 21
    key 0
    LinkSpeed "45"
    LinkNote " it/s"
    LinkLabel "45 Mbit/s"
    LinkSpeedUnits "M"
    LinkSpeedRaw 45000000.0
    bandwidth 50000000
    traffic "18000000,3500000,3500000,3500000,200000,18000000,200000,200000,200000,200000,200000,200000,200000,200000,200000,200000,200000"
    reservation "18815400.0,3017000.0,3798200.0,2989700.0,228680.0,18815400.0,204980.0,223280.0,202640.0,207920.0,223160.0,204980.0,223280.0,223280.0,202940.0,205400.0,202640.0"
    port 0
  ]
  edge [
    source 24
    target 30
    key 0
    port 1
    weight 1
    bandwidth 50000000
    traffic ""
    reservation ""
  ]
  edge [
    source 24
    target 32
    key 0
    port 2
    weight 1
    bandwidth 50000000
    traffic ""
    reservation ""
  ]
  edge [
    source 24
    target 33
    key 0
    port 3
    weight 1
    bandwidth 50000000
    traffic ""
    reservation ""
  ]
  edge [
    source 24
    target 34
    key 0
    port 4
    weight 1
    bandwidth 50000000
    traffic ""
    reservation ""
  ]
  edge [
    source 24
    target 35
    key 0
    port 5
    weight 1
    bandwidth 50000000
    traffic ""
    reservation ""
  ]
  edge [
    source 24
    target 36
    key 0
    port 6
    weight 1
    bandwidth 50000000
    traffic ""
    reservation ""
  ]
  edge [
    source 24
    target 37
    key 0
    port 7
    weight 1
    bandwidth 50000000
    traffic ""
    reservation ""
  ]
  edge [
    source 24
    target 38
    key 0
    port 8
    weight 1
    bandwidth 50000000
    traffic ""
    reservation ""
  ]
  edge [
    source 24
    target 39
    key 0
    port 9
    weight 1
    bandwidth 50000000
    traffic ""
    reservation ""
  ]
  edge [
    source 24
    target 40
    key 0
    port 10
    weight 1
    bandwidth 50000000
    traffic ""
    reservation ""
  ]
  edge [
    source 24
    target 41
    key 0
    port 11
    weight 1
    bandwidth 50000000
    traffic ""
    reservation ""
  ]
  edge [
    source 24
    target 42
    key 0
    port 12
    weight 1
    bandwidth 50000000
    traffic ""
    reservation ""
  ]
  edge [
    source 24
    target 43
    key 0
    port 13
    weight 1
    bandwidth 50000000
    traffic ""
    reservation ""
  ]
  edge [
    source 24
    target 44
    key 0
    port 14
    weight 1
    bandwidth 50000000
    traffic ""
    reservation ""
  ]
  edge [
    source 24
    target 45
    key 0
    port 15
    weight 1
    bandwidth 50000000
    traffic ""
    reservation ""
  ]
  edge [
    source 24
    target 46
    key 0
    port 16
    weight 1
    bandwidth 50000000
    traffic ""
    reservation ""
  ]
  edge [
    source 24
    target 47
    key 0
    port 17
    weight 1
    bandwidth 50000000
    traffic ""
    reservation ""
  ]
  edge [
    source 25
    target 0
    key 0
    LinkSpeed "2.5"
    LinkNote " it/s"
    LinkLabel "2.5 Gbit/s"
    LinkSpeedUnits "G"
    LinkSpeedRaw 2500000000.0
    bandwidth 50000000
    traffic ""
    reservation ""
    port 0
  ]
  edge [
    source 25
    target 21
    key 0
    LinkSpeed "2.5"
    LinkNote " it/s"
    LinkLabel "2.5 Gbit/s"
    LinkSpeedUnits "G"
    LinkSpeedRaw 2500000000.0
    bandwidth 50000000
    traffic "18000000,3500000,3500000,3500000,3500000,3500000,200000,3500000,3500000"
    reservation "16758000.0,3282650.0,3017000.0,3017000.0,2989700.0,3798200.0,204980.0,3908450.0,3454850.0"
    port 1
  ]
  edge [
    source 26
    target 3
    key 0
    LinkSpeed "2.5"
    LinkNote " it/s"
    LinkLabel "2.5 Gbit/s"
    LinkSpeedUnits "G"
    LinkSpeedRaw 2500000000.0
    bandwidth 50000000
    traffic "18000000,3500000,18000000,3500000,3500000,3500000,3500000,200000"
    reservation "16758000.0,3282650.0,16758000.0,3017000.0,3017000.0,2989700.0,3798200.0,204980.0"
    port 0
  ]
  edge [
    source 26
    target 17
    key 0
    LinkSpeed "2.5"
    LinkNote " it/s"
    LinkLabel "2.5 Gbit/s"
    LinkSpeedUnits "G"
    LinkSpeedRaw 2500000000.0
    bandwidth 50000000
    traffic "3500000,3500000,3500000,3500000,3500000,3500000,3500000,3500000,3500000,3500000,3500000,3500000,3500000,3500000,200000,200000,200000,200000,200000,200000,200000,200000,200000,200000"
    reservation "3470600.0,3893750.0,3113600.0,3454850.0,3453800.0,2989700.0,3282650.0,2989700.0,3798200.0,3113600.0,3908450.0,3454850.0,3908450.0,2989700.0,190700.0,190700.0,207920.0,207920.0,223160.0,183140.0,223280.0,183140.0,228680.0,223160.0"
    port 1
  ]
  edge [
    source 26
    target 20
    key 0
    LinkSpeed "2.5"
    LinkNote " it/s"
    LinkLabel "2.5 Gbit/s"
    LinkSpeedUnits "G"
    LinkSpeedRaw 2500000000.0
    bandwidth 50000000
    traffic "18000000,3500000,3500000,3500000,3500000,3500000,3500000,3500000,3500000,3500000,200000,200000,200000,200000"
    reservation "18815400.0,3017000.0,3798200.0,2989700.0,2989700.0,3381350.0,3500000.0,3282650.0,3808700.0,3534650.0,184640.0,204980.0,190700.0,179840.0"
    port 2
  ]
  edge [
    source 26
    target 31
    key 0
    port 3
    weight 1
    bandwidth 50000000
    traffic ""
    reservation ""
  ]
  edge [
    source 26
    target 48
    key 0
    port 4
    weight 1
    bandwidth 50000000
    traffic ""
    reservation ""
  ]
  edge [
    source 26
    target 49
    key 0
    port 5
    weight 1
    bandwidth 50000000
    traffic ""
    reservation ""
  ]
  edge [
    source 26
    target 50
    key 0
    port 6
    weight 1
    bandwidth 50000000
    traffic ""
    reservation ""
  ]
  edge [
    source 26
    target 51
    key 0
    port 7
    weight 1
    bandwidth 50000000
    traffic ""
    reservation ""
  ]
  edge [
    source 26
    target 52
    key 0
    port 8
    weight 1
    bandwidth 50000000
    traffic ""
    reservation ""
  ]
  edge [
    source 26
    target 53
    key 0
    port 9
    weight 1
    bandwidth 50000000
    traffic ""
    reservation ""
  ]
  edge [
    source 26
    target 54
    key 0
    port 10
    weight 1
    bandwidth 50000000
    traffic ""
    reservation ""
  ]
  edge [
    source 26
    target 55
    key 0
    port 11
    weight 1
    bandwidth 50000000
    traffic ""
    reservation ""
  ]
  edge [
    source 26
    target 56
    key 0
    port 12
    weight 1
    bandwidth 50000000
    traffic ""
    reservation ""
  ]
  edge [
    source 26
    target 57
    key 0
    port 13
    weight 1
    bandwidth 50000000
    traffic ""
    reservation ""
  ]
  edge [
    source 26
    target 58
    key 0
    port 14
    weight 1
    bandwidth 50000000
    traffic ""
    reservation ""
  ]
  edge [
    source 26
    target 59
    key 0
    port 15
    weight 1
    bandwidth 50000000
    traffic ""
    reservation ""
  ]
  edge [
    source 26
    target 60
    key 0
    port 16
    weight 1
    bandwidth 50000000
    traffic ""
    reservation ""
  ]
  edge [
    source 26
    target 61
    key 0
    port 17
    weight 1
    bandwidth 50000000
    traffic ""
    reservation ""
  ]
  edge [
    source 26
    target 62
    key 0
    port 18
    weight 1
    bandwidth 50000000
    traffic ""
    reservation ""
  ]
  edge [
    source 26
    target 63
    key 0
    port 19
    weight 1
    bandwidth 50000000
    traffic ""
    reservation ""
  ]
  edge [
    source 26
    target 64
    key 0
    port 20
    weight 1
    bandwidth 50000000
    traffic ""
    reservation ""
  ]
  edge [
    source 26
    target 65
    key 0
    port 21
    weight 1
    bandwidth 50000000
    traffic ""
    reservation ""
  ]
  edge [
    source 26
    target 66
    key 0
    port 22
    weight 1
    bandwidth 50000000
    traffic ""
    reservation ""
  ]
  edge [
    source 26
    target 67
    key 0
    port 23
    weight 1
    bandwidth 50000000
    traffic ""
    reservation ""
  ]
  edge [
    source 26
    target 68
    key 0
    port 24
    weight 1
    bandwidth 50000000
    traffic ""
    reservation ""
  ]
  edge [
    source 26
    target 69
    key 0
    port 25
    weight 1
    bandwidth 50000000
    traffic ""
    reservation ""
  ]
  edge [
    source 26
    target 70
    key 0
    port 26
    weight 1
    bandwidth 50000000
    traffic ""
    reservation ""
  ]
  edge [
    source 26
    target 71
    key 0
    port 27
    weight 1
    bandwidth 50000000
    traffic ""
    reservation ""
  ]
  edge [
    source 26
    target 72
    key 0
    port 28
    weight 1
    bandwidth 50000000
    traffic ""
    reservation ""
  ]
  edge [
    source 26
    target 73
    key 0
    port 29
    weight 1
    bandwidth 50000000
    traffic ""
    reservation ""
  ]
  edge [
    source 26
    target 74
    key 0
    port 30
    weight 1
    bandwidth 50000000
    traffic ""
    reservation ""
  ]
  edge [
    source 26
    target 75
    key 0
    port 31
    weight 1
    bandwidth 50000000
    traffic ""
    reservation ""
  ]
  edge [
    source 26
    target 76
    key 0
    port 32
    weight 1
    bandwidth 50000000
    traffic ""
    reservation ""
  ]
  edge [
    source 26
    target 77
    key 0
    port 33
    weight 1
    bandwidth 50000000
    traffic ""
    reservation ""
  ]
  edge [
    source 26
    target 78
    key 0
    port 34
    weight 1
    bandwidth 50000000
    traffic ""
    reservation ""
  ]
  edge [
    source 26
    target 79
    key 0
    port 35
    weight 1
    bandwidth 50000000
    traffic ""
    reservation ""
  ]
  edge [
    source 26
    target 80
    key 0
    port 36
    weight 1
    bandwidth 50000000
    traffic ""
    reservation ""
  ]
  edge [
    source 26
    target 81
    key 0
    port 37
    weight 1
    bandwidth 50000000
    traffic ""
    reservation ""
  ]
  edge [
    source 26
    target 82
    key 0
    port 38
    weight 1
    bandwidth 50000000
    traffic ""
    reservation ""
  ]
  edge [
    source 26
    target 83
    key 0
    port 39
    weight 1
    bandwidth 50000000
    traffic ""
    reservation ""
  ]
  edge [
    source 26
    target 84
    key 0
    port 40
    weight 1
    bandwidth 50000000
    traffic ""
    reservation ""
  ]
  edge [
    source 26
    target 85
    key 0
    port 41
    weight 1
    bandwidth 50000000
    traffic ""
    reservation ""
  ]
  edge [
    source 26
    target 86
    key 0
    port 42
    weight 1
    bandwidth 50000000
    traffic ""
    reservation ""
  ]
  edge [
    source 26
    target 87
    key 0
    port 43
    weight 1
    bandwidth 50000000
    traffic ""
    reservation ""
  ]
  edge [
    source 26
    target 88
    key 0
    port 44
    weight 1
    bandwidth 50000000
    traffic ""
    reservation ""
  ]
  edge [
    source 27
    target 19
    key 0
    port 0
    weight 1
    bandwidth 350000000
    traffic ""
    reservation ""
  ]
  edge [
    source 28
    target 5
    key 0
    port 0
    weight 1
    bandwidth 350000000
    traffic ""
    reservation ""
  ]
  edge [
    source 29
    target 16
    key 0
    port 0
    weight 1
    bandwidth 350000000
    traffic ""
    reservation ""
  ]
  edge [
    source 30
    target 24
    key 0
    port 0
    weight 1
    bandwidth 50000000
    traffic "18000000"
    reservation "18815400.0"
  ]
  edge [
    source 31
    target 26
    key 0
    port 0
    weight 1
    bandwidth 50000000
    traffic "18000000"
    reservation "16758000.0"
  ]
  edge [
    source 32
    target 24
    key 0
    port 0
    weight 1
    bandwidth 50000000
    traffic "3500000"
    reservation "3017000.0"
  ]
  edge [
    source 33
    target 24
    key 0
    port 0
    weight 1
    bandwidth 50000000
    traffic "3500000"
    reservation "3798200.0"
  ]
  edge [
    source 34
    target 24
    key 0
    port 0
    weight 1
    bandwidth 50000000
    traffic "3500000"
    reservation "2989700.0"
  ]
  edge [
    source 35
    target 24
    key 0
    port 0
    weight 1
    bandwidth 50000000
    traffic "200000"
    reservation "228680.0"
  ]
  edge [
    source 36
    target 24
    key 0
    port 0
    weight 1
    bandwidth 50000000
    traffic "18000000"
    reservation "18815400.0"
  ]
  edge [
    source 37
    target 24
    key 0
    port 0
    weight 1
    bandwidth 50000000
    traffic "200000"
    reservation "204980.0"
  ]
  edge [
    source 38
    target 24
    key 0
    port 0
    weight 1
    bandwidth 50000000
    traffic "200000"
    reservation "223280.0"
  ]
  edge [
    source 39
    target 24
    key 0
    port 0
    weight 1
    bandwidth 50000000
    traffic "200000"
    reservation "202640.0"
  ]
  edge [
    source 40
    target 24
    key 0
    port 0
    weight 1
    bandwidth 50000000
    traffic "200000"
    reservation "207920.0"
  ]
  edge [
    source 41
    target 24
    key 0
    port 0
    weight 1
    bandwidth 50000000
    traffic "200000"
    reservation "223160.0"
  ]
  edge [
    source 42
    target 24
    key 0
    port 0
    weight 1
    bandwidth 50000000
    traffic "200000"
    reservation "204980.0"
  ]
  edge [
    source 43
    target 24
    key 0
    port 0
    weight 1
    bandwidth 50000000
    traffic "200000"
    reservation "223280.0"
  ]
  edge [
    source 44
    target 24
    key 0
    port 0
    weight 1
    bandwidth 50000000
    traffic "200000"
    reservation "223280.0"
  ]
  edge [
    source 45
    target 24
    key 0
    port 0
    weight 1
    bandwidth 50000000
    traffic "200000"
    reservation "202940.0"
  ]
  edge [
    source 46
    target 24
    key 0
    port 0
    weight 1
    bandwidth 50000000
    traffic "200000"
    reservation "205400.0"
  ]
  edge [
    source 47
    target 24
    key 0
    port 0
    weight 1
    bandwidth 50000000
    traffic "200000"
    reservation "202640.0"
  ]
  edge [
    source 48
    target 26
    key 0
    port 0
    weight 1
    bandwidth 50000000
    traffic "3500000"
    reservation "3282650.0"
  ]
  edge [
    source 49
    target 26
    key 0
    port 0
    weight 1
    bandwidth 50000000
    traffic "18000000"
    reservation "16758000.0"
  ]
  edge [
    source 50
    target 26
    key 0
    port 0
    weight 1
    bandwidth 50000000
    traffic "3500000"
    reservation "3017000.0"
  ]
  edge [
    source 51
    target 26
    key 0
    port 0
    weight 1
    bandwidth 50000000
    traffic "3500000"
    reservation "3017000.0"
  ]
  edge [
    source 52
    target 26
    key 0
    port 0
    weight 1
    bandwidth 50000000
    traffic "3500000"
    reservation "2989700.0"
  ]
  edge [
    source 53
    target 26
    key 0
    port 0
    weight 1
    bandwidth 50000000
    traffic "3500000"
    reservation "3798200.0"
  ]
  edge [
    source 54
    target 26
    key 0
    port 0
    weight 1
    bandwidth 50000000
    traffic "3500000"
    reservation "3470600.0"
  ]
  edge [
    source 55
    target 26
    key 0
    port 0
    weight 1
    bandwidth 50000000
    traffic "3500000"
    reservation "3893750.0"
  ]
  edge [
    source 56
    target 26
    key 0
    port 0
    weight 1
    bandwidth 50000000
    traffic "3500000"
    reservation "3113600.0"
  ]
  edge [
    source 57
    target 26
    key 0
    port 0
    weight 1
    bandwidth 50000000
    traffic "3500000"
    reservation "3454850.0"
  ]
  edge [
    source 58
    target 26
    key 0
    port 0
    weight 1
    bandwidth 50000000
    traffic "3500000"
    reservation "3453800.0"
  ]
  edge [
    source 59
    target 26
    key 0
    port 0
    weight 1
    bandwidth 50000000
    traffic "3500000"
    reservation "2989700.0"
  ]
  edge [
    source 60
    target 26
    key 0
    port 0
    weight 1
    bandwidth 50000000
    traffic "200000"
    reservation "204980.0"
  ]
  edge [
    source 61
    target 26
    key 0
    port 0
    weight 1
    bandwidth 50000000
    traffic "3500000"
    reservation "3282650.0"
  ]
  edge [
    source 62
    target 26
    key 0
    port 0
    weight 1
    bandwidth 50000000
    traffic "3500000"
    reservation "2989700.0"
  ]
  edge [
    source 63
    target 26
    key 0
    port 0
    weight 1
    bandwidth 50000000
    traffic "3500000"
    reservation "3798200.0"
  ]
  edge [
    source 64
    target 26
    key 0
    port 0
    weight 1
    bandwidth 50000000
    traffic "3500000"
    reservation "3113600.0"
  ]
  edge [
    source 65
    target 26
    key 0
    port 0
    weight 1
    bandwidth 50000000
    traffic "3500000"
    reservation "3908450.0"
  ]
  edge [
    source 66
    target 26
    key 0
    port 0
    weight 1
    bandwidth 50000000
    traffic "3500000"
    reservation "3454850.0"
  ]
  edge [
    source 67
    target 26
    key 0
    port 0
    weight 1
    bandwidth 50000000
    traffic "3500000"
    reservation "3908450.0"
  ]
  edge [
    source 68
    target 26
    key 0
    port 0
    weight 1
    bandwidth 50000000
    traffic "3500000"
    reservation "2989700.0"
  ]
  edge [
    source 69
    target 26
    key 0
    port 0
    weight 1
    bandwidth 50000000
    traffic "3500000"
    reservation "2989700.0"
  ]
  edge [
    source 70
    target 26
    key 0
    port 0
    weight 1
    bandwidth 50000000
    traffic "3500000"
    reservation "3381350.0"
  ]
  edge [
    source 71
    target 26
    key 0
    port 0
    weight 1
    bandwidth 50000000
    traffic "3500000"
    reservation "3500000.0"
  ]
  edge [
    source 72
    target 26
    key 0
    port 0
    weight 1
    bandwidth 50000000
    traffic "3500000"
    reservation "3282650.0"
  ]
  edge [
    source 73
    target 26
    key 0
    port 0
    weight 1
    bandwidth 50000000
    traffic "3500000"
    reservation "3808700.0"
  ]
  edge [
    source 74
    target 26
    key 0
    port 0
    weight 1
    bandwidth 50000000
    traffic "3500000"
    reservation "3534650.0"
  ]
  edge [
    source 75
    target 26
    key 0
    port 0
    weight 1
    bandwidth 50000000
    traffic "200000"
    reservation "190700.0"
  ]
  edge [
    source 76
    target 26
    key 0
    port 0
    weight 1
    bandwidth 50000000
    traffic "200000"
    reservation "190700.0"
  ]
  edge [
    source 77
    target 26
    key 0
    port 0
    weight 1
    bandwidth 50000000
    traffic "200000"
    reservation "207920.0"
  ]
  edge [
    source 78
    target 26
    key 0
    port 0
    weight 1
    bandwidth 50000000
    traffic "200000"
    reservation "207920.0"
  ]
  edge [
    source 79
    target 26
    key 0
    port 0
    weight 1
    bandwidth 50000000
    traffic "200000"
    reservation "223160.0"
  ]
  edge [
    source 80
    target 26
    key 0
    port 0
    weight 1
    bandwidth 50000000
    traffic "200000"
    reservation "183140.0"
  ]
  edge [
    source 81
    target 26
    key 0
    port 0
    weight 1
    bandwidth 50000000
    traffic "200000"
    reservation "223280.0"
  ]
  edge [
    source 82
    target 26
    key 0
    port 0
    weight 1
    bandwidth 50000000
    traffic "200000"
    reservation "183140.0"
  ]
  edge [
    source 83
    target 26
    key 0
    port 0
    weight 1
    bandwidth 50000000
    traffic "200000"
    reservation "228680.0"
  ]
  edge [
    source 84
    target 26
    key 0
    port 0
    weight 1
    bandwidth 50000000
    traffic "200000"
    reservation "223160.0"
  ]
  edge [
    source 85
    target 26
    key 0
    port 0
    weight 1
    bandwidth 50000000
    traffic "200000"
    reservation "184640.0"
  ]
  edge [
    source 86
    target 26
    key 0
    port 0
    weight 1
    bandwidth 50000000
    traffic "200000"
    reservation "204980.0"
  ]
  edge [
    source 87
    target 26
    key 0
    port 0
    weight 1
    bandwidth 50000000
    traffic "200000"
    reservation "190700.0"
  ]
  edge [
    source 88
    target 26
    key 0
    port 0
    weight 1
    bandwidth 50000000
    traffic "200000"
    reservation "179840.0"
  ]
]
